400.359985 65.961990
401.748925 58.815987
403.137864 60.929993
404.526803 59.352989
405.915742 71.878990
407.304681 85.212990
408.693620 115.593979
410.082559 147.128983
411.471499 193.509995
412.860438 237.419983
414.249377 293.259979
415.638316 346.359955
417.027255 414.839966
418.416194 487.169952
419.805134 582.449951
421.194073 686.839966
422.583012 813.959961
423.971951 942.189880
425.360890 1077.000000
426.749829 1190.599976
428.138768 1286.199951
429.527708 1338.799927
430.916647 1359.799927
432.305586 1336.099976
433.694525 1292.099976
435.083464 1224.799927
436.472403 1163.500000
437.861343 1103.599976
439.250282 1066.599976
440.639221 1037.169800
442.028160 1026.449951
443.417099 1012.309937
444.806038 1004.309937
446.194977 982.469849
447.583917 960.539917
448.972856 922.399963
450.361795 884.169861
451.750734 830.679932
453.139673 778.739990
454.528612 714.409912
455.917552 656.459961
457.306491 592.579956
458.695430 541.679932
460.084369 489.279968
461.473308 450.519958
462.862247 407.079987
464.251187 372.069977
465.640126 327.899994
467.029065 290.859955
468.418004 247.250000
469.806943 216.119995
471.195882 184.029984
472.584821 167.819992
473.973761 150.429977
475.362700 145.344986
476.751639 133.645981
478.140578 129.050980
479.529517 114.486984
480.918456 106.303986
482.307396 89.778992
483.696335 82.663986
485.085274 70.256989
486.474213 69.130989
487.863152 62.625000
489.252091 65.425987
490.641030 59.794991
492.029970 60.741989
493.418909 52.077484
494.807848 50.908791
496.196787 42.504692
497.585726 43.977585
498.974665 38.968391
500.363605 42.238495
501.752544 35.672997
503.141483 34.110992
504.530422 21.506996
505.919361 15.877991
507.308300 3.730995
508.697240 3.602997
510.086179 -0.001999
511.475118 7.905998
512.864057 8.488998
514.252996 15.402992
515.641935 11.146996
517.030874 12.781998
518.419814 6.475998
519.808753 11.391998
521.197692 13.096992
522.586631 27.763992
523.975570 36.976997
525.364509 53.869987
526.753449 59.276993
528.142388 68.162994
529.531327 64.743988
530.920266 67.302994
532.309205 61.735992
533.698144 65.788994
535.087083 63.086990
536.476023 68.763992
537.864962 64.889992
539.253901 66.912994
540.642840 58.750992
542.031779 58.140991
543.420718 50.378494
544.809658 52.955284
546.198597 49.490593
547.587536 55.445885
548.976475 53.252190
550.365414 58.769989
551.754353 56.181190
553.143293 63.492989
554.532232 66.209991
555.921171 82.101990
557.310110 94.850990
558.699049 119.585983
560.087988 137.558975
561.476927 162.669983
562.865867 176.739990
564.254806 196.239990
565.643745 207.199997
567.032684 231.189987
568.421623 258.779968
569.810562 313.589966
571.199502 383.969971
572.588441 486.239990
573.977380 597.419922
575.366319 721.729980
576.755258 827.759949
578.144197 919.119873
579.533136 973.139893
580.922076 1009.200012
582.311015 1021.789917
583.699954 1041.769897
585.088893 1064.000000
586.477832 1107.899902
587.866771 1149.000000
589.255711 1187.599976
590.644650 1189.099976
592.033589 1157.000000
593.422528 1073.099976
594.811467 964.749878
596.200406 835.119873
597.589345 722.959961
598.978285 629.299988
600.367224 578.699951
601.756163 552.539978
603.145102 557.699951
604.534041 565.469910
605.922980 581.769958
607.311920 583.639954
608.700859 585.089966
610.089798 569.609924
611.478737 554.259949
612.867676 522.899963
614.256615 492.189972
615.645555 446.600006
617.034494 404.769989
618.423433 353.569977
619.812372 312.959961
621.201311 269.239990
622.590250 240.099991
623.979189 208.949997
625.368129 191.219986
626.757068 169.329987
628.146007 158.789978
629.534946 142.665985
630.923885 137.122986
632.312824 125.695992
633.701764 124.888985
635.090703 118.490990
636.479642 122.932991
637.868581 121.365990
639.257520 128.967987
640.646459 127.562988
642.035398 131.746979
643.424338 124.228989
644.813277 121.872993
646.202216 110.150986
647.591155 107.750984
648.980094 100.016983
650.369033 103.477982
651.757973 100.413986
653.146912 104.943977
654.535851 98.884995
655.924790 97.963982
657.313729 86.787994
658.702668 83.513985
660.091608 73.687988
661.480547 74.551994
662.869486 69.575989
664.258425 73.833992
665.647364 69.594986
667.036303 72.084991
668.425242 64.955986
669.814182 65.364990
671.203121 58.746986
672.592060 63.158989
673.980999 63.696991
675.369938 76.721992
676.758877 84.737991
678.147817 101.363983
679.536756 107.304985
680.925695 116.051987
682.314634 110.116974
683.703573 106.052986
685.092512 89.617989
686.481451 79.552994
687.870391 62.213989
689.259330 55.453285
690.648269 44.068390
692.037208 44.408791
693.426147 40.321289
694.815086 47.585304
696.204026 49.631287
697.592965 61.710991
698.981904 66.840988
700.370843 80.166985
701.759782 85.085991
703.148721 97.209991
704.537660 100.073990
705.926600 108.719994
707.315539 105.836983
708.704478 106.143982
710.093417 93.496979
711.482356 85.287994
712.871295 68.667992
714.260235 63.141991
715.649174 55.460785
717.038113 61.919991
718.427052 64.743988
719.815991 76.524986
721.204930 78.550987
722.593870 85.433983
723.982809 82.088982
725.371748 85.963982
726.760687 82.463982
728.149626 87.084984
729.538565 82.629997
730.927504 83.437988
732.316444 73.940987
733.705383 72.107994
735.094322 65.927994
736.483261 74.344986
737.872200 82.826988
739.261139 105.175987
740.650079 121.695992
742.039018 143.353989
743.427957 151.159988
744.816896 159.439987
746.205835 153.279984
747.594774 149.869995
748.983713 135.357986
750.372653 126.646980
751.761592 109.650002
753.150531 101.554993
754.539470 88.896980
755.928409 88.635986
757.317348 85.570984
758.706288 93.521980
760.095227 94.227989
761.484166 100.031982
762.873105 93.796982
764.262044 90.896980
765.650983 77.612991
767.039923 71.205994
768.428862 57.698486
769.817801 52.455093
771.206740 39.719894
772.595679 34.474998
773.984618 22.457993
775.373557 20.877991
776.762497 16.952995
778.151436 27.212990
779.540375 36.125992
780.929314 56.390686
782.318253 69.437988
783.707192 86.906982
785.096132 91.676987
786.485071 98.475990
787.874010 93.767990
789.262949 94.897995
790.651888 89.361984
792.040827 93.642990
793.429766 93.140991
794.818706 101.688988
796.207645 102.627983
797.596584 108.927986
798.985523 104.755989
800.374462 105.069992
801.763401 96.453987
803.152341 95.399994
804.541280 88.549995
805.930219 90.791985
807.319158 86.497993
808.708097 88.655991
810.097036 81.270988
811.485976 78.520988
812.874915 66.738991
814.263854 62.297997
815.652793 52.832787
817.041732 54.506187
818.430671 53.613487
819.819610 64.177994
821.208550 70.354988
822.597489 84.335991
823.986428 89.395988
825.375367 97.957993
826.764306 95.028992
828.153245 95.781982
829.542185 88.337990
830.931124 89.879997
832.320063 88.559998
833.709002 99.139992
835.097941 105.982994
836.486880 120.179985
837.875819 124.435982
839.264759 130.729980
840.653698 124.836983
842.042637 122.175987
843.431576 110.859993
844.820515 106.416977
846.209454 95.361984
847.598394 90.893982
848.987333 78.048996
850.376272 69.928993
851.765211 52.980682
853.154150 42.213089
854.543089 25.755989
855.932028 19.171997
857.320968 10.057999
858.709907 12.377998
860.098846 11.832993
861.487785 20.574997
862.876724 23.384995
864.265663 32.445992
865.654603 33.642998
867.043542 40.531395
868.432481 40.096687
869.821420 45.870987
871.210359 43.934692
872.599298 46.466988
873.988238 39.028893
875.377177 34.612991
876.766116 21.118996
878.155055 14.206993
879.543994 3.670998
880.932933 5.017998
882.321872 5.986992
883.710812 18.701996
885.099751 27.786995
886.488690 43.402191
887.877629 50.138687
889.266568 59.575989
890.655507 58.774994
892.044447 61.768990
893.433386 57.626587
894.822325 61.153992
896.211264 60.992989
897.600203 70.186989
898.989142 75.131989
900.378081 86.774986
901.767021 90.676987
903.155960 98.257996
904.544899 96.755989
905.933838 99.312988
907.322777 94.386986
908.711716 95.278992
910.100656 90.170990
911.489595 91.903992
912.878534 88.553986
914.267473 92.689995
915.656412 91.875992
917.045351 97.689995
918.434291 97.203987
919.823230 102.560982
921.212169 102.896980
922.601108 112.554985
923.990047 121.498985
925.378986 142.006973
926.767925 159.989975
928.156865 183.879990
929.545804 199.199997
930.934743 218.250000
932.323682 233.229965
933.712621 261.779968
935.101560 297.189972
936.490500 353.729980
937.879439 420.659943
939.268378 511.559937
940.657317 620.009949
942.046256 765.309937
943.435195 942.749878
944.824134 1166.599976
946.213074 1426.599976
947.602013 1743.000000
948.990952 2135.000000
950.379891 2674.099854
951.768830 3431.099854
953.157769 4491.699707
954.546709 5867.099609
955.935648 7497.799805
957.324587 9193.599609
958.713526 10703.000000
960.102465 11734.000000
961.491404 12083.000000
962.880343 11656.000000
964.269283 10546.000000
965.658222 8959.699219
967.047161 7192.399902
968.436100 5502.099609
969.825039 4084.099854
971.213978 3000.899902
972.602918 2239.399902
973.991857 1710.199951
975.380796 1336.199951
976.769735 1042.469849
978.158674 807.419922
979.547613 612.879944
980.936553 470.259949
982.325492 367.309967
983.714431 305.659973
985.103370 262.569977
986.492309 236.739975
987.881248 210.429962
989.270187 190.059998
990.659127 164.250000
992.048066 142.774979
993.437005 116.454987
994.825944 97.337990
996.214883 78.716988
997.603822 73.280991
998.992762 72.171989
1000.381701 83.339989
1001.770640 93.357994
1003.159579 107.973984
1004.548518 115.263985
1005.937457 124.585983
1007.326396 127.751984
1008.715336 135.846985
1010.104275 140.732986
1011.493214 152.849991
1012.882153 164.579987
1014.271092 187.819992
1015.660031 216.599991
1017.048971 262.579956
1018.437910 317.039978
1019.826849 386.559967
1021.215788 457.019958
1022.604727 530.739990
1023.993666 592.089966
1025.382606 644.449951
1026.771545 675.939941
1028.160484 695.539978
1029.549423 698.529968
1030.938362 701.069946
1032.327301 704.199951
1033.716240 725.829956
1035.105180 763.669922
1036.494119 827.200012
1037.883058 903.279968
1039.271997 991.229980
1040.660936 1071.899902
1042.049875 1144.000000
1043.438815 1192.099976
1044.827754 1220.599976
1046.216693 1220.000000
1047.605632 1198.599976
1048.994571 1150.299927
1050.383510 1086.599976
1051.772449 1005.209961
1053.161389 921.259949
1054.550328 835.039917
1055.939267 761.549927
1057.328206 698.059998
1058.717145 654.259949
1060.106084 622.009949
1061.495024 606.779968
1062.883963 598.779968
1064.272902 603.699951
1065.661841 613.009949
1067.050780 632.849976
1068.439719 653.839966
1069.828659 679.529968
1071.217598 697.579956
1072.606537 709.239990
1073.995476 702.289978
1075.384415 680.629944
1076.773354 637.189941
1078.162293 581.779968
1079.551233 512.719910
1080.940172 442.879974
1082.329111 371.269989
1083.718050 309.000000
1085.106989 252.279968
1086.495928 208.909973
1087.884868 172.459991
1089.273807 148.519989
1090.662746 129.310974
1092.051685 119.576988
1093.440624 111.710983
1094.829563 111.235985
1096.218502 111.988983
1097.607442 120.413986
1098.996381 130.396973
1100.385320 146.797989
1101.774259 161.289978
1103.163198 176.729980
1104.552137 184.819992
1105.941077 190.589996
1107.330016 189.879990
1108.718955 191.649994
1110.107894 193.969986
1111.496833 204.689987
1112.885772 218.259979
1114.274711 237.579971
1115.663651 253.300003
1117.052590 266.759979
1118.441529 270.089966
1119.830468 267.769989
1121.219407 255.649994
1122.608346 240.750000
1123.997286 220.229965
1125.386225 200.859985
1126.775164 179.099991
1128.164103 160.799988
1129.553042 141.936981
1130.941981 127.747993
1132.330921 113.867989
1133.719860 104.906982
1135.108799 96.227989
1136.497738 92.221985
1137.886677 88.512993
1139.275616 89.430992
1140.664555 90.268982
1142.053495 94.087990
1143.442434 94.847992
1144.831373 94.622993
1146.220312 88.200989
1147.609251 80.191986
1148.998190 69.398994
1150.387130 63.697990
1151.776069 62.897995
1153.165008 71.989990
1154.553947 85.115990
1155.942886 100.674995
1157.331825 108.877983
1158.720764 108.585983
1160.109704 95.442993
1161.498643 75.945992
1162.887582 52.554283
1164.276521 34.296997
1165.665460 21.544998
1167.054399 17.717995
1168.443339 17.570000
1169.832278 21.057991
1171.221217 23.048996
1172.610156 25.612991
1173.999095 26.194992
1175.388034 27.818993
1176.776974 27.615990
1178.165913 27.614998
1179.554852 25.079994
1180.943791 23.157997
1182.332730 20.873993
1183.721669 21.843994
1185.110608 23.975998
1186.499548 28.206993
1187.888487 30.362991
1189.277426 30.989998
1190.666365 28.134995
1192.055304 25.453995
1193.444243 23.459999
1194.833183 25.547989
1196.222122 29.785995
1197.611061 36.004997
1199.000000 40.223991
