100.279999 3.913200
101.950166 0.699362
103.620333 -3.816069
105.290500 -7.233101
106.960667 3.883467
108.630833 0.669630
110.301000 -3.845800
111.971167 -7.262833
113.641334 -11.234264
115.311501 -13.052700
116.981668 -14.557133
118.651835 -13.252565
120.322002 -11.638998
121.992169 -7.713430
123.662336 -4.584366
125.332503 -0.361200
127.002670 1.857660
128.672837 4.499331
130.343004 4.961298
132.013171 6.333862
133.683337 6.243929
135.353504 7.852894
137.023671 8.329962
138.693838 10.362429
140.364005 10.500500
142.034172 11.249563
143.704339 9.230629
145.374506 7.594599
147.044673 3.705070
148.714840 2.113832
150.385007 0.000000
152.055174 1.302465
153.725341 2.966782
155.395508 7.871101
157.065675 11.754866
158.735841 16.794029
160.406008 18.653601
162.076175 20.360165
163.746342 18.972729
165.416509 19.155298
167.086676 19.102867
168.756843 23.746435
170.427010 30.327000
172.097177 41.933563
173.767344 53.634136
175.437511 67.034691
177.107678 77.289261
178.777845 88.335815
180.448012 99.850388
182.118179 121.738960
183.788345 159.621521
185.458512 227.444077
187.128679 331.206665
188.798846 480.389191
190.469013 671.541748
192.139180 900.724243
193.809347 1149.396851
195.479514 1399.789429
197.149681 1623.882080
198.819848 1800.774536
200.490015 1907.267090
202.160182 1934.859741
203.830349 1878.052368
205.500516 1748.144897
207.170683 1558.537476
208.840850 1334.729980
210.511016 1097.622559
212.181183 872.395142
213.851350 672.487671
215.521517 510.930267
217.191684 387.222839
218.861851 300.905426
220.532018 241.407974
222.202185 202.600540
223.872352 173.093124
225.542519 149.475708
227.212686 125.538261
228.882853 103.254829
230.553020 80.939400
232.223187 62.953968
233.893354 48.136528
235.563520 39.489105
237.233687 33.948669
238.903854 32.460236
240.574021 30.952805
242.244188 30.163370
243.914355 27.052940
245.584522 23.634504
247.254689 18.438076
248.924856 14.268639
250.595023 10.057405
252.265190 8.008675
253.935357 6.370043
255.605524 6.277107
257.275691 5.556074
258.945858 5.060638
260.616024 3.199612
262.286191 0.943874
263.956358 -1.945557
265.626525 -3.782190
267.296692 -4.937822
268.966859 -4.314455
270.637026 -2.788887
272.307193 -0.295122
273.977360 1.839441
275.647527 3.132713
277.317694 8.844275
278.987861 12.465137
280.658028 13.910414
282.328195 13.406979
283.998362 11.658943
285.668528 8.922510
287.338695 6.139175
289.008862 3.073248
290.679029 2.892710
292.349196 2.464445
294.019363 2.699682
295.689530 2.450298
297.359697 2.980698
299.029864 3.028648
300.700031 0.823614
302.370198 -1.544722
304.040365 -1.988554
305.710532 -2.202187
307.380699 0.148378
309.050866 2.984049
310.721032 -1.333784
312.391199 -5.161119
314.061366 -5.829653
315.731533 -6.384886
317.401700 -4.079517
319.071867 -2.521349
320.742034 1.162512
322.412201 2.924583
324.082368 9.238348
325.752535 12.600113
327.422702 16.804277
329.092869 17.557846
330.763036 19.279413
332.433203 17.532980
334.103370 17.195545
335.773537 13.477114
337.443703 11.547977
339.113870 6.173445
340.784037 2.842819
342.454204 1.055481
344.124371 1.697649
345.794538 -1.033987
347.464705 -0.661718
349.134872 -3.288750
350.805039 -2.071384
352.475206 -3.623016
354.145373 -0.916548
355.815540 -1.192183
357.485707 2.768486
359.155874 -0.673248
360.826041 -0.020683
362.496207 -3.330715
364.166374 -2.414949
365.836541 -5.556580
367.506708 -4.021715
369.176875 -6.460848
370.847042 -3.784182
372.517209 -5.207914
374.187376 -1.417250
375.857543 -2.237982
377.527710 1.940495
379.197877 0.831053
380.868044 4.542120
382.538211 2.509762
384.208378 5.476845
385.878545 2.642122
387.548711 6.856281
389.218878 5.413450
390.889045 10.037617
392.559212 8.967684
394.229379 14.172949
395.899546 13.227520
397.569713 18.362082
399.239880 16.590652
400.910047 20.586214
402.580214 17.013783
404.250381 19.201349
405.920548 13.613913
407.590715 14.302483
409.260882 7.499147
410.931049 7.855518
412.601215 1.178688
414.271382 2.515759
415.941549 -2.399977
417.611716 1.210985
419.281883 -2.122044
420.952050 3.210548
422.622217 1.136889
424.292384 7.640154
425.962551 6.112514
427.632718 12.952284
429.302885 11.032257
430.973052 17.185421
432.643219 13.813990
434.313386 18.287552
435.983553 12.690119
437.653719 15.112686
439.323886 7.482260
440.994053 8.696121
442.664220 0.486788
444.334387 2.381960
446.004554 -4.917475
447.674721 -1.065111
449.344888 -5.633541
451.015055 1.250221
452.685222 -0.839710
454.355389 8.180252
456.025556 7.320219
457.695723 17.229488
459.365890 16.686052
461.036057 27.131626
462.706224 27.191187
464.376390 39.039749
466.046557 41.001324
467.716724 55.799873
469.386891 61.300461
471.057058 80.664017
472.727225 91.221588
474.397392 116.478142
476.067559 133.100708
477.737726 164.773285
479.407893 187.325851
481.078060 224.588425
482.748227 251.840973
484.418394 293.653534
486.088561 325.726135
487.758728 374.628662
489.428894 417.621246
491.099061 483.913818
492.769228 552.146362
494.439395 652.748901
496.109562 763.011536
497.779729 910.893982
499.449896 1068.236694
501.120063 1256.729248
502.790230 1440.521729
504.460397 1634.814331
506.130564 1797.906860
507.800731 1943.499512
509.470898 2030.791992
511.141065 2079.084717
512.811232 2055.577148
514.481398 1990.269775
516.151565 1860.762329
517.821732 1707.054932
519.491899 1513.247437
521.162066 1323.040039
522.832233 1119.932495
524.502400 944.435059
526.172567 773.427673
527.842734 640.750305
529.512901 516.152832
531.183068 428.205353
532.853235 342.507996
534.523402 286.360535
536.193569 225.023132
537.863736 187.465698
539.533902 140.388245
541.204069 114.900833
542.874236 78.638397
544.544403 63.723961
546.214570 37.501526
547.884737 32.206100
549.554904 14.397663
551.225071 16.369228
552.895238 4.221693
554.565405 10.724262
556.235572 1.883936
557.905739 8.717499
559.575906 -0.500635
561.246073 8.086929
562.916240 0.000000
564.586406 9.362764
566.256573 1.308558
567.926740 10.319193
569.596907 1.332426
571.267074 9.368330
572.937241 -0.705397
574.607408 6.661963
576.277575 -3.838467
577.947742 3.677498
579.617909 -6.469931
581.288076 1.772438
582.958243 -6.426296
584.628410 3.862465
586.298577 -3.855862
587.968744 6.853697
589.638911 -0.831930
591.309077 9.732431
592.979244 1.381681
594.649411 10.952868
596.319578 0.989901
597.989745 8.628603
599.659912 -3.685230
