99.578987 129.000000
100.945045 89.572983
102.311103 128.715912
103.677161 171.183960
105.043220 189.521973
106.409278 129.000000
107.775336 89.572983
109.141394 128.715912
110.507452 171.183960
111.873510 189.521973
113.239568 264.059967
114.605626 364.099976
115.971685 407.789978
117.337743 422.750000
118.703801 458.649994
120.069859 470.669952
121.435917 411.539978
122.801975 382.979980
124.168033 377.429993
125.534091 263.839966
126.900150 229.709976
128.266208 179.369995
129.632266 129.000000
130.998324 168.297974
132.364382 237.809982
133.730440 347.889984
135.096498 462.359924
136.462556 558.409912
137.828615 614.339966
139.194673 653.889954
140.560731 647.989990
141.926789 668.419922
143.292847 710.159973
144.658905 623.329956
146.024963 581.569946
147.391021 549.209900
148.757080 529.439941
150.123138 526.109924
151.489196 517.779968
152.855254 491.489990
154.221312 512.779968
155.587370 554.829956
156.953428 535.509949
158.319486 546.669922
159.685545 580.489990
161.051603 609.839966
162.417661 616.189941
163.783719 589.799988
165.149777 501.139984
166.515835 434.569946
167.881893 415.029968
169.247951 436.089966
170.614010 331.669983
171.980068 322.369995
173.346126 314.259979
174.712184 291.339966
176.078242 268.779968
177.444300 239.349991
178.810358 203.407974
180.176416 172.009995
181.542475 148.951981
182.908533 129.000000
184.274591 166.214951
185.640649 133.808868
187.006707 108.989975
188.372765 152.177979
189.738823 222.103973
191.104881 167.168961
192.470939 194.528976
193.836998 263.669983
195.203056 277.179962
196.569114 203.352966
197.935172 229.909973
199.301230 269.879974
200.667288 314.209961
202.033346 402.209961
203.399404 384.109985
204.765463 448.869965
206.131521 497.149994
207.497579 499.879974
208.863637 533.409912
210.229695 575.869934
211.595753 609.869934
212.961811 626.669922
214.327869 635.359924
215.693928 706.779968
217.059986 759.529968
218.426044 827.859924
219.792102 884.019897
221.158160 901.559937
222.524218 966.669861
223.890276 1024.979980
225.256334 1074.039917
226.622393 1137.699951
227.988451 1249.399902
229.354509 1322.099976
230.720567 1438.599976
232.086625 1519.000000
233.452683 1557.299927
234.818741 1609.000000
236.184799 1827.699951
237.550858 1945.599976
238.916916 2065.799805
240.282974 2224.799805
241.649032 2352.299805
243.015090 2551.500000
244.381148 2740.599854
245.747206 2910.199951
247.113264 3086.199951
248.479323 3384.300049
249.845381 3498.599854
251.211439 3673.099854
252.577497 3882.099854
253.943555 4054.800049
255.309613 4075.000000
256.675671 4138.000000
258.041729 4162.500000
259.407788 4154.199707
260.773846 4124.299805
262.139904 3951.399902
263.505962 3850.599854
264.872020 3745.199951
266.238078 3617.300049
267.604136 3476.500000
268.970194 3433.800049
270.336253 3248.299805
271.702311 3109.799805
273.068369 3028.000000
274.434427 2926.699951
275.800485 2842.199951
277.166543 2804.599854
278.532601 2778.199951
279.898659 2743.299805
281.264717 2691.199951
282.630776 2690.799805
283.996834 2638.599854
285.362892 2599.299805
286.728950 2589.199951
288.095008 2582.899902
289.461066 2523.799805
290.827124 2434.599854
292.193182 2379.699951
293.559241 2349.099854
294.925299 2251.299805
296.291357 2250.699951
297.657415 2191.899902
299.023473 2095.699951
300.389531 1991.099976
301.755589 1918.099976
303.121647 1827.000000
304.487706 1746.599976
305.853764 1716.799927
307.219822 1710.099976
308.585880 1602.699951
309.951938 1525.000000
311.317996 1470.099976
312.684054 1411.299927
314.050112 1348.500000
315.416171 1319.399902
316.782229 1236.799927
318.148287 1128.019897
319.514345 1049.159912
320.880403 1028.919800
322.246461 1059.679932
323.612519 948.829956
324.978577 877.489929
326.344636 867.769897
327.710694 879.859924
329.076752 792.759949
330.442810 741.949890
331.808868 712.819946
333.174926 701.209900
334.540984 688.509949
335.907042 638.559937
337.273101 632.719910
338.639159 595.589966
340.005217 562.459900
341.371275 545.019958
342.737333 526.959900
344.103391 533.009949
345.469449 501.029968
346.835507 468.309937
348.201566 442.489990
349.567624 403.000000
350.933682 327.869995
352.299740 330.129974
353.665798 343.229980
355.031856 350.459961
356.397914 367.259979
357.763972 284.889984
359.130031 313.959961
360.496089 283.750000
361.862147 230.479965
363.228205 283.989990
364.594263 209.744995
365.960321 259.449982
367.326379 292.259979
368.692437 253.619995
370.058495 148.233978
371.424554 144.646973
372.790612 141.055984
374.156670 195.498962
375.522728 238.619995
376.888786 199.338974
378.254844 187.661972
379.620902 173.914963
380.986960 145.438980
382.353019 129.000000
383.719077 144.910980
385.085135 154.748978
386.451193 143.897995
387.817251 133.854477
389.183309 116.998978
390.549367 102.161972
391.915425 137.681076
393.281484 161.816971
394.647542 163.357986
396.013600 146.144989
397.379658 123.307281
398.745716 117.022995
400.111774 113.935974
401.477832 166.231979
402.843890 177.410980
404.209949 140.626984
405.576007 120.584991
406.942065 176.458969
408.308123 223.185974
409.674181 250.569992
411.040239 250.739990
412.406297 227.117950
413.772355 243.429962
415.138414 268.839966
416.504472 286.529968
417.870530 265.649994
419.236588 214.528976
420.602646 282.169983
421.968704 318.109955
423.334762 325.319977
424.700820 302.339966
426.066879 273.139984
427.432937 301.579956
428.798995 337.179993
430.165053 347.599976
431.531111 389.769989
432.897169 425.329956
434.263227 351.659973
435.629285 410.829956
436.995344 390.449982
438.361402 424.589966
439.727460 480.289978
441.093518 486.309937
442.459576 563.269958
443.825634 564.289978
445.191692 567.849976
446.557750 605.419922
447.923809 657.309937
449.289867 609.809937
450.655925 670.189941
452.021983 714.519958
453.388041 724.889954
454.754099 721.319946
456.120157 752.849915
457.486215 774.139954
458.852273 812.359985
460.218332 904.969849
461.584390 995.479980
462.950448 1014.569885
464.316506 1074.089844
465.682564 1117.089844
467.048622 1139.299927
468.414680 1170.500000
469.780738 1234.000000
471.146797 1324.399902
472.512855 1394.500000
473.878913 1480.199951
475.244971 1573.000000
476.611029 1661.400024
477.977087 1736.699951
479.343145 1817.799927
480.709203 1958.599976
482.075262 2042.799927
483.441320 2136.399902
484.807378 2298.599854
486.173436 2308.500000
487.539494 2512.699951
488.905552 2663.099854
490.271610 2768.199951
491.637668 2881.699951
493.003727 3071.000000
494.369785 3297.699951
495.735843 3426.800049
497.101901 3588.800049
498.467959 3844.399902
499.834017 4171.199707
501.200075 4312.699707
502.566133 4610.500000
503.932192 4895.000000
505.298250 5197.000000
506.664308 5510.199707
508.030366 5710.699707
509.396424 6088.799805
510.762482 6468.299805
512.128540 6889.899902
513.494598 7334.399902
514.860657 7769.699707
516.226715 8322.000000
517.592773 8827.399414
518.958831 9436.799805
520.324889 10065.500000
521.690947 10667.000000
523.057005 11343.000000
524.423063 12235.000000
525.789122 13184.000000
527.155180 14050.000000
528.521238 14991.000000
529.887296 16232.000000
531.253354 17381.000000
532.619412 18546.000000
533.985470 19912.000000
535.351528 21289.000000
536.717587 22603.000000
538.083645 24052.000000
539.449703 25418.000000
540.815761 26719.000000
542.181819 27806.000000
543.547877 28656.000000
544.913935 29305.000000
546.279993 29707.000000
547.646051 29741.000000
549.012110 29361.000000
550.378168 28676.000000
551.744226 27723.000000
553.110284 26472.000000
554.476342 25192.000000
555.842400 23779.000000
557.208458 22465.000000
558.574516 21183.000000
559.940575 19880.000000
561.306633 18790.000000
562.672691 17783.000000
564.038749 17080.000000
565.404807 16379.000000
566.770865 15673.000000
568.136923 15134.000000
569.502981 14688.000000
570.869040 14182.000000
572.235098 13816.000000
573.601156 13475.000000
574.967214 13081.000000
576.333272 12673.000000
577.699330 12242.000000
579.065388 11921.000000
580.431446 11477.000000
581.797505 10953.000000
583.163563 10442.000000
584.529621 9899.199219
585.895679 9413.899414
587.261737 9033.299805
588.627795 8590.299805
589.993853 8093.099609
591.359911 7654.099609
592.725970 7265.199707
594.092028 6864.499512
595.458086 6490.199707
596.824144 6172.699707
598.190202 5900.299805
599.556260 5619.099609
600.922318 5280.199707
602.288376 4985.399902
603.654435 4759.399902
605.020493 4580.399902
606.386551 4401.599609
607.752609 4167.199707
609.118667 3995.199951
610.484725 3730.599854
611.850783 3570.899902
613.216841 3466.500000
614.582900 3305.399902
615.948958 3108.500000
617.315016 2969.699951
618.681074 2825.500000
620.047132 2687.299805
621.413190 2550.399902
622.779248 2409.199951
624.145306 2305.000000
625.511365 2224.899902
626.877423 2158.399902
628.243481 2085.699951
629.609539 1970.000000
630.975597 1794.400024
632.341655 1741.599976
633.707713 1739.199951
635.073771 1665.099976
636.439829 1575.699951
637.805888 1499.099976
639.171946 1414.599976
640.538004 1450.299927
641.904062 1316.099976
643.270120 1265.500000
644.636178 1223.199951
646.002236 1162.399902
647.368294 1202.199951
648.734353 1117.929932
650.100411 1016.929932
651.466469 976.379944
652.832527 951.939880
654.198585 896.539917
655.564643 820.200012
656.930701 837.849854
658.296759 827.729980
659.662818 789.609924
661.028876 705.739990
662.394934 622.069946
663.760992 684.719910
665.127050 656.729980
666.493108 584.319946
667.859166 592.000000
669.225224 609.579956
670.591283 561.469910
671.957341 508.479980
673.323399 517.799988
674.689457 518.269958
676.055515 485.509949
677.421573 428.000000
678.787631 361.169983
680.153689 288.909973
681.519748 340.149994
682.885806 322.179962
684.251864 330.829987
685.617922 338.589966
686.983980 310.129974
688.350038 284.609955
689.716096 312.399994
691.082154 281.679962
692.448213 249.319992
693.814271 221.038956
695.180329 197.411972
696.546387 200.137970
697.912445 205.309982
699.278503 154.699997
700.644561 158.559998
702.010619 164.575989
703.376678 129.000000
704.742736 106.143982
706.108794 158.894974
707.474852 147.201981
708.840910 150.979980
710.206968 146.840988
711.573026 122.035690
712.939084 110.783981
714.305143 116.632980
715.671201 121.009888
717.037259 89.148987
718.403317 54.458984
719.769375 44.719986
721.135433 58.990982
722.501491 66.509995
723.867549 126.182281
725.233607 102.422989
726.599666 97.394974
727.965724 117.812988
729.331782 85.511978
730.697840 72.926987
732.063898 110.005981
733.429956 162.211990
734.796014 181.449997
736.162072 171.675980
737.528131 165.875977
738.894189 176.757980
740.260247 162.222977
741.626305 161.596985
742.992363 176.478973
744.358421 207.225967
745.724479 238.919983
747.090537 232.679962
748.456596 339.869995
749.822654 281.250000
751.188712 273.179962
752.554770 317.859955
753.920828 358.309967
755.286886 363.599976
756.652944 361.879974
758.019002 409.339966
759.385061 456.149994
760.751119 450.089966
762.117177 440.529968
763.483235 525.059937
764.849293 620.369934
766.215351 592.059937
767.581409 647.789978
768.947467 655.359985
770.313526 686.909912
771.679584 816.509949
773.045642 791.989990
774.411700 866.209900
775.777758 956.299988
777.143816 998.379944
778.509874 1034.929932
779.875932 1110.009888
781.241991 1201.299927
782.608049 1176.799927
783.974107 1251.699951
785.340165 1318.299927
786.706223 1402.799927
788.072281 1486.899902
789.438339 1527.299927
790.804397 1595.500000
792.170456 1665.799927
793.536514 1672.400024
794.902572 1696.199951
796.268630 1742.799927
797.634688 1775.900024
799.000746 1773.699951
800.366804 1895.199951
801.732862 1886.900024
803.098921 1911.299927
804.464979 1922.199951
805.831037 1912.099976
807.197095 1941.699951
808.563153 1994.299927
809.929211 1894.299927
811.295269 1919.900024
812.661327 1888.299927
814.027385 1840.199951
815.393444 1854.400024
816.759502 1829.900024
818.125560 1860.299927
819.491618 1865.900024
820.857676 1849.000000
822.223734 1816.299927
823.589792 1779.699951
824.955850 1751.599976
826.321909 1733.000000
827.687967 1733.900024
829.054025 1730.900024
830.420083 1698.400024
831.786141 1641.299927
833.152199 1618.899902
834.518257 1708.400024
835.884315 1554.000000
837.250374 1566.500000
838.616432 1580.199951
839.982490 1569.399902
841.348548 1551.699951
842.714606 1520.899902
844.080664 1369.500000
845.446722 1478.799927
846.812780 1394.799927
848.178839 1330.299927
849.544897 1287.500000
850.910955 1261.599976
852.277013 1288.599976
853.643071 1195.500000
855.009129 1221.199951
856.375187 1109.169800
857.741245 1086.459961
859.107304 1073.159912
860.473362 993.659912
861.839420 1054.909912
863.205478 989.599976
864.571536 917.009949
865.937594 827.539917
867.303652 779.239990
868.669710 769.229980
870.035769 757.929932
871.401827 745.349915
872.767885 712.219910
874.133943 719.529968
875.500001 703.299988
876.866059 648.729980
878.232117 590.219910
879.598175 575.699951
880.964234 591.799988
882.330292 522.939941
883.696350 445.289978
885.062408 444.909943
886.428466 449.350006
887.794524 410.029968
889.160582 377.139984
890.526640 387.349976
891.892699 377.919983
893.258757 336.739990
894.624815 304.439972
895.990873 309.979950
897.356931 321.279968
898.722989 273.119995
900.089047 305.529968
901.455105 219.650970
902.821163 224.207977
904.187222 247.179962
905.553280 247.509979
906.919338 236.809982
908.285396 251.459976
909.651454 242.879974
911.017512 236.649994
912.383570 213.735977
913.749628 205.683945
915.115687 213.826965
916.481745 215.922958
917.847803 193.083969
919.213861 182.798965
920.579919 154.264984
921.945977 188.498962
923.312035 211.872971
924.678093 199.100983
926.044152 171.035980
927.410210 157.262985
928.776268 152.065979
930.142326 158.007980
931.508384 194.787964
932.874442 222.258957
934.240500 192.459991
935.606558 144.210983
936.972617 199.926987
938.338675 194.729980
939.704733 173.425980
941.070791 180.961975
942.436849 158.472992
943.802907 139.530991
945.168965 157.026978
946.535023 170.284988
947.901082 129.000000
949.267140 210.105972
950.633198 238.029968
951.999256 255.789978
953.365314 252.899994
954.731372 230.459976
956.097430 223.849991
957.463488 212.078964
958.829547 239.169983
960.195605 225.983948
961.561663 237.269989
962.927721 271.109955
964.293779 271.289978
965.659837 226.006973
967.025895 325.259979
968.391953 302.339966
969.758012 277.049988
971.124070 315.500000
972.490128 340.729980
973.856186 320.989990
975.222244 311.029968
976.588302 384.909973
977.954360 411.119965
979.320418 369.729980
980.686477 350.919983
982.052535 405.469971
983.418593 467.469940
984.784651 482.589966
986.150709 509.949982
987.516767 497.250000
988.882825 581.169922
990.248883 527.219910
991.614941 550.779968
992.981000 592.949951
994.347058 604.789978
995.713116 664.229980
997.079174 706.839966
998.445232 578.289978
999.811290 622.859924
1001.177348 709.509949
1002.543406 767.059998
1003.909465 781.189941
1005.275523 791.149902
1006.641581 860.200012
1008.007639 857.879944
1009.373697 842.799988
1010.739755 878.289917
1012.105813 931.679932
1013.471871 965.700012
1014.837930 997.319885
1016.203988 1072.389893
1017.570046 1100.329956
1018.936104 1169.799927
1020.302162 1291.699951
1021.668220 1274.899902
1023.034278 1263.399902
1024.400336 1339.099976
1025.766395 1437.299927
1027.132453 1483.799927
1028.498511 1558.099976
1029.864569 1570.399902
1031.230627 1662.099976
1032.596685 1732.900024
1033.962743 1795.400024
1035.328801 1886.299927
1036.694860 1984.000000
1038.060918 2050.000000
1039.426976 2153.000000
1040.793034 2242.399902
1042.159092 2317.899902
1043.525150 2388.699951
1044.891208 2487.699951
1046.257266 2623.299805
1047.623325 2750.199951
1048.989383 2874.000000
1050.355441 3045.000000
1051.721499 3130.599854
1053.087557 3275.799805
1054.453615 3433.800049
1055.819673 3549.300049
1057.185731 3652.099854
1058.551790 3821.899902
1059.917848 4001.300049
1061.283906 4227.399902
1062.649964 4406.299805
1064.016022 4615.000000
1065.382080 4815.699707
1066.748138 4975.500000
1068.114196 5129.699707
1069.480255 5304.699707
1070.846313 5549.399902
1072.212371 5713.399902
1073.578429 5942.199707
1074.944487 6208.699707
1076.310545 6427.599609
1077.676603 6613.199707
1079.042661 6857.499512
1080.408719 7032.099609
1081.774778 7220.600098
1083.140836 7453.799805
1084.506894 7605.000000
1085.872952 7791.099609
1087.239010 7983.799805
1088.605068 8112.499512
1089.971126 8220.499023
1091.337184 8385.499023
1092.703243 8546.899414
1094.069301 8555.299805
1095.435359 8588.499023
1096.801417 8595.499023
1098.167475 8561.699219
1099.533533 8514.000000
1100.899591 8475.699219
1102.265649 8512.899414
1103.631708 8318.000000
1104.997766 8162.600098
1106.363824 8055.799805
1107.729882 7934.299805
1109.095940 7800.299805
1110.461998 7635.499512
1111.828056 7395.299805
1113.194114 7257.199707
1114.560173 7085.899902
1115.926231 6751.000000
1117.292289 6693.399902
1118.658347 6633.000000
1120.024405 6491.799805
1121.390463 6335.699707
1122.756521 6174.199707
1124.122579 6018.799805
1125.488638 5865.000000
1126.854696 5565.299805
1128.220754 5401.099609
1129.586812 5201.799805
1130.952870 4977.699707
1132.318928 4797.899902
1133.684986 4686.699707
1135.051044 4670.399902
1136.417103 4441.399902
1137.783161 4285.399902
1139.149219 4118.799805
1140.515277 3973.199951
1141.881335 3857.099854
1143.247393 3713.399902
1144.613451 3526.399902
1145.979509 3407.599854
1147.345568 3289.000000
1148.711626 3232.500000
1150.077684 3057.199951
1151.443742 2922.899902
1152.809800 2806.699951
1154.175858 2751.699951
1155.541916 2720.599854
1156.907974 2553.399902
1158.274033 2431.500000
1159.640091 2348.099854
1161.006149 2228.299805
1162.372207 2137.500000
1163.738265 2055.199951
1165.104323 1974.000000
1166.470381 1908.500000
1167.836439 1864.099976
1169.202497 1803.400024
1170.568556 1667.199951
1171.934614 1684.400024
1173.300672 1598.000000
1174.666730 1539.299927
1176.032788 1498.500000
1177.398846 1422.000000
1178.764904 1332.599976
1180.130962 1315.699951
1181.497021 1312.000000
1182.863079 1255.899902
1184.229137 1233.199951
1185.595195 1175.699951
1186.961253 1123.569824
1188.327311 1108.809937
1189.693369 1078.859863
1191.059427 991.579956
1192.425486 943.419861
1193.791544 963.979980
1195.157602 1011.969849
1196.523660 917.409912
1197.889718 827.219849
1199.255776 809.279968
1200.621834 791.259949
1201.987892 755.859985
1203.353951 751.219971
1204.720009 675.049927
1206.086067 648.009949
1207.452125 567.239990
1208.818183 561.659912
1210.184241 542.979980
1211.550299 515.829956
1212.916357 503.279968
1214.282416 479.039978
1215.648474 417.019958
1217.014532 423.049988
1218.380590 374.609985
1219.746648 403.169983
1221.112706 336.539978
1222.478764 364.479980
1223.844822 352.259979
1225.210881 301.639984
1226.576939 308.839966
1227.942997 334.579987
1229.309055 280.129974
1230.675113 293.739990
1232.041171 207.061981
1233.407229 195.302963
1234.773287 211.616974
1236.139346 223.370987
1237.505404 210.079971
1238.871462 190.838974
1240.237520 207.588959
1241.603578 218.425003
1242.969636 178.553970
1244.335694 173.406982
1245.701752 139.393982
1247.067811 134.299866
1248.433869 103.212982
1249.799927 76.121994
