   1.1570400e+03  -1.4568700e+02
   1.1561100e+03  -1.4251400e+02
   1.1551700e+03  -1.3934100e+02
   1.1542400e+03  -1.3616700e+02
   1.1533100e+03  -1.1743700e+02
   1.1523700e+03  -1.3404000e+02
   1.1514400e+03  -1.2619800e+02
   1.1505100e+03  -1.7491100e+02
   1.1495700e+03  -2.2184600e+02
   1.1486400e+03  -1.7878000e+02
   1.1477000e+03  -1.4993600e+02
   1.1467700e+03  -1.0509000e+02
   1.1458300e+03  -1.1191100e+02
   1.1449000e+03  -4.4509800e+01
   1.1439600e+03  -9.5885700e+01
   1.1430300e+03  -9.2594700e+01
   1.1420900e+03  -7.0634800e+01
   1.1411600e+03  -5.4343800e+01
   1.1402200e+03  -4.1049800e+01
   1.1392900e+03  -1.8201200e+01
   1.1383500e+03   1.9538100e+01
   1.1374100e+03   2.8330100e+00
   1.1364800e+03   8.1289100e+00
   1.1355400e+03  -1.2979800e+02
   1.1346100e+03  -5.3279300e+01
   1.1336700e+03  -6.3093800e+01
   1.1327300e+03  -1.3835200e+02
   1.1317900e+03  -5.2499000e+01
   1.1308600e+03  -6.8421900e+01
   1.1299200e+03  -6.9344700e+01
   1.1289800e+03   2.8176800e+01
   1.1280400e+03  -5.5412100e+01
   1.1271100e+03   0.0000000e+00
   1.1261700e+03  -4.2539100e+00
   1.1252300e+03   1.9270500e+01
   1.1242900e+03  -5.5093800e+01
   1.1233500e+03  -1.1568400e+01
   1.1224200e+03   1.8846700e+01
   1.1214800e+03   2.9260700e+01
   1.1205400e+03   1.1342800e+01
   1.1196000e+03   7.2205100e+01
   1.1186600e+03   1.4003900e+00
   1.1177200e+03   2.1372100e+01
   1.1167800e+03  -2.9765600e+01
   1.1158400e+03   1.9863300e+00
   1.1149000e+03   4.1072300e+01
   1.1139600e+03   4.7713900e+01
   1.1130200e+03   2.4801800e+01
   1.1120800e+03   0.0000000e+00
   1.1111400e+03   1.9174800e+01
   1.1102000e+03   5.2793900e+01
   1.1092600e+03   3.4121100e+00
   1.1083200e+03   3.2252000e+01
   1.1073700e+03   9.5332000e+00
   1.1064300e+03   2.2590800e+01
   1.1054900e+03   5.9760700e+01
   1.1045500e+03   4.2149400e+01
   1.1036100e+03   8.5538100e+01
   1.1026700e+03  -1.2185500e+01
   1.1017200e+03  -3.1245100e+01
   1.1007800e+03  -3.7082000e+01
   1.0998400e+03   8.4121100e+00
   1.0989000e+03  -3.6503900e+00
   1.0979500e+03  -4.4156200e+01
   1.0970100e+03   0.0000000e+00
   1.0960700e+03   2.5231400e+01
   1.0951200e+03   6.0175800e+00
   1.0941800e+03   1.5470700e+01
   1.0932400e+03   6.7035200e+01
   1.0922900e+03   1.7804400e+02
   1.0913500e+03   2.2471900e+02
   1.0904000e+03   4.4650500e+02
   1.0894600e+03   7.2106700e+02
   1.0885100e+03   1.4080800e+03
   1.0875700e+03   2.8934200e+03
   1.0866200e+03   5.6360900e+03
   1.0856800e+03   8.6214300e+03
   1.0847300e+03   8.4261100e+03
   1.0837900e+03   5.3643300e+03
   1.0828400e+03   3.0043400e+03
   1.0819000e+03   2.0022400e+03
   1.0809500e+03   1.4178000e+03
   1.0800100e+03   9.8902900e+02
   1.0790600e+03   5.9659100e+02
   1.0781100e+03   3.7204100e+02
   1.0771700e+03   1.6560400e+02
   1.0762200e+03   1.0760800e+02
   1.0752700e+03   9.3836900e+01
   1.0743300e+03   1.4065400e+01
   1.0733800e+03   1.2181600e+01
   1.0724300e+03   1.2076200e+01
   1.0714800e+03   1.3526400e+01
   1.0705400e+03  -6.7135700e+01
   1.0695900e+03  -4.2796900e+01
   1.0686400e+03  -9.7910200e+00
   1.0676900e+03  -4.3564500e+01
   1.0667500e+03   2.6217800e+01
   1.0658000e+03   0.0000000e+00
   1.0648500e+03   5.3058600e+01
   1.0639000e+03   3.1181600e+00
   1.0629500e+03  -1.6822300e+01
   1.0620000e+03  -5.5762700e+01
   1.0610500e+03  -2.1701200e+01
   1.0601000e+03   2.9249000e+01
   1.0591500e+03  -6.3133800e+01
   1.0582000e+03  -5.5627900e+01
   1.0572500e+03  -2.1675800e+01
   1.0563000e+03  -1.0239000e+02
   1.0553500e+03  -1.3214800e+01
   1.0544000e+03  -6.7040000e+01
   1.0534500e+03  -1.8086900e+01
   1.0525000e+03  -3.5577100e+01
   1.0515500e+03  -4.4399400e+01
   1.0506000e+03   0.0000000e+00
   1.0496500e+03   1.4582000e+01
   1.0487000e+03   4.9404300e+00
   1.0477500e+03   3.2411100e+01
   1.0467900e+03   1.0991200e+01
   1.0458400e+03   5.1250000e+00
   1.0448900e+03   1.3370100e+01
   1.0439400e+03  -2.4385700e+01
   1.0429900e+03  -2.5869100e+00
   1.0420300e+03  -3.4550800e+00
   1.0410800e+03  -1.6212900e+01
   1.0401300e+03  -4.0830100e+00
   1.0391700e+03  -1.7287100e+01
   1.0382200e+03  -2.7048800e+01
   1.0372700e+03  -2.3143600e+01
   1.0363100e+03  -5.0460900e+01
   1.0353600e+03   0.0000000e+00
   1.0344100e+03  -1.7536100e+01
   1.0334500e+03   1.4824200e+00
   1.0325000e+03  -5.4053700e+01
   1.0315400e+03   3.1186500e+01
   1.0305900e+03  -1.2923800e+02
   1.0296400e+03  -2.1722000e+02
   1.0286800e+03   4.9111300e+00
   1.0277300e+03  -1.0847700e+01
   1.0267700e+03   3.2728500e+01
   1.0258100e+03   7.0810500e+00
   1.0248600e+03   1.2211900e+01
   1.0239000e+03  -6.6212900e+01
   1.0229500e+03  -2.1859400e+01
   1.0219900e+03  -6.1728500e+01
   1.0210400e+03   1.6070300e+01
   1.0200800e+03  -4.8910200e+01
   1.0191200e+03   0.0000000e+00
   1.0181700e+03   2.7999000e+01
   1.0172100e+03  -3.6111300e+01
   1.0162500e+03  -9.1113300e+00
   1.0153000e+03  -5.3999000e+01
   1.0143400e+03   3.4778300e+01
   1.0133800e+03  -2.2226600e+00
   1.0124200e+03  -5.2221700e+01
   1.0114700e+03  -4.6660200e+00
   1.0105100e+03  -1.2333000e+01
   1.0095500e+03  -8.7773400e+00
   1.0085900e+03  -2.7777300e+01
   1.0076300e+03   2.6222700e+01
   1.0066700e+03  -1.0443400e+01
   1.0057200e+03  -3.0110400e+01
   1.0047600e+03   4.0444300e+01
   1.0038000e+03   0.0000000e+00
   1.0028400e+03   4.2864300e+01
   1.0018800e+03   2.0172900e+01
   1.0009200e+03   2.0704100e+01
   9.9996000e+02   2.1343800e+01
   9.9900000e+02  -1.1904300e+01
   9.9804000e+02   1.9291000e+01
   9.9707900e+02  -4.0068400e+01
   9.9611900e+02   1.2568400e+01
   9.9515800e+02   4.4987300e+01
   9.9419800e+02  -6.1543000e+00
   9.9323700e+02  -8.4627000e+01
   9.9227600e+02  -8.9892600e+00
   9.9131400e+02   5.9804700e+00
   9.9035300e+02  -9.3847700e-01
   9.8939200e+02  -4.6524400e+01
   9.8843000e+02   0.0000000e+00
   9.8746800e+02   4.9521500e+01
   9.8650600e+02  -2.4624000e+01
   9.8554400e+02  -3.2212900e+01
   9.8458100e+02  -3.3135700e+01
   9.8361900e+02   2.9718800e+01
   9.8265600e+02  -3.1426800e+01
   9.8169300e+02  -1.8239300e+01
   9.8073000e+02   6.9502000e+00
   9.7976700e+02   3.9914100e+01
   9.7880400e+02   2.3211900e+01
   9.7784000e+02   1.1777300e+00
   9.7687600e+02  -3.8413100e+01
   9.7591300e+02  -2.6559600e+01
   9.7494800e+02   3.5515600e+01
   9.7398400e+02  -6.3085900e-01
   9.7302000e+02   0.0000000e+00
   9.7205500e+02  -6.7939500e+00
   9.7109100e+02   2.7191400e+01
   9.7012600e+02  -3.7269500e+01
   9.6916100e+02  -2.4620100e+01
   9.6819600e+02   1.9179700e+00
   9.6723000e+02  -2.6877900e+01
   9.6626500e+02  -4.8785200e+01
   9.6529900e+02  -4.1470700e+01
   9.6433300e+02   1.7509800e+01
   9.6336700e+02  -3.9621100e+01
   9.6240100e+02  -6.9086900e+01
   9.6143500e+02  -6.1084000e+00
   9.6046800e+02   5.4758800e+01
   9.5950200e+02  -6.5818400e+01
   9.5853500e+02  -6.6619100e+01
   9.5756800e+02   2.5357400e+01
   9.5660100e+02   0.0000000e+00
   9.5563300e+02   6.6171900e+00
   9.5466600e+02  -4.8097700e+01
   9.5369800e+02  -3.1703100e+01
   9.5273000e+02  -3.2973600e+01
   9.5176200e+02   4.8311500e+01
   9.5079400e+02   6.5947300e+00
   9.4982600e+02   6.5722700e-01
   9.4885700e+02  -5.3916000e+00
   9.4788900e+02  -2.0773400e+01
   9.4692000e+02  -1.0933600e+01
   9.4595100e+02  -4.2041000e+00
   9.4498200e+02  -3.5849600e+00
   9.4401300e+02   7.1255900e+01
   9.4304300e+02  -1.6793000e+01
   9.4207300e+02   4.1492200e+01
   9.4110400e+02   0.0000000e+00
   9.4013400e+02  -1.0127000e+00
   9.3916400e+02  -1.2136700e+01
   9.3819300e+02   2.3406200e+01
   9.3722300e+02  -6.5274400e+01
   9.3625200e+02  -4.4398400e+01
   9.3528100e+02   2.6033200e+01
   9.3431000e+02   6.3535200e+00
   9.3333900e+02   1.6005900e+01
   9.3236800e+02   2.4213900e+01
   9.3139600e+02   4.8662100e+00
   9.3042500e+02  -9.7031200e+00
   9.2945300e+02   2.5039100e+00
   9.2848100e+02  -1.7955100e+01
   9.2750900e+02   6.9199200e+00
   9.2653700e+02  -3.9206100e+01
   9.2556400e+02   0.0000000e+00
   9.2459200e+02  -3.2251000e+01
   9.2361900e+02   1.9610400e+01
   9.2264600e+02  -3.2194300e+01
   9.2167300e+02   1.6665000e+01
   9.2069900e+02   3.9707000e+00
   9.1972600e+02  -3.0388700e+01
   9.1875200e+02  -4.1307600e+01
   9.1777900e+02  -5.9335000e+01
   9.1680500e+02  -6.0029300e+01
   9.1583000e+02   1.8276400e+01
   9.1485600e+02   2.1377000e+00
   9.1388200e+02  -1.5335900e+01
   9.1290700e+02  -2.7139600e+01
   9.1193200e+02  -8.6123000e+00
   9.1095700e+02  -3.0861300e+01
   9.0998200e+02   0.0000000e+00
   9.0900700e+02   1.5190400e+01
   9.0803100e+02   2.5269500e+01
   9.0705600e+02  -1.9428700e+01
   9.0608000e+02  -2.1269500e+00
   9.0510400e+02   9.0634800e+00
   9.0412800e+02   4.3030300e+01
   9.0315200e+02   4.3310500e+00
   9.0217500e+02   9.1884800e+00
   9.0119900e+02  -2.3399400e+01
   9.0022200e+02   8.4550800e+00
   8.9924500e+02   2.9088900e+01
   8.9826800e+02   5.5009800e+00
   8.9729100e+02   1.8578100e+01
   8.9631300e+02   3.9767600e+01
   8.9533600e+02  -1.4599600e+01
   8.9435800e+02   3.5033200e+01
   8.9338000e+02   0.0000000e+00
   8.9240200e+02   3.5497100e+01
   8.9142300e+02   8.5517600e+00
   8.9044500e+02   5.0716800e+01
   8.8946600e+02   1.6215800e+01
   8.8848800e+02   1.8715800e+01
   8.8750900e+02   3.9992200e+01
   8.8652900e+02   8.0488300e+00
   8.8555000e+02   8.7695300e+00
   8.8457100e+02   1.7047900e+01
   8.8359100e+02   9.7214800e+01
   8.8261100e+02   4.8715800e+01
   8.8163100e+02   7.3438500e+01
   8.8065100e+02   2.3717800e+01
   8.7967100e+02   2.8774400e+01
   8.7869100e+02   1.9165000e+01
   8.7771000e+02   0.0000000e+00
   8.7672900e+02   5.1880900e+01
   8.7574800e+02   8.6871100e+01
   8.7476700e+02   4.5639600e+01
   8.7378600e+02   7.5518600e+01
   8.7280400e+02   3.3173800e+01
   8.7182300e+02  -2.8282200e+01
   8.7084100e+02   4.4926800e+01
   8.6985900e+02   5.7580100e+01
   8.6887700e+02  -6.0655300e+01
   8.6789500e+02  -6.1162100e+00
   8.6691200e+02   3.4423800e+01
   8.6593000e+02   7.5185500e+00
   8.6494700e+02   1.1168000e+01
   8.6396400e+02  -8.2939500e+00
   8.6298100e+02   3.0908200e+01
   8.6199700e+02   0.0000000e+00
   8.6101400e+02   1.6211900e+01
   8.6003000e+02  -4.0129900e+01
   8.5904700e+02   3.3082000e+01
   8.5806300e+02  -7.3816400e+01
   8.5707900e+02   4.5729500e+01
   8.5609400e+02  -4.2726600e+01
   8.5511000e+02   2.4486300e+01
   8.5412500e+02   2.8253900e+01
   8.5314000e+02   2.9021500e+01
   8.5215500e+02  -2.4335900e+00
   8.5117000e+02   2.8779300e+01
   8.5018500e+02   1.8546900e+01
   8.4920000e+02  -3.1685500e+01
   8.4821400e+02   2.7082000e+01
   8.4722800e+02   1.1738300e+01
   8.4624200e+02   4.0727500e+01
   8.4525600e+02  -6.0605500e+00
   8.4427000e+02   6.8183600e+00
   8.4328300e+02  -1.2192400e+01
   8.4229700e+02  -3.2314500e+01
   8.4131000e+02  -3.7695300e+00
   8.4032300e+02   1.8998000e+01
   8.3933600e+02   3.7876000e+01
   8.3834800e+02   5.6087900e+01
   8.3736100e+02   3.6077100e+01
   8.3637300e+02   9.7324200e+00
   8.3538500e+02   1.9500000e+01
   8.3439800e+02   1.8710900e+01
   8.3340900e+02   7.1588900e+01
   8.3242100e+02   2.8245100e+01
   8.3143300e+02   7.9003900e+00
   8.3044400e+02   0.0000000e+00
   8.2945500e+02   4.6058600e+01
   8.2846600e+02  -2.7724600e+00
   8.2747700e+02   5.9396500e+01
   8.2648800e+02   2.5342800e+01
   8.2549800e+02  -1.0429700e+00
   8.2450900e+02   7.9680700e+01
   8.2351900e+02   3.5182600e+01
   8.2252900e+02   4.4129900e+01
   8.2153900e+02   6.3632800e+01
   8.2054800e+02   5.8134800e+01
   8.1955800e+02   4.7524400e+01
   8.1856700e+02   1.7026400e+01
   8.1757600e+02   4.4417000e+01
   8.1658500e+02   1.4746100e+00
   8.1559400e+02   6.6310500e+01
   8.1460300e+02   4.3700200e+01
   8.1361100e+02   8.0202100e+01
   8.1262000e+02   7.9258800e+01
   8.1162800e+02   1.4872100e+01
   8.1063600e+02   4.1929700e+01
   8.0964400e+02   4.0542000e+01
   8.0865100e+02   5.7487300e+01
   8.0765900e+02   5.8989300e+01
   8.0666600e+02   1.2268600e+01
   8.0567300e+02   2.4547900e+01
   8.0468000e+02   2.4492200e+01
   8.0368700e+02   9.9327100e+01
   8.0269400e+02   5.5828100e+01
   8.0170000e+02   5.0663100e+01
   8.0070600e+02   8.2497100e+01
   7.9971300e+02   3.3998000e+01
   7.9871900e+02   3.6720700e+01
   7.9772400e+02   0.0000000e+00
   7.9673000e+02   3.9571300e+01
   7.9573600e+02   8.5030300e+01
   7.9474100e+02   7.3934600e+01
   7.9374600e+02   5.7283200e+01
   7.9275100e+02   6.7186500e+01
   7.9175600e+02   1.4645500e+01
   7.9076000e+02   6.6327100e+01
   7.8976500e+02   5.5342800e+01
   7.8876900e+02   8.5579100e+01
   7.8777300e+02   1.7148400e+01
   7.8677700e+02   3.6496100e+01
   7.8578100e+02   5.1733400e+01
   7.8478500e+02   4.2748000e+01
   7.8378800e+02   5.9872100e+01
   7.8279100e+02   5.7110400e+01
   7.8179400e+02   6.6900400e+01
   7.8079700e+02   3.5810500e+00
   7.7980000e+02   9.9816400e+01
   7.7880300e+02   6.7275400e+01
   7.7780500e+02  -2.6015600e+00
   7.7680700e+02   3.1746100e+01
   7.7581000e+02   8.4426800e+01
   7.7481200e+02   1.3662100e+01
   7.7381300e+02   2.8674800e+01
   7.7281500e+02   3.1578100e+01
   7.7181600e+02   7.6701200e+01
   7.7081800e+02   1.0282500e+02
   7.6981900e+02   2.5048800e+00
   7.6882000e+02   5.0183600e+01
   7.6782000e+02   8.3974600e+01
   7.6682100e+02   5.1764600e+01
   7.6582100e+02   0.0000000e+00
   7.6482200e+02   5.3156200e+01
   7.6382200e+02   7.4228500e+00
   7.6282100e+02   9.9468800e+01
   7.6182100e+02   3.9401400e+01
   7.6082100e+02   5.6112300e+01
   7.5982000e+02   5.2934600e+01
   7.5881900e+02   1.3088900e+01
   7.5781800e+02   1.2624300e+02
   7.5681700e+02   8.3063500e+01
   7.5581600e+02   4.3216800e+01
   7.5481500e+02   2.2149400e+01
   7.5381300e+02   6.7523400e+01
   7.5281100e+02   1.1656500e+02
   7.5180900e+02   5.4607400e+01
   7.5080700e+02   1.1203100e+01
   7.4980500e+02   1.0480000e+02
   7.4880200e+02   1.1106200e+02
   7.4780000e+02   1.0277000e+02
   7.4679700e+02   1.7780800e+02
   7.4579400e+02   1.0251600e+02
   7.4479100e+02   1.2133100e+02
   7.4378700e+02   9.0815400e+01
   7.4278400e+02   4.8186500e+01
   7.4178000e+02   5.1558600e+01
   7.4077700e+02   4.9262700e+01
   7.3977300e+02   5.7189500e+01
   7.3876800e+02   6.3116200e+01
   7.3776400e+02  -3.7846700e+01
   7.3676000e+02   9.4121100e+00
   7.3575500e+02  -4.2187500e+00
   7.3475000e+02   3.8928700e+01
   7.3374500e+02  -5.0924800e+01
   7.3274000e+02   0.0000000e+00
   7.3173400e+02   7.2287100e+01
   7.3072900e+02   1.0813100e+02
   7.2972300e+02  -1.4469700e+01
   7.2871700e+02   5.0400400e+00
   7.2771100e+02   8.3662100e+01
   7.2670500e+02   1.1394500e+01
   7.2569900e+02   6.6015600e+01
   7.2469200e+02   4.4150400e+00
   7.2368600e+02   5.0925800e+01
   7.2267900e+02   2.0435500e+01
   7.2167200e+02   6.3168000e+01
   7.2066400e+02   9.5345700e+01
   7.1965700e+02   1.1341100e+02
   7.1865000e+02   4.4478500e+01
   7.1764200e+02   1.7854400e+02
   7.1663400e+02   1.7316600e+02
   7.1562600e+02   2.0034300e+02
   7.1461800e+02   2.5763200e+02
   7.1360900e+02   4.1325300e+02
   7.1260100e+02   6.3209700e+02
   7.1159200e+02   1.0035000e+03
   7.1058300e+02   1.1032300e+03
   7.0957400e+02   9.2740700e+02
   7.0856500e+02   6.1136200e+02
   7.0755500e+02   3.9243000e+02
   7.0654600e+02   1.9527300e+02
   7.0553600e+02   1.7756200e+02
   7.0452600e+02   1.8618400e+02
   7.0351600e+02   1.3880600e+02
   7.0250500e+02   5.7983400e+01
   7.0149500e+02   5.7495100e+01
   7.0048400e+02   1.3733900e+02
   6.9947400e+02   6.9627000e+01
   6.9846300e+02   1.5028300e+01
   6.9745200e+02   4.5207000e+01
   6.9644000e+02   5.9050800e+01
   6.9542900e+02   5.4562500e+01
   6.9441700e+02   4.8628900e+01
   6.9340500e+02   5.5806600e+01
   6.9239300e+02   7.4984400e+01
   6.9138100e+02   3.6829100e+01
   6.9036900e+02   7.5896500e+01
   6.8935600e+02   3.8852500e+01
   6.8834400e+02   1.1169700e+02
   6.8733100e+02   2.4875000e+01
   6.8631800e+02   4.6609400e+01
   6.8530500e+02   5.1201200e+00
   6.8429100e+02   1.1307600e+02
   6.8327800e+02   3.1919900e+01
   6.8226400e+02   2.6543900e+01
   6.8125000e+02   7.0055700e+01
   6.8023600e+02   3.4560500e+00
   6.7922200e+02   7.0856400e+01
   6.7820800e+02   1.1625700e+02
   6.7719300e+02   9.4102500e+01
   6.7617900e+02   1.4517000e+02
   6.7516400e+02   5.7793000e+01
   6.7414900e+02   8.8593800e+00
   6.7313300e+02   4.5483400e+01
   6.7211800e+02   7.9662100e+01
   6.7110200e+02   8.3730500e+01
   6.7008700e+02   6.8352500e+01
   6.6907100e+02   5.7752900e+01
   6.6805500e+02   5.5710000e+01
   6.6703900e+02   0.0000000e+00
   6.6602200e+02   1.8033200e+01
   6.6500500e+02   5.1622100e+01
   6.6398900e+02   4.5439500e+00
   6.6297200e+02   5.6798800e+01
   6.6195500e+02   5.9942400e+01
   6.6093700e+02   1.2330900e+02
   6.5992000e+02   2.2452100e+01
   6.5890200e+02   4.4595700e+01
   6.5788500e+02   6.4183600e+01
   6.5686700e+02   9.4548800e+01
   6.5584900e+02   6.8468800e+01
   6.5483000e+02   2.0389600e+01
   6.5381200e+02   9.5309600e+01
   6.5279300e+02   4.0007800e+01
   6.5177400e+02   1.8816400e+01
   6.5075500e+02   5.1847700e+01
   6.4973600e+02   7.3989300e+01
   6.4871700e+02   4.6242200e+01
   6.4769700e+02   4.3837900e+00
   6.4667800e+02   4.4969700e+01
   6.4565800e+02   8.8444300e+01
   6.4463800e+02   3.7474600e+01
   6.4361800e+02   7.9059600e+01
   6.4259700e+02  -1.1244100e+01
   6.4157700e+02   1.2945200e+02
   6.4055600e+02   5.9148400e+01
   6.3953500e+02   7.5844700e+01
   6.3851400e+02   5.9317400e+01
   6.3749300e+02   7.5680700e+01
   6.3647200e+02   4.3264600e+01
   6.3545000e+02  -1.6152300e+01
   6.3442800e+02   7.4875000e+01
   6.3340600e+02   8.5015600e+01
   6.3238400e+02  -3.2511700e+01
   6.3136200e+02   2.3293000e+01
   6.3034000e+02  -5.2334000e+00
   6.2931700e+02   3.2237300e+01
   6.2829400e+02   3.9931600e+01
   6.2727100e+02   8.4403300e+01
   6.2624800e+02   6.1541000e+01
   6.2522500e+02  -2.2764600e+01
   6.2420200e+02  -5.2627900e+01
   6.2317800e+02   2.7732400e+01
   6.2215400e+02  -2.8352500e+01
   6.2113000e+02   1.1896500e+01
   6.2010600e+02   2.6811500e+01
   6.1908200e+02   4.3170900e+01
   6.1805700e+02   8.4960900e-02
   6.1703300e+02   0.0000000e+00
   6.1600800e+02  -1.8932600e+01
   6.1498300e+02  -1.0641600e+01
   6.1395800e+02  -6.6835900e+00
   6.1293200e+02   9.1611300e+00
   6.1190700e+02  -3.2659200e+01
   6.1088100e+02   1.6297900e+01
   6.0985500e+02  -4.7441400e+00
   6.0882900e+02   3.0658200e+01
   6.0780300e+02   2.5282200e+01
   6.0677700e+02   7.7959000e+00
   6.0575000e+02   3.1087900e+01
   6.0472400e+02   1.5822300e+01
   6.0369700e+02  -5.1330100e+01
   6.0267000e+02  -1.8706100e+01
   6.0164300e+02   1.6586900e+01
   6.0061500e+02   5.1433600e+01
   5.9958800e+02   2.7058600e+01
   5.9856000e+02   4.4239300e+01
   5.9753200e+02   1.0198200e+01
   5.9650400e+02   1.2822300e+01
   5.9547600e+02   1.7448200e+01
   5.9444700e+02   5.0296900e+01
   5.9341900e+02   3.3589800e+01
   5.9239000e+02  -1.1914100e-01
   5.9136100e+02  -6.7148400e+00
   5.9033200e+02  -1.8868200e+01
   5.8930200e+02   8.5361300e+00
   5.8827300e+02   7.4939500e+01
   5.8724300e+02  -6.4656200e+01
   5.8621400e+02   3.0371100e-01
   5.8518400e+02  -5.4959000e+01
   5.8415300e+02   0.0000000e+00
   5.8312300e+02   5.7597700e+00
   5.8209300e+02  -1.5591800e+01
   5.8106200e+02   2.7725600e+01
   5.8003100e+02   6.3750000e+00
   5.7900000e+02  -2.3066400e+00
   5.7796900e+02   3.9677700e+01
   5.7693800e+02   5.9960900e+00
   5.7590600e+02   6.0927700e+00
   5.7487400e+02   2.8856400e+01
   5.7384300e+02   1.0051100e+02
   5.7281000e+02   4.9830100e+01
   5.7177800e+02  -2.2402300e+01
   5.7074600e+02  -1.4525400e+01
   5.6971300e+02   8.4797900e+01
   5.6868100e+02   5.8899400e+01
   5.6764800e+02   0.0000000e+00
   5.6661500e+02   6.0691400e+01
   5.6558100e+02   8.4827100e+01
   5.6454800e+02   2.3740200e+01
   5.6351400e+02   7.7646500e+00
   5.6248100e+02   3.5457000e+01
   5.6144700e+02   4.4591800e+01
   5.6041200e+02   4.5617200e+01
   5.5937800e+02   2.3198200e+01
   5.5834400e+02   5.2668000e+01
   5.5730900e+02   4.8138700e+01
   5.5627400e+02   3.0832000e+01
   5.5523900e+02   3.3635700e+01
   5.5420400e+02   6.6621100e+00
   5.5316900e+02   4.4688500e+01
   5.5213300e+02   6.3825200e+01
   5.5109800e+02  -3.8371100e+01
   5.5006200e+02   6.9212900e+01
   5.4902600e+02   9.3515600e+00
   5.4799000e+02   4.2933600e+01
   5.4695300e+02   7.3850600e+01
   5.4591700e+02   3.5322300e+01
   5.4488000e+02   3.6460000e+01
   5.4384300e+02   1.6488300e+01
   5.4280600e+02   1.6516600e+01
   5.4176900e+02  -1.5343800e+01
   5.4073100e+02   6.0240200e+01
   5.3969400e+02  -3.5087900e+00
   5.3865600e+02   9.5205100e+00
   5.3761800e+02   4.6881800e+01
   5.3658000e+02   3.1911100e+01
   5.3554200e+02   2.9607400e+01
   5.3450300e+02   5.7193400e+01
   5.3346500e+02   0.0000000e+00
   5.3242600e+02   1.2796900e+01
   5.3138700e+02   5.2593800e+01
   5.3034800e+02  -4.3608400e+01
   5.2930800e+02   1.6966800e+01
   5.2826900e+02  -6.5683600e+00
   5.2722900e+02  -2.1326200e+01
   5.2618900e+02   5.0139600e+01
   5.2514900e+02   1.3818400e+00
   5.2410900e+02   4.1292000e+01
   5.2306900e+02   3.6202100e+01
   5.2202800e+02  -3.3999000e+01
   5.2098800e+02  -3.5087900e+01
   5.1994700e+02  -5.1171900e-01
   5.1890600e+02  -1.2711900e+01
   5.1786500e+02  -2.0688500e+01
   5.1682300e+02   0.0000000e+00
   5.1578200e+02   7.6982400e+00
   5.1474000e+02   2.6507800e+01
   5.1369800e+02   2.4277300e+00
   5.1265600e+02  -3.6206100e+01
   5.1161400e+02   3.8270500e+01
   5.1057100e+02  -4.0027300e+01
   5.0952900e+02  -1.1054700e+00
   5.0848600e+02  -3.4033200e+00
   5.0744300e+02  -7.0312500e-01
   5.0640000e+02  -1.7335000e+01
   5.0535600e+02   1.4368200e+01
   5.0431300e+02  -2.3928700e+01
   5.0326900e+02  -2.9892600e+01
   5.0222500e+02  -2.2186500e+01
   5.0118100e+02  -1.3710900e+00
   5.0013700e+02   0.0000000e+00
   4.9909300e+02   1.3370100e+01
   4.9804800e+02  -4.8339800e-01
   4.9700400e+02  -2.2892600e+01
   4.9595900e+02   1.8809600e+01
   4.9491400e+02   4.7177700e+01
   4.9386900e+02   7.6855500e-01
   4.9282300e+02  -2.2752000e+01
   4.9177800e+02   1.9060500e+01
   4.9073200e+02   2.4207000e+01
   4.8968600e+02  -2.4648400e+01
   4.8864000e+02  -3.3916000e+00
   4.8759400e+02  -1.5801800e+01
   4.8654700e+02  -1.1211900e+01
   4.8550100e+02   3.5821300e+01
   4.8445400e+02  -5.5922900e+01
   4.8340700e+02   0.0000000e+00
   4.8236000e+02  -1.5837900e+01
   4.8131200e+02   5.3252000e+00
   4.8026500e+02  -1.2731400e+01
   4.7921700e+02  -7.3344700e+01
   4.7816900e+02   1.0266600e+01
   4.7712100e+02  -8.9941400e-01
   4.7607300e+02   1.6824200e+01
   4.7502500e+02  -9.5625000e+00
   4.7397600e+02  -5.5948200e+01
   4.7292800e+02  -2.4220700e+01
   4.7187900e+02  -5.4605500e+01
   4.7083000e+02  -1.9654300e+01
   4.6978000e+02   3.9648400e+00
   4.6873100e+02   3.8046900e+00
   4.6768200e+02   2.2021500e+00
   4.6663200e+02   1.1267600e+01
   4.6558200e+02   0.0000000e+00
   4.6453200e+02   4.6881800e+01
   4.6348100e+02   9.6533200e+00
   4.6243100e+02  -7.4797900e+01
   4.6138000e+02  -2.1137700e+01
   4.6033000e+02  -3.3145500e+01
   4.5927900e+02  -1.9152300e+01
   4.5822700e+02   2.9507800e+01
   4.5717600e+02  -1.6103500e+00
   4.5612500e+02   1.8605500e+01
   4.5507300e+02  -3.6624000e+01
   4.5402100e+02  -4.3521500e+01
   4.5296900e+02  -1.5273400e+00
   4.5191700e+02  -4.2644500e+01
   4.5086500e+02  -4.6652300e+01
   4.4981200e+02  -1.0214800e+01
   4.4875900e+02   0.0000000e+00
   4.4770600e+02   2.7686500e+01
   4.4665300e+02  -1.5849600e+01
   4.4560000e+02  -1.7272500e+01
   4.4454700e+02  -1.7365200e+01
   4.4349300e+02  -4.9900400e+01
   4.4243900e+02  -3.4355500e+00
   4.4138500e+02  -5.1192400e+01
   4.4033100e+02  -4.2832000e+00
   4.3927700e+02  -1.7817400e+01
   4.3822300e+02  -1.0129900e+01
   4.3716800e+02  -6.1885700e+01
   4.3611300e+02  -1.7420900e+01
   4.3505800e+02  -8.7621100e+01
   4.3400300e+02  -7.9377900e+01
   4.3294800e+02  -2.2689500e+01
   4.3189200e+02   0.0000000e+00
   4.3083600e+02  -5.5593800e+01
   4.2978000e+02  -7.3408200e+01
   4.2872400e+02  -9.4667000e+01
   4.2766800e+02  -3.4478500e+01
   4.2661200e+02   4.6821300e+01
   4.2555500e+02   7.4124000e+01
   4.2449800e+02   2.7315400e+01
   4.2344200e+02  -1.6934600e+01
   4.2238400e+02   2.0593800e+01
   4.2132700e+02  -6.3222700e+00
   4.2027000e+02  -4.6234400e+01
   4.1921200e+02   4.2187500e+01
   4.1815400e+02   8.3300800e-01
   4.1709600e+02   6.2701200e+01
   4.1603800e+02   2.4609400e+00
   4.1498000e+02   0.0000000e+00
   4.1392100e+02   4.7956100e+01
   4.1286300e+02   1.1135700e+01
   4.1180400e+02   4.9539100e+01
   4.1074500e+02  -3.2280300e+01
   4.0968600e+02  -4.3876000e+01
   4.0862600e+02  -3.2805700e+01
   4.0756700e+02  -5.9844700e+01
   4.0650700e+02   3.7225600e+01
   4.0544700e+02   3.7076200e+01
   4.0438700e+02   3.0592800e+01
   4.0332700e+02   3.3554700e+01
   4.0226600e+02  -4.3927700e+01
   4.0120600e+02   1.5923800e+01
   4.0014500e+02  -1.2668900e+01
   3.9908400e+02   1.2739300e+01
   3.9802300e+02  -4.0722700e-01
   3.9696200e+02   0.0000000e+00
   3.9590000e+02   3.5330100e+01
   3.9483800e+02  -3.4674800e+01
   3.9377700e+02  -1.7344700e+01
   3.9271500e+02  -4.8236300e+01
   3.9165200e+02   4.2428700e+01
   3.9059000e+02  -2.0573200e+01
   3.8952700e+02   2.8092800e+01
   3.8846500e+02  -5.5129900e+01
   3.8740200e+02  -3.6574200e+01
   3.8633900e+02  -5.2794900e+01
   3.8527600e+02  -3.8571300e+01
   3.8421200e+02  -4.9459000e+01
   3.8314900e+02  -1.1122100e+01
   3.8208500e+02   7.9921900e+00
   3.8102100e+02   3.6996100e+01
   3.7995700e+02   0.0000000e+00
   3.7889200e+02   4.5722700e+00
   3.7782800e+02   1.7144500e+01
   3.7676300e+02   8.8300800e+00
   3.7569800e+02  -1.7262700e+01
   3.7463300e+02  -1.0797900e+01
   3.7356800e+02  -2.1890600e+01
   3.7250300e+02   3.7685500e+01
   3.7143700e+02  -6.0182600e+01
   3.7037200e+02  -4.1272500e+01
   3.6930600e+02  -1.6806600e+01
   3.6824000e+02  -6.0068400e+00
   3.6717300e+02  -4.4873000e+01
   3.6610700e+02  -2.2072300e+01
   3.6504000e+02  -5.7160200e+01
   3.6397400e+02  -4.1357400e+00
   3.6290700e+02   0.0000000e+00
   3.6184000e+02  -6.8652300e+01
   3.6077200e+02   1.9252000e+01
   3.5970500e+02  -2.8841800e+01
   3.5863700e+02  -3.6713900e+01
   3.5756900e+02  -5.8473600e+01
   3.5650100e+02   4.4365200e+00
   3.5543300e+02   3.9011700e+01
   3.5436500e+02  -4.3078100e+01
   3.5329600e+02  -4.1722700e+01
   3.5222800e+02  -1.9364300e+01
   3.5115900e+02  -5.1181600e+00
   3.5009000e+02  -5.7597700e+00
   3.4902000e+02   1.7157200e+01
   3.4795100e+02   7.0183600e+01
   3.4688100e+02   4.4433600e+01
   3.4581200e+02   7.9072300e+00
   3.4474200e+02  -5.6840800e+01
   3.4367200e+02   2.8302700e+01
   3.4260100e+02   1.0009800e+00
   3.4153100e+02  -1.1521500e+01
   3.4046000e+02  -5.3153300e+01
   3.3938900e+02  -2.7119100e+01
   3.3831800e+02  -1.9082000e+01
   3.3724700e+02   6.6289100e+01
   3.3617600e+02  -6.1171900e+00
   3.3510400e+02   2.3700200e+01
   3.3403300e+02   5.7294900e+01
   3.3296100e+02   3.8558600e+01
   3.3188900e+02   2.2822300e+01
   3.3081600e+02   5.9642600e+01
   3.2974400e+02   4.1020500e+01
   3.2867100e+02   4.7175800e+01
   3.2759900e+02   0.0000000e+00
   3.2652600e+02   2.9189500e+01
   3.2545300e+02   2.1713900e+01
   3.2437900e+02   1.7904300e+01
   3.2330600e+02   4.0985400e+01
   3.2223200e+02  -2.5043900e+01
   3.2115800e+02  -4.0732400e+00
   3.2008400e+02   1.1656600e+02
   3.1901000e+02   8.9759800e+01
   3.1793600e+02   3.7624000e+01
   3.1686100e+02   8.6042000e+01
   3.1578600e+02   8.7460900e+01
   3.1471200e+02   2.8214800e+01
   3.1363600e+02   7.2525400e+01
   3.1256100e+02   4.6057600e+01
   3.1148600e+02   3.2037100e+01
   3.1041000e+02   9.5127900e+01
   3.0933400e+02   6.3439500e+01
   3.0825800e+02   6.9420900e+01
   3.0718200e+02   6.4402300e+01
   3.0610600e+02   1.0760600e+02
   3.0503000e+02   8.4810500e+01
   3.0395300e+02   1.2712800e+02
   3.0287600e+02   1.6411300e+02
   3.0179900e+02   1.6487600e+02
   3.0072200e+02   2.3264100e+02
   2.9964400e+02   1.6862600e+02
   2.9856700e+02   2.1817000e+02
   2.9748900e+02   2.3482500e+02
   2.9641100e+02   2.5825900e+02
   2.9533300e+02   2.6647200e+02
   2.9425500e+02   2.6290600e+02
   2.9317600e+02   3.9734300e+02
   2.9209800e+02   4.5244500e+02
   2.9101900e+02   5.3277200e+02
   2.8994000e+02   6.7310000e+02
   2.8886100e+02   8.0176100e+02
   2.8778100e+02   9.3075700e+02
   2.8670200e+02   1.1803100e+03
   2.8562200e+02   1.4386400e+03
   2.8454200e+02   1.7255300e+03
   2.8346200e+02   2.1319700e+03
   2.8238200e+02   2.4581900e+03
   2.8130200e+02   2.7440800e+03
   2.8022100e+02   2.7154100e+03
   2.7914000e+02   2.6105300e+03
   2.7806000e+02   2.3016400e+03
   2.7697800e+02   2.0283100e+03
   2.7589700e+02   1.7337600e+03
   2.7481600e+02   1.4643200e+03
   2.7373400e+02   1.1919900e+03
   2.7265200e+02   9.8155400e+02
   2.7157000e+02   8.4411600e+02
   2.7048800e+02   7.5245900e+02
   2.6940600e+02   6.3302400e+02
   2.6832300e+02   5.4681100e+02
   2.6724000e+02   5.0282100e+02
   2.6615800e+02   4.2694300e+02
   2.6507400e+02   3.4662300e+02
   2.6399100e+02   3.1263500e+02
   2.6290800e+02   2.3775900e+02
   2.6182400e+02   2.3410700e+02
   2.6074000e+02   2.6167800e+02
   2.5965600e+02   1.7947300e+02
   2.5857200e+02   1.8971000e+02
   2.5748800e+02   1.3317200e+02
   2.5640400e+02   1.1019100e+02
   2.5531900e+02   1.3676600e+02
   2.5423400e+02   7.5007800e+01
   2.5314900e+02   5.1250500e+01
   2.5206400e+02   1.5272500e+01
   2.5097800e+02   9.0072800e+01
   2.4989300e+02   4.6096700e+01
   2.4880700e+02   1.0231000e+01
   2.4772100e+02   1.4921900e+01
   2.4663500e+02   3.4725100e+01
   2.4554900e+02   2.3751500e+01
   2.4446200e+02  -6.5546900e+00
   2.4337600e+02   1.3028300e+01
   2.4228900e+02  -1.7061000e+01
   2.4120200e+02  -4.2785600e+01
   2.4011500e+02  -1.7480500e-01
   2.3902700e+02  -1.6118700e+01
   2.3794000e+02  -4.8838900e+01
   2.3685200e+02  -5.6779300e+01
   2.3576400e+02  -9.6079100e+00
   2.3467600e+02   1.2231000e+01
   2.3358800e+02  -3.1816400e+01
   2.3250000e+02  -2.0862800e+01
   2.3141100e+02   2.5425800e+01
   2.3032200e+02  -5.0729500e+01
   2.2923300e+02  -1.8882800e+01
   2.2814400e+02  -1.2035200e+01
   2.2705500e+02  -4.0185500e+01
   2.2596500e+02  -1.8778800e+01
   2.2487600e+02  -2.4593800e+01
   2.2378600e+02  -2.2406200e+01
   2.2269600e+02  -5.3218300e+01
   2.2160600e+02   9.7495100e+00
   2.2051500e+02   2.4940400e+01
   2.1942500e+02   1.2355000e+01
   2.1833400e+02   2.2771000e+01
   2.1724300e+02  -6.0332000e+00
   2.1615200e+02  -4.9477500e+00
   2.1506100e+02   3.5583500e+01
   2.1396900e+02  -8.5439000e+01
   2.1287700e+02   1.9095200e+01
   2.1178600e+02   7.9638700e+00
   2.1069400e+02  -3.0832000e+01
   2.0960200e+02   1.5261700e+01
   2.0850900e+02  -2.4753900e+01
   2.0741700e+02   1.9898400e+01
   2.0632400e+02  -1.4225600e+01
   2.0523100e+02  -9.4589800e+00
   2.0413800e+02  -2.9802200e+01
   2.0304500e+02  -8.4780300e+00
   2.0195100e+02  -1.8188500e+00
   2.0085800e+02   8.4228500e-01
   1.9976400e+02  -1.0512700e+00
   1.9867000e+02   1.3501000e+01
   1.9757600e+02   2.3055700e+01
   1.9648100e+02  -3.5040500e+01
   1.9538700e+02   3.7087400e+01
   1.9429200e+02  -6.1672400e+01
   1.9319700e+02  -7.3984900e+01
   1.9210200e+02  -6.5185500e+00
   1.9100700e+02  -4.9050300e+01
   1.8991200e+02  -8.9025400e+01
   1.8881600e+02  -7.2664100e+01
   1.8772000e+02  -3.2079100e+01
   1.8662500e+02  -4.5714800e+01
   1.8552800e+02  -5.8904800e+01
   1.8443200e+02  -2.5758800e+01
   1.8333600e+02  -8.2783200e+00
   1.8223900e+02   1.5537600e+01
   1.8114200e+02  -1.2200200e+01
   1.8004500e+02   1.1095300e+02
   1.7894800e+02   7.7218300e+01
   1.7785100e+02   3.6264200e+01
   1.7675300e+02   5.2755400e+01
   1.7565500e+02   4.0137200e+01
   1.7455700e+02   4.8409700e+01
   1.7345900e+02   2.0573700e+01
   1.7236100e+02   2.7960900e+01
   1.7126300e+02  -4.9829100e+00
   1.7016400e+02   1.0519500e+01
   1.6906500e+02  -8.9765600e+00
   1.6796600e+02  -4.0537100e+00
   1.6686700e+02   7.4123500e+01
   1.6576800e+02   3.1859400e+01
   1.6466800e+02   1.6982100e+02
   1.6356800e+02   1.4122900e+02
   1.6246900e+02   2.0752800e+02
   1.6136800e+02   3.0938700e+02
   1.6026800e+02   4.2069200e+02
   1.5916800e+02   5.5222300e+02
   1.5806700e+02   6.9131200e+02
   1.5696600e+02   8.5495900e+02
   1.5586500e+02   1.0083900e+03
   1.5476400e+02   1.0486000e+03
   1.5366300e+02   1.0398100e+03
   1.5256200e+02   8.3691000e+02
   1.5146000e+02   6.4579300e+02
   1.5035800e+02   3.9934700e+02
   1.4925600e+02   2.2490300e+02
   1.4815400e+02   1.0901700e+02
   1.4705100e+02   3.0800300e+01
   1.4594900e+02   8.0957000e-01
   1.4484600e+02  -2.4733900e+01
   1.4374300e+02  -9.9272500e+00
   1.4264000e+02   8.5920900e+01
   1.4153700e+02   8.3335900e+01
   1.4043300e+02   1.4131600e+02
   1.3932900e+02   1.6908500e+02
   1.3822600e+02   1.4830700e+02
   1.3712200e+02   2.0065200e+02
   1.3601700e+02   1.4367300e+02
   1.3491300e+02   1.4870400e+02
   1.3380800e+02   9.7411600e+01
   1.3270400e+02   8.1241200e+01
   1.3159900e+02  -1.7142100e+01
   1.3049400e+02  -3.8847700e+01
   1.2938800e+02  -5.1987300e+01
   1.2828300e+02  -5.5006800e+01
   1.2717700e+02  -2.8905800e+01
   1.2607100e+02  -2.7459500e+01
   1.2496500e+02  -1.1336900e+01
   1.2385900e+02   5.9350600e+01
   1.2275300e+02   1.2460500e+02
   1.2164600e+02   1.9742500e+02
   1.2054000e+02   2.0136600e+02
   1.1943300e+02   2.1509400e+02
   1.1832600e+02   1.7705500e+02
   1.1721800e+02   1.2513800e+02
   1.1611100e+02   8.6674800e+01
   1.1500300e+02   0.0000000e+00
