100.250000 0.000000
101.634719 -0.110508
103.019437 -2.860001
104.404156 0.171497
105.788874 0.000000
107.173593 6.335299
108.558312 8.246595
109.943030 13.746902
111.327749 13.560200
112.712467 16.032501
114.097186 12.366800
115.481905 11.604101
116.866623 5.632393
118.251342 4.292698
119.636060 0.000000
121.020779 2.328293
122.405497 4.285585
123.790216 15.784883
125.174935 28.469181
126.559653 51.380459
127.944372 75.071747
129.329090 107.613060
130.713809 138.584335
132.098528 175.425629
133.483246 207.316925
134.867965 241.688217
136.252683 267.989502
137.637402 294.300812
139.022121 310.822083
140.406839 326.673401
141.791558 333.004669
143.176276 339.805969
144.560995 338.787231
145.945714 340.268585
147.330432 335.809845
148.715151 335.321136
150.099869 329.652405
151.484588 328.073730
152.869307 320.895020
154.254025 317.286316
155.638744 307.807617
157.023462 302.468903
158.408181 292.850159
159.792900 290.121460
161.177618 286.702789
162.562337 294.154053
163.947055 304.435364
165.331774 327.916656
166.716492 354.657928
168.101211 392.809204
169.485930 430.100494
170.870648 472.871765
172.255367 507.673096
173.640085 540.724365
175.024804 559.335693
176.409523 571.416931
177.794241 566.408325
179.178960 554.659607
180.563678 527.840881
181.948397 498.152100
183.333116 458.453430
184.717834 421.554749
186.102553 380.166077
187.487271 346.507355
188.871990 312.208618
190.256709 288.229919
191.641427 264.711212
193.026146 251.272522
194.410864 236.793777
195.795583 230.015076
197.180302 219.306366
198.565020 213.477676
199.949739 201.388962
201.334457 192.880249
202.719176 177.961578
204.103895 167.732834
205.488613 153.104141
206.873332 145.635452
208.258050 135.996750
209.642769 135.008026
211.027487 132.109329
212.412206 136.850616
213.796925 137.601913
215.181643 143.493195
216.566362 143.054474
217.951080 146.345779
219.335799 143.197067
220.720518 145.118378
222.105236 142.949646
223.489955 148.710938
224.874673 152.902237
226.259392 166.643524
227.644111 179.204849
229.028829 200.726089
230.413548 220.067413
231.798266 247.978699
233.182985 274.690002
234.567704 312.981293
235.952422 354.982574
237.337141 414.573853
238.721859 483.425171
240.106578 573.126465
241.491297 671.097717
242.876015 783.498962
244.260734 891.910278
245.645452 997.641663
247.030171 1079.482910
248.414890 1138.924194
249.799608 1158.265381
251.184327 1145.206787
252.569045 1090.348145
253.953764 1010.189392
255.338482 903.040649
256.723201 790.741882
258.107920 673.373291
259.492638 571.564514
260.877357 480.855774
262.262075 415.567108
263.646794 364.308441
265.031513 335.439728
266.416231 313.401031
267.800950 304.862335
269.185668 294.863617
270.570387 292.534912
271.955106 286.086182
273.339824 287.667511
274.724543 287.398773
276.109261 297.900085
277.493980 308.121399
278.878699 328.492676
280.263417 345.263947
281.648136 366.585205
283.032854 377.326538
284.417573 385.767822
285.802292 378.189148
287.187010 365.410431
288.571729 336.711731
289.956447 305.843018
291.341166 264.244293
292.725885 226.845596
294.110603 185.036911
295.495322 152.788177
296.880040 119.779480
298.264759 98.130783
299.649477 75.792053
301.034196 63.643372
302.418915 48.874649
303.803633 42.275955
305.188352 31.267250
306.573070 27.118540
307.957789 17.739824
309.342508 14.931118
310.727226 6.901409
312.111945 5.775709
313.496663 0.000000
314.881382 2.122396
316.266101 0.711798
317.650819 8.473196
319.035538 14.148594
320.420256 30.351994
321.804975 45.375378
323.189694 71.108780
324.574412 94.832176
325.959131 127.385574
327.343849 154.948990
328.728568 187.642365
330.113287 211.205780
331.498005 235.909164
332.882724 248.062561
334.267442 259.015961
335.652161 256.419373
337.036880 253.112747
338.421598 238.066132
339.806317 225.269531
341.191035 204.392929
342.575754 189.696335
343.960472 170.559738
345.345191 160.653137
346.729910 148.376511
348.114628 146.389938
349.499347 142.053345
350.884065 147.296722
352.268784 149.050125
353.653503 159.243500
355.038221 165.106918
356.422940 179.130310
357.807658 189.113724
359.192377 208.077118
360.577096 223.960480
361.961814 249.703903
363.346533 272.817291
364.731251 305.760712
366.115970 335.574097
367.500689 374.567474
368.885407 409.940887
370.270126 454.604309
371.654844 496.467651
373.039563 549.171021
374.424282 600.964417
375.809000 665.307861
377.193719 729.651245
378.578437 806.354614
379.963156 881.687988
381.347874 967.381470
382.732593 1050.034790
384.117312 1143.188232
385.502030 1235.841553
386.886749 1344.995117
388.271467 1462.948364
389.656186 1608.101929
391.040905 1772.355225
392.425623 1970.708618
393.810342 2188.061768
395.195060 2430.715332
396.579779 2673.568848
397.964498 2913.422363
399.349216 3118.475586
400.733935 3283.229004
402.118653 3378.682373
403.503372 3407.135742
404.888091 3351.489258
406.272809 3228.542725
407.657528 3035.595947
409.042246 2801.549316
410.426965 2532.002686
411.811684 2259.156250
413.196402 1986.409546
414.581121 1739.963013
415.965839 1514.416382
417.350558 1326.269775
418.735277 1161.023193
420.119995 1028.476563
421.504714 910.319946
422.889432 814.853271
424.274151 724.716797
425.658869 650.490234
427.043588 577.253540
428.428307 517.736938
429.813025 458.290375
431.197744 412.043762
432.582462 365.087158
433.967181 330.030579
435.351900 292.453979
436.736618 264.897369
438.121337 233.150757
439.506055 210.344162
440.890774 182.877594
442.275493 164.400970
443.660211 141.494370
445.044930 127.757767
446.429648 109.431183
447.814367 99.754562
449.199086 84.657967
450.583804 77.371353
451.968523 64.024757
453.353241 58.278160
454.737960 46.711563
456.122679 43.394951
457.507397 35.038361
458.892116 35.611755
460.276834 31.435148
461.661553 36.008553
463.046272 35.051945
464.430990 41.675335
465.815709 41.358738
467.200427 47.242146
468.585146 45.065529
469.969864 48.388924
471.354583 43.402336
472.739302 44.195717
474.124020 37.319122
475.508739 37.132523
476.893457 30.285927
478.278176 31.149321
479.662895 26.182714
481.047613 29.496115
482.432332 27.179518
483.817050 32.992908
485.201769 32.626308
486.586488 39.579693
487.971206 39.363098
489.355925 45.496498
490.740643 43.609894
492.125362 47.573288
493.510081 43.346680
494.894799 45.200081
496.279518 39.393478
497.664236 40.396881
499.048955 34.520287
500.433674 36.213684
501.818392 31.617079
503.203111 35.050484
504.587829 32.443874
505.972548 37.977268
507.357267 37.430668
508.741985 44.884056
510.126704 45.927452
511.511422 54.490852
512.896141 55.964256
514.280859 64.177650
515.665578 64.501045
517.050297 70.924446
518.435015 69.097839
519.819734 73.491249
521.204452 70.304642
522.589171 74.548042
523.973890 72.771423
525.358608 80.214828
526.743327 83.308228
528.128045 96.941635
529.512764 106.995033
530.897483 127.708420
532.282201 144.271820
533.666920 170.355225
535.051638 190.658630
536.436357 218.601990
537.821076 238.675385
539.205794 264.238800
540.590513 279.782166
541.975231 298.765594
543.359950 305.848999
544.744669 314.832397
546.129387 310.845764
547.514106 308.409180
548.898824 293.422607
550.283543 281.295990
551.668262 258.679352
553.052980 241.562775
554.437699 216.856186
555.822417 200.429565
557.207136 178.662979
558.591854 166.686371
559.976573 149.969788
561.361292 142.803162
562.746010 129.976578
564.130729 125.439964
565.515447 113.973373
566.900166 109.826767
568.284885 98.240173
569.669603 94.043564
571.054322 82.896950
572.439040 79.940338
573.823759 70.863747
575.208478 70.657150
576.593196 64.670547
577.977915 67.513954
579.362633 64.197342
580.747352 69.150726
582.132071 67.284142
583.516789 73.137543
584.901508 71.800926
586.286226 78.034332
587.670945 77.077713
589.055664 83.741135
590.440382 83.184509
591.825101 90.077904
593.209819 89.321320
594.594538 95.404716
595.979257 93.118118
597.363975 97.021507
598.748694 92.054901
600.133412 93.108299
601.518131 85.511688
602.902849 84.505089
604.287568 75.648499
605.672287 74.331902
607.057005 66.035294
608.441724 65.958694
609.826442 59.272083
611.211161 60.905487
612.595880 55.798889
613.980598 58.762283
615.365317 54.755684
616.750035 58.709084
618.134754 55.682472
619.519473 60.765877
620.904191 59.029274
622.288910 65.472679
623.673628 64.996071
625.058347 72.359451
626.443066 72.242859
627.827784 79.296265
629.212503 78.179642
630.597221 83.723053
631.981940 80.856445
633.366659 84.739830
634.751377 80.573242
636.136096 83.706642
637.520814 79.360046
638.905533 82.793434
640.290251 78.976837
641.674970 82.900230
643.059689 79.273636
644.444407 82.977028
645.829126 78.730438
647.213844 81.533829
648.598563 76.307220
649.983282 78.320602
651.368000 72.644028
652.752719 74.657410
654.137437 69.390800
655.522156 72.084198
656.906875 67.597603
658.291593 71.011002
659.676312 67.044403
661.061030 70.757797
662.445749 66.911194
663.830468 70.704597
665.215186 66.997993
666.599905 71.081398
667.984623 67.884796
669.369342 72.638199
670.754061 70.171585
672.138779 75.604980
673.523498 73.618378
674.908216 79.291771
676.292935 77.255173
677.677654 82.638557
679.062372 80.151962
680.447091 85.015373
681.831809 82.008759
683.216528 86.402153
684.601246 82.975571
685.985965 87.008949
687.370684 83.272354
688.755402 87.065735
690.140121 83.199158
691.524839 87.072540
692.909558 83.575943
694.294277 88.199341
695.678995 85.872734
697.063714 92.076141
698.448432 91.629539
699.833151 99.842926
701.217870 101.316338
702.602588 111.129730
703.987307 113.663124
705.372025 123.836533
706.756744 125.979927
708.141463 135.063324
709.526181 135.516708
710.910900 142.530121
712.295618 140.793518
713.680337 145.786911
715.065056 142.460312
716.449774 146.513718
717.834493 143.067108
719.219211 147.920502
720.603930 146.233902
721.988649 153.817291
723.373367 155.740692
724.758086 167.754059
726.142804 174.827499
727.527523 192.530884
728.912241 205.654266
730.296960 229.497665
731.681679 248.511063
733.066397 277.584473
734.451116 300.657867
735.835834 332.141266
737.220553 355.524658
738.605272 384.908081
739.989990 403.711487
741.374709 426.274780
742.759427 436.568268
744.144146 449.841614
745.528865 451.225067
746.913583 457.238373
748.298302 454.231842
749.683020 459.695160
751.067739 460.488617
752.452458 474.082031
753.837176 486.645447
755.221895 514.338806
756.606613 541.572205
757.991332 582.465576
759.376051 619.379028
760.760769 664.682373
762.145488 699.525818
763.530206 735.829163
764.914925 755.092590
766.299644 770.375916
767.684362 764.999390
769.069081 754.202820
770.453799 723.616150
771.838518 690.609558
773.223236 642.432983
774.607955 597.476379
775.992674 543.279785
777.377392 497.843201
778.762111 447.796570
780.146829 409.859985
781.531548 369.323334
782.916267 341.656799
784.300985 311.140167
785.685704 292.613586
787.070422 270.056976
788.455141 258.270355
789.839860 241.403778
791.224578 234.457184
792.609297 221.760574
793.994015 218.463974
795.378734 208.937347
796.763453 208.340759
798.148171 201.084137
799.532890 202.437546
800.917608 197.020950
802.302327 200.364349
803.687046 197.417755
805.071764 203.951141
806.456483 205.014526
807.841201 216.317917
809.225920 222.601334
810.610639 239.104736
811.995357 250.018127
813.380076 270.001526
814.764794 282.874908
816.149513 303.188324
817.534231 314.961700
818.918950 333.305145
820.303669 343.048492
821.688387 360.221863
823.073106 370.585297
824.457824 390.878662
825.842543 407.202087
827.227262 436.195465
828.611980 463.348877
829.996699 504.202240
831.381417 542.835693
832.766136 593.148987
834.150855 637.592407
835.535573 688.685852
836.920292 727.929260
838.305010 767.412659
839.689729 788.905945
841.074448 805.429382
842.459166 800.262939
843.843885 788.326172
845.228603 755.059631
846.613322 717.523071
847.998041 662.966431
849.382759 609.809875
850.767478 546.053223
852.152196 490.126617
853.536915 429.460022
854.921634 381.333466
856.306352 331.716858
857.691071 296.320251
859.075789 259.673645
860.460508 236.277054
861.845226 209.890427
863.229945 194.673843
864.614664 174.427246
865.999382 163.640640
867.384101 146.624039
868.768819 138.397446
870.153538 123.700844
871.538257 117.854233
872.922975 105.697632
874.307694 102.501038
875.692412 92.984421
877.077131 92.227829
878.461850 84.821228
879.846568 85.724617
881.231287 79.538017
882.616005 81.271416
884.000724 75.624817
885.385443 77.718224
886.770161 72.351608
888.154880 74.715004
889.539598 69.648407
890.924317 72.361801
892.309036 67.735214
893.693754 70.968597
895.078473 66.992004
896.463191 71.015396
897.847910 67.978790
899.232628 73.062195
900.617347 71.145576
902.002066 77.288979
903.386784 76.232384
904.771503 82.935776
906.156221 82.069176
907.540940 88.572586
908.925659 87.215965
910.310377 93.089371
911.695096 91.222755
913.079814 96.916168
914.464533 95.449554
915.849252 102.262970
917.233970 102.726349
918.618689 112.259758
920.003407 116.113159
921.388126 129.506561
922.772845 137.529953
924.157563 155.193329
925.542282 167.416748
926.927000 189.040131
928.311719 204.843536
929.696438 229.496918
931.081156 247.560303
932.465875 273.453735
933.850593 291.467102
935.235312 315.730499
936.620031 330.333923
938.004749 349.287323
939.389468 356.790710
940.774186 367.074066
942.158905 364.777496
943.543623 364.710938
944.928342 352.184296
946.313061 342.597717
947.697779 321.851105
949.082498 305.704529
950.467216 280.247894
951.851935 261.241272
953.236654 234.644669
954.621372 215.938095
956.006091 190.791489
957.390809 174.404877
958.775528 152.238281
960.160247 139.301697
961.544965 120.985077
962.929684 112.208488
964.314402 98.271881
965.699121 93.945274
967.083840 84.358658
968.468558 84.042076
969.853277 77.885475
971.237995 80.168861
972.622714 75.632271
974.007433 78.495667
975.392151 73.579056
976.776870 75.292465
978.161588 68.785843
979.546307 68.809250
980.931026 60.892639
982.315744 60.056053
983.700463 52.059448
985.085181 51.932846
986.469900 45.336243
987.854618 47.039642
989.239337 42.393044
990.624056 45.796440
992.008774 42.309837
993.393493 46.123230
994.778211 42.256638
996.162930 44.970028
997.547649 39.553425
998.932367 40.566822
1000.317086 33.686222
1001.701804 33.764610
1003.086523 26.691011
1004.471242 27.374407
1005.855960 21.618813
1007.240679 24.073212
1008.625397 20.232601
1010.010116 24.363998
1011.394835 21.663397
1012.779553 26.159796
1014.164272 22.996191
1015.548990 26.266592
1016.933709 21.369991
1018.318428 22.715382
1019.703146 16.106785
1021.087865 16.293179
1022.472583 9.368578
1023.857302 10.186979
1025.242021 4.819376
1026.626739 7.881771
1028.011458 5.112175
1029.396176 10.675571
1030.780895 9.903969
1032.165613 16.590361
1033.550332 15.896761
1034.935051 21.589163
1036.319769 19.042559
1037.704488 22.349957
1039.089206 17.344357
1040.473925 18.531750
1041.858644 12.119143
1043.243362 12.791544
1044.628081 6.810946
1046.012799 8.715342
1047.397518 4.560741
1048.782237 8.598137
1050.166955 6.675533
1051.551674 12.854935
1052.936392 12.922327
1054.321111 20.875723
1055.705830 22.483122
1057.090548 31.632519
1058.475267 33.967915
1059.859985 43.156315
1061.244704 44.709713
1062.629423 52.213112
1064.014141 51.326508
1065.398860 55.969910
1066.783578 52.373306
1068.168297 55.076706
1069.553016 50.910103
1070.937734 54.743500
1072.322453 53.416893
1073.707171 61.380302
1075.091890 64.813690
1076.476608 77.367088
1077.861327 84.690491
1079.246046 100.253891
1080.630764 110.247284
1082.015483 129.230667
1083.400201 144.924072
1084.784920 173.377472
1086.169639 203.380859
1087.554357 251.054260
1088.939076 303.987671
1090.323794 375.751038
1091.708513 450.334412
1093.093232 537.157776
1094.477950 616.351196
1095.862669 694.494629
1097.247387 750.658020
1098.632106 792.391296
1100.016825 801.874817
1101.401543 791.368164
1102.786262 748.701599
1104.170980 691.645020
1105.555699 612.708435
1106.940418 532.591797
1108.325136 444.755219
1109.709855 368.838623
1111.094573 295.662018
1112.479292 241.195404
1113.864011 192.428818
1115.248729 161.842224
1116.633448 133.905609
1118.018166 119.699020
1119.402885 103.422394
1120.787603 96.645813
1122.172322 84.649216
1123.557041 80.162613
1124.941759 69.495995
1126.326478 66.059402
1127.711196 56.512802
1129.095915 54.276199
1130.480634 45.919601
1131.865352 44.652992
1133.250071 37.011383
1134.634789 36.145790
1136.019508 28.684179
1137.404227 27.899580
1138.788945 20.564989
1140.173664 20.010372
1141.558382 13.073776
1142.943101 13.059174
1144.327820 6.827574
1145.712538 7.660971
1147.097257 2.485373
1148.481975 4.600767
1149.866694 1.005161
1151.251413 4.970566
1152.636131 3.465958
1154.020850 9.603355
1155.405568 10.197752
1156.790287 18.114153
1158.175005 19.997549
1159.559724 28.526945
1160.944443 30.297344
1162.329161 37.960735
1163.713880 38.230137
1165.098598 43.874527
1166.483317 41.822922
1167.868036 45.001328
1169.252754 40.585724
1170.637473 41.630119
1172.022191 35.471527
1173.406910 35.265915
1174.791629 28.443314
1176.176347 28.150717
1177.561066 21.823114
1178.945784 22.492514
1180.330503 17.498909
1181.715222 19.676304
1183.099940 16.216702
1184.484659 19.750103
1185.869377 17.362497
1187.254096 21.565897
1188.638815 19.459291
1190.023533 23.564699
1191.408252 21.108089
1192.792970 24.706490
1194.177689 21.756882
1195.562408 24.962282
1196.947126 21.834681
1198.331845 25.070078
1199.716563 22.185472
1201.101282 25.766876
1202.486000 23.255272
1203.870719 27.086666
1205.255438 24.638069
1206.640156 28.257463
1208.024875 25.359869
1209.409593 28.321260
1210.794312 24.701658
1212.179031 26.981052
1213.563749 22.883453
1214.948468 24.946850
1216.333186 20.967245
1217.717905 23.415644
1219.102624 20.034040
1220.487342 23.129438
1221.872061 20.343842
1223.256779 23.838230
1224.641498 21.221626
1226.026217 24.609035
1227.410935 21.675425
1228.795654 24.561827
1230.180372 21.047224
1231.565091 23.288616
1232.949810 19.132015
1234.334528 20.713417
1235.719247 15.918816
1237.103965 16.870211
1238.488684 11.535608
1239.873403 12.077009
1241.258121 6.585409
1242.642840 7.267803
1244.027558 2.299202
1245.412277 3.832600
1246.796995 0.000000
1248.181714 2.921083
1249.566433 0.452166
1250.951151 4.379251
1252.335870 2.620337
1253.720588 6.881420
1255.105307 5.155502
1256.490026 9.208584
1257.874744 7.198673
1259.259463 10.977758
1260.644181 8.815840
1262.028900 12.548925
1263.413619 10.446009
1264.798337 14.231091
1266.183056 12.133179
1267.567774 15.790260
1268.952493 13.467342
1270.337212 16.813425
1271.721930 14.207514
1273.106649 17.338602
1274.491367 14.671686
1275.876086 17.851765
1277.260805 15.318848
1278.645523 18.580936
1280.030242 16.008018
1281.414960 19.004099
1282.799679 15.980188
1284.184398 18.389269
1285.569116 14.844355
1286.953835 16.968441
1288.338553 13.612526
1289.723272 16.497604
1291.107990 14.549690
1292.492709 19.361780
1293.877428 19.686857
1295.262146 26.781942
1296.646865 29.104029
1298.031583 37.564110
1299.416302 40.421196
1300.801021 48.433281
1302.185739 49.919357
1303.570458 55.741455
1304.955176 54.524536
1306.339895 57.407623
1307.724614 53.383705
1309.109332 53.863781
1310.494051 48.124866
1311.878769 47.705952
1313.263488 41.970036
1314.648207 42.361115
1316.032925 38.129204
1317.417644 40.449287
1318.802362 38.334373
1320.187081 42.635452
1321.571800 42.143539
1322.956518 47.470627
1324.341237 47.335709
1325.725955 52.307800
1327.110674 51.242882
1328.495393 54.858963
1329.880111 52.301048
1331.264830 54.513134
1332.649548 50.912220
1334.034267 52.566303
1335.418985 48.992390
1336.803704 51.164467
1338.188423 48.480553
1339.573141 51.647636
1340.957860 49.857719
1342.342578 53.567802
1343.727297 51.875885
1345.112016 55.185974
1346.496734 52.737061
1347.881453 55.084145
1349.266171 51.747231
1350.650890 53.463318
1352.035609 49.940399
1353.420327 51.917469
1354.805046 49.065571
1356.189764 51.908657
1357.574483 49.937740
1358.959202 53.435814
1360.343920 51.803902
1361.728639 55.257988
1363.113357 53.323074
1364.498076 56.332146
1365.882795 54.025230
1367.267513 56.828323
1368.652232 54.562408
1370.036950 57.548492
1371.421669 55.489578
1372.806388 58.471664
1374.191106 56.073746
1375.575825 58.267838
1376.960543 54.725910
1378.345262 55.559994
1379.729980 50.749081
1381.114699 50.650166
1382.499418 45.517250
1383.884136 45.784332
1385.268855 41.728424
1386.653573 43.601501
1388.038292 41.496582
1389.423011 45.390675
1390.807729 45.222755
1392.192448 50.802841
1393.577166 52.064919
1394.961885 58.788010
1396.346604 60.980095
1397.731322 68.401184
1399.116041 71.154266
1400.500759 79.007355
1401.885478 82.250427
1403.270197 90.883514
1404.654915 95.616600
1406.039634 106.959686
1407.424352 116.162758
1408.809071 134.095856
1410.193790 152.198944
1411.578508 181.082031
1412.963227 211.675110
1414.347945 253.648163
1415.732664 296.911255
1417.117382 350.084351
1418.502101 402.377411
1419.886820 461.940521
1421.271538 517.993591
1422.656257 578.916687
1424.040975 634.279724
1425.425694 692.592834
1426.810413 743.315979
1428.195131 794.338989
1429.579850 834.232056
1430.964568 869.845154
1432.349287 888.998169
1433.734006 898.321350
1435.118724 886.334351
1436.503443 861.207520
1437.888161 813.940491
1439.272880 755.593689
1440.657599 680.196716
1442.042317 601.329834
1443.427036 514.732849
1444.811754 434.496002
1446.196473 355.839111
1447.581192 291.262177
1448.965910 233.845306
1450.350629 193.628387
1451.735347 161.411453
1453.120066 145.284546
1454.504785 134.667633
1455.889503 136.680725
1457.274222 140.213806
1458.658940 152.046875
1460.043659 160.989960
1461.428377 173.803040
1462.813096 179.586136
1464.197815 185.599213
1465.582533 181.862305
1466.967252 176.825378
1468.351970 162.028458
1469.736689 147.361557
1471.121408 125.704636
1472.506126 107.717712
1473.890845 86.520813
1475.275563 72.285896
1476.660282 57.134979
1478.045001 49.867058
1479.429719 41.315147
1480.814438 39.152237
1482.199156 33.654320
1483.583875 32.419403
1484.968594 26.235489
1486.353312 23.463575
1487.738031 15.831657
1489.122749 12.415743
1490.507468 5.432827
1491.892187 3.973913
1493.276905 0.000000
1494.661624 1.755663
1496.046342 0.892330
1497.431061 5.340996
1498.815780 6.180662
1500.200498 11.201328
1501.585217 11.646996
1502.969935 15.551661
1504.354654 14.553329
1505.739372 16.982996
1507.124091 14.780663
1508.508810 16.381329
1509.893528 13.808996
1511.278247 15.417662
1512.662965 13.180328
1514.047684 15.301996
1515.432403 13.690660
1516.817121 16.421329
1518.201840 15.380997
1519.586558 18.560661
1520.971277 17.870331
1522.355996 21.256996
1523.740714 20.682665
1525.125433 24.069326
1526.510151 23.435993
1527.894870 26.674660
1529.279589 25.852327
1530.664307 28.835997
1532.049026 27.771658
1533.433744 30.555328
1534.818463 29.478998
1536.203182 32.526661
1537.587900 32.150326
1538.972619 36.355995
1540.357337 37.601662
1541.742056 43.689323
1543.126775 46.824997
1544.511493 54.396660
1545.896212 58.284325
1547.280930 65.564987
1548.665649 68.082657
1550.050367 73.046326
1551.435086 72.757996
1552.819805 74.960663
1554.204523 72.607323
1555.589242 73.897987
1556.973960 72.081650
1558.358679 75.277328
1559.743398 76.472992
1561.128116 83.309662
1562.512835 88.427330
1563.897553 99.304993
1565.282272 108.832657
1566.666991 125.040321
1568.051709 141.727982
1569.436428 167.705658
1570.821146 197.283325
1572.205865 239.030975
1573.590584 286.258636
1574.975302 345.526306
1576.360021 407.503937
1577.744739 475.801636
1579.129458 538.479248
1580.514177 597.296936
1581.898895 639.824585
1583.283614 668.802307
1584.668332 674.369934
1586.053051 662.857605
1587.437770 628.695313
1588.822488 582.322998
1590.207207 521.580627
1591.591925 458.978302
1592.976644 392.975983
1594.361362 335.113647
1595.746081 281.771301
1597.130800 241.588989
1598.515518 207.956635
1599.900237 186.754318
1601.284955 169.391998
1602.669674 160.619659
1604.054393 151.617325
1605.439111 147.554977
1606.823830 140.562653
1608.208548 136.810303
1609.593267 129.407990
1610.977986 125.155647
1612.362704 117.593323
1613.747423 113.590988
1615.132141 106.638657
1616.516860 103.406326
1617.901579 97.283989
1619.286297 94.841660
1620.671016 89.519325
1622.055734 87.936996
1623.440453 83.684662
1624.825172 83.402336
1626.209890 80.739998
1627.594609 82.267662
1628.979327 81.565331
1630.364046 85.022995
1631.748765 86.150658
1633.133483 91.188324
1634.518202 93.595993
1635.902920 99.553658
1637.287639 102.561333
1638.672357 108.758987
1640.057076 111.706665
1641.441795 117.504326
1642.826513 119.721992
1644.211232 124.409653
1645.595950 125.137329
1646.980669 127.894997
1648.365388 126.332657
1649.750106 126.480324
1651.134825 122.157990
1652.519543 119.545647
1653.904262 112.773315
1655.288981 108.230988
1656.673699 100.328651
1658.058418 95.576332
1659.443136 88.463997
1660.827855 85.371666
1662.212574 80.539322
1663.597292 79.936996
1664.982011 77.414658
1666.366729 78.422333
1667.751448 76.510002
1669.136167 76.917664
1670.520885 73.245331
1671.905604 70.952995
1673.290322 64.098656
1674.675041 58.630325
1676.059759 49.174999
1677.444478 42.079659
1678.829197 32.259331
1680.213915 26.055998
1681.598634 18.234663
1682.983352 14.737329
1684.368071 9.912001
1685.752790 9.207666
1687.137508 6.638332
1688.522227 7.389999
1689.906945 5.463667
1691.291664 6.122332
1692.676383 3.639000
1694.061101 3.535667
1695.445820 0.416334
1696.830538 0.000000
1698.215257 -1.595999
1699.599976 0.000000
