99.116982 91.859993
99.791894 93.719994
100.466807 82.570000
101.141720 69.919991
101.816633 66.779999
102.491546 70.129997
103.166459 58.979996
103.841372 45.339996
104.516285 50.189995
105.191198 39.039993
105.866110 34.889999
106.541023 35.750000
107.215936 24.599998
107.890849 24.949997
108.565762 21.809998
109.240675 30.659996
109.915588 19.509995
110.590501 15.359993
111.265413 37.719994
111.940326 26.569992
112.615239 33.919991
113.290152 45.279999
113.965065 34.129997
114.639978 42.979996
115.314891 64.339989
115.989804 43.189995
116.664717 32.039993
117.339629 60.389992
118.014542 62.250000
118.689455 51.099998
119.364368 73.949997
120.039281 81.309998
120.714194 70.159996
121.389107 90.509995
122.064020 91.859993
122.738933 99.820000
123.413845 67.769989
124.088758 74.729996
124.763671 64.679993
125.438584 32.639999
126.113497 67.089989
126.788410 67.549995
127.463323 35.500000
128.138236 53.959991
128.813149 54.909996
129.488061 91.859993
130.162974 94.679993
130.837887 112.000000
131.512800 178.319992
132.187713 181.139999
132.862626 238.959976
133.537539 247.779968
134.212452 250.599991
134.887365 269.909973
135.562277 265.729950
136.237190 292.049988
136.912103 294.869995
137.587016 289.689972
138.261929 304.509979
138.936842 307.329956
139.611755 249.649994
140.286668 248.459976
140.961581 223.779968
141.636493 226.599991
142.311406 187.919983
142.986319 167.739990
143.661232 170.559998
144.336145 168.879990
145.011058 149.689987
145.685971 152.509995
146.360884 129.829987
147.035797 121.150002
147.710709 122.969994
148.385622 125.789986
149.060535 78.109993
149.735448 59.429993
150.410361 62.239990
151.085274 63.559998
151.760187 60.379997
152.435100 54.699997
153.110013 57.519989
153.784925 82.839989
154.459838 72.659996
155.134751 75.469994
155.809664 92.789993
156.484577 73.609993
157.159490 76.429993
157.834403 50.750000
158.509316 54.569992
159.184229 56.389992
159.859141 59.209991
160.534054 50.019997
161.208967 35.839996
161.883880 38.659996
162.558793 57.979996
163.233706 57.299995
163.908619 36.619995
164.583532 39.439995
165.258445 57.759995
165.933357 72.569992
166.608270 75.389992
167.283183 71.209991
167.958096 64.029999
168.633009 66.849998
169.307922 70.669991
169.982835 38.489998
170.657748 49.299995
171.332661 52.119987
172.007573 83.439995
172.682486 77.759995
173.357399 80.579994
174.032312 71.899994
174.707225 88.719994
175.382138 87.539993
176.057051 90.349998
176.731964 74.669991
177.406877 81.489990
178.081789 84.309998
178.756702 96.129997
179.431615 91.949997
180.106528 94.769997
180.781441 102.579987
181.456354 78.399994
182.131267 84.719994
182.806180 87.539993
183.481093 79.359993
184.156005 108.679985
184.830918 111.500000
185.505831 82.320000
186.180744 80.129997
186.855657 91.949997
187.530570 94.769997
188.205483 67.589989
188.880396 90.909996
189.555309 93.729996
190.230221 85.049995
190.905134 91.859993
191.580047 78.199997
192.254960 78.529999
192.929873 69.859993
193.604786 91.189995
194.279699 91.519997
194.954612 65.849998
195.629525 58.179993
196.304437 61.509995
196.979350 61.839989
197.654263 79.679993
198.329176 75.509995
199.004089 75.839989
199.679002 67.669991
200.353915 43.000000
201.028828 43.329994
201.703741 64.659996
202.378653 48.489998
203.053566 67.819992
203.728479 68.149994
204.403392 61.989990
205.078305 52.819992
205.753218 53.149994
206.428131 52.479996
207.103044 39.809990
207.777957 56.639992
208.452869 56.969994
209.127782 44.299995
209.802695 48.629997
210.477608 48.959999
211.152521 48.799995
211.827434 40.629997
212.502347 35.459991
213.177260 35.789993
213.852173 15.119995
214.527085 19.949997
215.201998 20.279991
215.876911 43.609993
216.551824 54.439995
217.226737 52.769989
217.901650 53.109993
218.576563 44.439995
219.251476 26.769997
219.926389 27.099998
220.601301 40.429993
221.276214 38.259995
221.951127 39.089996
222.626040 39.419991
223.300953 20.250000
223.975866 21.079994
224.650779 21.419998
225.325692 30.250000
226.000605 18.579994
226.675517 36.409996
227.350430 36.739998
228.025343 33.069992
228.700256 31.399994
229.375169 31.729996
230.050082 50.059998
230.724995 27.399994
231.399908 26.729996
232.074821 27.059990
232.749733 32.389999
233.424646 14.219994
234.099559 14.549995
234.774472 22.379997
235.449385 36.709991
236.124298 4.539993
236.799211 4.869995
237.474124 28.709991
238.149036 0.539993
238.823949 0.869995
239.498862 29.699997
240.173775 31.529999
240.848688 11.359993
241.523601 11.689995
242.198514 8.519997
242.873427 25.349998
243.548340 25.679993
244.223252 10.019997
244.898165 6.349998
245.573078 14.679993
246.247991 15.009995
246.922904 31.839996
247.597817 25.169998
248.272730 25.500000
248.947643 19.829994
249.622556 19.159996
250.297468 24.489998
250.972381 24.829994
251.647294 34.659996
252.322207 23.489998
252.997120 23.820000
253.672033 23.149994
254.346946 47.979996
255.021859 6.809998
255.696772 7.139992
256.371684 34.469994
257.046597 48.299995
257.721510 48.639999
258.396423 30.469994
259.071336 12.299995
259.746249 17.629997
260.421162 17.959991
261.096075 20.789993
261.770988 24.619995
262.445900 24.949997
263.120813 48.779999
263.795726 18.109993
264.470639 22.949997
265.145552 23.279999
265.820465 27.109993
266.495378 53.939995
267.170291 54.269989
267.845204 45.099998
268.520116 38.929993
269.195029 26.759995
269.869942 27.089996
270.544855 21.929993
271.219768 43.759995
271.894681 30.589996
272.569594 30.919991
273.244507 57.250000
273.919420 32.579994
274.594332 32.909996
275.269245 28.739998
275.944158 45.569992
276.619071 62.399994
277.293984 62.739990
277.968897 74.069992
278.643810 37.899994
279.318723 38.229996
279.993636 44.559998
280.668548 61.389992
281.343461 43.719994
282.018374 44.049995
282.693287 59.879997
283.368200 73.709991
284.043113 74.049995
284.718026 69.879997
285.392939 77.709991
286.067852 51.039993
286.742764 51.369987
287.417677 64.699997
288.092590 74.029999
288.767503 73.359993
289.442416 73.689995
290.117329 72.519989
290.792242 70.859993
291.467155 71.189995
292.142068 73.019989
292.816980 81.849998
293.491893 96.679993
294.166806 97.009995
294.841719 91.339989
295.516632 85.169998
296.191545 85.500000
296.866458 114.339981
297.541371 89.169998
298.216284 115.500000
298.891196 115.829987
299.566109 103.159996
300.241022 82.489990
300.915935 82.820000
301.590848 120.650002
302.265761 117.479988
302.940674 129.809998
303.615587 130.149994
304.290500 134.479980
304.965412 141.809998
305.640325 130.639984
306.315238 130.969986
306.990151 159.299988
307.665064 161.129990
308.339977 161.459991
309.014890 174.789993
309.689803 199.619995
310.364716 208.459976
311.039628 208.789978
311.714541 204.119995
312.389454 236.449997
313.064367 236.779968
313.739280 221.109970
314.414193 240.939987
315.089106 290.769989
315.764019 291.099976
316.438932 318.929962
317.113844 341.269989
317.788757 375.599976
318.463670 375.929993
319.138583 417.259949
319.813496 469.589966
320.488409 469.919952
321.163322 520.250000
321.838235 567.579956
322.513148 610.909912
323.188060 611.250000
323.862973 699.079956
324.537886 741.909912
325.212799 796.739990
325.887712 797.069946
326.562625 812.899963
327.237538 821.229980
327.912451 821.559937
328.587364 836.889893
329.262276 826.719849
329.937189 852.500000
330.612102 852.799988
331.287015 869.700012
331.961928 952.500000
332.636841 952.799988
333.311754 988.200012
333.986667 1108.000000
334.661580 1193.799927
335.336492 1194.199951
336.011405 1283.500000
336.686318 1300.799927
337.361231 1327.199951
338.036144 1327.500000
338.711057 1354.799927
339.385970 1357.599976
340.060883 1358.000000
340.735796 1330.799927
341.410708 1304.599976
342.085621 1257.500000
342.760534 1257.799927
343.435447 1289.099976
344.110360 1296.000000
344.785273 1356.299927
345.460186 1356.599976
346.135099 1450.000000
346.810012 1534.799927
347.484924 1535.099976
348.159837 1621.899902
348.834750 1715.799927
349.509663 1855.599976
350.184576 1855.900024
350.859489 2022.299927
351.534402 2221.599854
352.209315 2511.399902
352.884228 2511.799805
353.559140 2786.599854
354.234053 3125.399902
354.908966 3125.799805
355.583879 3427.099854
356.258792 3637.399902
356.933705 3800.800049
357.608618 3801.099854
358.283531 3801.399902
358.958444 3837.199951
359.633356 3726.099854
360.308269 3726.399902
360.983182 3418.699951
361.658095 3141.099854
362.333008 3141.399902
363.007921 2784.699951
363.682834 2481.599854
364.357747 2150.899902
365.032660 2151.199951
365.707572 1920.599976
366.382485 1688.400024
367.057398 1533.199951
367.732311 1533.500000
368.407224 1430.899902
369.082137 1330.199951
369.757050 1330.500000
370.431963 1290.399902
371.106875 1281.699951
371.781788 1371.500000
372.456701 1371.899902
373.131614 1379.699951
373.806527 1541.000000
374.481440 1597.399902
375.156353 1597.699951
375.831266 1602.500000
376.506179 1588.399902
377.181091 1532.199951
377.856004 1532.500000
378.530917 1422.299927
379.205830 1301.199951
379.880743 1301.500000
380.555656 1119.799927
381.230569 976.700012
381.905482 818.539978
382.580395 818.869934
383.255307 731.709900
383.930220 629.539978
384.605133 595.869934
385.280046 596.199951
385.954959 494.029968
386.629872 493.359924
387.304785 493.689972
387.979698 485.019958
388.654611 429.350006
389.329523 449.189972
390.004436 449.519958
390.679349 460.850006
391.354262 451.679962
392.029175 464.509949
392.704088 464.839966
393.379001 495.169952
394.053914 517.500000
394.728827 581.329956
395.403739 581.659912
396.078652 627.500000
396.753565 679.829956
397.428478 680.159973
398.103391 702.989990
398.778304 686.819946
399.453217 664.149902
400.128130 664.479980
400.803043 682.809937
401.477955 562.639954
402.152868 552.469910
402.827781 552.809937
403.502694 463.639984
404.177607 412.469940
404.852520 367.299988
405.527433 367.629974
406.202346 312.959961
406.877259 273.789978
407.552171 274.119995
408.227084 250.949997
408.901997 223.279968
409.576910 224.619995
410.251823 224.949997
410.926736 191.779984
411.601649 207.609970
412.276562 188.439987
412.951475 188.769989
413.626387 170.099991
414.301300 179.929977
414.976213 141.759995
415.651126 142.089981
416.326039 164.429977
417.000952 166.759995
417.675865 167.089996
418.350778 153.919983
419.025691 137.250000
419.700603 143.079987
420.375516 143.409988
421.050429 152.739975
421.725342 141.069992
422.400255 160.899994
423.075168 161.239975
423.750081 145.069992
424.424994 132.899994
425.099907 137.229980
425.774819 137.559998
426.449732 143.389984
427.124645 115.219994
427.799558 134.549988
428.474471 134.879990
429.149384 118.709991
429.824297 137.549988
430.499210 137.879990
431.174123 141.209991
431.849035 133.539978
432.523948 137.869995
433.198861 138.199997
433.873774 141.529984
434.548687 136.859985
435.223600 127.689987
435.898513 128.019989
436.573426 116.859993
437.248339 136.689987
437.923251 130.019989
438.598164 130.349991
439.273077 123.179985
439.947990 128.509995
440.622903 136.339981
441.297816 136.669983
441.972729 126.000000
442.647642 118.339981
443.322555 118.669991
443.997467 131.000000
444.672380 130.829987
445.347293 118.159996
446.022206 118.489983
446.697119 113.319992
447.372032 103.650002
448.046945 131.479980
448.721858 131.809998
449.396771 118.650002
450.071683 127.979988
450.746596 110.809998
451.421509 111.139984
452.096422 116.969994
452.771335 103.299995
453.446248 107.629990
454.121161 107.959991
454.796074 121.289986
455.470987 109.619987
456.145899 98.959991
456.820812 99.289993
457.495725 93.619995
458.170638 105.449997
458.845551 105.779991
459.520464 98.109993
460.195377 103.939987
460.870290 99.769997
461.545203 100.099998
462.220115 102.929985
462.895028 116.769989
463.569941 104.099998
464.244854 104.429985
464.919767 116.759995
465.594680 103.089981
466.269593 91.419998
466.944506 91.750000
467.619419 90.579994
468.294331 94.909996
468.969244 97.739990
469.644157 98.079994
470.319070 109.409996
470.993983 73.739990
471.668896 98.570000
472.343809 98.899994
473.018722 93.229996
473.693635 95.559998
474.368547 95.389992
475.043460 95.719994
475.718373 96.049995
476.393286 108.889984
477.068199 109.219994
477.743112 89.549995
478.418025 95.379997
479.092938 94.709991
479.767851 95.039993
480.442763 96.869995
481.117676 103.199997
481.792589 91.529999
482.467502 91.859993
483.142415 99.369995
483.817328 92.879997
484.492241 93.389992
485.167154 94.389992
485.842067 93.399994
486.516979 85.409996
487.191892 78.919991
487.866805 79.919991
488.541718 89.929993
489.216631 85.439995
489.891544 80.449997
490.566457 81.449997
491.241370 85.959991
491.916283 93.469994
492.591195 83.979996
493.266108 84.979996
493.941021 90.489990
494.615934 77.000000
495.290847 88.000000
495.965760 89.009995
496.640673 81.019989
497.315586 102.029999
497.990498 78.529999
498.665411 79.539993
499.340324 102.049995
500.015237 89.059998
500.690150 94.059998
501.365063 95.070000
502.039976 101.079994
502.714889 88.089989
503.389802 89.089989
504.064714 99.099998
504.739627 89.109993
505.414540 94.609993
506.089453 95.619995
506.764366 91.129997
507.439279 100.139992
508.114192 87.639992
508.789105 88.649994
509.464018 118.659996
510.138930 84.169998
510.813843 88.169998
511.488756 89.179993
512.163669 82.689995
512.838582 94.199997
513.513495 90.699997
514.188408 91.709991
514.863321 86.219994
515.538234 98.229996
516.213146 99.229996
516.888059 100.239990
517.562972 90.750000
518.237885 88.750000
518.912798 94.759995
519.587711 95.769997
520.262624 109.779991
520.937537 81.779999
521.612450 115.789986
522.287362 116.799995
522.962275 97.309998
523.637188 99.309998
524.312101 98.820000
524.987014 99.829994
525.661927 99.839996
526.336840 81.339989
527.011753 110.349998
527.686666 111.359993
528.361578 91.859993
529.036491 100.250000
529.711404 99.639992
530.386317 99.529999
531.061230 106.419991
531.736143 104.809998
532.411056 101.189995
533.085969 101.079994
533.760882 106.969994
534.435794 111.359993
535.110707 93.250000
535.785620 93.139992
536.460533 100.019997
537.135446 98.909996
537.810359 114.299995
538.485272 114.189987
539.160185 101.579994
539.835098 91.459991
540.510010 101.849998
541.184923 101.739990
541.859836 104.129990
542.534749 98.019997
543.209662 94.909996
543.884575 94.789993
544.559488 94.179993
545.234401 84.570000
545.909314 100.459991
546.584226 100.349998
547.259139 75.239990
547.934052 92.619995
548.608965 101.009995
549.283878 100.899994
549.958791 76.289993
550.633704 112.679985
551.308617 95.059998
551.983530 94.949997
552.658442 92.839996
553.333355 75.229996
554.008268 91.619995
554.683181 91.509995
555.358094 98.889992
556.033007 88.279999
556.707920 101.669998
557.382833 101.559998
558.057746 80.449997
558.732658 90.839989
559.407571 79.219994
560.082484 79.109993
560.757397 78.000000
561.432310 105.389984
562.107223 72.279999
562.782136 72.159996
563.457049 80.549995
564.131962 77.939995
564.806874 75.329994
565.481787 75.219994
566.156700 89.609993
566.831613 69.489990
567.506526 74.879997
568.181439 74.769989
568.856352 80.159996
569.531265 88.549995
570.206178 76.939995
570.881090 76.819992
571.556003 87.209991
572.230916 70.599998
572.905829 71.989990
573.580742 71.879997
574.255655 78.259995
574.930568 74.149994
575.605481 72.539993
576.280394 72.429993
576.955306 86.320000
577.630219 80.709991
578.305132 85.089989
578.980045 84.979996
579.654958 81.869987
580.329871 72.759995
581.004784 76.649994
581.679697 76.539993
582.354610 77.419991
583.029522 68.309998
583.704435 77.199997
584.379348 80.589989
585.054261 80.479996
585.729174 75.859993
586.404087 89.750000
587.079000 65.139992
587.753913 65.029999
588.428826 70.419991
589.103738 72.809998
589.778651 65.189995
590.453564 65.079994
591.128477 71.469994
591.803390 71.359993
592.478303 78.750000
593.153216 78.639992
593.828129 85.519997
594.503042 79.909996
595.177954 67.299995
595.852867 67.189995
596.527780 78.079994
597.202693 64.459991
597.877606 83.849998
598.552519 83.739990
599.227432 64.129997
599.902345 77.519989
600.577258 64.909996
601.252170 64.789993
601.927083 69.679993
602.601996 71.069992
603.276909 71.459991
603.951822 71.349998
604.626735 78.239990
605.301648 69.619987
605.976561 67.009995
606.651474 66.899994
607.326386 68.789993
608.001299 21.679993
608.676212 83.559998
609.351125 75.449997
610.026038 75.339989
610.700951 81.229996
611.375864 82.119995
612.050777 78.509995
612.725690 78.389992
613.400602 60.779999
614.075515 66.169991
614.750428 73.059998
615.425341 72.949997
616.100254 73.339989
616.775167 70.219994
617.450080 81.609993
618.124993 81.500000
618.799906 61.889992
619.474818 80.279999
620.149731 74.659996
620.824644 74.549995
621.499557 67.439995
622.174470 79.329994
622.849383 58.219994
623.524296 58.109993
624.199209 84.989990
624.874122 75.379997
625.549034 66.269989
626.223947 66.159996
626.898860 86.549995
627.573773 62.939995
628.248686 73.319992
628.923599 69.709991
629.598512 69.599998
630.273425 81.489990
630.948337 73.879997
631.623250 100.269997
632.298163 100.149994
632.973076 76.039993
633.647989 72.929993
634.322902 82.320000
634.997815 82.209991
635.672728 89.089989
636.347641 98.979996
637.022553 87.369995
637.697466 87.259995
638.372379 65.149994
639.047292 98.039993
639.722205 65.419991
640.397118 65.309998
641.072031 76.699997
641.746944 86.589989
642.421857 79.479996
643.096769 91.859993
643.771682 91.899994
644.446595 88.929993
645.121508 79.959991
645.796421 112.489983
646.471334 112.529991
647.146247 85.059998
647.821160 103.089981
648.496073 103.619987
649.170985 103.650002
649.845898 98.189995
650.520811 94.219994
651.195724 103.750000
651.870637 103.779991
652.545550 85.320000
653.220463 87.349998
653.895376 97.879997
654.570289 80.409996
655.245201 80.439995
655.920114 100.979996
656.595027 112.509995
657.269940 104.039986
657.944853 104.069992
658.619766 94.609993
659.294679 111.139984
659.969592 101.169998
660.644505 101.199997
661.319417 85.229996
661.994330 91.769997
662.669243 91.799995
663.344156 91.829994
664.019069 87.859993
664.693982 114.900002
665.368895 111.929985
666.043808 98.459991
666.718721 98.489990
667.393633 96.519997
668.068546 106.059998
668.743459 116.089981
669.418372 116.119987
670.093285 125.150002
670.768198 101.679993
671.443111 100.719994
672.118024 100.750000
672.792937 98.779999
673.467849 95.809998
674.142762 119.849998
674.817675 119.879990
675.492588 125.909996
676.167501 108.439987
676.842414 99.469994
677.517327 111.509995
678.192240 111.539986
678.867153 119.569992
679.542065 114.599998
680.216978 113.139984
680.891891 113.169991
681.566804 104.199997
682.241717 114.729988
682.916630 138.259995
683.591543 138.299988
684.266456 123.329987
684.941369 114.859993
685.616281 130.889984
686.291194 136.929977
686.966107 136.959991
687.641020 135.989975
688.315933 140.519989
688.990846 153.549988
689.665759 153.589981
690.340672 137.119995
691.015585 121.150002
691.690497 138.179977
692.365410 138.209991
693.040323 136.250000
693.715236 145.779984
694.390149 149.809998
695.065062 147.339981
695.739975 147.379990
696.414888 145.909988
697.089801 154.439987
697.764713 159.969986
698.439626 160.000000
699.114539 142.039978
699.789452 148.569992
700.464365 152.099991
701.139278 152.129990
701.814191 151.169983
702.489104 164.699997
703.164017 155.729980
703.838929 157.259995
704.513842 157.289978
705.188755 164.829987
705.863668 167.859985
706.538581 168.889999
707.213494 168.919983
707.888407 171.459991
708.563320 175.489990
709.238233 183.019989
709.913145 183.049988
710.588058 189.579987
711.262971 191.119995
711.937884 164.149994
712.612797 173.679977
713.287710 173.709991
713.962623 172.239990
714.637536 181.279984
715.312449 190.809998
715.987361 190.839996
716.662274 181.869995
717.337187 200.409988
718.012100 187.439987
718.687013 187.469986
719.361926 177.500000
720.036839 188.029984
720.711752 194.069992
721.386665 198.099991
722.061577 198.129990
722.736490 192.659988
723.411403 191.199997
724.086316 201.729980
724.761229 201.759995
725.436142 203.289993
726.111055 196.319992
726.785968 200.359985
727.460881 195.889999
728.135793 195.919983
728.810706 218.449997
729.485619 203.479980
730.160532 211.019989
730.835445 211.050003
731.510358 211.579971
732.185271 220.609970
732.860184 235.649994
733.535097 222.679962
734.210009 222.709976
734.884922 231.239975
735.559835 247.769989
736.234748 227.809982
736.909661 227.839981
737.584574 251.369995
738.259487 236.899994
738.934400 220.939987
739.609313 220.969986
740.284225 251.500000
740.959138 250.029968
741.634051 247.059982
742.308964 262.099976
742.983877 262.129974
743.658790 245.659973
744.333703 271.689972
745.008616 266.229950
745.683529 266.259979
746.358441 251.289978
747.033354 295.819977
747.708267 276.349976
748.383180 292.389984
749.058093 292.419983
749.733006 279.449982
750.407919 295.479950
751.082832 279.509979
751.757745 279.549988
752.432657 308.079956
753.107570 312.109955
753.782483 314.139984
754.457396 313.679962
755.132309 313.709961
755.807222 304.739990
756.482135 320.769989
757.157048 324.299988
757.831960 324.339966
758.506873 329.869995
759.181786 355.899994
759.856699 356.429993
760.531612 353.969971
761.206525 354.000000
761.881438 383.529999
762.556351 358.059967
763.231264 395.589966
763.906176 395.629974
764.581089 388.159973
765.256002 387.689972
765.930915 424.219940
766.605828 419.259949
767.280741 419.289978
767.955654 441.819946
768.630567 456.350006
769.305480 453.879974
769.980392 453.919952
770.655305 458.449982
771.330218 456.479950
772.005131 491.009949
772.680044 505.549988
773.354957 505.579956
774.029870 511.609924
774.704783 515.139954
775.379696 541.669922
776.054608 541.709900
776.729521 532.239990
777.404434 561.269958
778.079347 576.299988
778.754260 602.829956
779.429173 602.869934
780.104086 620.399963
780.778999 621.929932
781.453912 633.459900
782.128824 644.500000
782.803737 644.529968
783.478650 671.559998
784.153563 745.589966
784.828476 735.119934
785.503389 735.159973
786.178302 746.689941
786.853215 805.719971
787.528128 803.249939
788.203040 834.289917
788.877953 834.319885
789.552866 872.799988
790.227779 870.299988
790.902692 933.399963
791.577605 933.399963
792.252518 940.399963
792.927431 979.000000
793.602344 1039.000000
794.277256 1051.000000
794.952169 1051.099976
795.627082 1097.599976
796.301995 1151.599976
796.976908 1185.699951
797.651821 1185.699951
798.326734 1192.699951
799.001647 1251.299927
799.676560 1275.299927
800.351472 1297.799927
801.026385 1297.899902
801.701298 1365.399902
802.376211 1426.399902
803.051124 1466.399902
803.726037 1513.000000
804.400950 1513.000000
805.075863 1573.000000
805.750776 1627.599976
806.425688 1725.099976
807.100601 1725.099976
807.775514 1774.199951
808.450427 1852.199951
809.125340 1965.199951
809.800253 2001.299927
810.475166 2001.299927
811.150079 2124.299805
811.824992 2173.399902
812.499904 2249.399902
813.174817 2322.899902
813.849730 2323.000000
814.524643 2488.000000
815.199556 2589.000000
815.874469 2735.099854
816.549382 2735.099854
817.224295 2901.099854
817.899208 3018.199951
818.574120 3175.699951
819.249033 3352.699951
819.923946 3352.800049
820.598859 3587.800049
821.273772 3776.800049
821.948685 3898.399902
822.623598 4259.899902
823.298511 4259.899902
823.973424 4411.500000
824.648336 4754.500000
825.323249 4966.000000
825.998162 4966.000000
826.673075 5181.099609
827.347988 5539.099609
828.022901 5811.099609
828.697814 6263.699707
829.372727 6263.699707
830.047640 6672.699707
830.722552 6921.799805
831.397465 7266.299805
832.072378 7721.299805
832.747291 7721.399902
833.422204 8170.899902
834.097117 8524.899414
834.772030 9012.000000
835.446943 9012.000000
836.121856 9310.499023
836.796768 9590.099609
837.471681 9831.599609
838.146594 10041.000000
838.821507 10041.000000
839.496420 9933.000000
840.171333 9896.000000
840.846246 9603.299805
841.521159 9395.299805
842.196072 9395.299805
842.870984 8871.399414
843.545897 8568.899414
844.220810 8010.399902
844.895723 7608.000000
845.570636 7608.000000
846.245549 7198.499512
846.920462 6667.000000
847.595375 6344.099609
848.270288 6344.099609
848.945200 5918.599609
849.620113 5663.699707
850.295026 5327.199707
850.969939 4996.699707
851.644852 4996.799805
852.319765 4784.799805
852.994678 4444.799805
853.669591 4303.399902
854.344504 4057.399902
855.019416 4057.399902
855.694329 3868.500000
856.369242 3625.000000
857.044155 3478.000000
857.719068 3279.099854
858.393981 3279.099854
859.068894 3075.099854
859.743807 2946.199951
860.418720 2766.199951
861.093632 2766.199951
861.768545 2623.799805
862.443458 2477.299805
863.118371 2311.299805
863.793284 2170.299805
864.468197 2170.399902
865.143110 2095.399902
865.818023 2021.400024
866.492936 1928.000000
867.167848 1772.500000
867.842761 1772.500000
868.517674 1728.599976
869.192587 1651.599976
869.867500 1581.599976
870.542413 1561.199951
871.217326 1561.199951
871.892239 1475.199951
872.567152 1404.799927
873.242064 1356.299927
873.916977 1290.299927
874.591890 1290.399902
875.266803 1252.399902
875.941716 1186.899902
876.616629 1195.500000
877.291542 1160.500000
877.966455 1160.500000
878.641368 1094.599976
879.316280 1078.599976
879.991193 1028.099976
880.666106 1028.199951
881.341019 1046.699951
882.015932 982.700012
882.690845 950.700012
883.365758 942.299988
884.040671 942.299988
884.715584 898.299988
885.390496 903.899963
886.065409 836.949829
886.740322 826.979980
887.415235 827.019897
888.090148 773.549927
888.765061 793.079956
889.439974 768.109924
890.114887 719.149902
890.789799 719.179932
891.464712 711.709900
892.139625 676.239990
892.814538 696.269958
893.489451 673.809937
894.164364 673.839966
894.839277 618.369934
895.514190 608.399963
896.189103 621.439941
896.864015 606.469910
897.538928 606.500000
898.213841 574.029968
898.888754 575.559937
899.563667 560.099976
900.238580 536.629944
900.913493 536.659912
901.588406 516.689941
902.263319 501.719940
902.938231 496.259949
903.613144 483.289978
904.288057 483.319946
904.962970 491.850006
905.637883 470.889984
906.312796 455.419952
906.987709 433.949982
907.662622 433.979950
908.337535 447.009949
909.012447 424.549988
909.687360 424.079956
910.362273 399.109985
911.037186 399.139984
911.712099 427.679962
912.387012 415.209930
913.061925 385.239990
913.736838 373.269989
914.411751 373.299988
915.086663 397.339966
915.761576 391.369995
916.436489 389.899994
917.111402 368.929993
917.786315 368.969971
918.461228 364.500000
919.136141 350.529999
919.811054 343.559967
920.485967 354.589966
921.160879 354.629974
921.835792 326.659973
922.510705 328.689972
923.185618 327.719971
923.860531 365.750000
924.535444 365.789978
925.210357 347.819977
925.885270 299.849976
926.560183 317.379974
927.235095 305.919983
927.910008 305.949982
928.584921 299.979950
929.259834 282.009979
929.934747 278.539978
930.609660 280.079956
931.284573 280.109955
931.959486 297.639984
932.634399 287.669983
933.309311 260.209961
933.984224 265.739990
934.659137 265.769989
935.334050 252.300003
936.008963 269.329956
936.683876 239.869995
937.358789 256.399994
938.033702 256.429962
938.708615 258.459961
939.383527 236.989975
940.058440 223.529968
940.733353 225.559982
941.408266 225.589981
942.083179 235.619995
942.758092 240.159973
943.433005 241.189987
944.107918 228.719986
944.782831 228.750000
945.457743 194.279984
946.132656 211.319992
946.807569 220.849991
947.482482 204.379990
948.157395 204.409988
948.832308 195.449997
949.507221 197.979980
950.182134 201.509995
950.857047 221.539978
951.531959 221.569992
952.206872 186.109985
952.881785 199.639999
953.556698 190.169983
954.231611 176.699997
954.906524 176.739990
955.581437 197.269989
956.256350 211.800003
956.931263 173.329987
957.606175 174.859985
958.281088 174.899994
958.956001 203.929993
959.630914 192.959991
960.305827 196.489990
960.980740 161.019989
961.655653 174.059998
962.330566 174.089996
963.005479 167.119995
963.680391 170.149994
964.355304 146.689987
965.030217 176.719986
965.705130 176.750000
966.380043 163.279984
967.054956 172.309998
967.729869 162.849991
968.404782 161.379990
969.079695 161.409988
969.754607 158.439987
970.429520 167.479980
971.104433 158.509995
971.779346 151.039978
972.454259 151.069992
973.129172 158.099991
973.804085 167.639999
974.478998 159.669983
975.153911 158.699997
975.828823 158.729980
976.503736 146.769989
977.178649 150.299988
977.853562 146.329987
978.528475 136.859985
979.203388 144.889984
979.878301 144.929977
980.553214 134.959991
981.228127 146.989975
981.903039 129.019989
982.577952 131.049988
983.252865 131.089981
983.927778 155.119995
984.602691 127.650002
985.277604 146.679977
985.952517 130.219986
986.627430 130.250000
987.302343 135.279984
987.977255 114.809998
988.652168 121.339981
989.327081 122.879990
990.001994 122.909996
990.676907 120.439987
991.351820 127.969994
992.026733 117.009995
992.701646 123.539986
993.376559 125.569992
994.051471 125.599998
994.726384 137.129990
995.401297 129.169983
996.076210 133.699997
996.751123 121.729988
997.426036 121.759995
998.100949 128.289978
998.775862 102.829987
999.450775 133.359985
1000.125687 103.389984
1000.800600 103.419991
1001.475513 110.959991
1002.150426 116.989983
1002.825339 104.019989
1003.500252 129.549988
1004.175165 129.579987
1004.850078 111.119987
1005.524991 97.539993
1006.199903 106.599998
1006.874816 116.479988
1007.549729 113.189987
1008.224642 113.219994
1008.899555 95.239990
1009.574468 90.479996
1010.249381 101.429993
1010.924294 91.859993
1011.599207 92.079994
1012.274119 97.739990
1012.949032 102.699997
1013.623945 122.989983
1014.298858 90.469994
1014.973771 98.949997
1015.648684 99.169998
1016.323597 95.179993
1016.998510 97.339996
1017.673422 102.179993
1018.348335 96.959991
1019.023248 97.179993
1019.698161 105.219994
1020.373074 97.909996
1021.047987 88.109993
1021.722900 92.039993
1022.397813 92.259995
1023.072726 119.239983
1023.747638 96.689995
1024.422551 101.789993
1025.097464 102.529991
1025.772377 100.029999
1026.447290 100.239990
1027.122203 113.279991
1027.797116 91.969994
1028.472029 97.829994
1029.146942 99.049995
1029.821854 99.269997
1030.496767 103.699997
1031.171680 106.159996
1031.846593 114.819992
1032.521506 111.299995
1033.196419 105.939987
1033.871332 106.150002
1034.546245 103.579987
1035.221158 115.400002
1035.896070 107.339981
1036.570983 99.849998
1037.245896 100.070000
1037.920809 111.949997
1038.595722 108.879990
1039.270635 113.409996
1039.945548 118.079987
1040.620461 113.869987
1041.295374 114.089981
1041.970286 96.389992
1042.645199 100.339996
1043.320112 108.829987
1043.995025 104.989983
1044.669938 105.209991
1045.344851 109.839981
1046.019764 107.289986
1046.694677 92.889992
1047.369590 115.299995
1048.044502 111.979988
1048.719415 112.199997
1049.394328 97.389992
1050.069241 102.039993
1050.744154 113.419991
1051.419067 114.669991
1052.093980 114.879990
1052.768893 101.349998
1053.443806 110.669991
1054.118718 104.519989
1054.793631 106.029991
1055.468544 100.119995
1056.143457 100.329994
1056.818370 109.359993
1057.493283 105.009995
1058.168196 103.279991
1058.843109 104.479988
1059.518022 104.699997
1060.192934 93.570000
1060.867847 100.629997
1061.542760 93.219994
1062.217673 96.039993
1062.892586 88.119995
1063.567499 88.339989
1064.242412 91.859993
1064.917325 87.729996
1065.592238 82.679993
1066.267150 89.649994
1066.942063 89.759995
1067.616976 100.719994
1068.291889 111.829987
1068.966802 106.079987
1069.641715 107.429985
1070.316628 100.820000
1070.991541 100.929993
1071.666454 109.689987
1072.341366 96.349998
1073.016279 105.929985
1073.691192 105.699997
1074.366105 100.579994
1075.041018 100.679993
1075.715931 110.400002
1076.390844 111.349998
1077.065757 98.229996
1077.740670 95.219994
1078.415582 95.329994
1079.090495 98.229996
1079.765408 110.819992
1080.440321 106.099998
1081.115234 113.599998
1081.790147 131.879990
1082.465060 131.979980
1083.139973 114.569992
1083.814886 122.299995
1084.489798 127.169991
1085.164711 121.589981
1085.839624 110.209991
1086.514537 110.319992
1087.189450 106.669991
1087.864363 104.119987
1088.539276 113.439987
1089.214189 118.579987
1089.889102 118.689987
1090.564014 107.979988
1091.238927 89.879997
1091.913840 110.989983
1092.588753 104.099998
1093.263666 110.709991
1093.938579 111.819992
1094.613492 111.929985
1095.288405 120.039986
1095.963318 104.639984
1096.638230 90.750000
1097.313143 113.359993
1097.988056 111.969994
1098.662969 112.079987
1099.337882 106.189987
1100.012795 96.299995
1100.687708 99.909996
1101.362621 117.019989
1102.037534 117.129990
1102.712446 108.229988
1103.387359 98.839996
1104.062272 100.949997
1104.737185 99.559998
1105.412098 98.169998
1106.087011 98.279999
1106.761924 100.389992
1107.436837 85.500000
1108.111750 108.109993
1108.786662 92.219994
1109.461575 92.320000
1110.136488 106.429985
1110.811401 109.539986
1111.486314 94.149994
1112.161227 97.259995
1112.836140 97.369995
1113.511053 100.479996
1114.185966 85.089989
1114.860878 99.199997
1115.535791 90.309998
1116.210704 87.419998
1116.885617 87.519997
1117.560530 78.129997
1118.235443 92.239990
1118.910356 87.349998
1119.585269 99.959991
1120.260182 100.070000
1120.935094 102.679985
1121.610007 95.289993
1122.284920 102.400002
1122.959833 96.009995
1123.634746 111.119987
1124.309659 111.219994
1124.984572 98.829994
1125.659485 87.439995
1126.334398 92.549995
1127.009310 101.159996
1127.684223 101.269997
1128.359136 96.379997
1129.034049 79.489990
1129.708962 97.099998
1130.383875 84.709991
1131.058788 86.309998
1131.733701 86.419998
1132.408614 88.529999
1133.083526 93.639992
1133.758439 79.750000
1134.433352 109.359993
1135.108265 98.969994
1135.783178 99.079994
1136.458091 89.189995
1137.133004 93.299995
1137.807917 97.399994
1138.482830 90.509995
1139.157742 90.619995
1139.832655 110.729988
1140.507568 105.839981
1141.182481 83.449997
1141.857394 102.059998
1142.532307 80.169991
1143.207220 80.279999
1143.882133 92.889992
1144.557046 75.500000
1145.231958 92.599998
1145.906871 87.709991
1146.581784 87.820000
1147.256697 98.929993
1147.931610 102.039993
1148.606523 84.649994
1149.281436 96.259995
1149.956349 99.369995
1150.631261 99.479996
1151.306174 99.589996
1151.981087 101.689995
1152.656000 100.799995
1153.330913 94.409996
1154.005826 97.519997
1154.680739 97.629997
1155.355652 96.739990
1156.030565 102.849998
1156.705477 86.459991
1157.380390 99.070000
1158.055303 99.179993
1158.730216 97.789993
1159.405129 86.889992
1160.080042 85.000000
1160.754955 105.109993
1161.429868 103.719994
1162.104781 103.829987
1162.779693 86.939995
1163.454606 102.549995
1164.129519 99.659996
1164.804432 98.769997
1165.479345 106.379990
1166.154258 106.479988
1166.829171 112.089981
1167.504084 102.699997
1168.178997 87.809998
1168.853909 108.419991
1169.528822 108.529991
1170.203735 95.639992
1170.878648 92.750000
1171.553561 104.859993
1172.228474 98.969994
1172.903387 102.079994
1173.578300 102.179993
1174.253213 108.289986
1174.928125 103.900002
1175.603038 94.009995
1176.277951 100.119995
1176.952864 100.229996
1177.627777 100.339996
1178.302690 101.449997
1178.977603 106.559998
1179.652516 109.169991
1180.327429 96.269997
1181.002341 96.379997
1181.677254 90.489990
1182.352167 104.599998
1183.027080 111.709991
1183.701993 102.320000
1184.376906 98.429993
1185.051819 98.539993
1185.726732 116.650002
1186.401645 118.259995
1187.076557 91.859993
1187.751470 104.939987
1188.426383 109.519989
1189.101296 109.599998
1189.776209 116.679985
1190.451122 111.259995
1191.126035 104.839981
1191.800948 105.419991
1192.475861 123.500000
1193.150773 123.579987
1193.825686 105.150002
1194.500599 109.729988
1195.175512 110.309998
1195.850425 113.389984
1196.525338 114.969994
1197.200251 115.049995
1197.875164 98.129997
1198.550077 93.709991
1199.224989 115.289986
1199.899902 117.869987
