100.250000 -181.550201
101.638812 -101.342285
103.027623 30.415680
104.416435 192.843628
105.805246 465.071564
107.194058 861.299500
108.582869 1438.127441
109.971681 2075.555420
111.360492 2680.983154
112.749304 3103.711182
114.138115 3287.139160
115.526927 3135.166992
116.915738 2773.595215
118.304550 2366.422852
119.693362 2093.450928
121.082173 1909.278687
122.470985 1788.206909
123.859796 1656.034668
125.248608 1565.362671
126.637419 1504.890747
128.026231 1519.118652
129.415042 1586.846558
130.803854 1833.274414
132.192665 2283.202393
133.581477 2899.030273
134.970288 3480.258301
136.359100 3911.286133
137.747912 3982.813721
139.136723 3614.141846
140.525535 2867.470215
141.914346 2072.997803
143.303158 1423.825928
144.691969 1005.953857
146.080781 718.581848
147.469592 534.809814
148.858404 382.037720
150.247215 291.265686
151.636027 224.653595
153.024838 214.771545
154.413650 195.909393
155.802462 169.727417
157.191273 98.805367
158.580085 74.383316
159.968896 79.851242
161.357708 135.939163
162.746519 199.057129
164.135331 295.714996
165.524142 329.132996
166.912954 294.060883
168.301765 184.858841
169.690577 84.386795
171.079388 -29.715240
172.468200 -92.477310
173.857012 -122.769348
175.245823 -59.421425
176.634635 33.291557
178.023446 149.334549
179.412258 230.707520
180.801069 340.940460
182.189881 460.233459
183.578692 608.966431
184.967504 718.999390
186.356315 810.632446
187.745127 842.665405
189.133938 879.898315
190.522750 928.431335
191.911562 1050.364380
193.300373 1197.797363
194.689185 1383.930298
196.077996 1531.363281
197.466808 1633.196167
198.855619 1624.129150
200.244431 1548.962280
201.633242 1388.395264
203.022054 1186.928101
204.410865 919.661133
205.799677 684.694153
207.188488 509.027100
208.577300 431.730072
209.966112 373.793091
211.354923 352.916016
212.743735 321.239044
214.132546 309.432007
215.521358 289.914978
216.910169 296.997955
218.298981 263.780945
219.687792 243.523956
221.076604 240.426865
222.465415 293.109863
223.854227 338.152863
225.243038 419.165833
226.631850 514.488831
228.020662 649.321899
229.409473 749.754822
230.798285 818.187805
232.187096 795.120728
233.575908 730.353760
234.964719 618.186707
236.353531 515.919678
237.742342 387.412659
239.131154 285.715637
240.519965 197.738617
241.908777 167.651642
243.297588 153.454590
244.686400 192.777573
246.075212 223.690582
247.464023 245.133575
248.852835 212.246536
250.241646 180.349518
251.630458 121.922508
253.019269 93.605484
254.408081 75.878456
255.796892 89.971436
257.185704 73.644432
258.574515 75.427414
259.963327 74.620399
261.352138 98.603363
262.740950 95.816360
264.129762 111.809334
265.518573 115.372314
266.907385 130.825317
268.296196 112.148270
269.685008 114.261261
271.073819 114.294243
272.462631 137.137192
273.851442 120.520180
275.240254 95.213158
276.629065 44.716141
278.017877 32.459145
279.406688 20.112122
280.795500 30.835075
282.184312 23.968063
283.573123 32.401039
284.961935 10.014038
286.350746 6.187004
287.739558 0.000000
289.128369 21.262970
290.517181 19.595963
291.905992 33.848915
293.294804 32.901886
294.683615 54.844902
296.072427 55.297867
297.461238 61.440865
298.850050 35.243835
300.238862 27.886833
301.627673 17.159798
303.016485 41.892792
304.405296 52.005760
305.794108 67.268753
307.182919 39.901741
308.571731 14.994705
309.960542 -17.872299
311.349354 -4.349304
312.738165 2.403656
314.126977 17.946609
315.515788 9.869606
316.904600 19.822571
318.293412 -8.084412
319.682223 -39.081429
321.071035 -68.708450
322.459846 -27.745476
323.848658 19.547508
325.237469 62.790451
326.626281 64.693420
328.015092 94.356407
329.403904 116.179428
330.792715 137.872375
332.181527 116.765373
333.570338 111.378372
334.959150 99.301338
336.347962 121.654297
337.736773 139.597321
339.125585 168.790298
340.514396 159.853241
341.903208 181.726257
343.292019 249.769180
344.680831 401.672180
346.069642 543.125122
347.458454 712.158203
348.847265 993.791077
350.236077 1455.824097
351.624888 1827.856934
353.013700 1929.590088
354.402512 1860.922852
355.791323 1932.855957
357.180135 2140.088867
358.568946 2367.021729
359.957758 2487.654785
361.346569 2524.687988
362.735381 2433.220947
364.124192 2260.253906
365.513004 2012.386963
366.901815 1779.519897
368.290627 1583.052856
369.679438 1515.085815
371.068250 1568.318726
372.457061 1759.151855
373.845873 1999.784790
375.234685 2270.217529
376.623496 2464.250732
378.012308 2529.883789
379.401119 2383.616699
380.789931 2093.049561
382.178742 1696.482666
383.567554 1303.915649
384.956365 945.048584
386.345177 699.581665
387.733988 530.814575
389.122800 432.407501
390.511611 323.160522
391.900423 230.453522
393.289235 143.586517
394.678046 118.279495
396.066858 118.882484
397.455669 173.585449
398.844481 231.488403
400.233292 294.371399
401.622104 311.084381
403.010915 343.037354
404.399727 370.790344
405.788538 412.813263
407.177350 436.316284
408.566161 503.569305
409.954973 573.942322
411.343785 654.175293
412.732596 718.008301
414.121408 845.741211
415.510219 1026.974121
416.899031 1283.607178
418.287842 1578.140137
419.676654 1998.973022
421.065465 2584.305908
422.454277 3420.638916
423.843088 4519.771973
425.231900 5925.205078
426.620711 7474.737793
428.009523 8950.470703
429.398335 10036.904297
430.787146 10506.437500
432.175958 10153.969727
433.564769 9097.102539
434.953581 7622.636230
436.342392 6125.068848
437.731204 4807.701660
439.120015 3802.834961
440.508827 3058.767822
441.897638 2536.200928
443.286450 2141.233887
444.675261 1873.066650
446.064073 1658.099731
447.452885 1498.932739
448.841696 1362.465698
450.230508 1299.398682
451.619319 1276.131714
453.008131 1320.964722
454.396942 1393.197632
455.785754 1502.530640
457.174565 1584.263550
458.563377 1667.496582
459.952188 1713.629639
461.341000 1737.362549
462.729811 1720.695557
464.118623 1745.028442
465.507435 1772.361450
466.896246 1787.694580
468.285058 1753.827515
469.673869 1756.460449
471.062681 1797.893433
472.451492 1903.826294
473.840304 1995.959473
475.229115 2045.392334
476.617927 1986.325195
478.006738 1880.058350
479.395550 1730.391235
480.784361 1565.324219
482.173173 1337.457275
483.561985 1119.090210
484.950796 934.323242
486.339608 813.256226
487.728419 676.489258
489.117231 552.322205
490.506042 430.875122
491.894854 340.038147
493.283665 238.591125
494.672477 179.914078
496.061288 134.527069
497.450100 117.100029
498.838911 92.343033
500.227723 92.146004
501.616535 68.398987
503.005346 48.851997
504.394158 13.214966
505.782969 4.287956
507.171781 -16.679062
508.560592 -22.336082
509.949404 -29.143112
511.338215 16.979874
512.727027 58.962837
514.115838 75.565842
515.504650 31.948822
516.893461 10.641792
518.282273 5.434769
519.671085 34.487747
521.059896 63.960716
522.448708 114.723679
523.837519 109.806679
525.226331 70.969666
526.615142 0.122658
528.003954 -11.934349
529.392765 5.568611
530.781577 53.341583
532.170388 73.054565
533.559200 82.757545
534.948011 58.860550
536.336823 54.783508
537.725635 52.096504
539.114446 67.729477
540.503258 43.212456
541.892069 16.175446
543.280881 -4.981567
544.669692 29.441406
546.058504 58.304367
547.447315 91.387337
548.836127 103.780334
550.224938 122.383293
551.613750 106.276306
553.002561 112.469276
554.391373 129.702240
555.780185 169.455261
557.168996 191.378204
558.557808 257.451202
559.946619 348.454163
561.335431 468.357117
562.724242 565.790039
564.113054 690.203125
565.501865 842.536072
566.890677 1066.669067
568.279488 1308.501953
569.668300 1550.835083
571.057111 1706.067993
572.445923 1761.500977
573.834735 1673.633911
575.223546 1506.066895
576.612358 1282.599976
578.001169 1077.932983
579.389981 886.965942
580.778792 753.198914
582.167604 632.131836
583.556415 535.574829
584.945227 449.667786
586.334038 436.480804
587.722850 452.473755
589.111661 491.756714
590.500473 517.229797
591.889285 575.732666
593.278096 629.295715
594.666908 674.928711
596.055719 663.661682
597.444531 652.194641
598.833342 635.627625
600.222154 621.960632
601.610965 552.763550
602.999777 484.186523
604.388588 427.399536
605.777400 406.332550
607.166211 353.515533
608.555023 295.498474
609.943835 237.091492
611.332646 226.784454
612.721458 212.807449
614.110269 207.920410
615.499081 186.453400
616.887892 177.936371
618.276704 148.029358
619.665515 141.762329
621.054327 146.785309
622.443138 181.688293
623.831950 178.161285
625.220761 148.014252
626.609573 95.707260
627.998385 95.280220
629.387196 119.333191
630.776008 178.376190
632.164819 220.629166
633.553631 244.882141
634.942442 213.875122
636.331254 186.898087
637.720065 152.271088
639.108877 136.754089
640.497688 116.237061
641.886500 123.840034
643.275311 126.643005
644.664123 157.795990
646.052935 181.138962
647.441746 206.721954
648.830558 203.864960
650.219369 212.257889
651.608181 203.360870
652.996992 202.973877
654.385804 181.256866
655.774615 177.509811
657.163427 181.632813
658.552238 226.015808
659.941050 254.948776
661.329861 265.441772
662.718673 219.844757
664.107485 171.827713
665.496296 133.540680
666.885108 138.673676
668.273919 120.556648
669.662731 95.149658
671.051542 68.942635
672.440354 91.865616
673.829165 112.148590
675.217977 128.631561
676.606788 98.644562
677.995600 61.447533
679.384411 22.230515
680.773223 25.573502
682.162035 24.356483
683.550846 31.929451
684.939658 26.912437
686.328469 39.605423
687.717281 35.518387
689.106092 50.831383
690.494904 74.234360
691.883715 128.037354
693.272527 150.370331
694.661338 148.393311
696.050150 117.096268
697.438961 117.379250
698.827773 131.582230
700.216585 188.355225
701.605396 241.188187
702.994208 260.781158
704.383019 185.594147
705.771831 97.477150
707.160642 42.330124
708.549454 53.723106
709.938265 67.376099
711.327077 83.269066
712.715888 71.352043
714.104700 74.525024
715.493511 80.178001
716.882323 115.150986
718.271135 142.743958
719.659946 171.746964
721.048758 166.579941
722.437569 189.992889
723.826381 227.155884
725.215192 257.828857
726.604004 241.461853
727.992815 245.604797
729.381627 254.937805
730.770438 274.770752
732.159250 270.803741
733.548061 279.806763
734.936873 276.749725
736.325685 283.432739
737.714496 274.855682
739.103308 280.508698
740.492119 277.291687
741.880931 301.884613
743.269742 332.847626
744.658554 375.300537
746.047365 378.143524
747.436177 388.396545
748.824988 422.489563
750.213800 499.692444
751.602611 548.465454
752.991423 584.958435
754.380235 607.441406
755.769046 648.654480
757.157858 679.887390
758.546669 746.520386
759.935481 834.253418
761.324292 939.886353
762.713104 993.419312
764.101915 1000.052307
765.490727 949.285278
766.879538 907.818237
768.268350 873.251282
769.657161 853.884216
771.045973 817.217285
772.434785 818.850220
773.823596 839.783203
775.212408 877.716187
776.601219 907.749146
777.990031 973.082031
779.378842 1022.515076
780.767654 1051.748047
782.156465 1068.781128
783.545277 1150.914063
784.934088 1270.447021
786.322900 1405.979980
787.711711 1487.912964
789.100523 1512.145996
790.489335 1447.078979
791.878146 1346.311890
793.266958 1224.644897
794.655769 1116.777832
796.044581 982.810852
797.433392 851.243835
798.822204 725.376831
800.211015 646.439819
801.599827 582.952698
802.988638 552.405762
804.377450 522.718689
805.766261 499.591736
807.155073 461.644684
808.543885 469.337646
809.932696 498.710663
811.321508 522.793640
812.710319 500.086609
814.099131 491.959564
815.487942 490.872620
816.876754 501.515503
818.265565 486.998505
819.654377 479.231506
821.043188 467.974487
822.432000 477.257477
823.820811 466.850464
825.209623 453.103455
826.598435 428.386444
827.987246 422.319427
829.376058 404.942383
830.764869 410.515350
832.153681 418.758362
833.542492 435.981323
834.931304 435.524353
836.320115 451.577271
837.708927 456.510254
839.097738 463.313263
840.486550 447.416260
841.875361 440.509186
843.264173 435.382233
844.652985 456.245178
846.041796 452.248169
847.430608 429.561127
848.819419 384.574097
850.208231 360.337097
851.597042 335.020081
852.985854 331.503082
854.374665 320.356018
855.763477 307.409027
857.152288 263.942017
858.541100 230.014999
859.929911 197.857971
861.318723 182.220963
862.707535 152.193970
864.096346 139.546936
865.485158 123.499893
866.873969 110.802887
868.262781 83.265862
869.651592 84.248840
871.040404 79.451836
872.429215 70.994820
873.818027 62.287796
875.206838 93.790779
876.595650 104.403755
877.984461 92.456749
879.373273 68.939720
880.762084 80.192703
882.150896 90.415680
883.539708 103.378654
884.928519 91.511627
886.317331 85.024612
887.706142 75.537605
889.094954 83.270584
890.483765 80.183563
891.872577 91.986549
893.261388 93.579521
894.650200 94.412498
896.039011 76.815483
897.427823 73.008461
898.816634 57.461449
900.205446 47.114433
901.594258 32.157410
902.983069 41.010391
904.371881 39.883377
905.760692 39.556343
907.149504 25.389328
908.538315 24.472305
909.927127 18.945290
911.315938 41.188271
912.704750 73.131256
914.093561 121.344215
915.482373 153.707214
916.871184 180.200195
918.259996 164.943146
919.648808 140.846146
921.037619 120.069122
922.426431 122.642113
923.815242 99.215096
925.204054 69.248077
926.592865 35.331055
927.981677 25.654037
929.370488 5.667015
930.759300 0.000000
932.148111 12.863747
933.536923 66.467499
934.925734 124.071251
936.314546 181.385010
937.703358 204.848755
939.092169 235.662506
940.480981 262.436218
941.869792 285.359985
943.258604 289.073730
944.647415 302.267517
946.036227 304.791229
947.425038 315.385010
948.813850 303.008728
950.202661 276.002502
951.591473 233.266266
952.980284 231.850006
954.369096 250.373749
955.757908 271.637512
957.146719 266.131226
958.535531 272.664978
959.924342 279.018768
961.313154 297.842529
962.701965 310.866272
964.090777 345.400024
965.479588 391.293762
966.868400 471.407501
968.257211 556.691223
969.646023 640.464966
971.034834 677.338745
972.423646 680.122559
973.812458 648.716187
975.201269 621.670044
976.590081 589.073730
977.978892 583.657532
979.367704 605.261292
980.756515 664.925049
982.145327 716.508789
983.534138 779.092529
984.922950 869.076294
986.311761 1010.459961
987.700573 1137.443848
989.089384 1234.527588
990.478196 1292.711304
991.867008 1317.994995
993.255819 1261.078857
994.644631 1164.462524
996.033442 1064.246216
997.422254 994.730042
998.811065 950.513794
1000.199877 963.197510
1001.588688 971.781311
1002.977500 947.965088
1004.366311 914.948792
1005.755123 952.632507
1007.143934 1046.416382
1008.532746 1188.300049
1009.921558 1335.783813
1011.310369 1474.367432
1012.699181 1565.751343
1014.087992 1612.435059
1015.476804 1574.118774
1016.865615 1463.502563
1018.254427 1285.986328
1019.643238 1076.170044
1021.032050 838.753845
1022.420861 637.037598
1023.809673 485.751282
1025.198484 387.455078
1026.587296 304.698792
1027.976108 256.362579
1029.364919 224.856354
1030.753731 214.890091
1032.142542 211.973862
1033.531354 236.277618
1034.920165 242.431335
1036.308977 211.705109
1037.697788 149.688812
1039.086600 134.892609
1040.475411 162.136337
1041.864223 205.040131
1043.253034 239.103851
1044.641846 286.967590
1046.030658 323.101349
1047.419469 444.815063
1048.808281 738.428894
1050.197092 1055.812622
1051.585904 1068.596313
1052.974715 799.780151
1054.363527 530.633789
1055.752338 416.377625
1057.141150 367.351349
1058.529961 361.575073
1059.918773 406.828827
1061.307584 496.652588
1062.696396 563.966370
1064.085208 607.550110
1065.474019 641.233887
1066.862831 712.417603
1068.251642 817.701416
1069.640454 987.785156
1071.029265 1198.368896
1072.418077 1396.652588
1073.806888 1541.436401
1075.195700 1732.820190
1076.584511 2036.003784
1077.973323 2461.587402
1079.362134 2976.371338
1080.750946 3591.855225
1082.139758 4257.238770
1083.528569 4905.122070
1084.917381 5413.806152
1086.306192 5681.390137
1087.695004 5602.873535
1089.083815 5187.457520
1090.472627 4533.041016
1091.861438 3825.525146
1093.250250 3175.708740
1094.639061 2645.592529
1096.027873 2233.276367
1097.416684 1947.160034
1098.805496 1748.443970
1100.194308 1622.827637
1101.583119 1531.311523
1102.971931 1457.895142
1104.360742 1358.778931
1105.749554 1229.462646
1107.138365 1062.546387
1108.527177 906.530151
1109.915988 780.413940
1111.304800 692.497681
1112.693611 596.381470
1114.082423 483.865173
1115.471234 364.388916
1116.860046 311.242645
1118.248858 352.196411
1119.637669 473.900177
1121.026481 590.883911
1122.415292 650.467712
1123.804104 608.051453
1125.192915 494.035217
1126.581727 350.578888
1127.970538 236.242676
1129.359350 152.366425
1130.748161 116.110184
1132.136973 106.993950
1133.525784 102.897705
1134.914596 71.301453
1136.303408 57.385201
1137.692219 85.538948
1139.081031 154.242691
1140.469842 208.636429
1141.858654 233.920197
1143.247465 219.223969
1144.636277 201.687683
1146.025088 190.761429
1147.413900 188.055191
1148.802711 158.468933
1150.191523 113.822716
1151.580334 55.696472
1152.969146 2.720222
1154.357958 -47.736008
1155.746769 -70.392273
1157.135581 -77.368492
1158.524392 -70.844757
1159.913204 -67.471001
1161.302015 -53.647263
1162.690827 -43.663528
1164.079638 -28.149757
1165.468450 -14.645996
1166.857261 20.067741
1168.246073 65.711487
1169.634884 119.055244
1171.023696 146.488998
1172.412508 143.062729
1173.801319 110.086479
1175.190131 84.770256
1176.578942 69.273987
1177.967754 84.157753
1179.356565 117.311440
1180.745377 147.935257
1182.134188 141.098999
1183.523000 133.932739
1184.911811 150.436523
1186.300623 180.060211
1187.689434 181.433975
1189.078246 168.517746
1190.467058 145.191498
1191.855869 130.225250
1193.244681 114.298981
1194.633492 106.732735
1196.022304 101.396530
1197.411115 110.030266
1198.799927 111.654015
