100.36	48.6431
101.035	47.2646
101.71	46.704
102.385	45.8356
103.06	45.6325
103.735	45.8172
104.409	47.6479
105.084	49.854
105.759	52.4629
106.434	54.0283
107.109	55.3083
107.784	55.3508
108.459	54.8687
109.134	53.0685
109.809	51.41
110.484	49.6616
111.159	48.8902
111.834	47.8823
112.509	47.1735
113.183	45.7927
113.858	44.7653
114.533	43.4172
115.208	43.0792
115.883	43.4994
116.558	46.0339
117.233	49.51
117.908	53.926
118.583	57.579
119.258	61.3243
119.933	64.6548
120.608	68.4986
121.282	71.2048
121.957	72.8253
122.632	72.2528
123.307	70.9128
123.982	68.4215
124.657	65.9312
125.332	62.7839
126.007	60.5283
126.682	58.8679
127.357	58.9638
128.032	59.9748
128.707	63.2438
129.381	68.02
130.056	74.0163
130.731	77.8142
131.406	78.8331
132.081	77.3846
132.756	77.1406
133.431	77.9957
134.106	78.6256
134.781	75.3699
135.456	69.3704
136.131	62.64
136.806	58.7787
137.48	57.1041
138.155	57.5582
138.83	58.8514
139.505	62.5064
140.18	67.7342
140.855	74.5888
141.53	80.6142
142.205	85.551
142.88	87.9349
143.555	89.0434
144.23	88.4939
144.905	87.2175
145.579	83.3412
146.254	77.2626
146.929	68.9919
147.604	61.591
148.279	55.5217
148.954	51.8731
149.629	49.321
150.304	48.8196
150.979	49.1136
151.654	50.2304
152.329	50.2847
153.004	50.3964
153.678	50.3368
154.353	51.547
155.028	53.0627
155.703	56.0817
156.378	59.8764
157.053	65.3441
157.728	71.2319
158.403	78.7444
159.078	87.0777
159.753	96.4757
160.428	104.419
161.103	111.018
161.777	115.227
162.452	117.789
163.127	116.883
163.802	113.745
164.477	109.421
165.152	107.159
165.827	106.212
166.502	106.446
167.177	106.29
167.852	107.322
168.527	108.813
169.202	111.402
169.876	113.986
170.551	118.202
171.226	123.073
171.901	128.731
172.576	133.676
173.251	140.027
173.926	148.149
174.601	159.223
175.276	171.549
175.951	186.336
176.626	203.189
177.301	222.512
177.975	240.835
178.65	256.613
179.325	267.427
180	273.507
180.675	272.589
181.35	265.049
182.025	251.138
182.7	234.932
183.375	217.861
184.05	201.551
184.725	184.324
185.4	167.284
186.074	150.575
186.749	136.613
187.424	124.477
188.099	114.204
188.774	103.677
189.449	94.1293
190.124	85.6344
190.799	80.1596
191.474	76.0675
192.149	72.7972
192.824	68.0002
193.499	63.0592
194.173	58.2357
194.848	55.538
195.523	53.5316
196.198	52.6028
196.873	51.8144
197.548	53.2237
198.223	55.9913
198.898	60.0057
199.573	62.4282
200.248	63.6964
200.923	63.2553
201.598	62.9727
202.272	61.991
202.947	61.5403
203.622	60.8166
204.297	61.244
204.972	61.7938
205.647	63.8215
206.322	66.6601
206.997	71.4916
207.672	76.1812
208.347	80.2357
209.022	81.3129
209.697	80.3827
210.371	77.0186
211.046	73.5543
211.721	70.0368
212.396	68.2004
213.071	66.6111
213.746	65.7602
214.421	64.1803
215.096	63.0029
215.771	60.8304
216.446	58.4721
217.121	55.1152
217.796	53.055
218.47	51.8862
219.145	52.1055
219.82	51.0406
220.495	49.0841
221.17	45.6892
221.845	43.1292
222.52	40.6467
223.195	39.1075
223.87	37.2127
224.545	36.6912
225.22	36.9332
225.895	38.6831
226.569	39.3567
227.244	39.1273
227.919	37.4098
228.594	37.0844
229.269	37.9208
229.944	40.2682
230.619	41.2589
231.294	41.3683
231.969	40.1503
232.644	39.8719
233.319	39.5017
233.994	39.5215
234.668	38.1314
235.343	36.7955
236.018	35.2563
236.693	35.5024
237.368	36.2022
238.043	37.6121
238.718	37.6872
239.393	37.805
240.068	37.6527
240.743	38.8437
241.418	39.3567
242.093	39.3244
242.767	37.6548
243.442	36.9968
244.117	37.2314
244.792	39.0157
245.467	39.5695
246.142	39.4662
246.817	38.3671
247.492	38.5517
248.167	38.4359
248.842	37.7914
249.517	34.5764
250.192	30.9599
250.867	27.6019
251.541	27.0138
252.216	27.8522
252.891	30.3884
253.566	32.3864
254.241	34.4857
254.916	35.0936
255.591	35.2782
256.266	33.9601
256.941	33.1832
257.616	32.8078
258.291	34.5722
258.966	36.3513
259.64	37.8311
260.315	37.1042
260.99	36.5359
261.665	36.5463
262.34	38.7456
263.015	40.4162
263.69	41.1024
264.365	39.2504
265.04	37.4056
265.715	35.8132
266.39	36.247
267.065	36.7205
267.739	37.3097
268.414	35.954
269.089	34.1248
269.764	31.5689
270.439	30.7888
271.114	31.1695
271.789	33.8276
272.464	36.6276
273.139	39.7624
273.814	41.0284
274.489	41.4205
275.164	40.118
275.838	39.3755
276.513	38.6455
277.188	39.2942
277.863	39.5382
278.538	40.2421
279.213	40.0367
279.888	40.3641
280.563	39.9365
281.238	40.0502
281.913	39.6101
282.588	40.3078
283.263	40.9241
283.937	42.413
284.612	42.9528
285.287	43.5696
285.962	42.8352
286.637	42.1157
287.312	40.5393
287.987	40.3547
288.662	40.9533
289.337	43.3614
290.012	45.0802
290.687	46.4178
291.362	45.8261
292.036	45.0144
292.711	43.1831
293.386	42.2082
294.061	40.9502
294.736	40.1628
295.411	37.6152
296.086	34.9695
296.761	32.9308
297.436	34.7422
298.111	38.4015
298.786	42.3979
299.461	43.3263
300.135	43.2682
300.81	42.9965
301.485	44.7687
302.16	46.3455
302.835	47.9817
303.51	48.0599
304.185	48.0691
304.86	46.6107
305.535	45.3
306.21	43.6587
306.885	43.8101
307.56	44.0672
308.234	44.8224
308.909	44.3249
309.584	44.4899
310.259	44.3684
310.934	44.8951
311.609	44.0457
312.284	43.4955
312.959	43.0695
313.634	45.0728
314.309	47.8121
314.984	51.3853
315.659	53.0756
316.333	53.6517
317.008	52.0098
317.683	50.4748
318.358	48.6001
319.033	48.1432
319.708	47.469
320.383	47.745
321.058	47.7457
321.733	49.061
322.408	49.8523
323.083	50.5893
323.758	49.2438
324.432	47.3822
325.107	44.103
325.782	41.0857
326.457	37.0625
327.132	34.0664
327.807	31.8463
328.482	32.6857
329.157	34.7756
329.832	37.952
330.507	39.2493
331.182	39.8729
331.857	39.4913
332.531	40.5904
333.206	41.5529
333.881	42.6639
334.556	41.757
335.231	40.6874
335.906	38.9281
336.581	38.2503
337.256	36.9082
337.931	36.1594
338.606	34.908
339.281	34.9935
339.956	34.8559
340.63	35.4378
341.305	34.9539
341.98	34.858
342.655	33.7692
343.33	33.204
344.005	32.1424
344.68	32.9391
345.355	34.738
346.03	38.3097
346.705	40.4256
347.38	41.1859
348.055	39.3838
348.729	37.8311
349.404	35.98
350.079	35.1416
350.754	33.3834
351.429	32.2603
352.104	30.9119
352.779	31.4573
353.454	32.8244
354.129	36.2022
354.804	38.4578
355.479	38.3243
356.154	32.6169
356.828	24.3389
357.503	16.2476
358.178	13.4726
358.853	14.8752
359.528	19.5711
360.203	23.7111
360.878	28.0337
361.553	31.279
362.228	35.0144
362.903	37.684
363.578	41.0638
364.253	43.8648
364.927	46.6786
365.602	46.1043
366.277	42.5265
366.952	35.7162
367.627	30.2111
368.302	27.0232
368.977	28.1317
369.652	30.9421
370.327	35.5045
371.002	38.924
371.677	41.4966
372.352	41.3944
373.026	41.2755
373.701	41.1295
374.376	42.3196
375.051	41.237
375.726	37.6381
376.401	30.818
377.076	25.2889
377.751	22.3669
378.426	24.5266
379.101	29.1662
379.776	35.3439
380.451	38.7696
381.126	39.6518
381.8	37.806
382.475	37.6653
383.15	39.2556
383.825	42.8851
384.5	44.7247
385.175	45.5323
385.85	44.7957
386.525	45.1741
387.2	45.3407
387.875	46.7434
388.55	47.9205
389.225	50.2051
389.899	51.4557
390.574	53.2133
391.249	54.8263
391.924	58.1456
392.599	60.0168
393.274	59.8866
393.949	56.3917
394.624	53.9915
395.299	53.9138
395.974	57.7924
396.649	61.9756
397.324	66.0761
397.998	67.777
398.673	68.557
399.348	67.2107
400.023	66.656
400.698	67.4725
401.373	72.6522
402.048	80.0282
402.723	89.106
403.398	96.7093
404.073	104.668
404.748	112.982
405.423	124.317
406.097	136.878
406.772	152.355
407.447	171.726
408.122	200.467
408.797	238.103
409.472	282.85
410.147	329.715
410.822	381.481
411.497	439.223
412.172	499.478
412.847	545.122
413.522	561.641
414.196	543.6
414.871	502.512
415.546	450.673
416.221	398.615
416.896	348.517
417.571	304.301
418.246	265.811
418.921	233.764
419.596	204.409
420.271	178.797
420.946	156.668
421.621	140.506
422.295	127.727
422.97	118.27
423.645	109.457
424.32	102.315
424.995	94.7999
425.67	88.7285
426.345	83.409
427.02	81.0773
427.695	79.512
428.37	78.9666
429.045	76.8058
429.72	74.5575
430.394	71.2277
431.069	69.3225
431.744	67.7103
432.419	67.6967
433.094	66.8113
433.769	66.1064
434.444	63.8716
435.119	61.7579
435.794	58.2638
436.469	55.9596
437.144	54.8633
437.819	57.4408
438.493	60.6843
439.168	63.5306
439.843	62.7787
440.518	61.0893
441.193	59.2421
441.868	60.2069
442.543	61.1793
443.218	61.2521
443.893	57.3823
444.568	52.5791
445.243	48.2113
445.918	47.8887
446.592	49.3331
447.267	52.083
447.942	52.8459
448.617	52.718
449.292	49.9078
449.967	46.2647
450.642	41.2703
451.317	38.4755
451.992	37.2189
452.667	38.0448
453.342	36.8737
454.017	33.9059
454.691	28.3736
455.366	24.6622
456.041	23.6934
456.716	27.7824
457.391	33.4522
458.066	39.4673
458.741	42.223
459.416	43.3897
460.091	42.2388
460.766	41.1202
461.441	38.9771
462.116	39.0335
462.79	41.458
463.465	47.9372
464.14	54.1834
464.815	58.9897
465.49	60.2859
466.165	61.5819
466.84	62.3657
467.515	63.5681
468.19	62.6296
468.865	62.0987
469.54	61.6788
470.215	62.6734
470.889	61.4838
471.564	59.1558
472.239	55.8554
472.914	55.6292
473.589	57.1377
474.264	60.7393
474.939	63.7162
475.614	67.8469
476.289	71.4707
476.964	75.5065
477.639	77.3783
478.314	78.9812
478.988	79.8676
479.663	83.0837
480.338	87.3353
481.013	93.6288
481.688	99.0421
482.363	104.685
483.038	109.413
483.713	116.205
484.388	124.226
485.063	135.219
485.738	146.948
486.413	160.547
487.087	173.968
487.762	189.11
488.437	205.128
489.112	224.462
489.787	244.766
490.462	265.654
491.137	283.038
491.812	297.2
492.487	305.553
493.162	308.66
493.837	303.29
494.512	290.651
495.186	270.535
495.861	248.155
496.536	225.63
497.211	207.005
497.886	190.403
498.561	176.023
499.236	161.371
499.911	149.079
500.586	138.314
501.261	129.952
501.936	120.294
502.611	110.581
503.285	100.877
503.96	95.1148
504.635	91.7496
505.31	90.8215
505.985	88.7911
506.66	86.8608
507.335	83.7094
508.01	81.6925
508.685	79.3566
509.36	78.4618
510.035	77.0436
510.71	76.5347
511.384	74.7462
512.059	73.085
512.734	69.8251
513.409	67.3129
514.084	64.4535
514.759	63.2063
515.434	61.6239
516.109	61.406
516.784	60.5625
517.459	59.7646
518.134	55.7592
518.809	50.4442
519.484	44.6619
520.158	43.2874
520.833	45.2173
521.508	50.079
522.183	53.22
522.858	54.6322
523.533	52.0737
524.208	48.2278
524.883	43.7873
525.558	43.4693
526.233	46.3286
526.908	51.7597
527.583	54.3522
528.257	53.9648
528.932	49.3278
529.607	44.0938
530.282	38.8395
530.957	37.8196
531.632	40.4715
532.307	47.1632
532.982	52.7966
533.657	56.8029
534.332	57.5554
535.007	58.2893
535.682	57.9326
536.356	58.1164
537.031	56.8406
537.706	55.7247
538.381	52.3666
539.056	48.2955
539.731	43.0599
540.406	40.9929
541.081	41.4997
541.756	44.7498
542.431	46.0352
543.106	46.0038
543.781	44.227
544.455	44.3233
545.13	44.5596
545.805	45.6121
546.48	45.4153
547.155	46.9517
547.83	49.0359
548.505	51.9558
549.18	51.5444
549.855	49.3795
550.53	46.111
551.205	46.0193
551.88	47.092
552.554	49.0884
553.229	49.0829
553.904	49.7924
554.579	50.4741
555.254	52.5283
555.929	52.8339
556.604	52.7031
557.279	50.783
557.954	49.3717
558.629	46.7163
559.304	44.8662
559.979	42.2828
560.653	40.2807
561.328	35.5911
562.003	29.2361
562.678	20.5899
563.353	14.1119
564.028	10
564.703	10.4693
565.378	13.0107
566.053	18.766
566.728	25.3234
567.403	33.7692
568.078	41.2463
568.752	48.5693
569.427	53.0463
570.102	56.198
570.777	56.83
571.452	58.3731
572.127	60.3994
572.802	64.71
573.477	67.8656
574.152	70.0806
574.827	69.3225
575.502	68.5935
576.177	66.9073
576.851	65.6236
577.526	61.9725
578.201	58.4938
578.876	55.9042
579.551	58.0935
580.226	62.0692
580.901	66.0761
581.576	65.7956
582.251	64.1229
582.926	61.9259
583.601	62.091
584.276	61.5415
584.95	61.3572
585.625	61.0425
586.3	64.2908
586.975	68.8334
587.65	73.9412
588.325	75.4606
589	75.0195
589.675	71.8493
590.35	68.8407
591.025	64.8633
591.7	62.9612
592.375	62.7683
593.049	66.7769
593.724	71.8211
594.399	77.2563
595.074	79.4598
595.749	80.6987
596.424	80.8364
597.099	82.8313
597.774	84.3392
598.449	86.4228
599.124	87.3645
599.799	89.7244
600.474	91.3137
601.148	92.7069
601.823	91.3731
602.498	90.2187
603.173	88.7984
603.848	89.1675
604.523	88.5763
605.198	88.8328
605.873	89.4168
606.548	93.5453
607.223	98.8554
607.898	105.272
608.573	109.423
609.247	113.477
609.922	116.658
610.597	121.138
611.272	124.336
611.947	128.131
612.622	132.125
613.297	139.623
613.972	147.874
614.647	156.294
615.322	161.934
615.997	168.452
616.672	175.689
617.346	184.146
618.021	188.422
618.696	189.079
619.371	186.764
620.046	186.42
620.721	185.857
621.396	184.073
622.071	177.462
622.746	169.14
623.421	159.233
624.096	150.263
624.771	139.985
625.445	130.723
626.12	121.812
626.795	115.824
627.47	110.242
628.145	105.99
628.82	100.783
629.495	96.7124
630.17	91.8685
630.845	87.7013
631.52	81.777
632.195	76.0852
632.87	69.5008
633.544	64.9363
634.219	60.9472
634.894	59.3094
635.569	57.8731
636.244	58.5755
636.919	59.3307
637.594	61.3023
638.269	61.6498
638.944	62.1171
639.619	61.4008
640.294	61.9698
640.969	61.6563
641.643	61.6747
642.318	59.6965
642.993	58.0066
643.668	55.6528
644.343	55.6231
645.018	56.2755
645.693	58.5072
646.368	58.6028
647.043	57.5578
647.718	54.3541
648.393	52.9276
649.068	52.6858
649.743	55.4104
650.417	58.1242
651.092	61.8056
651.767	63.9091
652.442	65.8968
653.117	65.4285
653.792	64.4316
654.467	61.6219
655.142	60.1566
655.817	59.2954
656.492	61.455
657.167	64.1427
657.842	68.0899
658.516	70.1035
659.191	71.3581
659.866	70.042
660.541	69.432
661.216	69.578
661.891	73.6408
662.566	79.1783
663.241	86.9724
663.916	95.0679
664.591	106.542
665.266	119.773
665.941	135.671
666.615	152.29
667.29	174.469
667.965	203.105
668.64	237.466
669.315	266.468
669.99	282.579
670.665	280.942
671.34	267.437
672.015	245.329
672.69	219.363
673.365	189.507
674.04	161.569
674.714	138.117
675.389	122.52
676.064	110.206
676.739	99.9181
677.414	89.3021
678.089	82.2473
678.764	77.9227
679.439	76.9789
680.114	75.0758
680.789	72.9859
681.464	69.36
682.139	67.3765
682.813	65.5224
683.488	65.3107
684.163	64.3158
684.838	64.6954
685.513	64.9155
686.188	66.7373
686.863	67.2243
687.538	67.4829
688.213	65.5266
688.888	63.9373
689.563	61.3579
690.238	60.2321
690.912	59.0572
691.587	59.9736
692.262	60.4154
692.937	61.293
693.612	60.0729
694.287	59.1286
694.962	57.2325
695.637	56.6884
696.312	55.4817
696.987	55.7054
697.662	55.714
698.337	57.5208
699.011	58.571
699.686	60.0054
700.361	59.4306
701.036	59.1355
701.711	57.772
702.386	57.5505
703.061	56.1088
703.736	55.0658
704.411	52.8065
705.086	52.1543
705.761	51.4605
706.436	52.1845
707.11	51.8159
707.785	52.6324
708.46	53.2949
709.135	55.6223
709.81	56.4746
710.485	56.8082
711.16	54.7342
711.835	53.2146
712.51	51.1536
713.185	50.8236
713.86	50.127
714.535	50.8764
715.209	50.8806
715.884	51.8539
716.559	51.7009
717.234	52.8324
717.909	54.0496
718.584	57.5348
719.259	59.9939
719.934	61.2042
720.609	58.1376
721.284	54.3606
721.959	50.852
722.634	51.1054
723.308	51.889
723.983	52.9472
724.658	51.4605
725.333	50.2491
726.008	48.1531
726.683	47.1521
727.358	45.2692
728.033	45.2924
728.708	45.9212
729.383	48.564
730.058	49.8325
730.733	51.1415
731.407	51.1962
732.082	52.7178
732.757	53.3665
733.432	54.2981
734.107	53.3512
734.782	53.0977
735.457	51.9886
736.132	52.0739
736.807	51.5075
737.482	52.5583
738.157	52.8354
738.832	53.1878
739.506	51.0378
740.181	49.5187
740.856	48.5331
741.531	50.6329
742.206	52.3953
742.881	54.1073
743.556	53.5036
744.231	53.5295
744.906	52.8332
745.581	53.1786
746.256	52.1865
746.931	52.0209
747.605	51.0226
748.28	51.152
748.955	50.1768
749.63	50.3286
750.305	50.2485
750.98	52.1878
751.655	53.4468
752.33	54.9721
753.005	54.4203
753.68	54.4888
754.355	53.9999
755.03	54.9296
755.704	54.5036
756.379	54.3291
757.054	53.0065
757.729	53.4791
758.404	53.7913
759.079	54.9088
759.754	53.7552
760.429	52.4002
761.104	50.0097
761.779	49.8372
762.454	50.1974
763.129	52.4123
763.803	53.4295
764.478	54.6168
765.153	54.0043
765.828	54.091
766.503	53.3437
767.178	53.974
767.853	53.9043
768.528	54.9433
769.203	54.7928
769.878	55.1693
770.553	53.9484
771.228	53.4369
771.902	52.2663
772.577	53.061
773.252	53.9301
773.927	56.3849
774.602	57.5705
775.277	58.844
775.952	58.0955
776.627	57.777
777.302	56.4009
777.977	56.1356
778.652	54.7186
779.327	54.0297
780.001	52.5274
780.676	53.1308
781.351	54.2811
782.026	57.3296
782.701	58.8446
783.376	59.8853
784.051	58.7384
784.726	58.545
785.401	58.0646
786.076	59.1504
786.751	59.1429
787.426	59.7124
788.101	58.9395
788.775	58.9947
789.45	57.8327
790.125	57.4673
790.8	56.0219
791.475	55.5041
792.15	53.4127
792.825	51.1846
793.5	47.0536
794.175	44.5889
794.85	43.7105
795.525	47.0309
796.2	50.9164
796.874	54.7506
797.549	55.1282
798.224	55.0061
798.899	54.3369
799.574	55.9963
800.249	57.0558
800.924	58.215
801.599	57.1859
802.274	56.7187
802.949	55.4361
803.624	55.418
804.299	54.5492
804.973	54.9856
805.648	54.7945
806.323	55.7441
806.998	55.472
807.673	55.9795
808.348	55.4557
809.023	56.019
809.698	55.6146
810.373	56.355
811.048	56.3445
811.723	57.3832
812.398	56.8794
813.072	56.5818
813.747	54.9811
814.422	55.0237
815.097	55.1027
815.772	56.7463
816.447	57.0478
817.122	57.6151
817.797	56.7687
818.472	57.1507
819.147	56.92
819.822	57.6621
820.497	56.8112
821.171	56.3981
821.846	54.975
822.521	55.0463
823.196	54.3809
823.871	54.2988
824.546	52.3013
825.221	50.6006
825.896	47.7898
826.571	46.4945
827.246	45.0949
827.921	45.8364
828.596	46.6524
829.27	49.2131
829.945	51.0506
830.62	53.9667
831.295	55.8693
831.97	58.4565
832.645	58.9461
833.32	58.6328
833.995	55.5098
834.67	52.6599
835.345	49.6831
836.02	49.8107
836.695	50.9591
837.369	53.8516
838.044	54.9731
838.719	55.8677
839.394	55.1051
840.069	55.2505
840.744	53.9259
841.419	52.5688
842.094	49.6261
842.769	48.7224
843.444	49.1192
844.119	52.584
844.794	55.608
845.468	58.7083
846.143	59.041
846.818	58.5301
847.493	55.7444
848.168	53.9295
848.843	52.3037
849.518	53.2727
850.193	54.1012
850.868	55.7013
851.543	55.3657
852.218	55.1694
852.893	53.6969
853.567	53.7344
854.242	53.6406
854.917	55.1754
855.592	55.7924
856.267	57.325
856.942	57.7581
857.617	58.6816
858.292	57.3461
858.967	55.8966
859.642	53.6858
860.317	53.9924
860.992	54.4166
861.666	55.5261
862.341	54.7163
863.016	54.9634
863.691	55.2849
864.366	57.3701
865.041	57.787
865.716	57.4029
866.391	54.0777
867.066	50.745
867.741	46.9373
868.416	46.065
869.091	46.2893
869.765	48.4972
870.44	49.4544
871.115	50.9619
871.79	51.2047
872.465	51.7136
873.14	49.6553
873.815	47.4565
874.49	44.9702
875.165	45.8173
875.84	47.7623
876.515	51.3081
877.19	53.1293
877.864	54.7371
878.539	54.0167
879.214	53.2243
879.889	51.1971
880.564	51.094
881.239	51.2535
881.914	52.7754
882.589	52.2802
883.264	51.3142
883.939	48.6831
884.614	47.7166
885.289	47.0742
885.963	48.4772
886.638	49.1862
887.313	50.7179
887.988	50.7987
888.663	51.1933
889.338	49.8361
890.013	49.3368
890.688	48.6001
891.363	49.906
892.038	50.5477
892.713	51.8883
893.388	52.114
894.062	53.6754
894.737	54.2229
895.412	55.0914
896.087	54.4394
896.762	55.1339
897.437	55.1527
898.112	55.3371
898.787	53.1532
899.462	52.0662
900.137	51.9585
900.812	54.715
901.487	56.2227
902.161	56.9589
902.836	55.4185
903.511	54.8794
904.186	53.5517
904.861	52.8791
905.536	50.898
906.211	50.4663
906.886	50.0047
907.561	50.9772
908.236	50.6747
908.911	51.0802
909.586	50.4781
910.26	50.8502
910.935	50.0008
911.61	50.1741
912.285	49.8477
912.96	51.0129
913.635	50.8911
914.31	50.6769
914.985	48.342
915.66	46.8595
916.335	45.5735
917.01	47.2346
917.685	49.1835
918.36	51.6844
919.034	51.3661
919.709	50.5593
920.384	48.8506
921.059	49.4269
921.734	50.0809
922.409	51.8751
923.084	52.1028
923.759	52.5155
924.434	51.1947
925.109	50.8017
925.784	50.3928
926.459	52.3911
927.133	53.8644
927.808	55.4629
928.483	54.8252
929.158	54.5738
929.833	53.1662
930.508	52.6834
931.183	51.6034
931.858	52.6954
932.533	53.645
933.208	54.779
933.883	52.9558
934.558	51.2591
935.232	49.9484
935.907	51.9773
936.582	54.2367
937.257	57.1028
937.932	57.9035
938.607	58.796
939.282	57.9972
939.957	57.5949
940.632	55.7313
941.307	54.6098
941.982	52.5578
942.657	52.2695
943.331	52.6028
944.006	55.6423
944.681	58.1331
945.356	60.3371
946.031	59.666
946.706	59.1602
947.381	58.1848
948.056	58.7873
948.731	57.7217
949.406	56.1238
950.081	52.9318
950.756	52.2266
951.43	53.1479
952.105	56.6322
952.78	58.4944
953.455	59.5593
954.13	58.5587
954.805	58.9009
955.48	59.0563
956.155	60.3454
956.83	60.178
957.505	60.8524
958.18	60.9948
958.855	62.4116
959.529	62.0989
960.204	61.3584
960.879	58.7265
961.554	57.4759
962.229	56.5329
962.904	57.9253
963.579	59.1723
964.254	61.6242
964.929	62.6244
965.604	63.7256
966.279	63.2501
966.954	64.198
967.628	65.3222
968.303	68.0773
968.978	68.9669
969.653	68.9481
970.328	66.6142
971.003	65.6006
971.678	65.0594
972.353	66.6914
973.028	67.558
973.703	69.263
974.378	70.1369
975.053	72.16
975.727	72.6262
976.402	72.9922
977.077	71.8951
977.752	72.5834
978.427	73.6951
979.102	76.6776
979.777	78.5536
980.452	80.7759
981.127	81.7634
981.802	84.4571
982.477	87.3186
983.152	91.3919
983.826	93.39
984.501	95.7228
985.176	98.6437
985.851	105.125
986.526	110.947
987.201	115.251
987.876	116.711
988.551	120.799
989.226	127.202
989.901	135.733
990.576	141.61
991.251	146.364
991.925	148.976
992.6	151.911
993.275	154.06
993.95	159.755
994.625	169.307
995.3	184.668
995.975	201.958
996.65	221.157
997.325	239.406
998	260.325
998.675	286.949
999.35	325.825
1000.02	373.191
1000.7	425.875
1001.37	487.329
1002.05	582.226
1002.72	732.498
1003.4	942.576
1004.07	1194.21
1004.75	1483.39
1005.42	1828.15
1006.1	2248.93
1006.77	2709.97
1007.45	3107.18
1008.12	3300
1008.8	3196.03
1009.47	2806.95
1010.15	2259.15
1010.82	1716.77
1011.5	1296.72
1012.17	1011.98
1012.85	812.681
1013.52	648.769
1014.2	513.869
1014.87	417.344
1015.55	358.727
1016.22	317.264
1016.9	280.056
1017.57	244.412
1018.25	216.745
1018.92	195.263
1019.6	179.13
1020.27	164.76
1020.95	153.107
1021.62	140.608
1022.3	129.132
1022.97	119.054
1023.65	113.809
1024.32	109.614
1025	105.568
1025.67	99.2569
1026.35	94.1273
1027.02	89.228
1027.7	86.3967
1028.37	83.5675
1029.05	82.6144
1029.72	80.9636
1030.4	79.7706
1031.07	77.1447
1031.75	75.6702
1032.42	73.6878
1033.1	72.8629
1033.77	71.0244
1034.45	70.0598
1035.12	67.9543
1035.8	66.6591
1036.47	64.6454
1037.14	64.3596
1037.82	63.955
1038.49	64.9374
1039.17	64.7862
1039.84	64.9311
1040.52	63.2532
1041.19	61.9898
1041.87	59.8557
1042.54	59.1795
1043.22	57.9632
1043.89	57.9738
1044.57	57.3396
1045.24	57.9618
1045.92	57.6113
1046.59	57.9822
1047.27	57.3134
1047.94	57.7115
1048.62	57.049
1049.29	56.9119
1049.97	55.4456
1050.64	54.9373
1051.32	53.6268
1051.99	53.2117
1052.67	51.491
1053.34	50.2961
1054.02	47.8994
1054.69	46.65
1055.37	45.0787
1056.04	45.042
1056.72	43.8983
1057.39	42.79
1058.07	39.8594
1058.74	37.9124
1059.42	35.9508
1060.09	36.0833
1060.77	35.9498
1061.44	36.8706
1062.12	36.6454
1062.79	37.3462
1063.47	37.6308
1064.14	39.9845
1064.82	42.5213
1065.49	46.2947
1066.17	48.1593
1066.84	49.3683
1067.52	48.5145
1068.19	48.5658
1068.87	48.2017
1069.54	49.1249
1070.22	49.23
1070.89	50.7314
1071.57	51.9534
1072.24	54.0958
1072.92	54.1721
1073.59	53.9834
1074.27	52.7806
1074.94	53.3957
1075.62	53.5491
1076.29	54.1837
1076.97	53.3401
1077.64	53.6951
1078.31	53.7207
1078.99	54.7426
1079.66	54.3743
1080.34	54.9096
1081.01	55.1715
1081.69	56.9076
1082.36	57.2468
1083.04	57.3764
1083.71	55.8013
1084.39	55.4124
1085.06	54.9644
1085.74	56.2096
1086.41	56.7761
1087.09	58.1896
1087.76	58.4888
1088.44	59.6107
1089.11	59.7597
1089.79	60.8135
1090.46	60.7859
1091.14	61.5077
1091.81	61.3988
1092.49	62.8162
1093.16	63.9602
1093.84	66.0855
1094.51	66.6664
1095.19	67.7207
1095.86	68.1232
1096.54	69.9899
1097.21	70.7595
1097.89	71.5635
1098.56	70.8325
1099.24	71.5917
1099.91	72.8848
1100.59	76.4648
1101.26	79.536
1101.94	82.9179
1102.61	84.3142
1103.29	86.1402
1103.96	87.6763
1104.64	91.3304
1105.31	94.3942
1105.99	97.1932
1106.66	97.334
1107.34	97.7657
1108.01	98.1682
1108.69	100.88
1109.36	103.479
1110.04	107.36
1110.71	110.88
1111.39	116.039
1112.06	120.23
1112.74	123.94
1113.41	124.533
1114.09	124.409
1114.76	123.16
1115.44	123.73
1116.11	124.133
1116.79	125.102
1117.46	124.076
1118.13	123.714
1118.81	124.041
1119.48	127.82
1120.16	131.974
1120.83	136.296
1121.51	138.746
1122.18	143.303
1122.86	150.096
1123.53	160.464
1124.21	170.861
1124.88	183.239
1125.56	198.152
1126.23	219.133
1126.91	243.588
1127.58	272.078
1128.26	303.728
1128.93	342.188
1129.61	384.151
1130.28	425.437
1130.96	457.076
1131.63	476.337
1132.31	479.466
1132.98	467.452
1133.66	439.744
1134.33	403.652
1135.01	365.703
1135.68	333.678
1136.36	305.897
1137.03	281.015
1137.71	255.925
1138.38	234.348
1139.06	216.328
1139.73	202.459
1140.41	187.911
1141.08	173.176
1141.76	158.055
1142.43	146.589
1143.11	137.182
1143.78	129.87
1144.46	121.215
1145.13	113.075
1145.81	104.78
1146.48	98.7731
1147.16	92.9447
1147.83	88.8067
1148.51	84.9785
1149.18	83.6562
1149.86	82.3224
1150.53	81.2316
1151.21	77.6787
1151.88	73.9443
1152.56	69.3673
1153.23	66.5923
1153.91	64.3346
1154.58	64.6057
1155.26	64.9603
1155.93	65.5036
1156.61	63.1541
1157.28	60.3746
1157.96	57.4591
1158.63	57.4474
1159.3	57.9876
1159.98	59.7512
1160.65	60.5729
1161.33	62.1583
1162	62.2043
1162.68	62.1155
1163.35	60.6604
1164.03	60.3146
1164.7	58.9261
1165.38	57.4513
1166.05	54.558
1166.73	53.6103
1167.4	53.4672
1168.08	54.7116
1168.75	54.3381
1169.43	54.474
1170.1	54.2922
1170.78	55.3017
1171.45	54.7103
1172.13	54.3451
1172.8	53.644
1173.48	54.8074
1174.15	54.9469
1174.83	54.7495
1175.5	52.8888
1176.18	52.2855
1176.85	51.5392
1177.53	52.0427
1178.2	51.9776
1178.88	53.2578
1179.55	53.5267
1180.23	53.4074
1180.9	51.0362
1181.58	49.6397
1182.25	48.9638
1182.93	50.5806
1183.6	51.2203
1184.28	51.5268
1184.95	50.0186
1185.63	49.551
1186.3	49.4156
1186.98	51.858
1187.65	54.8454
1188.33	58.9566
1189	61.0059
1189.68	62.1651
1190.35	61.4956
1191.03	62.0144
1191.7	62.4068
1192.38	63.7412
1193.05	63.516
1193.73	63.5462
1194.4	62.9466
1195.08	64.3065
1195.75	66.1398
1196.43	69.6812
1197.1	72.1725
1197.78	74.3093
1198.45	74.0621
1199.13	73.9756
1199.8	73.646
