100.469994 0.019799
101.144926 0.024799
101.819858 0.029799
102.494791 0.034799
103.169723 0.039799
103.844655 0.044799
104.519588 0.049799
105.194520 0.054799
105.869453 0.059799
106.544385 0.064799
107.219317 0.069699
107.894250 0.074699
108.569182 0.079700
109.244114 0.084699
109.919047 0.089699
110.593979 0.094699
111.268911 0.099700
111.943844 0.104690
112.618776 0.109690
113.293709 0.114690
113.968641 0.119700
114.643573 0.124600
115.318506 0.129590
115.993438 0.134590
116.668370 0.139600
117.343303 0.857700
118.018235 0.862700
118.693168 0.867700
119.368100 1.585700
120.043032 1.590700
120.717965 1.595700
121.392897 1.600699
122.067829 2.318699
122.742762 2.323599
123.417694 2.328599
124.092626 3.046700
124.767559 3.051699
125.442491 3.056700
126.117424 3.061699
126.792356 3.779699
127.467288 3.784699
128.142221 3.789699
128.817153 4.507699
129.492085 4.512699
130.167018 4.517699
130.841950 4.522699
131.516883 6.666899
132.191815 6.671899
132.866747 6.676898
133.541680 9.534099
134.216612 9.539099
134.891544 9.544098
135.566477 9.549099
136.241409 10.266998
136.916341 10.271998
137.591274 10.276999
138.266206 10.994999
138.941139 11.000000
139.616071 11.004999
140.291003 11.009999
140.965936 11.727999
141.640868 11.732998
142.315800 11.737999
142.990733 13.168998
143.665665 13.173997
144.340598 13.178997
145.015530 13.183998
145.690462 13.188997
146.365395 13.906999
147.040327 13.911999
147.715259 14.629998
148.390192 14.634998
149.065124 14.697997
149.740056 14.690998
150.414989 14.695000
151.089921 20.358999
151.764854 20.363998
152.439786 23.934998
153.114718 23.939999
153.789651 23.945000
154.464583 23.949999
155.139515 23.955000
155.814448 26.811998
156.489380 26.816998
157.164313 26.821997
157.839245 29.678997
158.514177 29.683996
159.189110 29.688997
159.864042 29.693996
160.538974 48.951996
161.213907 48.956993
161.888839 48.961994
162.563771 50.392994
163.238704 50.397995
163.913636 50.402996
164.588569 50.407993
165.263501 49.699997
165.938433 49.704998
166.613366 49.709999
167.288298 48.288998
167.963230 48.293995
168.638163 48.298996
169.313095 48.303997
169.988028 42.603996
170.662960 42.608994
171.337892 42.613995
172.012825 41.192993
172.687757 41.082993
173.362689 41.087994
174.037622 41.200993
174.712554 39.786999
175.387486 39.791996
176.062419 39.796997
176.737351 38.375996
177.412284 38.380993
178.087216 38.385998
178.762148 38.390995
179.437081 37.682999
180.112013 37.687996
180.786945 37.692997
181.461878 36.983994
182.136810 36.988995
182.811743 36.993996
183.486675 36.998997
184.161607 40.569996
184.836540 40.574997
185.511472 40.579998
186.186404 41.297993
186.861337 41.302994
187.536269 41.307995
188.211201 41.312996
188.886134 43.456993
189.561066 43.461994
190.235999 43.466991
190.910931 46.646992
191.585863 47.199997
192.260796 47.204998
192.935728 47.574997
193.610660 49.040993
194.285593 49.045990
194.960525 51.973995
195.635458 53.805992
196.310390 56.002995
196.985322 56.007996
197.660255 59.118992
198.335187 61.863991
199.010119 61.868992
199.685052 63.152992
200.359984 64.801994
201.034916 64.806992
201.709849 66.455994
202.384781 67.921989
203.059714 69.205994
203.734646 69.210991
204.409578 69.215996
205.084511 69.403992
205.759443 69.408989
206.434375 68.682991
207.109308 68.322990
207.784240 67.596985
208.459172 67.601990
209.134105 66.510986
209.809037 65.784988
210.483970 65.789993
211.158902 64.332993
211.833834 63.241989
212.508767 62.516991
213.183699 62.521988
213.858631 61.228996
214.533564 60.887993
215.208496 60.892990
215.883429 60.205990
216.558361 58.827995
217.233293 57.102993
217.908226 57.107994
218.583158 55.728996
219.258090 54.695988
219.933023 54.700993
220.607955 54.705990
221.282887 55.056992
221.957820 55.407993
222.632752 55.412994
223.307685 56.109997
223.982617 57.843994
224.657549 57.848999
225.332482 60.275993
226.007414 61.664993
226.682346 62.707993
227.357279 62.712994
228.032211 64.447990
228.707144 66.182991
229.382076 66.187988
230.057008 68.614983
230.731941 72.771988
231.406873 75.889992
232.081805 75.894981
232.756738 80.051994
233.431670 84.900993
234.106602 84.905991
234.781535 91.468987
235.456467 97.643982
236.131400 108.139984
236.806332 108.150002
237.481264 113.819992
238.156197 127.329987
238.831129 127.329987
239.506061 140.669983
240.180994 160.339981
240.855926 174.679977
241.530859 174.679977
242.205791 192.359985
242.880723 191.189987
243.555656 191.199997
244.230588 212.029968
244.905520 205.039978
245.580453 202.379990
246.255385 202.389999
246.930317 187.389999
247.605250 184.559998
248.280182 184.559998
248.955115 178.069992
249.630047 174.239990
250.304979 145.250000
250.979912 145.250000
251.654844 135.929977
252.329776 116.589981
253.004709 116.599998
253.679641 102.769989
254.354574 76.461990
255.029506 76.466988
255.704438 76.471992
256.379371 75.305992
257.054303 75.310989
257.729235 75.315994
258.404168 74.539993
259.079100 74.544983
259.754032 69.863991
260.428965 69.868988
261.103897 69.873993
261.778830 69.488991
262.453762 69.493988
263.128694 69.498993
263.803627 67.550987
264.478559 67.555992
265.153491 67.560989
265.828424 65.222992
266.503356 65.227989
267.178289 65.232994
267.853221 64.456993
268.528153 64.461990
269.203086 63.295986
269.878018 63.300991
270.552950 63.305992
271.227883 62.139996
271.902815 62.589993
272.577747 62.594994
273.252680 62.444992
273.927612 62.604996
274.602545 62.609997
275.277477 62.614994
275.952409 63.390991
276.627342 64.012993
277.302274 64.017990
277.977206 64.022995
278.652139 64.335991
279.327071 64.340988
280.002004 64.653992
280.676936 65.892990
281.351868 66.823997
282.026801 66.828995
282.701733 67.912994
283.376665 69.460991
284.051598 69.465996
284.726530 71.475990
285.401462 76.012993
286.076395 81.687988
286.751327 81.692993
287.426260 93.857994
288.101192 93.202995
288.776124 114.359993
289.451057 114.369987
290.125989 123.539986
290.800921 133.219986
291.475854 133.219986
292.150786 161.889984
292.825719 189.729980
293.500651 220.399994
294.175583 220.399994
294.850516 259.579956
295.525448 295.579956
296.200380 295.589966
296.875313 328.089966
297.550245 339.769989
298.225177 355.769989
298.900110 355.779999
299.575042 372.439972
300.249975 349.289978
300.924907 349.289978
301.599839 342.959961
302.274772 306.299988
302.949704 282.639984
303.624636 282.639984
304.299569 260.479950
304.974501 214.979965
305.649434 179.489990
306.324366 179.489990
306.999298 150.169983
307.674231 146.000000
308.349163 146.009995
309.024095 127.509995
309.699028 115.359993
310.373960 102.359993
311.048892 102.369995
311.723825 95.377991
312.398757 88.712990
313.073690 88.717987
313.748622 86.392990
314.423554 79.557991
315.098487 75.695992
315.773419 75.700989
316.448351 75.705994
317.123284 72.587990
317.798216 72.201996
318.473149 72.206993
319.148081 69.478996
319.823013 67.921989
320.497946 67.926994
321.172878 67.541985
321.847810 67.155998
322.522743 66.379997
323.197675 66.384987
323.872607 65.218994
324.547540 66.394981
325.222472 66.399994
325.897405 66.404991
326.572337 66.409996
327.247269 66.414986
327.922202 66.419991
328.597134 66.815994
329.272066 66.820984
329.946999 66.825989
330.621931 66.830986
331.296864 67.615997
331.971796 68.401993
332.646728 68.406990
333.321661 68.411987
333.996593 69.978996
334.671525 70.764984
335.346458 70.769989
336.021390 71.946991
336.696322 72.341988
337.371255 72.736992
338.046187 72.741989
338.721120 73.918991
339.396052 75.680992
340.070984 75.685997
340.745917 75.885994
341.420849 77.842987
342.095781 78.628990
342.770714 78.633995
343.445646 81.372993
344.120578 81.377991
344.795511 81.382996
345.470443 81.387993
346.145376 82.172997
346.820308 83.349998
347.495240 83.354980
348.170173 86.092987
348.845105 86.878990
349.520037 90.007996
350.194970 90.012993
350.869902 91.188988
351.544835 95.488983
352.219767 99.788986
352.894699 99.793983
353.569632 100.579994
354.244564 101.359993
354.919496 101.369995
355.594429 102.929985
356.269361 108.699997
356.944293 110.709991
357.619226 110.709991
358.294158 116.549995
358.969091 124.879990
359.644023 125.059998
360.318955 125.059998
360.993888 131.739975
361.668820 143.569992
362.343752 143.579987
363.018685 149.909988
363.693617 153.419983
364.368550 162.089981
365.043482 162.099991
365.718414 183.429977
366.393347 185.609985
367.068279 205.939987
367.743211 205.949997
368.418144 216.789978
369.093076 238.129974
369.768008 238.129974
370.442941 258.639984
371.117873 271.969971
371.792806 299.319977
372.467738 299.319977
373.142670 320.659973
373.817603 335.989990
374.492535 372.000000
375.167467 372.000000
375.842400 419.509949
376.517332 434.009949
377.192265 477.859924
377.867197 477.859924
378.542129 528.029968
379.217062 575.199951
379.891994 575.209900
380.566926 624.539978
381.241859 664.889954
381.916791 741.719971
382.591723 741.729980
383.266656 786.729980
383.941588 841.739929
384.616521 853.239929
385.291453 853.249878
385.966385 875.249878
386.641318 911.429932
387.316250 911.429932
387.991182 892.769897
388.666115 860.099976
389.341047 858.109924
390.015980 858.109924
390.690912 811.619934
391.365844 754.959961
392.040777 725.469910
392.715709 725.469910
393.390641 650.809937
394.065574 633.479980
394.740506 584.649963
395.415438 584.649963
396.090371 551.500000
396.765303 512.159912
397.440236 512.169922
398.115168 483.169952
398.790100 447.019958
399.465033 433.350006
400.139965 433.359924
400.814897 395.689972
401.489830 372.369995
402.164762 347.539978
402.839695 347.549988
403.514627 319.879974
404.189559 299.719971
404.864492 276.889984
405.539424 276.899994
406.214356 255.399994
406.889289 242.409973
407.564221 242.409973
408.239153 220.089981
408.914086 208.919983
409.589018 208.599991
410.263951 208.599991
410.938883 206.109970
411.613815 198.939987
412.288748 215.949997
412.963680 215.949997
413.638612 192.459991
414.313545 196.129990
414.988477 201.639999
415.663410 201.639999
416.338342 194.649994
417.013274 190.809998
417.688207 190.819992
418.363139 182.819992
419.038071 190.169983
419.713004 171.329987
420.387936 171.339996
421.062868 170.179977
421.737801 165.019989
422.412733 165.689987
423.087666 165.699997
423.762598 145.699997
424.437530 144.869995
425.112463 137.539978
425.787395 137.549988
426.462327 139.049988
427.137260 132.229980
427.812192 123.229988
428.487125 123.239983
429.162057 125.739983
429.836989 123.250000
430.511922 123.250000
431.186854 119.259995
431.861786 116.589981
432.536719 115.429985
433.211651 115.429985
433.886583 105.439987
434.561516 102.279999
435.236448 102.789986
435.911381 102.789986
436.586313 97.800995
437.261245 90.493988
437.936178 88.928986
438.611110 88.932991
439.286042 87.367989
439.960975 84.231987
440.635907 81.723999
441.310840 81.728996
441.985772 80.477989
442.660704 78.283989
443.335637 78.288994
444.010569 77.351990
444.685501 75.785995
445.360434 74.534988
446.035366 74.539993
446.710298 73.601990
447.385231 72.350990
448.060163 72.355995
448.735096 72.360992
449.410028 71.423996
450.084960 70.171989
450.759893 68.292992
451.434825 68.297997
452.109757 67.987991
452.784690 68.621986
453.459622 68.626991
454.134555 68.631989
454.809487 69.264984
455.484419 71.153992
456.159352 71.158989
456.834284 71.163994
457.509216 72.739990
458.184149 76.513992
458.859081 76.518990
459.534013 78.408989
460.208946 80.926994
460.883878 85.328987
461.558811 85.333984
462.233743 87.537994
462.908675 89.740990
463.583608 90.160988
464.258540 90.165985
464.933472 92.510986
465.608405 96.845985
466.283337 99.520996
466.958270 99.525993
467.633202 107.029991
468.308134 118.859993
468.983067 121.539986
469.657999 121.539986
470.332931 121.049995
471.007864 119.209991
471.682796 123.559998
472.357728 123.559998
473.032661 143.229980
473.707593 154.399994
474.382526 152.409988
475.057458 152.409988
475.732390 159.750000
476.407323 163.919983
477.082255 163.929977
477.757187 168.429977
478.432120 174.609985
479.107052 185.109985
479.781985 185.119995
480.456917 182.449997
481.131849 190.289993
481.806782 182.629990
482.481714 182.639999
483.156646 176.469986
483.831579 164.809998
484.506511 171.309998
485.181443 171.319992
485.856376 159.489975
486.531308 133.500000
487.206241 140.669983
487.881173 140.679977
488.556105 125.679985
489.231038 119.019989
489.905970 101.349998
490.580902 101.359993
491.255835 101.359993
491.930767 94.539993
492.605699 81.215996
493.280632 81.219994
493.955564 77.384987
494.630497 70.389992
495.305429 67.225990
495.980361 67.230988
496.655294 65.390991
497.330226 64.604996
498.005158 62.765991
498.680091 62.770988
499.355023 61.193993
500.029956 57.772995
500.704888 57.250992
501.379820 57.255989
502.054753 57.260990
502.729685 57.265991
503.404617 57.270988
504.079550 54.376995
504.754482 53.063992
505.429414 53.068993
506.104347 53.073997
506.779279 52.815990
507.454212 49.921993
508.129144 49.926994
508.804076 49.931992
509.479009 49.672997
510.153941 49.150993
510.828873 49.155991
511.503806 49.160992
512.178738 49.165993
512.853671 48.643997
513.528603 48.648998
514.203535 48.653996
514.878468 48.658997
515.553400 48.926994
516.228332 48.931992
516.903265 48.936996
517.578197 48.941994
518.253129 48.946991
518.928062 48.951996
519.602994 48.956993
520.277927 49.752995
520.952859 49.757996
521.627791 50.026993
522.302724 50.031994
522.977656 51.090992
523.652588 52.149998
524.327521 54.526993
525.002453 54.531994
525.677386 55.063992
526.352318 55.595989
527.027250 56.918991
527.702183 56.923996
528.377115 58.245987
529.052047 59.304996
529.726980 61.418991
530.401912 61.423996
531.076844 61.955990
531.751777 63.278996
532.426709 63.810993
533.101642 63.815990
533.776574 65.928993
534.451506 69.623993
535.126439 73.581993
535.801371 73.586990
536.476303 76.490990
537.151236 78.076996
537.826168 81.244987
538.501101 81.250000
539.176033 87.719994
539.850965 88.724983
540.525898 104.400002
541.200830 104.400002
541.875762 98.239990
542.550695 110.079987
543.225627 121.419991
543.900559 121.419991
544.575492 125.259995
545.250424 125.759995
545.925357 140.439987
546.600289 140.439987
547.275221 134.279984
547.950154 141.619995
548.625086 142.459991
549.300018 142.459991
549.974951 138.299988
550.649883 148.639984
551.324816 139.149994
551.999748 139.149994
552.674680 134.489975
553.349613 135.989975
554.024545 126.000000
554.699477 126.000000
555.374410 113.339981
556.049342 111.179985
556.724274 98.519997
557.399207 98.524994
558.074139 101.699997
558.749072 74.864983
559.424004 67.369987
560.098936 67.374992
560.773869 55.250000
561.448801 54.639996
562.123733 53.413994
562.798666 53.418991
563.473598 49.115993
564.148531 41.735992
564.823463 41.740993
565.498395 41.745991
566.173328 38.057999
566.848260 31.907995
567.523192 30.682995
568.198125 30.687996
568.873057 28.230995
569.547989 26.388996
570.222922 25.778997
570.897854 25.783995
571.572787 23.942995
572.247719 22.716997
572.922651 21.490995
573.597584 21.495996
574.272516 20.884998
574.947448 19.658998
575.622381 19.664000
576.297313 19.668997
576.972246 18.443998
577.647178 17.217997
578.322110 17.222998
578.997043 17.227997
579.671975 17.232998
580.346907 16.006998
581.021840 16.011999
581.696772 16.016996
582.371704 14.790998
583.046637 14.795999
583.721569 14.184999
584.396502 14.189999
585.071434 14.195000
585.746366 12.968998
586.421299 12.973997
587.096231 12.978997
587.771163 12.983997
588.446096 12.373998
589.121028 12.378998
589.795961 11.767998
590.470893 11.772998
591.145825 11.777999
591.820758 11.782998
592.495690 11.787998
593.170622 11.792998
593.845555 11.182998
594.520487 11.187999
595.195419 11.192998
595.870352 11.197998
596.545284 10.586998
597.220217 10.591999
597.895149 10.596999
598.570081 10.601998
599.245014 10.606998
599.919946 10.611999
600.594878 10.001999
601.269811 10.006999
601.944743 10.011999
602.619676 10.016999
603.294608 9.407000
603.969540 9.411999
604.644473 9.417000
605.319405 8.219898
605.994337 8.224898
606.669270 8.229898
607.344202 7.230899
608.019134 7.235899
608.694067 7.491899
609.368999 7.747900
610.043932 7.752899
610.718864 7.506899
611.393796 7.511899
612.068729 7.516899
612.743661 7.521899
613.418593 7.526799
614.093526 7.782799
614.768458 7.787799
615.443391 7.792799
616.118323 7.295799
616.793255 7.300799
617.468188 7.305799
618.143120 7.310799
618.818052 7.315799
619.492985 7.320799
620.167917 7.325799
620.842849 7.330799
621.517782 7.335699
622.192714 6.587799
622.867647 6.592799
623.542579 6.597798
624.217511 6.602799
624.892444 6.607799
625.567376 6.612799
626.242308 6.617699
626.917241 6.622699
627.592173 6.627699
628.267105 6.883699
628.942038 7.139699
629.616970 7.144699
630.291903 7.149599
630.966835 6.401699
631.641767 6.155699
632.316700 6.160699
632.991632 6.165699
633.666564 6.170699
634.341497 6.175699
635.016429 6.180699
635.691362 6.185699
636.366294 6.190599
637.041226 6.195599
637.716159 6.200599
638.391091 6.205599
639.066023 6.210599
639.740956 6.215599
640.415888 6.220599
641.090820 6.225599
641.765753 6.230599
642.440685 6.486499
643.115618 6.993499
643.790550 6.998498
644.465482 7.129999
645.140415 6.698998
645.815347 6.703999
646.490279 6.708999
647.165212 6.713999
647.840144 5.847099
648.515077 5.852098
649.190009 5.857099
649.864941 5.862098
650.539874 5.867098
651.214806 5.872099
651.889738 5.877099
652.564671 5.882099
653.239603 5.886999
653.914535 5.891999
654.589468 6.094598
655.264400 6.099598
655.939333 6.342999
656.614265 6.347899
657.289197 6.570899
657.964130 6.575899
658.639062 6.798799
659.313994 6.803799
659.988927 6.979599
660.663859 6.984599
661.338792 7.254799
662.013724 7.550399
662.688656 7.768399
663.363589 7.773399
664.038521 8.146599
664.713453 8.151599
665.388386 8.156599
666.063318 8.161599
666.738250 8.166598
667.413183 8.171599
668.088115 7.740600
668.763048 7.527599
669.437980 7.532598
670.112912 6.883699
670.787845 6.888699
671.462777 6.893699
672.137709 6.898699
672.812642 6.903698
673.487574 6.472699
674.162507 6.332399
674.837439 6.337399
675.512371 6.197099
676.187304 6.056699
676.862236 6.020699
677.537168 5.979699
678.212101 5.984699
678.887033 5.946099
679.561965 5.907599
680.236898 5.869099
680.911830 5.874099
681.586763 5.820799
682.261695 5.762599
682.936627 5.738799
683.611560 5.743799
684.286492 5.680699
684.961424 5.685699
685.636357 5.690699
686.311289 5.695699
686.986222 5.700699
687.661154 5.705599
688.336086 5.710599
689.011019 5.715599
689.685951 5.720599
690.360883 5.725599
691.035816 5.730599
691.710748 6.171499
692.385680 6.176499
693.060613 6.617498
693.735545 6.840399
694.410478 7.063399
695.085410 7.504299
695.760342 7.509298
696.435275 7.514299
697.110207 7.519298
697.785139 7.524299
698.460072 7.529299
699.135004 7.534298
699.809937 7.103299
