699.749939 15.000000
699.074995 22.000000
698.400052 5.000000
697.725108 5.000000
697.050164 11.000000
696.375221 9.000000
695.700277 19.000000
695.025334 25.000000
694.350390 25.000000
693.675446 15.000000
693.000503 16.000000
692.325559 6.000000
691.650615 6.000000
690.975672 9.000000
690.300728 10.000000
689.625784 5.000000
688.950841 5.000000
688.275897 0.000000
687.600954 17.000000
686.926010 11.000000
686.251066 13.000000
685.576123 13.000000
684.901179 15.000000
684.226235 12.000000
683.551292 1.000000
682.876348 1.000000
682.201405 15.000000
681.526461 5.000000
680.851517 5.000000
680.176574 5.000000
679.501630 20.000000
678.826686 21.000000
678.151743 16.000000
677.476799 16.000000
676.801855 27.000000
676.126912 11.000000
675.451968 10.000000
674.777025 8.000000
674.102081 8.000000
673.427137 8.000000
672.752194 9.000000
672.077250 14.000000
671.402306 14.000000
670.727363 8.000000
670.052419 27.000000
669.377476 23.000000
668.702532 23.000000
668.027588 29.000000
667.352645 22.000000
666.677701 15.000000
666.002757 21.000000
665.327814 21.000000
664.652870 16.000000
663.977926 17.000000
663.302983 10.000000
662.628039 10.000000
661.953096 16.000000
661.278152 23.000000
660.603208 29.000000
659.928265 29.000000
659.253321 16.000000
658.578377 30.000000
657.903434 17.000000
657.228490 17.000000
656.553547 26.000000
655.878603 27.000000
655.203659 5.000000
654.528716 35.000000
653.853772 35.000000
653.178828 24.000000
652.503885 37.000000
651.828941 25.000000
651.153997 25.000000
650.479054 18.000000
649.804110 19.000000
649.129167 43.000000
648.454223 43.000000
647.779279 33.000000
647.104336 37.000000
646.429392 31.000000
645.754448 31.000000
645.079505 30.000000
644.404561 41.000000
643.729618 43.000000
643.054674 43.000000
642.379730 50.000000
641.704787 51.000000
641.029843 51.000000
640.354899 31.000000
639.679956 31.000000
639.005012 73.000000
638.330068 49.000000
637.655125 54.000000
636.980181 54.000000
636.305238 70.000000
635.630294 57.000000
634.955350 58.000000
634.280407 58.000000
633.605463 75.000000
632.930519 66.000000
632.255576 63.000000
631.580632 63.000000
630.905689 73.000000
630.230745 62.000000
629.555801 57.000000
628.880858 57.000000
628.205914 72.000000
627.530970 94.000000
626.856027 68.000000
626.181083 85.000000
625.506139 85.000000
624.831196 77.000000
624.156252 83.000000
623.481309 95.000000
622.806365 95.000000
622.131421 85.000000
621.456478 89.000000
620.781534 65.000000
620.106590 65.000000
619.431647 92.000000
618.756703 108.000000
618.081760 102.000000
617.406816 102.000000
616.731872 95.000000
616.056929 101.000000
615.381985 74.000000
614.707041 74.000000
614.032098 87.000000
613.357154 95.000000
612.682210 90.000000
612.007267 90.000000
611.332323 95.000000
610.657380 107.000000
609.982436 73.000000
609.307492 95.000000
608.632549 95.000000
607.957605 97.000000
607.282661 78.000000
606.607718 74.000000
605.932774 74.000000
605.257831 75.000000
604.582887 102.000000
603.907943 75.000000
603.233000 75.000000
602.558056 97.000000
601.883112 95.000000
601.208169 86.000000
600.533225 86.000000
599.858281 110.000000
599.183338 114.000000
598.508394 125.000000
597.833451 125.000000
597.158507 118.000000
596.483563 132.000000
595.808620 113.000000
595.133676 113.000000
594.458732 131.000000
593.783789 130.000000
593.108845 121.000000
592.433902 121.000000
591.758958 149.000000
591.084014 139.000000
590.409071 154.000000
589.734127 154.000000
589.059183 154.000000
588.384240 149.000000
587.709296 157.000000
587.034352 157.000000
586.359409 202.000000
585.684465 183.000000
585.009522 214.000000
584.334578 192.000000
583.659634 192.000000
582.984691 212.000000
582.309747 198.000000
581.634803 234.000000
580.959860 234.000000
580.284916 249.000000
579.609972 251.000000
578.935029 283.000000
578.260085 283.000000
577.585142 296.000000
576.910198 307.000000
576.235254 318.000000
575.560311 318.000000
574.885367 363.000000
574.210423 400.000000
573.535480 408.000000
572.860536 408.000000
572.185593 441.000000
571.510649 471.000000
570.835705 508.000000
570.160762 508.000000
569.485818 524.000000
568.810874 605.000000
568.135931 611.000000
567.460987 611.000000
566.786043 669.000000
566.111100 728.000000
565.436156 832.000000
564.761213 832.000000
564.086269 923.000000
563.411325 1012.000000
562.736382 1126.000000
562.061438 1126.000000
561.386494 1300.000000
560.711551 1441.000000
560.036607 1610.000000
559.361664 1610.000000
558.686720 1845.000000
558.011776 2131.000000
557.336833 2469.000000
556.661889 2469.000000
555.986945 2903.000000
555.312002 3294.000000
554.637058 3889.000000
553.962114 3889.000000
553.287171 4419.000000
552.612227 5169.000000
551.937284 5679.000000
551.262340 5679.000000
550.587396 6163.000000
549.912453 6461.000000
549.237509 6740.000000
548.562565 6740.000000
547.887622 6541.000000
547.212678 6269.000000
546.537735 5807.000000
545.862791 5807.000000
545.187847 5162.000000
544.512904 4718.000000
543.837960 4155.000000
543.163016 4155.000000
542.488073 3727.000000
541.813129 3190.000000
541.138185 2892.000000
540.463242 2892.000000
539.788298 2598.000000
539.113355 2285.000000
538.438411 2063.000000
537.763467 2063.000000
537.088524 1848.000000
536.413580 1712.000000
535.738636 1577.000000
535.063693 1577.000000
534.388749 1509.000000
533.713806 1368.000000
533.038862 1212.000000
532.363918 1212.000000
531.688975 1148.000000
531.014031 1097.000000
530.339087 994.000000
529.664144 994.000000
528.989200 960.000000
528.314256 931.000000
527.639313 872.000000
526.964369 872.000000
526.289426 886.000000
525.614482 773.000000
524.939538 793.000000
524.264595 793.000000
523.589651 728.000000
522.914707 698.000000
522.239764 692.000000
521.564820 692.000000
520.889877 663.000000
520.214933 655.000000
519.539989 603.000000
518.865046 603.000000
518.190102 588.000000
517.515158 547.000000
516.840215 523.000000
516.165271 523.000000
515.490327 508.000000
514.815384 446.000000
514.140440 431.000000
513.465497 431.000000
512.790553 436.000000
512.115609 409.000000
511.440666 381.000000
510.765722 381.000000
510.090778 363.000000
509.415835 333.000000
508.740891 329.000000
508.065948 329.000000
507.391004 326.000000
506.716060 275.000000
506.041117 297.000000
505.366173 297.000000
504.691229 286.000000
504.016286 264.000000
503.341342 268.000000
502.666398 268.000000
501.991455 271.000000
501.316511 233.000000
500.641568 249.000000
499.966624 249.000000
499.291680 245.000000
498.616737 244.000000
497.941793 244.000000
497.266849 256.000000
496.591906 243.000000
495.916962 230.000000
495.242019 230.000000
494.567075 224.000000
493.892131 236.000000
493.217188 257.000000
492.542244 257.000000
491.867300 261.000000
491.192357 267.000000
490.517413 294.000000
489.842469 294.000000
489.167526 253.000000
488.492582 317.000000
487.817639 314.000000
487.142695 314.000000
486.467751 340.000000
485.792808 362.000000
485.117864 350.000000
484.442920 350.000000
483.767977 413.000000
483.093033 449.000000
482.418090 446.000000
481.743146 446.000000
481.068202 470.000000
480.393259 485.000000
479.718315 478.000000
479.043371 478.000000
478.368428 464.000000
477.693484 436.000000
477.018540 433.000000
476.343597 433.000000
475.668653 420.000000
474.993710 386.000000
474.318766 397.000000
473.643822 397.000000
472.968879 326.000000
472.293935 328.000000
471.618991 328.000000
470.944048 326.000000
470.269104 292.000000
469.594161 288.000000
468.919217 288.000000
468.244273 283.000000
467.569330 254.000000
466.894386 244.000000
466.219442 244.000000
465.544499 236.000000
464.869555 242.000000
464.194611 222.000000
463.519668 222.000000
462.844724 219.000000
462.169781 245.000000
461.494837 226.000000
460.819893 226.000000
460.144950 237.000000
459.470006 221.000000
458.795062 226.000000
458.120119 226.000000
457.445175 236.000000
456.770232 235.000000
456.095288 229.000000
455.420344 229.000000
454.745401 201.000000
454.070457 230.000000
453.395513 230.000000
452.720570 188.000000
452.045626 206.000000
451.370682 203.000000
450.695739 203.000000
450.020795 189.000000
449.345852 200.000000
448.670908 185.000000
447.995964 185.000000
447.321021 162.000000
446.646077 155.000000
445.971133 147.000000
445.296190 147.000000
444.621246 125.000000
443.946302 140.000000
443.271359 136.000000
442.596415 136.000000
441.921472 113.000000
441.246528 138.000000
440.571584 138.000000
439.896641 118.000000
439.221697 114.000000
438.546753 124.000000
437.871810 124.000000
437.196866 109.000000
436.521923 128.000000
435.846979 101.000000
435.172035 101.000000
434.497092 96.000000
433.822148 101.000000
433.147204 119.000000
432.472261 119.000000
431.797317 95.000000
431.122373 95.000000
430.447430 121.000000
429.772486 121.000000
429.097543 95.000000
428.422599 106.000000
427.747655 106.000000
427.072712 108.000000
426.397768 88.000000
425.722824 95.000000
425.047881 95.000000
424.372937 78.000000
423.697994 109.000000
423.023050 95.000000
422.348106 95.000000
421.673163 101.000000
420.998219 102.000000
420.323275 95.000000
419.648332 95.000000
418.973388 110.000000
418.298444 93.000000
417.623501 95.000000
416.948557 95.000000
416.273614 91.000000
415.598670 100.000000
414.923726 100.000000
414.248783 103.000000
413.573839 137.000000
412.898895 106.000000
412.223952 106.000000
411.549008 98.000000
410.874065 112.000000
410.199121 119.000000
409.524177 119.000000
408.849234 128.000000
408.174290 126.000000
407.499346 130.000000
406.824403 130.000000
406.149459 151.000000
405.474515 137.000000
404.799572 137.000000
404.124628 188.000000
403.449685 181.000000
402.774741 208.000000
402.099797 208.000000
401.424854 200.000000
400.749910 227.000000
400.074966 245.000000
399.400023 245.000000
398.725079 305.000000
398.050136 342.000000
397.375192 380.000000
396.700248 380.000000
396.025305 450.000000
395.350361 515.000000
394.675417 515.000000
394.000474 648.000000
393.325530 741.000000
392.650586 859.000000
391.975643 859.000000
391.300699 889.000000
390.625756 972.000000
389.950812 958.000000
389.275868 958.000000
388.600925 949.000000
387.925981 802.000000
387.251037 719.000000
386.576094 719.000000
385.901150 594.000000
385.226207 524.000000
384.551263 524.000000
383.876319 461.000000
383.201376 399.000000
382.526432 343.000000
381.851488 343.000000
381.176545 300.000000
380.501601 283.000000
379.826657 244.000000
379.151714 244.000000
378.476770 215.000000
377.801827 215.000000
377.126883 215.000000
376.451939 194.000000
375.776996 190.000000
375.102052 175.000000
374.427108 175.000000
373.752165 174.000000
373.077221 147.000000
372.402278 153.000000
371.727334 153.000000
371.052390 134.000000
370.377447 136.000000
369.702503 135.000000
369.027559 135.000000
368.352616 128.000000
367.677672 122.000000
367.002728 122.000000
366.327785 125.000000
365.652841 129.000000
364.977898 131.000000
364.302954 131.000000
363.628010 123.000000
362.953067 109.000000
362.278123 118.000000
361.603179 118.000000
360.928236 122.000000
360.253292 129.000000
359.578349 129.000000
358.903405 110.000000
358.228461 119.000000
357.553518 115.000000
356.878574 115.000000
356.203630 114.000000
355.528687 114.000000
354.853743 117.000000
354.178799 117.000000
353.503856 113.000000
352.828912 119.000000
352.153969 119.000000
351.479025 112.000000
350.804081 120.000000
350.129138 144.000000
349.454194 144.000000
348.779250 134.000000
348.104307 149.000000
347.429363 139.000000
346.754420 139.000000
346.079476 155.000000
345.404532 159.000000
344.729589 159.000000
344.054645 154.000000
343.379701 185.000000
342.704758 179.000000
342.029814 179.000000
341.354870 211.000000
340.679927 204.000000
340.004983 198.000000
339.330040 198.000000
338.655096 196.000000
337.980152 219.000000
337.305209 219.000000
336.630265 205.000000
335.955321 183.000000
335.280378 191.000000
334.605434 191.000000
333.930491 184.000000
333.255547 176.000000
332.580603 192.000000
331.905660 192.000000
331.230716 166.000000
330.555772 165.000000
329.880829 165.000000
329.205885 164.000000
328.530941 186.000000
327.855998 191.000000
327.181054 191.000000
326.506111 198.000000
325.831167 219.000000
325.156223 219.000000
324.481280 211.000000
323.806336 257.000000
323.131392 265.000000
322.456449 265.000000
321.781505 282.000000
321.106562 294.000000
320.431618 331.000000
319.756674 331.000000
319.081731 376.000000
318.406787 442.000000
317.731843 442.000000
317.056900 457.000000
316.381956 516.000000
315.707012 531.000000
315.032069 531.000000
314.357125 539.000000
313.682182 568.000000
313.007238 591.000000
312.332294 591.000000
311.657351 526.000000
310.982407 522.000000
310.307463 522.000000
309.632520 479.000000
308.957576 444.000000
308.282633 418.000000
307.607689 418.000000
306.932745 392.000000
306.257802 378.000000
305.582858 378.000000
304.907914 351.000000
304.232971 302.000000
303.558027 285.000000
302.883083 285.000000
302.208140 281.000000
301.533196 261.000000
300.858253 254.000000
300.183309 254.000000
299.508365 247.000000
298.833422 223.000000
298.158478 223.000000
297.483534 196.000000
296.808591 209.000000
296.133647 178.000000
295.458703 178.000000
294.783760 196.000000
294.108816 155.000000
293.433873 155.000000
292.758929 174.000000
292.083985 172.000000
291.409042 184.000000
290.734098 184.000000
290.059154 195.000000
289.384211 169.000000
288.709267 184.000000
288.034324 184.000000
287.359380 191.000000
286.684436 159.000000
286.009493 159.000000
285.334549 144.000000
284.659605 160.000000
283.984662 130.000000
283.309718 130.000000
282.634774 122.000000
281.959831 132.000000
281.284887 132.000000
280.609944 110.000000
279.935000 102.000000
279.260056 93.000000
278.585113 93.000000
277.910169 88.000000
277.235225 102.000000
276.560282 102.000000
275.885338 72.000000
275.210395 92.000000
274.535451 85.000000
273.860507 85.000000
273.185564 78.000000
272.510620 73.000000
271.835676 73.000000
271.160733 86.000000
270.485789 81.000000
269.810845 86.000000
269.135902 86.000000
268.460958 74.000000
267.786015 76.000000
267.111071 80.000000
266.436127 80.000000
265.761184 62.000000
265.086240 80.000000
264.411296 80.000000
263.736353 73.000000
263.061409 66.000000
262.386466 70.000000
261.711522 70.000000
261.036578 70.000000
260.361635 84.000000
259.686691 84.000000
259.011747 99.000000
258.336804 78.000000
257.661860 76.000000
256.986916 76.000000
256.311973 101.000000
255.637029 78.000000
254.962086 78.000000
254.287142 108.000000
253.612198 106.000000
252.937255 107.000000
252.262311 107.000000
251.587367 86.000000
250.912424 104.000000
250.237480 104.000000
249.562537 104.000000
248.887593 102.000000
248.212649 114.000000
247.537706 114.000000
246.862762 114.000000
246.187818 134.000000
245.512875 134.000000
244.837931 137.000000
244.162987 138.000000
243.488044 137.000000
242.813100 137.000000
242.138157 141.000000
241.463213 166.000000
240.788269 166.000000
240.113326 184.000000
239.438382 186.000000
238.763438 216.000000
238.088495 216.000000
237.413551 218.000000
236.738608 224.000000
236.063664 224.000000
235.388720 242.000000
234.713777 261.000000
234.038833 279.000000
233.363889 279.000000
232.688946 262.000000
232.014002 309.000000
231.339058 309.000000
230.664115 314.000000
229.989171 356.000000
229.314228 378.000000
228.639284 378.000000
227.964340 404.000000
227.289397 448.000000
226.614453 448.000000
225.939509 488.000000
225.264566 532.000000
224.589622 612.000000
223.914679 612.000000
223.239735 578.000000
222.564791 579.000000
221.889848 579.000000
221.214904 605.000000
220.539960 489.000000
219.865017 458.000000
219.190073 458.000000
218.515129 374.000000
217.840186 325.000000
217.165242 325.000000
216.490299 292.000000
215.815355 238.000000
215.140411 202.000000
214.465468 202.000000
213.790524 198.000000
213.115580 181.000000
212.440637 181.000000
211.765693 156.000000
211.090750 121.000000
210.415806 112.000000
209.740862 112.000000
209.065919 118.000000
208.390975 109.000000
207.716031 109.000000
207.041088 99.000000
206.366144 99.000000
205.691200 78.000000
205.016257 78.000000
204.341313 82.000000
203.666370 82.000000
202.991426 82.000000
202.316482 74.000000
201.641539 70.000000
200.966595 83.000000
200.291651 83.000000
199.616708 84.000000
198.941764 78.000000
198.266821 78.000000
197.591877 87.000000
196.916933 75.000000
196.241990 75.000000
195.567046 86.000000
194.892102 80.000000
194.217159 68.000000
193.542215 68.000000
192.867271 82.000000
192.192328 78.000000
191.517384 78.000000
190.842441 74.000000
190.167497 82.000000
189.492553 70.000000
188.817610 70.000000
188.142666 102.000000
187.467722 95.000000
186.792779 95.000000
186.117835 97.000000
185.442892 82.000000
184.767948 98.000000
184.093004 98.000000
183.418061 92.000000
182.743117 114.000000
182.068173 114.000000
181.393230 100.000000
180.718286 89.000000
180.043342 86.000000
179.368399 86.000000
178.693455 89.000000
178.018512 101.000000
177.343568 101.000000
176.668624 91.000000
175.993681 111.000000
175.318737 111.000000
174.643793 106.000000
173.968850 100.000000
173.293906 134.000000
172.618963 134.000000
171.944019 111.000000
171.269075 129.000000
170.594132 129.000000
169.919188 130.000000
169.244244 140.000000
168.569301 151.000000
167.894357 151.000000
167.219413 172.000000
166.544470 225.000000
165.869526 225.000000
165.194583 242.000000
164.519639 297.000000
163.844695 297.000000
163.169752 288.000000
162.494808 301.000000
161.819864 300.000000
161.144921 300.000000
160.469977 308.000000
159.795033 330.000000
159.120090 330.000000
158.445146 341.000000
157.770203 422.000000
157.095259 516.000000
156.420315 516.000000
155.745372 600.000000
155.070428 772.000000
154.395484 772.000000
153.720541 1001.000000
153.045597 1291.000000
152.370654 1291.000000
151.695710 1557.000000
151.020766 1676.000000
150.345823 1799.000000
149.670879 1799.000000
148.995935 1786.000000
148.320992 1786.000000
147.646048 1786.000000
146.971104 1993.000000
146.296161 1996.000000
145.621217 1606.000000
144.946274 1606.000000
144.271330 1142.000000
143.596386 915.000000
142.921443 915.000000
142.246499 795.000000
141.571555 676.000000
140.896612 676.000000
140.221668 533.000000
139.546725 441.000000
138.871781 395.000000
138.196837 395.000000
137.521894 367.000000
136.846950 356.000000
136.172006 356.000000
135.497063 364.000000
134.822119 357.000000
134.147175 393.000000
133.472232 393.000000
132.797288 421.000000
132.122345 512.000000
131.447401 512.000000
130.772457 565.000000
130.097514 706.000000
129.422570 706.000000
128.747626 799.000000
128.072683 1024.000000
127.397739 1357.000000
126.722796 1357.000000
126.047852 1841.000000
125.372908 2483.000000
124.697965 2483.000000
124.023021 3507.000000
123.348077 4674.000000
122.673134 4674.000000
121.998190 6003.000000
121.323246 6318.000000
120.648303 5754.000000
119.973359 5754.000000
119.298416 4349.000000
118.623472 3044.000000
117.948528 3044.000000
117.273585 2076.000000
116.598641 1462.000000
115.923697 1462.000000
115.248754 1009.000000
114.573810 752.000000
113.898867 562.000000
113.223923 562.000000
112.548979 391.000000
111.874036 343.000000
111.199092 343.000000
110.524148 249.000000
109.849205 191.000000
109.174261 191.000000
108.499317 145.000000
107.824374 133.000000
107.149430 105.000000
106.474487 105.000000
105.799543 77.000000
105.124599 66.000000
104.449656 66.000000
103.774712 41.000000
103.099768 31.000000
102.424825 23.000000
101.749881 23.000000
101.074938 9.000000
100.399994 6.000000
