100.469994 80.855637
102.140124 82.445923
103.810254 73.989555
105.480384 73.925087
107.150515 80.330574
108.820645 81.920868
110.490775 73.464493
112.160906 73.400024
113.831036 52.959076
115.501166 32.532810
117.171296 1.810547
118.841427 -2.815716
120.511557 2.504017
122.181687 33.240749
123.851818 58.643478
125.521948 93.307205
127.192078 108.723946
128.862208 118.938675
130.532339 99.365410
132.202469 76.902740
133.872599 40.562897
135.542730 23.102634
137.212860 12.796368
138.882990 36.126095
140.553120 64.961830
142.223251 102.737564
143.893381 112.095291
145.563511 114.965042
147.233642 103.348763
148.903772 107.222504
150.573902 100.675240
152.244032 98.116974
153.914163 81.978806
155.584293 83.009949
157.254423 81.605370
158.924554 90.530914
160.594684 83.866043
162.264814 88.314377
163.934944 89.890121
165.605075 105.282852
167.275205 103.152580
168.945335 101.329323
170.615466 88.025063
172.285596 91.755798
173.955726 89.797531
175.625856 94.913254
177.295987 85.652992
178.966117 87.628731
180.636247 84.989471
182.306378 95.996193
183.976508 98.871933
185.646638 115.180679
187.316768 128.904419
188.986899 158.713135
190.657029 179.720886
192.327159 203.469589
193.997289 205.428345
195.667420 203.267075
197.337550 182.785828
199.007680 169.575546
200.677811 149.152283
202.347941 137.039001
204.018071 110.248756
205.688201 86.869507
207.358332 57.482235
209.028462 50.297966
210.698592 51.562698
212.368723 69.615234
214.038853 71.714417
215.708983 65.632111
217.379113 41.465645
219.049244 30.899385
220.719374 24.781118
222.389504 31.879852
224.059635 26.589586
225.729765 24.741323
227.399895 16.836058
229.070025 17.685791
230.740156 6.777531
232.410286 1.451265
234.080416 0.000000
235.750547 23.820734
237.420677 47.808464
239.090807 67.372604
240.760937 62.613823
242.431068 56.189667
244.101198 45.340405
245.771328 44.398140
247.441459 37.446873
249.111589 37.181614
250.781719 35.518349
252.451849 48.972084
254.121980 69.433235
255.792110 108.972549
257.462240 149.099258
259.132371 184.969025
260.802501 191.317734
262.472631 176.606491
264.142761 142.108215
265.812892 112.237953
267.483022 86.413696
269.153152 76.572418
270.823283 72.853958
272.493413 80.637894
274.163543 85.794624
275.833673 90.816360
277.503804 85.841103
279.173934 81.895828
280.844064 78.724564
282.514195 88.558296
284.184325 102.623039
285.854455 117.789772
287.524585 118.825516
289.194716 110.892250
290.864846 95.201981
292.534976 81.647713
294.205107 64.239044
295.875237 47.541191
297.545367 35.595924
299.215497 42.652664
300.885628 64.011292
302.555758 86.681122
304.225888 89.215866
305.896019 69.462296
307.566149 38.228333
309.236279 18.224077
310.906409 21.522812
312.576540 46.653538
314.246670 76.179268
315.916800 94.024017
317.586931 96.645744
319.257061 93.673485
320.927191 94.273216
322.597321 95.118942
324.267452 89.780678
325.937582 77.487419
327.607712 69.881157
329.277842 71.186592
330.947973 78.745628
332.618103 80.251358
334.288233 76.659088
335.958364 70.095131
337.628494 69.813461
339.298624 71.990204
340.968754 79.283043
342.638885 84.675781
344.309015 90.249512
345.979145 87.316231
347.649276 84.985977
349.319406 87.732704
350.989536 111.825439
352.659666 146.434174
354.329797 181.896927
355.999927 193.275650
357.670057 184.714386
359.340188 156.796112
361.010318 130.513855
362.680448 103.133598
364.350578 85.074326
366.020709 66.026260
367.690839 58.061386
369.360969 53.227226
371.031100 62.525558
372.701230 68.751602
374.371360 74.969742
376.041490 65.240860
377.711621 57.966194
379.381751 49.753235
381.051881 56.272972
382.722012 58.552925
384.392142 68.447235
386.062272 78.799881
387.732402 110.358612
389.402533 140.174332
391.072663 167.449081
392.742793 170.967819
394.412924 177.686554
396.083054 181.035278
397.753184 191.034027
399.423314 175.662766
401.093445 151.025482
402.763575 115.430222
404.433705 103.046959
406.103836 95.316696
407.773966 100.521439
409.444096 93.076164
411.114226 95.369904
412.784357 91.470642
414.454487 100.989380
416.124617 100.295120
417.794748 109.549850
419.464878 107.400574
421.135008 113.316322
422.805138 102.515045
424.475269 99.523788
426.145399 89.268524
427.815529 101.147247
429.485660 110.173981
431.155790 132.750717
432.825920 140.209442
434.496050 159.466202
436.166181 171.374939
437.836311 203.523651
439.506441 229.382401
441.176572 273.261108
442.846702 310.139862
444.516832 370.218628
446.186962 433.277313
447.857093 533.286072
449.527223 648.414795
451.197353 812.743408
452.867483 1012.832214
454.537614 1295.730957
456.207744 1632.299805
457.877874 2003.568481
459.548005 2289.637207
461.218135 2430.705811
462.888265 2360.474609
464.558395 2139.743408
466.228526 1810.512207
467.898656 1477.680786
469.568786 1164.749634
471.238917 931.278320
472.909047 750.337036
474.579177 639.095825
476.249307 542.674561
477.919438 474.713287
479.589568 396.282013
481.259698 344.340759
482.929829 293.209503
484.599959 278.928223
486.270089 262.916931
487.940219 267.985687
489.610350 248.744446
491.280480 233.003159
492.950610 188.101929
494.620741 158.030670
496.290871 119.189384
497.961001 112.374130
499.631131 97.585854
501.301262 99.468597
502.971392 74.415329
504.641522 61.082062
506.311653 33.846802
507.981783 38.389542
509.651913 37.367279
511.322043 58.254112
512.992174 54.861340
514.662304 63.702469
516.332434 52.684807
518.002565 62.776947
519.672695 53.575584
521.342825 60.008430
523.012955 44.735958
524.683086 48.494453
526.353216 32.411629
528.023346 36.039368
529.693477 27.197105
531.363607 52.158928
533.033737 66.908554
534.703867 94.100296
536.373998 82.068024
538.044128 76.935768
539.714258 56.191307
541.384389 69.007240
543.054519 68.677979
544.724649 83.518707
546.394779 68.197441
548.064910 67.223183
549.735040 46.885391
551.405170 52.693947
553.075301 44.215385
554.745431 59.411121
556.415561 54.206947
558.085691 70.072594
559.755822 66.851326
561.425952 82.712051
563.096082 69.759796
564.766213 68.644531
566.436343 45.905262
568.106473 51.162094
569.776603 39.316139
571.446734 41.973473
573.116864 15.717211
574.786994 15.633949
576.457125 13.242683
578.127255 46.988113
579.797385 55.001137
581.467515 63.581879
583.137646 34.677422
584.807776 29.074354
586.477906 16.657089
588.148036 33.551414
589.818167 22.966562
591.488297 23.903297
593.158427 6.201038
594.828558 23.696760
596.498688 28.871502
598.168818 48.219830
599.838948 32.878868
601.509079 35.645897
603.179209 26.997444
604.849339 48.745377
606.519470 48.565006
608.189600 64.551636
609.859730 59.805367
611.529860 80.394112
613.199991 79.371841
614.870121 92.898567
616.540251 80.698334
618.210382 91.231049
619.880512 83.887787
621.550642 95.417511
623.220772 78.913254
624.890903 75.244995
626.561033 43.796326
628.231163 29.193470
629.901294 -1.706789
631.571424 5.239943
633.241554 14.827671
634.911684 58.998398
636.581815 76.850136
638.251945 96.189880
639.922075 79.686615
641.592206 82.413330
643.262336 71.907066
644.932466 83.198807
646.602596 64.487549
648.272727 54.558289
649.942857 25.282024
651.612987 31.017756
653.283118 33.174385
654.953248 59.299225
656.623378 55.994957
658.293508 59.344696
659.963639 35.726429
661.633769 31.374973
663.303899 9.651907
664.974030 8.307636
666.644160 -13.590616
668.314290 -18.055882
669.984420 -41.329147
671.654551 -40.143410
673.324681 -47.986671
674.994811 -26.417944
676.664942 -17.713207
678.335072 8.989523
680.005202 11.375257
681.675332 25.826885
683.345463 18.369722
685.015593 29.172152
686.685723 21.779198
688.355854 29.705931
690.025984 16.143660
691.696114 21.180401
693.366244 13.168140
695.036375 24.253870
696.706505 10.397614
698.376635 2.946346
700.046766 -25.055916
701.716896 -27.346180
703.387026 -35.135445
705.057156 -22.278711
706.727287 -30.393974
708.397417 -23.328243
710.067547 -24.157507
711.737678 4.506224
713.407808 20.103954
715.077938 38.143784
716.748068 18.703424
718.418199 4.102161
720.088329 -17.244099
721.758459 -1.695366
723.428589 14.526371
725.098720 45.823093
726.768850 47.838829
728.438980 49.303574
730.109111 31.014153
731.779241 37.129738
733.449371 44.015774
735.119501 70.717499
736.789632 70.446236
738.459762 64.370979
740.129892 37.101311
741.800023 35.965149
743.470153 37.527588
745.140283 54.644917
746.810413 46.822655
748.480544 43.672386
750.150674 30.722496
751.820804 37.318657
753.490935 31.050596
755.161065 33.807331
756.831195 26.092968
758.501325 36.941391
760.171456 37.173431
761.841586 44.496269
763.511716 38.045097
765.181847 49.055737
766.851977 54.883472
768.522107 69.959206
770.192237 66.835938
771.862368 71.432671
773.532498 66.584427
775.202628 70.860146
776.872759 59.369892
778.542889 57.284607
780.213019 53.703346
781.883149 70.166084
783.553280 78.856827
785.223410 92.765572
786.893540 96.353302
788.563671 112.608017
790.233801 118.488747
791.903931 123.061493
793.574061 111.479210
795.244192 116.189957
796.914322 130.561707
798.584452 160.870422
800.254583 170.219162
801.924713 165.987885
803.594843 145.296646
805.264973 138.625381
806.935104 130.164124
808.605234 119.169830
810.275364 84.489586
811.945495 50.657310
813.615625 21.207458
815.285755 12.888792
816.955885 4.912527
818.626016 3.345272
820.296146 0.000000
821.966276 9.324732
823.636407 14.346466
825.306537 16.978203
826.976667 8.951941
828.646797 12.067677
830.316928 24.818432
831.987058 50.568138
833.657188 67.540871
835.327319 75.664597
836.997449 67.509346
838.667579 56.542084
840.337709 43.492809
842.007840 43.285553
843.677970 52.677284
845.348100 70.953011
847.018231 78.699753
848.688361 73.081490
850.358491 54.821239
852.028621 42.792953
853.698752 41.461693
855.368882 51.004433
857.039012 57.038155
858.709142 54.950897
860.379273 41.613636
862.049403 25.651379
863.719533 14.530115
865.389664 19.011337
867.059794 38.972572
868.729924 64.587318
870.400054 77.909042
872.070185 70.392776
873.740315 49.466522
875.410445 30.550257
877.080576 23.065086
878.750706 23.134222
880.420836 25.991461
882.090966 28.710491
883.761097 35.335930
885.431227 43.540657
887.101357 53.169395
888.771488 57.270134
890.441618 54.767868
892.111748 39.300594
893.781878 19.087017
895.452009 0.045076
897.122139 -7.520185
898.792269 -14.297445
900.462400 -21.487709
902.132530 -28.666977
903.802660 -18.938242
905.472790 -3.091511
907.142921 9.042223
908.813051 14.264153
910.483181 56.633690
912.153312 158.754410
913.823442 301.273132
915.493572 400.541870
917.163702 409.420654
918.833833 332.549377
920.503963 237.708099
922.174093 160.876846
923.844224 118.205566
925.514354 86.805313
927.184484 66.765030
928.854614 42.034775
930.524745 19.443306
932.194875 -9.517750
933.865005 -24.261015
935.535136 -31.903273
937.205266 -27.432545
938.875396 -31.098801
940.545526 -28.419069
942.215657 -24.693333
943.885787 -6.956600
945.555917 3.024128
947.226048 10.924158
948.896178 1.362604
950.566308 -9.304655
952.236438 -29.345922
953.906569 -34.275188
955.576699 -30.763456
957.246829 -7.258726
958.916960 8.112207
960.587090 21.400040
962.257220 18.908867
963.927350 21.975515
965.597481 13.838352
967.267611 6.579685
968.937741 -13.886578
970.607872 -20.538841
972.278002 -22.011099
973.948132 -4.015373
975.618262 4.218557
977.288393 9.098995
978.958523 -8.819172
980.628653 -23.580429
982.298783 -42.505692
983.968914 -41.952957
985.639044 -41.824219
987.309174 -26.988489
988.979305 -18.511755
990.649435 -0.889019
992.319565 0.604706
993.989695 2.087540
995.659826 -9.480816
997.329956 -2.345087
