3201.332275 113.103600
3200.508584 114.278297
3199.684892 117.088837
3198.861201 128.131470
3198.037510 100.782059
3197.213818 123.847908
3196.390127 116.181076
3195.566435 110.798058
3194.742744 174.288132
3193.919052 137.256027
3193.095361 125.668816
3192.271669 147.711273
3191.447978 131.466003
3190.624286 137.212006
3189.800595 119.441605
3188.976903 136.524643
3188.153212 137.598694
3187.329521 121.229187
3186.505829 161.014450
3185.682138 163.301620
3184.858446 143.740112
3184.034755 107.175377
3183.211063 112.142075
3182.387372 126.510620
3181.563680 98.080467
3180.739989 135.438080
3179.916297 114.256157
3179.092606 130.598053
3178.268915 125.550316
3177.445223 144.595581
3176.621532 136.045349
3175.797840 159.436798
3174.974149 125.784126
3174.150457 150.072632
3173.326766 102.554596
3172.503074 154.705505
3171.679383 130.970337
3170.855691 147.052658
3170.032000 114.863167
3169.208308 141.413986
3168.384617 91.926849
3167.560926 143.294373
3166.737234 104.345024
3165.913543 150.015533
3165.089851 113.978554
3164.266160 150.368866
3163.442468 142.293533
3162.618777 114.328796
3161.795085 162.109055
3160.971394 145.565979
3160.147702 124.258614
3159.324011 148.865982
3158.500319 143.872620
3157.676628 142.880310
3156.852937 124.772804
3156.029245 132.398972
3155.205554 105.084435
3154.381862 155.108871
3153.558171 125.426407
3152.734479 128.547638
3151.910788 139.824432
3151.087096 141.991669
3150.263405 139.586517
3149.439713 129.188446
3148.616022 191.282013
3147.792330 132.269135
3146.968639 146.004196
3146.144948 147.303223
3145.321256 117.299828
3144.497565 130.826462
3143.673873 90.688393
3142.850182 130.457703
3142.026490 118.208046
3141.202799 136.163712
3140.379107 139.731552
3139.555416 146.068909
3138.731724 145.287231
3137.908033 154.886139
3137.084341 139.442184
3136.260650 128.632126
3135.436959 139.803589
3134.613267 127.162338
3133.789576 146.056091
3132.965884 150.113297
3132.142193 135.351349
3131.318501 142.368256
3130.494810 126.788010
3129.671118 147.969162
3128.847427 128.528503
3128.023735 161.009796
3127.200044 156.015076
3126.376353 103.908524
3125.552661 114.184120
3124.728970 138.075546
3123.905278 164.772415
3123.081587 137.522781
3122.257895 126.276398
3121.434204 149.298401
3120.610512 117.842133
3119.786821 150.778366
3118.963129 142.937424
3118.139438 151.984650
3117.315746 141.666534
3116.492055 128.826065
3115.668364 151.559052
3114.844672 126.423706
3114.020981 133.959381
3113.197289 150.619629
3112.373598 131.831955
3111.549906 130.092270
3110.726215 158.367569
3109.902523 149.274979
3109.078832 138.241302
3108.255140 165.993546
3107.431449 175.745331
3106.607757 147.881058
3105.784066 145.646408
3104.960375 139.856232
3104.136683 149.349228
3103.312992 151.390167
3102.489300 162.955429
3101.665609 114.922981
3100.841917 172.229218
3100.018226 155.711578
3099.194534 127.300545
3098.370843 156.429565
3097.547151 161.886459
3096.723460 163.214798
3095.899768 153.415649
3095.076077 168.238434
3094.252386 186.233826
3093.428694 143.101334
3092.605003 133.409775
3091.781311 166.777634
3090.957620 122.669426
3090.133928 146.673019
3089.310237 142.184128
3088.486545 172.229691
3087.662854 196.793106
3086.839162 150.138245
3086.015471 155.892807
3085.191779 160.321381
3084.368088 159.818817
3083.544397 162.852127
3082.720705 192.018066
3081.897014 144.277603
3081.073322 158.546005
3080.249631 210.369019
3079.425939 208.395798
3078.602248 184.498108
3077.778556 160.754761
3076.954865 191.914352
3076.131173 164.560989
3075.307482 141.743439
3074.483791 161.502792
3073.660099 160.449036
3072.836408 194.384109
3072.012716 162.558792
3071.189025 173.948212
3070.365333 199.080460
3069.541642 175.203659
3068.717950 196.425034
3067.894259 192.591171
3067.070567 175.466110
3066.246876 197.971756
3065.423184 160.952698
3064.599493 170.035446
3063.775802 152.370407
3062.952110 162.699615
3062.128419 191.709930
3061.304727 176.742325
3060.481036 192.874512
3059.657344 169.148331
3058.833653 173.655197
3058.009961 197.320297
3057.186270 207.906586
3056.362578 189.450745
3055.538887 198.299927
3054.715195 204.217010
3053.891504 191.224930
3053.067813 203.409683
3052.244121 214.314728
3051.420430 178.148544
3050.596738 185.587128
3049.773047 224.498810
3048.949355 189.736343
3048.125664 162.607803
3047.301972 190.532806
3046.478281 225.906082
3045.654589 210.786896
3044.830898 181.228775
3044.007206 231.033905
3043.183515 202.502747
3042.359824 210.529343
3041.536132 188.967545
3040.712441 214.681961
3039.888749 211.706345
3039.065058 223.902359
3038.241366 201.646866
3037.417675 231.737213
3036.593983 225.125000
3035.770292 243.335526
3034.946600 199.504440
3034.122909 201.491150
3033.299217 207.005676
3032.475526 213.895569
3031.651835 229.582825
3030.828143 211.273911
3030.004452 184.646698
3029.180760 199.328735
3028.357069 223.451157
3027.533377 255.922806
3026.709686 219.396103
3025.885994 206.598312
3025.062303 238.179993
3024.238611 227.616745
3023.414920 238.776978
3022.591228 240.404480
3021.767537 209.202179
3020.943846 197.250763
3020.120154 228.913742
3019.296463 203.781891
3018.472771 218.149643
3017.649080 239.001572
3016.825388 242.239212
3016.001697 234.229294
3015.178005 223.400009
3014.354314 232.568008
3013.530622 258.724335
3012.706931 248.065536
3011.883240 229.851242
3011.059548 276.832001
3010.235857 252.824707
3009.412165 259.415497
3008.588474 218.050110
3007.764782 213.673660
3006.941091 215.010895
3006.117399 204.490723
3005.293708 231.405762
3004.470016 238.367111
3003.646325 301.870026
3002.822633 271.231506
3001.998942 246.393143
3001.175251 246.546524
3000.351559 294.884338
2999.527868 255.542938
2998.704176 254.365402
2997.880485 251.492599
2997.056793 247.745743
2996.233102 227.227158
2995.409410 269.566193
2994.585719 263.661926
2993.762027 274.040161
2992.938336 217.794220
2992.114644 245.303574
2991.290953 267.803955
2990.467262 316.967163
2989.643570 257.090332
2988.819879 269.399719
2987.996187 236.467697
2987.172496 287.646515
2986.348804 284.139893
2985.525113 251.881744
2984.701421 293.554718
2983.877730 262.353699
2983.054038 265.350067
2982.230347 266.855286
2981.406655 305.949219
2980.582964 287.874786
2979.759273 273.670654
2978.935581 287.820892
2978.111890 281.315857
2977.288198 295.505035
2976.464507 268.195770
2975.640815 317.947601
2974.817124 277.405762
2973.993432 306.840973
2973.169741 302.279602
2972.346049 273.361786
2971.522358 297.035034
2970.698666 276.349609
2969.874975 275.609131
2969.051284 284.161377
2968.227592 280.716858
2967.403901 259.953613
2966.580209 311.626740
2965.756518 289.171265
2964.932826 278.972931
2964.109135 314.569611
2963.285443 303.060364
2962.461752 295.662323
2961.638060 275.172089
2960.814369 301.602020
2959.990678 275.547821
2959.166986 269.090149
2958.343295 314.172913
2957.519603 296.043091
2956.695912 324.284302
2955.872220 346.352661
2955.048529 300.623199
2954.224837 311.827637
2953.401146 309.447784
2952.577454 307.536499
2951.753763 291.890747
2950.930071 300.491150
2950.106380 314.754364
2949.282689 310.910065
2948.458997 278.503723
2947.635306 277.907928
2946.811614 260.076050
2945.987923 297.759949
2945.164231 276.789795
2944.340540 295.248169
2943.516848 293.903046
2942.693157 319.856079
2941.869465 236.236969
2941.045774 288.211548
2940.222082 280.061798
2939.398391 292.479370
2938.574700 307.979675
2937.751008 293.515381
2936.927317 268.302063
2936.103625 274.472717
2935.279934 323.734955
2934.456242 259.623474
2933.632551 265.415283
2932.808859 280.845032
2931.985168 278.089508
2931.161476 275.824890
2930.337785 263.622345
2929.514093 248.367096
2928.690402 272.822144
2927.866711 244.010849
2927.043019 251.496902
2926.219328 258.601959
2925.395636 236.252579
2924.571945 249.659882
2923.748253 269.031769
2922.924562 245.719803
2922.100870 246.171951
2921.277179 247.526428
2920.453487 269.124725
2919.629796 256.676514
2918.806104 241.633347
2917.982413 274.298431
2917.158722 229.018356
2916.335030 269.007599
2915.511339 247.203125
2914.687647 232.461365
2913.863956 254.012268
2913.040264 176.926361
2912.216573 197.503983
2911.392881 248.134537
2910.569190 238.215073
2909.745498 278.898834
2908.921807 258.397186
2908.098116 247.530502
2907.274424 225.462280
2906.450733 237.946655
2905.627041 236.648987
2904.803350 244.796494
2903.979658 261.694977
2903.155967 244.569931
2902.332275 224.566177
2901.508584 194.660370
2900.684892 233.981110
2899.861201 254.066071
2899.037509 201.549164
2898.213818 253.217148
2897.390127 226.633286
2896.566435 201.843140
2895.742744 211.942154
2894.919052 235.395279
2894.095361 239.876175
2893.271669 262.580688
2892.447978 232.847031
2891.624286 248.994415
2890.800595 229.742294
2889.976903 218.293915
2889.153212 249.793716
2888.329520 230.611176
2887.505829 220.489838
2886.682138 217.081528
2885.858446 248.780441
2885.034755 238.646759
2884.211063 235.452499
2883.387372 249.577789
2882.563680 235.306808
2881.739989 226.633667
2880.916297 260.961212
2880.092606 190.012634
2879.268914 244.415146
2878.445223 224.745453
2877.621531 379.438538
2876.797840 492.292297
2875.974149 307.744049
2875.150457 190.383972
2874.326766 210.724182
2873.503074 220.519989
2872.679383 217.845474
2871.855691 226.975815
2871.032000 206.753662
2870.208308 203.656036
2869.384617 226.161148
2868.560925 214.867371
2867.737234 212.429001
2866.913542 206.605209
2866.089851 219.722733
2865.266160 219.824631
2864.442468 215.751495
2863.618777 227.303757
2862.795085 265.947968
2861.971394 213.210648
2861.147702 214.190140
2860.324011 224.782730
2859.500319 197.949661
2858.676628 223.162598
2857.852936 227.364807
2857.029245 223.878265
2856.205554 199.216644
2855.381862 205.270508
2854.558171 206.655045
2853.734479 203.953033
2852.910788 201.730087
2852.087096 208.478592
2851.263405 193.740585
2850.439713 213.012695
2849.616022 176.255875
2848.792330 193.693176
2847.968639 259.386963
2847.144947 201.878418
2846.321256 205.586227
2845.497565 199.669632
2844.673873 232.183990
2843.850182 225.563019
2843.026490 201.792450
2842.202799 170.432800
2841.379107 191.511414
2840.555416 192.766556
2839.731724 208.976257
2838.908033 222.762573
2838.084341 165.772675
2837.260650 192.399323
2836.436958 202.993942
2835.613267 190.243439
2834.789576 167.433304
2833.965884 191.168121
2833.142193 202.484375
2832.318501 227.651093
2831.494810 193.560516
2830.671118 198.691589
2829.847427 226.804489
2829.023735 211.916336
2828.200044 185.480850
2827.376352 206.495071
2826.552661 232.200119
2825.728969 229.594818
2824.905278 197.816833
2824.081587 200.117493
2823.257895 208.946945
2822.434204 228.725723
2821.610512 197.683807
2820.786821 190.761795
2819.963129 192.621384
2819.139438 179.318527
2818.315746 186.123337
2817.492055 200.458237
2816.668363 185.027725
2815.844672 211.766800
2815.020980 175.454788
2814.197289 223.488693
2813.373598 213.969223
2812.549906 203.587021
2811.726215 214.473267
2810.902523 207.422012
2810.078832 225.930420
2809.255140 216.062149
2808.431449 205.449631
2807.607757 200.991409
2806.784066 229.464386
2805.960374 211.104385
2805.136683 220.301926
2804.312992 197.646988
2803.489300 229.670532
2802.665609 209.330261
2801.841917 218.000595
2801.018226 223.331711
2800.194534 178.305634
2799.370843 184.517227
2798.547151 198.307388
2797.723460 192.799026
2796.899768 171.446671
2796.076077 190.441223
2795.252385 193.232239
2794.428694 188.084595
2793.605003 183.120514
2792.781311 221.834747
2791.957620 188.957092
2791.133928 214.532211
2790.310237 208.356735
2789.486545 220.373444
2788.662854 211.789490
2787.839162 210.617477
2787.015471 215.120468
2786.191779 209.072388
2785.368088 226.903061
2784.544396 239.949097
2783.720705 241.394379
2782.897014 213.532379
2782.073322 233.475769
2781.249631 210.381134
2780.425939 182.104874
2779.602248 219.346710
2778.778556 221.795441
2777.954865 215.020401
2777.131173 211.484512
2776.307482 229.835007
2775.483790 209.368103
2774.660099 194.134048
2773.836407 202.029297
2773.012716 211.277420
2772.189025 207.349854
2771.365333 215.080795
2770.541642 186.479492
2769.717950 235.638687
2768.894259 205.339233
2768.070567 224.399536
2767.246876 217.063202
2766.423184 200.619736
2765.599493 224.454193
2764.775801 173.540375
2763.952110 203.403458
2763.128418 206.250427
2762.304727 212.297104
2761.481036 210.636581
2760.657344 203.455750
2759.833653 210.622772
2759.009961 186.752838
2758.186270 216.813354
2757.362578 218.538956
2756.538887 228.738083
2755.715195 217.023468
2754.891504 196.957779
2754.067812 209.257050
2753.244121 219.602524
2752.420430 240.250381
2751.596738 219.712082
2750.773047 219.236282
2749.949355 238.417496
2749.125664 194.279114
2748.301972 228.888138
2747.478281 188.776306
2746.654589 214.147446
2745.830898 205.846375
2745.007206 205.560242
2744.183515 219.265976
2743.359823 206.733734
2742.536132 166.552551
2741.712441 186.777008
2740.888749 231.987198
2740.065058 203.554626
2739.241366 183.278488
2738.417675 187.047714
2737.593983 189.067291
2736.770292 193.001556
2735.946600 209.847900
2735.122909 174.073135
2734.299217 187.192551
2733.475526 207.884476
2732.651834 182.535217
2731.828143 193.459030
2731.004452 199.153366
2730.180760 220.959702
2729.357069 228.935974
2728.533377 214.537842
2727.709686 205.313156
2726.885994 227.238144
2726.062303 195.877151
2725.238611 189.351654
2724.414920 185.554962
2723.591228 208.836044
2722.767537 201.840271
2721.943845 196.841599
2721.120154 161.079620
2720.296463 204.735672
2719.472771 204.366516
2718.649080 210.412918
2717.825388 233.319580
2717.001697 209.659546
2716.178005 210.182190
2715.354314 203.253265
2714.530622 183.798843
2713.706931 221.530777
2712.883239 208.810669
2712.059548 189.286957
2711.235856 213.984390
2710.412165 201.278702
2709.588474 200.706299
2708.764782 240.305984
2707.941091 222.478516
2707.117399 209.344925
2706.293708 245.667984
2705.470016 219.524551
2704.646325 220.240494
2703.822633 217.384018
2702.998942 210.221359
2702.175250 225.901352
2701.351559 175.782166
2700.527868 197.912872
2699.704176 213.968735
2698.880485 192.176224
2698.056793 215.440948
2697.233102 226.195755
2696.409410 205.617203
2695.585719 218.309662
2694.762027 196.322922
2693.938336 208.986969
2693.114644 222.729080
2692.290953 207.244507
2691.467261 220.746078
2690.643570 214.634705
2689.819879 202.805359
2688.996187 197.437622
2688.172496 172.584259
2687.348804 205.824692
2686.525113 197.936768
2685.701421 212.680969
2684.877730 183.320633
2684.054038 211.150818
2683.230347 240.814957
2682.406655 238.783859
2681.582964 206.796387
2680.759272 204.125916
2679.935581 209.884079
2679.111890 231.391602
2678.288198 202.947861
2677.464507 202.908966
2676.640815 194.112701
2675.817124 217.463043
2674.993432 201.553680
2674.169741 224.588074
2673.346049 216.887115
2672.522358 196.305725
2671.698666 247.066528
2670.874975 206.281769
2670.051283 222.998749
2669.227592 220.815857
2668.403901 216.957520
2667.580209 214.057526
2666.756518 254.960556
2665.932826 243.524933
2665.109135 164.507233
2664.285443 238.465317
2663.461752 202.157516
2662.638060 187.504547
2661.814369 226.651337
2660.990677 212.948807
2660.166986 212.938889
2659.343294 217.976959
2658.519603 230.350311
2657.695912 214.172363
2656.872220 222.749664
2656.048529 220.618271
2655.224837 230.663986
2654.401146 247.756180
2653.577454 217.523651
2652.753763 225.981750
2651.930071 210.089371
2651.106380 208.618820
2650.282688 231.165054
2649.458997 234.952576
2648.635306 216.500793
2647.811614 222.493484
2646.987923 224.503128
2646.164231 193.516968
2645.340540 197.761246
2644.516848 230.514603
2643.693157 219.345856
2642.869465 235.990433
2642.045774 216.339233
2641.222082 257.745941
2640.398391 251.602325
2639.574699 224.236221
2638.751008 230.792450
2637.927317 248.949753
2637.103625 234.978622
2636.279934 224.235809
2635.456242 200.656601
2634.632551 225.796204
2633.808859 205.728104
2632.985168 242.668091
2632.161476 208.089508
2631.337785 227.233292
2630.514093 244.126465
2629.690402 202.998672
2628.866710 258.626740
2628.043019 208.900131
2627.219328 246.364624
2626.395636 204.440201
2625.571945 200.722321
2624.748253 265.668732
2623.924562 272.662567
2623.100870 230.570282
2622.277179 229.538193
2621.453487 223.269073
2620.629796 205.901642
2619.806104 250.205887
2618.982413 237.063309
2618.158721 220.381042
2617.335030 248.469696
2616.511339 249.445511
2615.687647 235.518127
2614.863956 194.634781
2614.040264 230.312927
2613.216573 255.825180
2612.392881 239.420013
2611.569190 280.333893
2610.745498 199.342636
2609.921807 224.668701
2609.098115 227.604080
2608.274424 265.553711
2607.450732 210.573349
2606.627041 264.071320
2605.803350 241.497711
2604.979658 269.183136
2604.155967 236.297668
2603.332275 214.718552
2602.508584 232.792435
2601.684892 225.449402
2600.861201 235.349442
2600.037509 231.220001
2599.213818 228.237854
2598.390126 214.212799
2597.566435 232.240616
2596.742744 224.734604
2595.919052 198.909134
2595.095361 223.176727
2594.271669 259.418976
2593.447978 249.474228
2592.624286 226.677032
2591.800595 234.645248
2590.976903 259.026489
2590.153212 256.466095
2589.329520 259.707428
2588.505829 220.436295
2587.682137 221.297424
2586.858446 216.767776
2586.034755 260.576630
2585.211063 254.126053
2584.387372 237.729507
2583.563680 249.701035
2582.739989 283.666901
2581.916297 221.500839
2581.092606 282.391357
2580.268914 223.555176
2579.445223 263.848083
2578.621531 254.299881
2577.797840 269.357269
2576.974148 259.004486
2576.150457 253.472717
2575.326766 239.236740
2574.503074 212.718689
2573.679383 224.638535
2572.855691 247.898880
2572.032000 248.942413
2571.208308 266.722382
2570.384617 251.228256
2569.560925 235.791656
2568.737234 251.847382
2567.913542 258.132935
2567.089851 262.213013
2566.266159 250.940689
2565.442468 258.846924
2564.618777 268.633362
2563.795085 243.330765
2562.971394 263.379913
2562.147702 253.622360
2561.324011 202.187897
2560.500319 247.421829
2559.676628 237.218674
2558.852936 243.316681
2558.029245 251.962067
2557.205553 248.210800
2556.381862 246.920212
2555.558170 285.049377
2554.734479 276.967072
2553.910788 250.392151
2553.087096 241.821442
2552.263405 282.212860
2551.439713 272.995117
2550.616022 278.398041
2549.792330 260.955292
2548.968639 282.005829
2548.144947 256.873627
2547.321256 255.921051
2546.497564 290.627380
2545.673873 283.911926
2544.850182 264.789307
2544.026490 258.025055
2543.202799 252.699707
2542.379107 250.957184
2541.555416 275.272125
2540.731724 267.797028
2539.908033 291.364685
2539.084341 272.763092
2538.260650 232.747635
2537.436958 241.353836
2536.613267 227.434662
2535.789575 258.924286
2534.965884 260.998352
2534.142193 288.331818
2533.318501 310.813538
2532.494810 297.078522
2531.671118 259.071777
2530.847427 273.579193
2530.023735 279.483887
2529.200044 274.921478
2528.376352 243.886871
2527.552661 281.464508
2526.728969 263.419403
2525.905278 287.663391
2525.081586 262.710754
2524.257895 284.919281
2523.434204 284.865906
2522.610512 265.487488
2521.786821 242.121521
2520.963129 294.014435
2520.139438 301.674011
2519.315746 280.976349
2518.492055 302.365540
2517.668363 248.931259
2516.844672 260.149780
2516.020980 269.965851
2515.197289 286.662598
2514.373597 317.987946
2513.549906 279.942169
2512.726215 274.133911
2511.902523 311.580841
2511.078832 296.484222
2510.255140 295.568756
2509.431449 288.701111
2508.607757 270.470398
2507.784066 270.617065
2506.960374 308.113464
2506.136683 297.995850
2505.312991 292.031464
2504.489300 276.168640
2503.665608 255.830032
2502.841917 284.410767
2502.018226 267.840912
2501.194534 284.214966
2500.370843 275.322479
2499.547151 281.765991
2498.723460 286.813629
2497.899768 284.954102
2497.076077 282.934601
2496.252385 311.139191
2495.428694 308.267365
2494.605002 276.252045
2493.781311 278.957001
2492.957620 289.975647
2492.133928 293.969513
2491.310237 311.980865
2490.486545 328.149048
2489.662854 329.407715
2488.839162 328.568451
2488.015471 271.608673
2487.191779 273.194672
2486.368088 292.151489
2485.544396 293.748474
2484.720705 302.863251
2483.897013 326.588104
2483.073322 347.348572
2482.249631 294.537811
2481.425939 311.830444
2480.602248 319.905731
2479.778556 342.488892
2478.954865 301.625122
2478.131173 325.860046
2477.307482 355.453400
2476.483790 347.738159
2475.660099 315.124634
2474.836407 313.443024
2474.012716 310.356445
2473.189024 333.958344
2472.365333 305.320679
2471.541642 298.171570
2470.717950 327.213684
2469.894259 295.989380
2469.070567 280.733887
2468.246876 349.896484
2467.423184 312.219910
2466.599493 333.510803
2465.775801 328.281006
2464.952110 314.879150
2464.128418 321.575409
2463.304727 342.608612
2462.481035 300.198853
2461.657344 317.874451
2460.833653 315.212982
2460.009961 321.345673
2459.186270 310.480042
2458.362578 287.117615
2457.538887 377.565094
2456.715195 310.630371
2455.891504 348.182953
2455.067812 356.380005
2454.244121 342.276062
2453.420429 318.433197
2452.596738 375.037567
2451.773046 272.868469
2450.949355 341.909882
2450.125664 323.146088
2449.301972 378.627960
2448.478281 338.858215
2447.654589 300.677002
2446.830898 316.004456
2446.007206 350.077484
2445.183515 324.123291
2444.359823 339.157135
2443.536132 364.909058
2442.712440 330.845276
2441.888749 341.084381
2441.065058 347.303101
2440.241366 321.616241
2439.417675 309.581696
2438.593983 330.183472
2437.770292 358.956848
2436.946600 342.508423
2436.122909 352.551727
2435.299217 379.801605
2434.475526 322.335358
2433.651834 327.992859
2432.828143 308.420593
2432.004451 340.661682
2431.180760 383.359436
2430.357069 338.071838
2429.533377 339.300964
2428.709686 353.107849
2427.885994 314.385925
2427.062303 318.865326
2426.238611 337.903259
2425.414920 357.266724
2424.591228 339.116302
2423.767537 344.983734
2422.943845 331.768768
2422.120154 350.893402
2421.296462 331.738190
2420.472771 322.047394
2419.649080 403.191315
2418.825388 318.346924
2418.001697 365.960205
2417.178005 372.612610
2416.354314 345.155090
2415.530622 344.764648
2414.706931 308.934753
2413.883239 366.372589
2413.059548 359.585815
2412.235856 348.172211
2411.412165 343.627899
2410.588473 337.064575
2409.764782 352.153320
2408.941091 360.319733
2408.117399 337.037170
2407.293708 370.388641
2406.470016 345.396423
2405.646325 370.514221
2404.822633 388.634460
2403.998942 365.312897
2403.175250 350.603271
2402.351559 417.548859
2401.527867 358.903442
2400.704176 331.953430
2399.880484 354.630585
2399.056793 364.922150
2398.233102 366.668793
2397.409410 371.322845
2396.585719 387.034546
2395.762027 342.596588
2394.938336 397.234924
2394.114644 373.529022
2393.290953 373.460388
2392.467261 357.451782
2391.643570 382.205872
2390.819878 422.890625
2389.996187 350.291840
2389.172496 361.060181
2388.348804 358.938141
2387.525113 373.366119
2386.701421 357.811157
2385.877730 356.396851
2385.054038 420.864014
2384.230347 402.582916
2383.406655 365.387604
2382.582964 356.973602
2381.759272 398.435028
2380.935581 359.179718
2380.111889 379.560852
2379.288198 372.318024
2378.464507 389.287170
2377.640815 391.911102
2376.817124 368.076691
2375.993432 387.170624
2375.169741 407.494659
2374.346049 428.127808
2373.522358 355.928650
2372.698666 395.247314
2371.874975 389.487701
2371.051283 372.572632
2370.227592 435.591492
2369.403900 419.564148
2368.580209 425.662537
2367.756518 399.055664
2366.932826 419.202911
2366.109135 395.255035
2365.285443 367.661133
2364.461752 398.661987
2363.638060 374.317169
2362.814369 394.977356
2361.990677 406.226288
2361.166986 395.710754
2360.343294 397.657013
2359.519603 409.680573
2358.695911 432.362183
2357.872220 441.953918
2357.048529 444.819946
2356.224837 417.901794
2355.401146 414.901489
2354.577454 414.825653
2353.753763 467.536102
2352.930071 413.421844
2352.106380 402.403320
2351.282688 411.259125
2350.458997 432.593414
2349.635305 440.315918
2348.811614 417.242889
2347.987922 434.401001
2347.164231 400.843750
2346.340540 480.102295
2345.516848 440.976196
2344.693157 399.176331
2343.869465 422.434906
2343.045774 445.418274
2342.222082 417.003693
2341.398391 414.945740
2340.574699 430.724426
2339.751008 450.921906
2338.927316 421.816589
2338.103625 420.801453
2337.279934 430.151794
2336.456242 412.267609
2335.632551 404.512451
2334.808859 492.951263
2333.985168 430.037476
2333.161476 439.399384
2332.337785 472.680206
2331.514093 533.875427
2330.690402 545.618347
2329.866710 512.745361
2329.043019 498.572449
2328.219327 444.215576
2327.395636 453.110138
2326.571945 439.257141
2325.748253 463.283783
2324.924562 458.293335
2324.100870 442.926514
2323.277179 450.189026
2322.453487 474.364441
2321.629796 462.588104
2320.806104 459.375580
2319.982413 475.091766
2319.158721 453.341187
2318.335030 435.164276
2317.511338 452.386993
2316.687647 435.639587
2315.863956 461.952118
2315.040264 453.111328
2314.216573 435.875061
2313.392881 443.306488
2312.569190 470.376099
2311.745498 457.538635
2310.921807 469.643524
2310.098115 443.097748
2309.274424 481.713165
2308.450732 489.333008
2307.627041 473.259735
2306.803349 451.255249
2305.979658 512.300171
2305.155967 437.189941
2304.332275 460.524078
2303.508584 480.016022
2302.684892 456.740387
2301.861201 462.835693
2301.037509 462.652710
2300.213818 485.898254
2299.390126 472.640045
2298.566435 508.015533
2297.742743 490.901306
2296.919052 478.843262
2296.095360 510.079041
2295.271669 503.537415
2294.447978 510.158295
2293.624286 463.763855
2292.800595 459.703369
2291.976903 503.261536
2291.153212 491.056000
2290.329520 468.520508
2289.505829 473.115784
2288.682137 480.251038
2287.858446 460.213226
2287.034754 481.784851
2286.211063 448.830383
2285.387372 485.541809
2284.563680 495.903076
2283.739989 487.817200
2282.916297 456.045105
2282.092606 450.403442
2281.268914 440.440338
2280.445223 505.358673
2279.621531 522.789612
2278.797840 509.503387
2277.974148 439.049438
2277.150457 474.827515
2276.326765 500.667084
2275.503074 496.320068
2274.679383 498.525238
2273.855691 509.311920
2273.032000 498.924072
2272.208308 521.284119
2271.384617 546.398010
2270.560925 459.991089
2269.737234 515.088867
2268.913542 510.983917
2268.089851 484.013947
2267.266159 485.500946
2266.442468 501.736023
2265.618776 522.334900
2264.795085 469.394318
2263.971394 512.256714
2263.147702 476.510101
2262.324011 497.177094
2261.500319 496.554321
2260.676628 497.202148
2259.852936 508.226654
2259.029245 515.051636
2258.205553 537.834839
2257.381862 545.708252
2256.558170 559.508667
2255.734479 536.395935
2254.910787 503.178741
2254.087096 530.116760
2253.263405 549.861206
2252.439713 503.265625
2251.616022 486.854828
2250.792330 476.696503
2249.968639 445.442108
2249.144947 484.610229
2248.321256 505.158997
2247.497564 540.264771
2246.673873 538.853149
2245.850181 528.680481
2245.026490 508.605042
2244.202798 547.653870
2243.379107 516.092834
2242.555416 517.699524
2241.731724 502.866516
2240.908033 528.665955
2240.084341 538.224609
2239.260650 567.070068
2238.436958 524.874390
2237.613267 524.072998
2236.789575 507.085510
2235.965884 546.080200
2235.142192 560.671021
2234.318501 504.738525
2233.494810 544.026123
2232.671118 531.649109
2231.847427 537.880920
2231.023735 527.635315
2230.200044 470.158508
2229.376352 519.651550
2228.552661 534.406189
2227.728969 535.579895
2226.905278 544.013916
2226.081586 534.371887
2225.257895 523.025635
2224.434203 526.396057
2223.610512 514.997681
2222.786821 506.586517
2221.963129 521.739136
2221.139438 570.766418
2220.315746 556.848206
2219.492055 565.753723
2218.668363 563.241333
2217.844672 508.670532
2217.020980 535.327271
2216.197289 533.920959
2215.373597 509.146484
2214.549906 574.753845
2213.726214 505.305145
2212.902523 527.490417
2212.078832 507.001862
2211.255140 581.822144
2210.431449 579.688477
2209.607757 600.442444
2208.784066 593.448242
2207.960374 582.033142
2207.136683 571.596924
2206.312991 567.465637
2205.489300 551.704651
2204.665608 559.770569
2203.841917 545.062073
2203.018225 597.641296
2202.194534 585.519653
2201.370843 548.203491
2200.547151 561.726440
2199.723460 602.793274
2198.899768 629.813293
2198.076077 595.018860
2197.252385 577.181946
2196.428694 531.863098
2195.605002 576.856018
2194.781311 583.435791
2193.957619 545.835144
2193.133928 616.378723
2192.310236 645.544983
2191.486545 613.848450
2190.662854 560.086121
2189.839162 614.695129
2189.015471 567.116394
2188.191779 610.436279
2187.368088 586.985718
2186.544396 546.857544
2185.720705 588.643738
2184.897013 554.726318
2184.073322 580.319702
2183.249630 558.553040
2182.425939 562.969666
2181.602248 581.508240
2180.778556 578.066284
2179.954865 623.370422
2179.131173 556.446533
2178.307482 585.640381
2177.483790 610.016052
2176.660099 623.142578
2175.836407 645.989441
2175.012716 579.269165
2174.189024 583.439575
2173.365333 603.393372
2172.541641 607.688965
2171.717950 581.142029
2170.894259 575.396667
2170.070567 629.965210
2169.246876 589.185303
2168.423184 548.484680
2167.599493 588.857971
2166.775801 580.099976
2165.952110 586.990601
2165.128418 593.148132
2164.304727 624.381409
2163.481035 582.730225
2162.657344 578.248169
2161.833652 586.203674
2161.009961 592.093384
2160.186270 603.778625
2159.362578 649.182434
2158.538887 629.265930
2157.715195 617.452454
2156.891504 621.892517
2156.067812 606.934448
2155.244121 616.031860
2154.420429 606.026123
2153.596738 624.099060
2152.773046 646.234558
2151.949355 609.186890
2151.125663 604.355225
2150.301972 631.006958
2149.478281 630.515320
2148.654589 590.724854
2147.830898 628.460022
2147.007206 618.788574
2146.183515 609.742981
2145.359823 605.844299
2144.536132 667.358765
2143.712440 672.853210
2142.888749 627.917175
2142.065057 624.382751
2141.241366 659.353088
2140.417674 655.342102
2139.593983 666.284363
2138.770292 615.508667
2137.946600 692.593323
2137.122909 660.340942
2136.299217 640.209900
2135.475526 669.160889
2134.651834 636.356934
2133.828143 615.208252
2133.004451 630.406555
2132.180760 608.675964
2131.357068 608.603333
2130.533377 611.938843
2129.709686 655.034424
2128.885994 659.826721
2128.062303 631.234375
2127.238611 679.954224
2126.414920 604.481628
2125.591228 677.113525
2124.767537 651.098328
2123.943845 612.682068
2123.120154 643.995239
2122.296462 677.659119
2121.472771 695.967407
2120.649079 660.080994
2119.825388 708.671509
2119.001697 690.856018
2118.178005 671.072205
2117.354314 654.396240
2116.530622 656.611938
2115.706931 666.531860
2114.883239 663.783936
2114.059548 667.700806
2113.235856 688.688660
2112.412165 742.616699
2111.588473 692.579163
2110.764782 644.435730
2109.941090 608.444458
2109.117399 673.894531
2108.293708 684.319397
2107.470016 682.597717
2106.646325 642.008850
2105.822633 630.526489
2104.998942 663.894165
2104.175250 659.645264
2103.351559 691.306946
2102.527867 675.713806
2101.704176 633.833313
2100.880484 593.462341
2100.056793 652.027649
2099.233101 671.032227
2098.409410 654.147461
2097.585719 635.852539
2096.762027 636.505310
2095.938336 642.100281
2095.114644 636.044006
2094.290953 664.099609
2093.467261 689.558350
2092.643570 675.772217
2091.819878 633.356750
2090.996187 718.260498
2090.172495 692.498901
2089.348804 623.247131
2088.525112 639.740112
2087.701421 663.548218
2086.877730 656.938538
2086.054038 651.414429
2085.230347 652.877075
2084.406655 654.320801
2083.582964 669.428284
2082.759272 689.656433
2081.935581 618.467468
2081.111889 657.866089
2080.288198 672.196045
2079.464506 668.643860
2078.640815 642.627014
2077.817124 673.262573
2076.993432 696.148682
2076.169741 649.850708
2075.346049 660.057495
2074.522358 616.029968
2073.698666 670.891907
2072.874975 672.805908
2072.051283 672.343689
2071.227592 633.489014
2070.403900 656.029724
2069.580209 694.269043
2068.756517 647.207764
2067.932826 630.715454
2067.109135 645.182312
2066.285443 635.276855
2065.461752 678.777344
2064.638060 658.375488
2063.814369 692.638245
2062.990677 693.354980
2062.166986 669.911072
2061.343294 676.919373
2060.519603 689.356140
2059.695911 670.332825
2058.872220 651.784607
2058.048528 667.064331
2057.224837 657.186340
2056.401146 661.485657
2055.577454 665.978333
2054.753763 652.684753
2053.930071 667.137451
2053.106380 634.497192
2052.282688 674.242615
2051.458997 670.910095
2050.635305 729.176697
2049.811614 684.020996
2048.987922 698.110779
2048.164231 620.053894
2047.340539 650.331055
2046.516848 661.638611
2045.693157 690.074280
2044.869465 665.373535
2044.045774 682.573303
2043.222082 673.259888
2042.398391 664.190491
2041.574699 669.487976
2040.751008 717.464539
2039.927316 698.348022
2039.103625 685.640015
2038.279933 684.987671
2037.456242 657.717224
2036.632550 706.986450
2035.808859 685.445129
2034.985168 693.118713
2034.161476 641.171387
2033.337785 693.474487
2032.514093 679.197571
2031.690402 702.475708
2030.866710 683.545105
2030.043019 670.621887
2029.219327 668.924866
2028.395636 672.092224
2027.571944 667.464905
2026.748253 657.235657
2025.924562 730.041016
2025.100870 747.243896
2024.277179 732.851379
2023.453487 706.581238
2022.629796 704.701782
2021.806104 713.939331
2020.982413 695.375793
2020.158721 670.555969
2019.335030 759.556702
2018.511338 734.476135
2017.687647 725.286377
2016.863955 730.537537
2016.040264 719.442871
2015.216573 690.654297
2014.392881 684.092529
2013.569190 716.902039
2012.745498 726.857178
2011.921807 786.728699
2011.098115 746.101501
2010.274424 704.071533
2009.450732 743.260620
2008.627041 764.873962
2007.803349 726.758423
2006.979658 747.016174
2006.155966 764.588867
2005.332275 763.113342
2004.508584 756.571533
2003.684892 712.019226
2002.861201 729.321716
2002.037509 757.026917
2001.213818 755.472961
2000.390126 726.126343
1999.566435 802.562073
1998.742743 744.625488
1997.919052 737.122192
1997.095360 748.156982
1996.271669 791.729980
1995.447977 759.038696
1994.624286 790.104858
1993.800595 808.439697
1992.976903 793.970276
1992.153212 786.343689
1991.329520 764.138184
1990.505829 780.829956
1989.682137 791.352234
1988.858446 752.470398
1988.034754 794.017761
1987.211063 766.292358
1986.387371 799.444519
1985.563680 737.773682
1984.739988 832.504517
1983.916297 767.251892
1983.092606 768.315247
1982.268914 876.208435
1981.445223 795.399170
1980.621531 795.683411
1979.797840 819.990356
1978.974148 770.489197
1978.150457 793.576172
1977.326765 786.314392
1976.503074 795.678223
1975.679382 789.615051
1974.855691 823.299500
1974.032000 889.724060
1973.208308 834.322876
1972.384617 803.830444
1971.560925 846.672974
1970.737234 805.100769
1969.913542 839.966064
1969.089851 839.269836
1968.266159 808.585938
1967.442468 849.544128
1966.618776 830.699585
1965.795085 801.279480
1964.971393 866.343567
1964.147702 841.733459
1963.324011 798.636414
1962.500319 843.797974
1961.676628 841.975342
1960.852936 850.309753
1960.029245 860.363892
1959.205553 863.662048
1958.381862 864.714478
1957.558170 824.318115
1956.734479 874.754700
1955.910787 887.597656
1955.087096 855.705444
1954.263404 842.757996
1953.439713 870.211548
1952.616022 909.368042
1951.792330 884.092529
1950.968639 856.094055
1950.144947 866.343567
1949.321256 902.375122
1948.497564 857.653625
1947.673873 867.904846
1946.850181 960.539246
1946.026490 923.348267
1945.202798 927.219177
1944.379107 868.343140
1943.555415 928.547302
1942.731724 928.593079
1941.908033 906.013306
1941.084341 886.295837
1940.260650 917.505432
1939.436958 882.234436
1938.613267 956.544983
1937.789575 921.577820
1936.965884 904.573914
1936.142192 914.526672
1935.318501 1002.901672
1934.494809 983.836243
1933.671118 874.821655
1932.847426 897.273010
1932.023735 931.149414
1931.200044 960.731812
1930.376352 938.607178
1929.552661 921.275330
1928.728969 933.921997
1927.905278 934.679260
1927.081586 939.139221
1926.257895 922.800293
1925.434203 925.804688
1924.610512 989.597473
1923.786820 988.916626
1922.963129 910.968567
1922.139438 939.783813
1921.315746 1010.309692
1920.492055 1037.029541
1919.668363 1031.592407
1918.844672 958.486450
1918.020980 954.404907
1917.197289 966.510803
1916.373597 1009.308594
1915.549906 985.820984
1914.726214 971.957520
1913.902523 923.571106
1913.078831 943.070984
1912.255140 1031.253784
1911.431449 964.676147
1910.607757 925.635437
1909.784066 998.947021
1908.960374 1006.710449
1908.136683 969.645752
1907.312991 1015.913757
1906.489300 984.765198
1905.665608 1035.381348
1904.841917 1042.637695
1904.018225 1022.659851
1903.194534 975.696960
1902.370842 986.470093
1901.547151 1041.314209
1900.723460 1032.306763
1899.899768 985.054321
1899.076077 997.692078
1898.252385 983.130554
1897.428694 1022.584045
1896.605002 1039.552124
1895.781311 1011.927002
1894.957619 989.508118
1894.133928 1021.765381
1893.310236 1064.156860
1892.486545 1054.567139
1891.662853 1057.122681
1890.839162 1024.397095
1890.015471 1054.179321
1889.191779 1062.236328
1888.368088 1078.298706
1887.544396 1069.379395
1886.720705 1034.863037
1885.897013 1050.857178
1885.073322 1053.807861
1884.249630 985.511414
1883.425939 950.061707
1882.602247 1090.292236
1881.778556 996.494141
1880.954864 1040.433960
1880.131173 1028.577881
1879.307482 1061.831909
1878.483790 1058.229370
1877.660099 1012.280884
1876.836407 1115.145264
1876.012716 1014.848938
1875.189024 1038.013550
1874.365333 1036.024170
1873.541641 1063.947388
1872.717950 1049.284058
1871.894258 1104.613647
1871.070567 1102.041748
1870.246875 1119.303955
1869.423184 1111.645142
1868.599493 1076.343872
1867.775801 1067.304443
1866.952110 1085.249146
1866.128418 1053.754272
1865.304727 1051.885376
1864.481035 1131.286255
1863.657344 1165.199463
1862.833652 1138.418335
1862.009961 1147.233887
1861.186269 1154.270508
1860.362578 1142.927856
1859.538887 1103.225830
1858.715195 1109.414307
1857.891504 1166.474487
1857.067812 1151.970337
1856.244121 1133.946411
1855.420429 1133.333130
1854.596738 1142.310059
1853.773046 1167.498901
1852.949355 1168.377930
1852.125663 1199.280640
1851.301972 1160.748047
1850.478280 1116.257690
1849.654589 1137.450195
1848.830898 1200.846436
1848.007206 1161.441528
1847.183515 1185.152466
1846.359823 1194.328247
1845.536132 1206.167725
1844.712440 1191.940186
1843.888749 1203.378906
1843.065057 1260.912231
1842.241366 1277.955444
1841.417674 1173.849121
1840.593983 1168.766602
1839.770291 1173.544922
1838.946600 1214.647705
1838.122909 1192.166138
1837.299217 1169.370972
1836.475526 1214.766357
1835.651834 1255.272217
1834.828143 1218.530884
1834.004451 1238.026611
1833.180760 1255.312622
1832.357068 1240.594604
1831.533377 1216.294800
1830.709685 1230.330078
1829.885994 1178.324829
1829.062302 1252.973511
1828.238611 1198.670654
1827.414920 1211.802612
1826.591228 1250.606934
1825.767537 1243.328857
1824.943845 1218.972656
1824.120154 1197.077637
1823.296462 1232.769531
1822.472771 1269.570068
1821.649079 1306.191528
1820.825388 1308.141724
1820.001696 1239.131348
1819.178005 1274.217773
1818.354313 1356.413208
1817.530622 1328.645142
1816.706931 1237.321777
1815.883239 1235.836060
1815.059548 1313.003784
1814.235856 1305.423828
1813.412165 1322.959473
1812.588473 1330.973389
1811.764782 1328.200195
1810.941090 1327.135498
1810.117399 1295.004150
1809.293707 1331.494507
1808.470016 1321.049316
1807.646325 1374.615967
1806.822633 1380.638428
1805.998942 1305.017944
1805.175250 1308.250732
1804.351559 1337.166626
1803.527867 1372.219116
1802.704176 1387.366943
1801.880484 1442.788940
1801.056793 1397.229126
1800.233101 1413.112793
1799.409410 1519.821899
1798.585718 1437.930420
1797.762027 1445.718384
1796.938336 1462.314453
1796.114644 1468.232544
1795.290953 1464.390747
1794.467261 1491.601074
1793.643570 1526.764526
1792.819878 1516.557739
1791.996187 1475.878540
1791.172495 1501.725830
1790.348804 1468.003784
1789.525112 1523.800293
1788.701421 1593.594727
1787.877729 1613.475098
1787.054038 1547.055542
1786.230347 1571.573730
1785.406655 1649.786377
1784.582964 1615.259888
1783.759272 1683.427856
1782.935581 1675.972290
1782.111889 1665.206543
1781.288198 1671.217407
1780.464506 1705.771362
1779.640815 1682.020020
1778.817123 1687.573242
1777.993432 1727.977295
1777.169740 1701.268066
1776.346049 1785.424927
1775.522358 1838.533936
1774.698666 1893.859741
1773.874975 1978.082764
1773.051283 2029.116577
1772.227592 2065.024170
1771.403900 2103.851563
1770.580209 2149.647217
1769.756517 2142.366699
1768.932826 2096.977783
1768.109134 2116.293701
1767.285443 2037.928223
1766.461751 2032.856323
1765.638060 2025.814941
1764.814369 1962.087891
1763.990677 1934.903931
1763.166986 2011.701660
1762.343294 1984.592041
1761.519603 2001.943970
1760.695911 2010.443481
1759.872220 1979.928101
1759.048528 2018.515137
1758.224837 2024.524170
1757.401145 1977.441162
1756.577454 1909.846436
1755.753763 1812.135986
1754.930071 1853.374756
1754.106380 1757.005859
1753.282688 1806.027100
1752.458997 1704.838135
1751.635305 1670.151855
1750.811614 1666.427612
1749.987922 1714.544189
1749.164231 1699.016479
1748.340539 1676.700806
1747.516848 1729.665771
1746.693156 1567.359497
1745.869465 1683.528931
1745.045774 1653.368164
1744.222082 1727.005005
1743.398391 1642.598877
1742.574699 1654.852783
1741.751008 1707.036377
1740.927316 1614.515869
1740.103625 1640.547241
1739.279933 1659.026123
1738.456242 1679.398804
1737.632550 1694.466797
1736.808859 1690.027344
1735.985167 1721.465210
1735.161476 1746.235352
1734.337785 1738.177124
1733.514093 1738.985474
1732.690402 1623.581055
1731.866710 1710.134277
1731.043019 1732.008667
1730.219327 1670.487549
1729.395636 1652.014771
1728.571944 1662.615845
1727.748253 1658.230225
1726.924561 1674.710571
1726.100870 1620.046753
1725.277178 1642.205200
1724.453487 1655.217285
1723.629796 1600.255859
1722.806104 1685.062256
1721.982413 1627.051147
1721.158721 1661.908203
1720.335030 1716.117310
1719.511338 1689.531494
1718.687647 1681.021851
1717.863955 1636.151123
1717.040264 1677.144653
1716.216572 1633.984619
1715.392881 1625.116943
1714.569189 1640.889038
1713.745498 1654.552002
1712.921807 1690.567627
1712.098115 1703.276733
1711.274424 1728.391479
1710.450732 1716.969116
1709.627041 1680.142212
1708.803349 1707.079712
1707.979658 1788.099854
1707.155966 1801.877319
1706.332275 1726.002563
1705.508583 1713.687012
1704.684892 1715.867798
1703.861201 1692.021729
1703.037509 1744.691528
1702.213818 1767.397949
1701.390126 1704.060059
1700.566435 1704.168091
1699.742743 1717.923706
1698.919052 1671.810669
1698.095360 1727.578491
1697.271669 1784.581543
1696.447977 1723.077026
1695.624286 1760.425903
1694.800594 1734.576538
1693.976903 1774.553833
1693.153212 1730.410156
1692.329520 1690.863770
1691.505829 1758.082520
1690.682137 1775.017456
1689.858446 1702.257935
1689.034754 1723.918335
1688.211063 1725.538452
1687.387371 1709.042236
1686.563680 1735.709961
1685.739988 1834.573975
1684.916297 1705.499512
1684.092605 1703.994873
1683.268914 1778.469360
1682.445223 1781.146362
1681.621531 1793.779907
1680.797840 1784.828369
1679.974148 1800.565796
1679.150457 1739.690430
1678.326765 1723.529785
1677.503074 1815.667114
1676.679382 1739.420898
1675.855691 1748.955078
1675.031999 1774.010254
1674.208308 1792.355835
1673.384616 1796.384277
1672.560925 1733.319092
1671.737234 1714.794434
1670.913542 1734.104126
1670.089851 1735.651489
1669.266159 1784.746948
1668.442468 1776.942261
1667.618776 1738.598022
1666.795085 1728.132080
1665.971393 1770.670288
1665.147702 1801.516357
1664.324010 1747.913086
1663.500319 1753.036743
1662.676627 1781.869263
1661.852936 1788.370483
1661.029245 1771.152710
1660.205553 1745.274780
1659.381862 1784.015991
1658.558170 1749.944580
1657.734479 1767.437134
1656.910787 1775.131226
1656.087096 1868.415527
1655.263404 1827.288574
1654.439713 1780.330322
1653.616021 1818.631958
1652.792330 1718.235840
1651.968639 1859.770996
1651.144947 1739.818237
1650.321256 1716.535645
1649.497564 1735.678589
1648.673873 1890.132080
1647.850181 1797.323364
1647.026490 1710.904175
1646.202798 1775.086914
1645.379107 1776.124390
1644.555415 1791.881470
1643.731724 1778.445313
1642.908032 1805.150513
1642.084341 1753.922852
1641.260650 1739.789307
1640.436958 1798.856689
1639.613267 1823.749268
1638.789575 1815.977417
1637.965884 1820.370605
1637.142192 1807.630737
1636.318501 1762.628174
1635.494809 1761.164185
1634.671118 1829.546021
1633.847426 1830.656860
1633.023735 1775.626831
1632.200043 1803.592285
1631.376352 1831.833618
1630.552661 1856.795776
1629.728969 1846.393311
1628.905278 1830.475342
1628.081586 1807.283081
1627.257895 1775.292969
1626.434203 1763.545654
1625.610512 1806.830688
1624.786820 1868.344238
1623.963129 1786.154541
1623.139437 1780.967041
1622.315746 1851.721313
1621.492054 1836.402344
1620.668363 1827.093384
1619.844672 1802.774414
1619.020980 1754.555176
1618.197289 1829.785278
1617.373597 1827.973022
1616.549906 1883.264160
1615.726214 1813.688599
1614.902523 1761.326904
1614.078831 1774.368530
1613.255140 1814.199829
1612.431448 1799.909546
1611.607757 1847.782104
1610.784065 1858.453003
1609.960374 1812.066406
1609.136683 1845.490234
1608.312991 1853.055786
1607.489300 1798.511719
1606.665608 1811.479004
1605.841917 1872.630859
1605.018225 1918.253662
1604.194534 1898.127075
1603.370842 1786.776245
1602.547151 1887.932373
1601.723459 1918.430542
1600.899768 1872.449097
1600.076077 1882.338257
1599.252385 1926.628296
1598.428694 1923.494263
1597.605002 1920.362183
1596.781311 1898.860352
1595.957619 1928.852295
1595.133928 1873.715698
1594.310236 1922.423584
1593.486545 1860.452271
1592.662853 1827.383667
1591.839162 1908.802368
1591.015470 1907.258911
1590.191779 1852.810425
1589.368088 1879.416870
1588.544396 1921.211304
1587.720705 1911.178101
1586.897013 1939.164185
1586.073322 1985.147583
1585.249630 1991.812012
1584.425939 1990.474854
1583.602247 1906.507202
1582.778556 1907.624023
1581.954864 1936.320435
1581.131173 1944.337402
1580.307481 1901.073486
1579.483790 1974.393799
1578.660099 1905.491821
1577.836407 1866.084961
1577.012716 2010.550049
1576.189024 1947.417236
1575.365333 2070.485107
1574.541641 2013.662354
1573.717950 1993.662598
1572.894258 1996.479736
1572.070567 2028.466675
1571.246875 2038.952881
1570.423184 2014.102173
1569.599492 2033.276611
1568.775801 2090.146729
1567.952110 2096.406250
1567.128418 2060.925049
1566.304727 2030.413818
1565.481035 2040.318726
1564.657344 2086.808838
1563.833652 2097.012207
1563.009961 2139.624756
1562.186269 2069.917969
1561.362578 2059.598145
1560.538886 2125.652100
1559.715195 2143.167480
1558.891503 2137.272705
1558.067812 2131.381592
1557.244121 2154.990479
1556.420429 2189.757813
1555.596738 2189.075195
1554.773046 2226.654785
1553.949355 2236.652344
1553.125663 2232.236816
1552.301972 2298.190918
1551.478280 2341.036621
1550.654589 2384.178955
1549.830897 2441.108887
1549.007206 2399.590332
1548.183515 2370.170166
1547.359823 2493.038086
1546.536132 2558.839111
1545.712440 2538.405029
1544.888749 2695.132568
1544.065057 2827.636230
1543.241366 2931.481445
1542.417674 3060.216553
1541.593983 3281.011230
1540.770291 3296.979004
1539.946600 3584.030273
1539.122908 3739.598633
1538.299217 4042.285156
1537.475526 4249.470703
1536.651834 4400.732910
1535.828143 4375.914551
1535.004451 4317.464355
1534.180760 4173.819824
1533.357068 3949.908447
1532.533377 3722.612793
1531.709685 3587.489990
1530.885994 3408.023193
1530.062302 3127.100586
1529.238611 2940.968506
1528.414919 2749.185547
1527.591228 2688.079834
1526.767537 2685.660400
1525.943845 2514.281250
1525.120154 2499.761963
1524.296462 2390.649902
1523.472771 2417.581299
1522.649079 2283.534180
1521.825388 2324.735352
1521.001696 2297.505615
1520.178005 2287.849365
1519.354313 2225.523682
1518.530622 2220.097168
1517.706930 2203.215576
1516.883239 2178.179688
1516.059548 2161.284180
1515.235856 2106.591309
1514.412165 2092.754150
1513.588473 2113.380859
1512.764782 2041.304565
1511.941090 2090.412109
1511.117399 2080.212158
1510.293707 2147.009766
1509.470016 2090.585938
1508.646324 2090.403564
1507.822633 2122.646484
1506.998941 2064.843994
1506.175250 2072.143555
1505.351559 2074.531494
1504.527867 2067.889893
1503.704176 2092.446045
1502.880484 2094.355713
1502.056793 2028.980225
1501.233101 2051.428223
1500.409410 2097.196533
1499.585718 2057.816650
1498.762027 2028.743530
1497.938335 2042.608154
1497.114644 2084.544678
1496.290953 2054.652588
1495.467261 2017.554077
1494.643570 2010.381958
1493.819878 2058.026367
1492.996187 2009.107178
1492.172495 2052.113525
1491.348804 2019.114990
1490.525112 2017.897217
1489.701421 2068.893799
1488.877729 2038.551514
1488.054038 2044.203491
1487.230346 2067.360107
1486.406655 2038.916748
1485.582964 2016.227417
1484.759272 2015.140259
1483.935581 2004.862549
1483.111889 2028.187012
1482.288198 2025.838135
1481.464506 2083.314697
1480.640815 2051.239746
1479.817123 1996.782227
1478.993432 2063.569580
1478.169740 2094.437744
1477.346049 2116.430664
1476.522357 2019.874390
1475.698666 2060.715088
1474.874975 2085.842773
1474.051283 2055.576172
1473.227592 2113.750488
1472.403900 2104.814453
1471.580209 2000.699585
1470.756517 2013.377686
1469.932826 2082.695313
1469.109134 2049.142334
1468.285443 1991.111572
1467.461751 2021.926514
1466.638060 2041.438110
1465.814368 1979.684814
1464.990677 2067.558350
1464.166986 2047.853149
1463.343294 2074.892578
1462.519603 2084.720215
1461.695911 2031.618652
1460.872220 2027.678833
1460.048528 2027.832642
1459.224837 2079.010498
1458.401145 2133.208740
1457.577454 2089.427979
1456.753762 2032.525024
1455.930071 2022.266968
1455.106379 2084.221924
1454.282688 2122.995605
1453.458997 2132.462891
1452.635305 2121.490479
1451.811614 2143.998047
1450.987922 2186.671631
1450.164231 2227.024658
1449.340539 2217.948486
1448.516848 2296.530762
1447.693156 2372.920410
1446.869465 2342.638428
1446.045773 2294.241211
1445.222082 2262.224365
1444.398391 2245.632568
1443.574699 2296.421631
1442.751008 2246.269531
1441.927316 2317.771973
1441.103625 2336.731689
1440.279933 2325.777344
1439.456242 2395.599854
1438.632550 2473.797852
1437.808859 2588.231934
1436.985167 2729.610352
1436.161476 2853.009766
1435.337784 3076.649658
1434.514093 3280.214844
1433.690402 3443.281982
1432.866710 3663.581299
1432.043019 3845.468506
1431.219327 3846.895752
1430.395636 3744.865479
1429.571944 3553.435059
1428.748253 3337.495361
1427.924561 3258.017822
1427.100870 2960.114502
1426.277178 2968.778076
1425.453487 3086.487061
1424.629795 3159.512207
1423.806104 3236.074219
1422.982413 3299.936279
1422.158721 3304.549072
1421.335030 3204.957275
1420.511338 3050.344482
1419.687647 2916.407715
1418.863955 2742.407227
1418.040264 2698.639404
1417.216572 2912.437744
1416.392881 2723.387695
1415.569189 2735.779297
1414.745498 2651.106201
1413.921806 2708.915039
1413.098115 2742.095703
1412.274424 2691.760010
1411.450732 2798.636719
1410.627041 2825.835205
1409.803349 2714.843506
1408.979658 2752.003418
1408.155966 2860.355957
1407.332275 2786.949219
1406.508583 2786.754395
1405.684892 2935.860596
1404.861200 2961.461426
1404.037509 2981.968506
1403.213817 3100.261475
1402.390126 3140.773438
1401.566435 3256.934326
1400.742743 3538.895020
1399.919052 3714.138184
1399.095360 3768.113770
1398.271669 3810.438232
1397.447977 3851.606445
1396.624286 3906.089111
1395.800594 3842.864990
1394.976903 3765.574951
1394.153211 3799.208252
1393.329520 3661.033936
1392.505829 3580.896240
1391.682137 3428.021973
1390.858446 3299.322998
1390.034754 3118.221436
1389.211063 3042.213379
1388.387371 2998.007080
1387.563680 2919.874512
1386.739988 2816.247559
1385.916297 2665.923096
1385.092605 2639.930420
1384.268914 2674.671631
1383.445222 2738.055420
1382.621531 2546.396240
1381.797840 2645.960449
1380.974148 2578.775635
1380.150457 2532.023438
1379.326765 2518.371826
1378.503074 2486.370850
1377.679382 2511.787354
1376.855691 2547.593506
1376.031999 2538.248779
1375.208308 2556.160645
1374.384616 2467.774170
1373.560925 2339.588379
1372.737233 2424.418945
1371.913542 2544.976318
1371.089851 2447.611328
1370.266159 2462.386475
1369.442468 2405.046875
1368.618776 2430.306641
1367.795085 2460.069092
1366.971393 2389.251953
1366.147702 2364.425293
1365.324010 2448.738037
1364.500319 2427.170654
1363.676627 2446.950928
1362.852936 2460.342773
1362.029244 2395.859619
1361.205553 2427.624268
1360.381862 2351.074463
1359.558170 2417.534180
1358.734479 2487.974365
1357.910787 2471.221924
1357.087096 2432.016357
1356.263404 2409.314941
1355.439713 2441.004395
1354.616021 2532.268311
1353.792330 2452.723389
1352.968638 2369.540771
1352.144947 2404.918213
1351.321255 2440.273682
1350.497564 2459.689209
1349.673873 2377.001709
1348.850181 2445.230469
1348.026490 2487.168213
1347.202798 2505.293213
1346.379107 2491.251953
1345.555415 2431.029053
1344.731724 2466.708252
1343.908032 2546.125977
1343.084341 2467.752197
1342.260649 2502.977783
1341.436958 2478.484375
1340.613267 2529.214355
1339.789575 2499.117188
1338.965884 2448.919922
1338.142192 2437.272705
1337.318501 2479.599365
1336.494809 2475.534912
1335.671118 2429.142822
1334.847426 2487.277344
1334.023735 2472.553223
1333.200043 2422.687500
1332.376352 2505.943115
1331.552660 2526.511475
1330.728969 2348.623535
1329.905278 2460.155273
1329.081586 2437.778809
1328.257895 2392.251953
1327.434203 2446.086182
1326.610512 2504.705566
1325.786820 2487.745605
1324.963129 2425.782715
1324.139437 2495.943848
1323.315746 2417.257324
1322.492054 2421.685547
1321.668363 2389.969971
1320.844671 2469.906494
1320.020980 2346.073975
1319.197289 2354.048340
1318.373597 2447.945557
1317.549906 2458.124756
1316.726214 2438.033203
1315.902523 2439.563965
1315.078831 2444.486572
1314.255140 2363.104492
1313.431448 2365.243164
1312.607757 2453.526123
1311.784065 2324.064209
1310.960374 2361.971924
1310.136682 2380.038574
1309.312991 2304.826904
1308.489300 2315.905273
1307.665608 2379.677979
1306.841917 2284.137451
1306.018225 2331.349609
1305.194534 2328.550049
1304.370842 2328.178467
1303.547151 2281.107666
1302.723459 2328.501221
1301.899768 2284.162598
1301.076076 2266.448730
1300.252385 2305.805908
1299.428693 2289.942383
1298.605002 2252.852295
1297.781311 2328.285156
1296.957619 2263.939941
1296.133928 2175.123779
1295.310236 2279.715332
1294.486545 2242.081299
1293.662853 2218.261230
1292.839162 2216.453613
1292.015470 2239.359375
1291.191779 2280.249756
1290.368087 2274.873779
1289.544396 2190.759277
1288.720705 2125.778320
1287.897013 2158.424561
1287.073322 2245.239014
1286.249630 2166.988770
1285.425939 2194.959717
1284.602247 2157.254395
1283.778556 2199.817627
1282.954864 2169.261475
1282.131173 2146.843262
1281.307481 2193.547363
1280.483790 2165.357422
1279.660098 2154.227051
1278.836407 2166.186035
1278.012716 2175.769043
1277.189024 2145.742188
1276.365333 2092.510010
1275.541641 2038.753052
1274.717950 2098.583008
1273.894258 2099.873047
1273.070567 2045.091064
1272.246875 2082.901367
1271.423184 2097.722412
1270.599492 2033.927734
1269.775801 2006.390869
1268.952109 2111.771484
1268.128418 2136.404297
1267.304727 2120.202881
1266.481035 2067.744629
1265.657344 2026.275269
1264.833652 2039.560913
1264.009961 2044.363647
1263.186269 1977.815918
1262.362578 2029.998779
1261.538886 2027.210938
1260.715195 1982.544800
1259.891503 1955.409302
1259.067812 1978.498901
1258.244120 1982.131592
1257.420429 1966.750488
1256.596738 1932.617310
1255.773046 1929.855835
1254.949355 1993.173584
1254.125663 1954.301514
1253.301972 2031.806396
1252.478280 1965.132690
1251.654589 1889.707031
1250.830897 1955.538208
1250.007206 2001.487671
1249.183514 1996.396118
1248.359823 1974.000366
1247.536131 1965.562134
1246.712440 1970.708618
1245.888749 1924.937622
1245.065057 1868.272461
1244.241366 1919.035645
1243.417674 1944.195190
1242.593983 1954.612427
1241.770291 1921.492310
1240.946600 1917.802734
1240.122908 1926.231812
1239.299217 1897.218018
1238.475525 1889.599365
1237.651834 1932.233398
1236.828143 1885.517334
1236.004451 1976.358276
1235.180760 1851.805542
1234.357068 1903.833862
1233.533377 1940.324951
1232.709685 1898.064331
1231.885994 1848.287231
1231.062302 1837.206787
1230.238611 1856.922607
1229.414919 1857.129395
1228.591228 1917.707642
1227.767536 1892.250732
1226.943845 1864.273315
1226.120154 1835.526245
1225.296462 1829.997192
1224.472771 1855.337646
1223.649079 1877.944580
1222.825388 1864.400513
1222.001696 1847.103638
1221.178005 1829.814087
1220.354313 1877.467896
1219.530622 1785.969482
1218.706930 1824.100830
1217.883239 1854.093018
1217.059547 1847.619995
1216.235856 1828.963501
1215.412165 1810.666748
1214.588473 1818.869629
1213.764782 1784.354980
1212.941090 1801.016968
1212.117399 1799.871826
1211.293707 1862.903198
1210.470016 1820.888794
1209.646324 1771.464600
1208.822633 1813.380005
1207.998941 1858.203125
1207.175250 1788.884033
1206.351558 1810.210938
1205.527867 1800.271240
1204.704176 1813.342773
1203.880484 1767.335083
1203.056793 1793.081665
1202.233101 1806.283936
1201.409410 1804.680664
1200.585718 1795.538940
1199.762027 1742.219116
1198.938335 1727.636841
1198.114644 1758.655518
1197.290952 1824.845337
1196.467261 1816.094971
1195.643569 1767.904419
1194.819878 1754.995850
1193.996187 1776.159668
1193.172495 1768.868530
1192.348804 1717.559448
1191.525112 1721.769531
1190.701421 1743.099487
1189.877729 1743.173950
1189.054038 1755.259155
1188.230346 1751.772583
1187.406655 1794.430420
1186.582963 1815.241333
1185.759272 1760.353027
1184.935581 1697.920288
1184.111889 1705.453613
1183.288198 1698.006714
1182.464506 1753.847046
1181.640815 1802.798218
1180.817123 1786.049316
1179.993432 1717.894653
1179.169740 1700.531738
1178.346049 1754.201294
1177.522357 1763.537476
1176.698666 1674.699585
1175.874974 1798.510254
1175.051283 1754.583130
1174.227592 1696.262695
1173.403900 1720.639526
1172.580209 1717.932007
1171.756517 1685.010742
1170.932826 1688.800537
1170.109134 1713.110107
1169.285443 1662.718018
1168.461751 1645.802612
1167.638060 1693.276978
1166.814368 1686.076294
1165.990677 1698.061646
1165.166985 1709.509521
1164.343294 1692.122070
1163.519603 1682.115112
1162.695911 1723.276489
1161.872220 1654.359253
1161.048528 1699.175171
1160.224837 1701.712524
1159.401145 1666.644531
1158.577454 1685.387573
1157.753762 1689.034546
1156.930071 1683.973999
1156.106379 1740.577271
1155.282688 1742.194824
1154.458996 1739.554688
1153.635305 1734.624756
1152.811614 1670.327515
1151.987922 1697.435059
1151.164231 1685.911621
1150.340539 1652.637085
1149.516848 1656.949463
1148.693156 1639.167725
1147.869465 1672.632080
1147.045773 1660.568848
1146.222082 1695.322998
1145.398390 1664.549683
1144.574699 1651.227417
1143.751007 1662.748291
1142.927316 1676.624756
1142.103625 1686.189087
1141.279933 1679.673462
1140.456242 1658.222656
1139.632550 1625.507202
1138.808859 1673.585327
1137.985167 1669.737061
1137.161476 1647.153687
1136.337784 1669.226318
1135.514093 1716.607544
1134.690401 1710.896729
1133.866710 1743.091797
1133.043019 1681.775879
1132.219327 1724.313843
1131.395636 1726.173340
1130.571944 1684.898682
1129.748253 1683.830322
1128.924561 1735.081299
1128.100870 1749.185913
1127.277178 1733.662109
1126.453487 1745.100464
1125.629795 1718.508911
1124.806104 1728.920898
1123.982412 1756.432251
1123.158721 1742.259277
1122.335030 1711.976685
1121.511338 1736.373047
1120.687647 1746.683838
1119.863955 1741.739990
1119.040264 1767.116089
1118.216572 1763.609253
1117.392881 1724.483276
1116.569189 1700.100220
1115.745498 1708.766113
1114.921806 1741.612671
1114.098115 1826.957520
1113.274423 1854.635864
1112.450732 1801.051880
1111.627041 1811.582397
1110.803349 1865.327148
1109.979658 1868.703735
1109.155966 1852.743286
1108.332275 1907.417236
1107.508583 1965.285156
1106.684892 1930.114014
1105.861200 1875.136353
1105.037509 1888.273438
1104.213817 1968.861816
1103.390126 2009.167603
1102.566434 1994.056274
1101.742743 2007.325562
1100.919052 2081.436523
1100.095360 2157.631104
1099.271669 2259.996094
1098.447977 2323.207520
1097.624286 2385.217041
1096.800594 2466.158936
1095.976903 2549.709961
1095.153211 2632.367920
1094.329520 2774.911865
1093.505828 2853.105469
1092.682137 3115.822998
1091.858445 3313.142578
1091.034754 3502.909912
1090.211063 3799.525146
1089.387371 4241.336914
1088.563680 4823.828613
1087.739988 5670.573730
1086.916297 6959.295898
1086.092605 9982.751953
1085.268914 17010.003906
1084.445222 31514.349609
1083.621531 52738.027344
1082.797839 72111.031250
1081.974148 79634.109375
1081.150457 83096.031250
1080.326765 100281.601563
1079.503074 110089.992188
1078.679382 95165.101563
1077.855691 65599.640625
1077.031999 38276.890625
1076.208308 23295.724609
1075.384616 18757.208984
1074.560925 19310.003906
1073.737233 24039.787109
1072.913542 36467.222656
1072.089850 63556.203125
1071.266159 106852.515625
1070.442468 147938.296875
1069.618776 157219.750000
1068.795085 120177.718750
1067.971393 70690.210938
1067.147702 41265.902344
1066.324010 25987.218750
1065.500319 18405.537109
1064.676627 14334.439453
1063.852936 11911.382813
1063.029244 10497.483398
1062.205553 9340.220703
1061.381861 8545.997070
1060.558170 8147.291992
1059.734479 7376.237793
1058.910787 6730.143066
1058.087096 6253.075684
1057.263404 5642.659180
1056.439713 5013.715820
1055.616021 4422.371582
1054.792330 4079.147217
1053.968638 3722.347900
1053.144947 3510.541260
1052.321255 3322.385986
1051.497564 3206.301270
1050.673872 3386.901367
1049.850181 3492.179199
1049.026490 3484.815186
1048.202798 3178.250244
1047.379107 2922.637939
1046.555415 2681.227051
1045.731724 2488.103516
1044.908032 2406.315918
1044.084341 2313.496094
1043.260649 2256.404541
1042.436958 2345.229980
1041.613266 2156.600342
1040.789575 2048.881348
1039.965883 2038.883667
1039.142192 2017.962646
1038.318501 2007.387817
1037.494809 1959.520752
1036.671118 1927.140503
1035.847426 1860.008179
1035.023735 1861.142212
1034.200043 1883.432251
1033.376352 1878.373169
1032.552660 1848.419189
1031.728969 1788.692139
1030.905277 1790.674438
1030.081586 1751.609009
1029.257895 1777.924438
1028.434203 1819.270020
1027.610512 1811.664551
1026.786820 1754.679932
1025.963129 1731.850830
1025.139437 1772.157349
1024.315746 1749.147949
1023.492054 1738.065430
1022.668363 1704.328491
1021.844671 1675.784302
1021.020980 1685.818970
1020.197288 1698.767456
1019.373597 1649.028320
1018.549906 1652.102295
1017.726214 1670.820313
1016.902523 1670.915283
1016.078831 1671.421631
1015.255140 1690.433838
1014.431448 1703.448486
1013.607757 1653.808472
1012.784065 1595.540161
1011.960374 1594.514771
1011.136682 1647.795288
1010.312991 1658.841431
1009.489299 1607.840576
1008.665608 1589.668213
1007.841917 1636.450928
1007.018225 1720.611938
1006.194534 1655.193970
1005.370842 1613.549683
1004.547151 1632.740479
1003.723459 1658.561401
1002.899768 1620.477173
1002.076076 1524.132935
1001.252385 1580.969360
1000.428693 1575.940674
999.605002 1577.045776
998.781310 1612.305176
997.957619 1642.154663
997.133928 1612.128296
996.310236 1589.582397
995.486545 1640.340576
994.662853 1622.952637
993.839162 1609.220703
993.015470 1632.080566
992.191779 1656.056152
991.368087 1633.532837
990.544396 1657.757813
989.720704 1591.516724
988.897013 1608.812378
988.073321 1597.519409
987.249630 1607.142090
986.425939 1627.932983
985.602247 1579.860962
984.778556 1588.498779
983.954864 1566.688354
983.131173 1583.814087
982.307481 1591.714233
981.483790 1589.251953
980.660098 1593.458252
979.836407 1617.497070
979.012715 1670.421631
978.189024 1572.351563
977.365333 1567.666260
976.541641 1544.386353
975.717950 1515.034546
974.894258 1513.200439
974.070567 1518.519043
973.246875 1571.340332
972.423184 1554.045288
971.599492 1587.184570
970.775801 1574.033813
969.952109 1584.405884
969.128418 1642.228760
968.304726 1554.636963
967.481035 1508.072266
966.657344 1530.839844
965.833652 1529.515625
965.009961 1531.851929
964.186269 1537.054443
963.362578 1534.785889
962.538886 1566.527588
961.715195 1564.086182
960.891503 1571.058594
960.067812 1554.149658
959.244120 1556.498169
958.420429 1571.021851
957.596737 1549.833984
956.773046 1534.216064
955.949355 1572.473633
955.125663 1537.479370
954.301972 1532.934448
953.478280 1562.812988
952.654589 1585.865112
951.830897 1578.232666
951.007206 1621.840088
950.183514 1624.896118
949.359823 1523.069458
948.536131 1532.040039
947.712440 1600.079346
946.888748 1584.454956
946.065057 1544.989380
945.241366 1509.751587
944.417674 1547.924194
943.593983 1557.690308
942.770291 1567.439209
941.946600 1598.450928
941.122908 1622.185425
940.299217 1569.523926
939.475525 1550.704712
938.651834 1569.158936
937.828142 1577.337646
937.004451 1604.608032
936.180759 1634.337402
935.357068 1553.578125
934.533377 1590.381348
933.709685 1636.863770
932.885994 1684.521240
932.062302 1634.313110
931.238611 1590.090576
930.414919 1694.607666
929.591228 1670.423462
928.767536 1620.533569
927.943845 1610.492065
927.120153 1650.815552
926.296462 1671.724854
925.472771 1657.478394
924.649079 1695.558105
923.825388 1645.377930
923.001696 1723.165894
922.178005 1660.485840
921.354313 1604.261353
920.530622 1662.782104
919.706930 1778.145386
918.883239 1671.722412
918.059547 1757.984009
917.235856 1786.796631
916.412164 1806.105713
915.588473 1806.631348
914.764782 1779.715454
913.941090 1766.853271
913.117399 1796.851318
912.293707 1800.472900
911.470016 1801.680298
910.646324 1797.077148
909.822633 1805.058960
908.998941 1855.265381
908.175250 1911.090820
907.351558 1818.323730
906.527867 1855.481079
905.704175 1901.440430
904.880484 1919.719238
904.056793 1924.759155
903.233101 1882.496704
902.409410 1946.801514
901.585718 1956.168213
900.762027 1970.127319
899.938335 1979.043579
899.114644 1962.873291
898.290952 1923.091919
897.467261 1845.426147
896.643569 1841.820801
895.819878 1930.068726
894.996186 1960.873291
894.172495 1899.783691
893.348804 1840.003784
892.525112 1798.959717
891.701421 1776.051880
890.877729 1815.345459
890.054038 1831.959473
889.230346 1828.764893
888.406655 1859.085571
887.582963 1931.619995
886.759272 1904.690552
885.935580 1917.532715
885.111889 1920.018066
884.288197 1937.452148
883.464506 1953.235107
882.640815 1826.552368
881.817123 1755.761841
880.993432 1785.549316
880.169740 1766.535034
879.346049 1727.317139
878.522357 1732.624756
877.698666 1796.551270
876.874974 1723.761719
876.051283 1703.438721
875.227591 1700.614502
874.403900 1688.859009
873.580209 1676.387451
872.756517 1696.638550
871.932826 1728.319336
871.109134 1711.522461
870.285443 1699.132202
869.461751 1701.471069
868.638060 1724.419067
867.814368 1759.210815
866.990677 1731.312866
866.166985 1824.951904
865.343294 1852.517212
864.519602 1841.585571
863.695911 1812.624878
862.872220 1781.115356
862.048528 1810.544800
861.224837 1817.583130
860.401145 1834.989014
859.577454 1781.496826
858.753762 1719.583130
857.930071 1740.871216
857.106379 1763.901489
856.282688 1801.370239
855.458996 1771.697144
854.635305 1754.684692
853.811613 1758.337769
852.987922 1766.254395
852.164231 1810.373291
851.340539 1712.796021
850.516848 1781.263428
849.693156 1798.058838
848.869465 1795.663940
848.045773 1843.112671
847.222082 1779.536499
846.398390 1776.622803
845.574699 1775.914429
844.751007 1755.688232
843.927316 1762.980225
843.103624 1798.839844
842.279933 1684.833252
841.456242 1785.804443
840.632550 1812.149414
839.808859 1798.345703
838.985167 1796.862549
838.161476 1822.395508
837.337784 1786.380249
836.514093 1812.508545
835.690401 1813.207642
834.866710 1782.204956
834.043018 1759.128296
833.219327 1778.126587
832.395635 1798.840942
831.571944 1768.453247
830.748253 1752.904541
829.924561 1783.851563
829.100870 1843.396118
828.277178 1872.909180
827.453487 1774.180054
826.629795 1876.021484
825.806104 1869.942139
824.982412 1819.965820
824.158721 1804.277100
823.335029 1850.521240
822.511338 1823.061890
821.687647 1830.813965
820.863955 1892.878174
820.040264 1887.398071
819.216572 1863.665649
818.392881 1949.201782
817.569189 1890.473877
816.745498 1863.976074
815.921806 1870.027710
815.098115 1852.357910
814.274423 1806.307983
813.450732 1789.408569
812.627040 1866.218628
811.803349 1848.232666
810.979658 1875.108398
810.155966 1888.877686
809.332275 1880.543091
808.508583 1949.072632
807.684892 1932.142334
806.861200 1916.960571
806.037509 1900.819580
805.213817 1907.440918
804.390126 1943.553223
803.566434 1968.127197
802.742743 1963.679688
801.919051 1900.043701
801.095360 1883.804810
800.271669 1904.814331
799.447977 1909.772461
798.624286 1899.120972
797.800594 1977.348877
796.976903 1930.665405
796.153211 1900.976685
795.329520 1915.550171
794.505828 1914.999512
793.682137 1962.293213
792.858445 1948.192139
792.034754 1982.681274
791.211062 1975.410645
790.387371 1931.098999
789.563680 1985.637329
788.739988 1985.338623
787.916297 1967.704834
787.092605 1924.765625
786.268914 1913.224243
785.445222 1947.059326
784.621531 1911.709595
783.797839 1894.713623
782.974148 1943.399902
782.150456 1976.416016
781.326765 1988.016724
780.503073 2004.337891
779.679382 1981.396118
778.855691 2011.395264
778.031999 2044.614746
777.208308 2056.077637
776.384616 2037.030884
775.560925 2001.699829
774.737233 2063.036133
773.913542 1973.571655
773.089850 2001.961792
772.266159 2042.165039
771.442467 1999.524902
770.618776 2052.563232
769.795085 2009.129150
768.971393 2038.828857
768.147702 2057.094971
767.324010 2032.369019
766.500319 1988.916138
765.676627 2025.476440
764.852936 2062.021484
764.029244 2061.137451
763.205553 2057.445557
762.381861 2060.111816
761.558170 2029.046143
760.734478 2081.884521
759.910787 2100.193115
759.087096 2098.134033
758.263404 2096.586182
757.439713 2108.761230
756.616021 2110.486084
755.792330 2112.209961
754.968638 2090.823730
754.144947 2075.849854
753.321255 2086.868652
752.497564 2118.955566
751.673872 2065.669434
750.850181 2160.659668
750.026489 2181.633545
749.202798 2167.430420
748.379107 2194.748779
747.555415 2165.939697
746.731724 2119.891846
745.908032 2182.746826
745.084341 2248.549805
744.260649 2270.126953
743.436958 2276.167969
742.613266 2216.940674
741.789575 2257.394531
740.965883 2294.446045
740.142192 2328.953125
739.318500 2360.894775
738.494809 2277.407959
737.671118 2344.403564
736.847426 2402.203369
736.023735 2420.604004
735.200043 2406.607910
734.376352 2393.571777
733.552660 2368.926514
732.728969 2466.884766
731.905277 2529.454834
731.081586 2546.314941
730.257894 2570.556641
729.434203 2669.195068
728.610511 2663.912354
727.786820 2657.766602
726.963129 2698.674316
726.139437 2746.906250
725.315746 2663.741943
724.492054 2721.844727
723.668363 2733.875488
722.844671 2789.964355
722.020980 2866.805664
721.197288 2890.397949
720.373597 2861.767090
719.549905 2849.072754
718.726214 2915.886475
717.902522 3017.316406
717.078831 3100.405762
716.255140 3146.206787
715.431448 3186.151367
714.607757 3178.430176
713.784065 3264.262939
712.960374 3448.758545
712.136682 3606.053467
711.312991 3633.622314
710.489299 3595.281006
709.665608 3744.192139
708.841916 4010.034180
708.018225 4281.712891
707.194534 4856.439941
706.370842 5342.449219
705.547151 6470.584961
704.723459 7890.817383
703.899768 9287.793945
703.076076 10739.847656
702.252385 10635.611328
701.428693 10236.226563
700.605002 9893.356445
699.781310 9603.124023
698.957619 9062.880859
698.133927 7876.613770
697.310236 6540.901367
696.486545 5525.091309
695.662853 4881.304199
694.839162 4477.984863
694.015470 4213.940430
693.191779 4138.725098
692.368087 4111.605469
691.544396 4199.189941
690.720704 4424.631348
689.897013 4627.183105
689.073321 4820.200684
688.249630 5053.818359
687.425938 5316.247559
686.602247 5502.716309
685.778556 5412.535156
684.954864 5340.139648
684.131173 5387.705566
683.307481 5263.053711
682.483790 5028.623535
681.660098 4941.812988
680.836407 4704.792480
680.012715 4578.172363
679.189024 4414.305664
678.365332 4307.468750
677.541641 4356.041992
676.717949 4240.396484
675.894258 4199.958496
675.070567 4156.842285
674.246875 4110.726563
673.423184 4082.868408
672.599492 4115.916992
671.775801 4198.675781
670.952109 4218.010254
670.128418 4234.403809
669.304726 4278.543457
668.481035 4305.585938
667.657343 4355.748535
666.833652 4387.557617
666.009960 4435.148926
665.186269 4464.979980
664.362578 4379.008789
663.538886 4382.304688
662.715195 4505.126465
661.891503 4608.291016
661.067812 4634.465332
660.244120 4597.520508
659.420429 4717.039551
658.596737 4841.305176
657.773046 4808.833496
656.949354 4698.866211
656.125663 4664.837891
655.301972 4571.678711
654.478280 4620.145020
653.654589 4726.279297
652.830897 4760.804688
652.007206 4645.040039
651.183514 4622.742676
650.359823 4615.945313
649.536131 4556.628418
648.712440 4494.738281
647.888748 4476.364258
647.065057 4446.275391
646.241365 4297.647461
645.417674 4196.892090
644.593983 4148.764160
643.770291 4142.463867
642.946600 4194.736328
642.122908 4008.004883
641.299217 3970.801025
640.475525 3916.378418
639.651834 3763.508789
638.828142 3729.700439
638.004451 3681.157715
637.180759 3657.637207
636.357068 3626.864258
635.533376 3567.184326
634.709685 3482.672607
633.885994 3426.266113
633.062302 3336.415771
632.238611 3312.171875
631.414919 3355.018066
630.591228 3307.718262
629.767536 3201.868164
628.943845 3177.152344
628.120153 3159.576904
627.296462 3110.799805
626.472770 3049.972900
625.649079 3046.216309
624.825387 3004.155518
624.001696 2950.089600
623.178005 2897.293945
622.354313 2838.534424
621.530622 2894.149658
620.706930 2788.703613
619.883239 2734.353760
619.059547 2769.493896
618.235856 2703.066650
617.412164 2794.644531
616.588473 2800.074219
615.764781 2727.880859
614.941090 2640.001465
614.117398 2662.876953
613.293707 2636.507324
612.470016 2576.665771
611.646324 2542.245361
610.822633 2536.297363
609.998941 2483.655762
609.175250 2556.772217
608.351558 2522.763428
607.527867 2452.219727
606.704175 2411.693359
605.880484 2451.928223
605.056792 2464.354980
604.233101 2406.088867
603.409410 2414.803467
602.585718 2485.643799
601.762027 2336.659912
600.938335 2360.797363
600.114644 2393.839111
599.290952 2386.820801
598.467261 2336.640381
597.643569 2322.804688
596.819878 2335.725342
595.996186 2344.333252
595.172495 2360.952393
594.348803 2383.509521
593.525112 2354.292236
592.701421 2297.281738
591.877729 2289.613281
591.054038 2300.652100
590.230346 2294.400391
589.406655 2274.847656
588.582963 2324.427490
587.759272 2366.930420
586.935580 2384.572266
586.111889 2372.480225
585.288197 2326.082031
584.464506 2344.776611
583.640814 2353.611816
582.817123 2341.152100
581.993432 2319.979492
581.169740 2350.290771
580.346049 2346.256104
579.522357 2350.387207
578.698666 2361.588867
577.874974 2363.622803
577.051283 2476.144531
576.227591 2395.249268
575.403900 2359.158203
574.580208 2397.423096
573.756517 2381.783447
572.932825 2434.754395
572.109134 2537.125000
571.285443 2555.202393
570.461751 2471.161865
569.638060 2423.098633
568.814368 2475.139893
567.990677 2477.842285
567.166985 2428.588623
566.343294 2372.074463
565.519602 2461.278320
564.695911 2415.731689
563.872219 2410.325195
563.048528 2404.935059
562.224836 2356.495361
561.401145 2346.636719
560.577454 2327.019775
559.753762 2319.276855
558.930071 2349.577148
558.106379 2422.250977
557.282688 2260.439941
556.458996 2297.918701
555.635305 2277.957031
554.811613 2212.628662
553.987922 2272.588135
553.164230 2274.151367
552.340539 2229.264160
551.516848 2222.534180
550.693156 2260.036133
549.869465 2240.757080
549.045773 2160.576660
548.222082 2185.092285
547.398390 2218.194092
546.574699 2203.092041
545.751007 2255.737793
544.927316 2105.147461
544.103624 2075.668457
543.279933 2141.600342
542.456241 2200.390137
541.632550 2133.952881
540.808859 2095.141113
539.985167 2101.768066
539.161476 2131.199463
538.337784 2133.721924
537.514093 2016.468994
536.690401 2020.523438
535.866710 2063.811768
535.043018 2092.836670
534.219327 2081.224609
533.395635 2030.990112
532.571944 1997.938110
531.748252 2013.530640
530.924561 2075.534180
530.100870 2045.129761
529.277178 2022.759277
528.453487 1990.829346
527.629795 1958.684937
526.806104 1947.380737
525.982412 2029.742798
525.158721 2018.099365
524.335029 2017.687012
523.511338 2031.679199
522.687646 1960.070801
521.863955 2053.343018
521.040263 2026.220825
520.216572 1962.783936
519.392881 1949.607544
518.569189 2043.003906
517.745498 2000.188965
516.921806 1957.309814
516.098115 1953.438599
515.274423 2000.016357
514.450732 2009.077515
513.627040 1957.494629
512.803349 1933.652954
511.979657 1952.454956
511.155966 1959.644531
510.332274 1949.094971
509.508583 1974.145630
508.684892 1964.554077
507.861200 1894.686523
507.037509 1952.255981
506.213817 1970.190796
505.390126 1980.022095
504.566434 1998.492432
503.742743 2037.381104
502.919051 1994.231934
502.095360 1959.430664
501.271668 1947.564331
500.447977 1955.233276
499.624286 1949.364868
498.800594 1969.031982
497.976903 1941.255615
497.153211 1913.980103
496.329520 1938.326416
495.505828 1967.777100
494.682137 1901.578247
493.858445 1917.677124
493.034754 1992.021240
492.211062 1954.605347
491.387371 1971.149048
490.563679 1980.452881
489.739988 1972.778076
488.916297 1945.071411
488.092605 1907.717773
487.268914 1941.395630
486.445222 1950.355713
485.621531 1933.172241
484.797839 1921.039063
483.974148 2005.891357
483.150456 1996.085083
482.326765 1936.427734
481.503073 1880.308350
480.679382 1931.797852
479.855690 1942.266113
479.031999 1968.786743
478.208308 1997.769897
477.384616 2000.775757
476.560925 1952.491333
475.737233 1950.481201
474.913542 1914.716309
474.089850 1851.697510
473.266159 1895.680054
472.442467 1953.075073
471.618776 2008.286987
470.795084 2022.714600
469.971393 1968.855469
469.147701 1998.025635
468.324010 2011.458374
467.500319 2003.148804
466.676627 1978.634644
465.852936 1959.956665
465.029244 1927.707642
464.205553 1906.079224
463.381861 1890.453735
462.558170 1880.380005
461.734478 1962.737915
460.910787 1924.448120
460.087095 1901.773071
459.263404 1934.030640
458.439712 1985.107178
457.616021 1970.099121
456.792330 1983.517090
455.968638 1998.243408
455.144947 1981.832520
454.321255 1998.027466
453.497564 1978.703613
452.673872 1986.663940
451.850181 2015.982056
451.026489 1973.611328
450.202798 1976.315308
449.379106 2010.722656
448.555415 2032.175781
447.731724 1992.171265
446.908032 1887.760010
446.084341 1957.738647
445.260649 2022.711670
444.436958 2012.888184
443.613266 1976.105225
442.789575 1991.238403
441.965883 2001.906494
441.142192 2018.779541
440.318500 2064.556641
439.494809 2040.572632
438.671117 2016.598633
437.847426 2022.857300
437.023735 2051.375488
436.200043 1981.921387
435.376352 2019.727539
434.552660 2007.279175
433.728969 1959.728638
432.905277 1961.262695
432.081586 2030.357300
431.257894 2066.019775
430.434203 2080.698730
429.610511 2090.944092
428.786820 2130.571289
427.963128 2121.843018
427.139437 2114.631836
426.315746 2122.163818
425.492054 2138.173828
424.668363 2120.593262
423.844671 2098.063232
423.020980 2086.455078
422.197288 2099.144531
421.373597 2118.753906
420.549905 2107.196533
419.726214 2075.335449
418.902522 2045.925293
418.078831 2092.645508
417.255139 2108.156494
416.431448 2097.185547
415.607757 2101.573975
414.784065 2191.587646
413.960374 2139.024658
413.136682 2076.638672
412.312991 2081.522949
411.489299 2187.544189
410.665608 2154.765137
409.841916 2214.215332
409.018225 2212.176270
408.194533 2134.107422
407.370842 2115.784180
406.547150 2147.359131
405.723459 2167.708008
404.899768 2175.325684
404.076076 2180.409912
403.252385 2133.418701
402.428693 2135.390869
401.605002 2165.644531
400.781310 2198.901611
399.957619 2162.648438
399.133927 2159.496338
398.310236 2174.465332
397.486544 2198.925781
396.662853 2221.940674
395.839162 2212.638672
395.015470 2250.307129
394.191779 2279.404297
393.368087 2209.155029
392.544396 2253.359863
391.720704 2216.764893
390.897013 2187.185303
390.073321 2226.826172
389.249630 2307.057373
388.425938 2235.911133
387.602247 2215.461426
386.778555 2282.635742
385.954864 2316.279541
385.131173 2289.964111
384.307481 2308.478760
383.483790 2349.538086
382.660098 2349.199463
381.836407 2312.400635
381.012715 2306.802490
380.189024 2313.275146
379.365332 2313.585693
378.541641 2323.952148
377.717949 2351.822998
376.894258 2353.223389
376.070566 2321.689453
375.246875 2326.698975
374.423184 2354.149902
373.599492 2383.001465
372.775801 2408.134277
371.952109 2429.138916
371.128418 2433.719727
370.304726 2459.945801
369.481035 2470.731689
368.657343 2415.791748
367.833652 2522.039307
367.009960 2492.255859
366.186269 2469.375732
365.362577 2540.299316
364.538886 2493.792725
363.715195 2499.449463
362.891503 2510.468750
362.067812 2518.188721
361.244120 2569.233643
360.420429 2588.672852
359.596737 2588.129150
358.773046 2578.628906
357.949354 2580.028809
357.125663 2648.305908
356.301971 2636.692383
355.478280 2618.448242
354.654588 2710.040771
353.830897 2631.409668
353.007206 2614.175537
352.183514 2635.360352
351.359823 2672.509521
350.536131 2716.274414
349.712440 2737.518066
348.888748 2757.436279
348.065057 2784.376953
347.241365 2805.144775
346.417674 2810.087646
345.593982 2807.897949
344.770291 2794.796387
343.946600 2750.344971
343.122908 2801.870605
342.299217 2892.529785
341.475525 2965.178467
340.651834 2926.031982
339.828142 2964.614746
339.004451 2963.001953
338.180759 2955.874512
337.357068 2995.885254
336.533376 3063.951904
335.709685 3109.186279
334.885993 3102.289063
334.062302 3035.544189
333.238611 3156.226074
332.414919 3141.760254
331.591228 3150.745850
330.767536 3239.955566
329.943845 3202.670410
329.120153 3234.980957
328.296462 3236.759277
327.472770 3212.981689
326.649079 3331.615723
325.825387 3219.307129
325.001696 3181.396484
324.178004 3241.141357
323.354313 3277.414795
322.530622 3307.412109
321.706930 3280.164063
320.883239 3265.928711
320.059547 3407.005859
319.235856 3391.769531
318.412164 3441.932617
317.588473 3502.341064
316.764781 3482.639160
315.941090 3466.390381
315.117398 3499.075439
314.293707 3542.771484
313.470015 3561.893311
312.646324 3596.238281
311.822633 3655.273926
310.998941 3725.105225
310.175250 3783.256104
309.351558 3669.563232
308.527867 3736.958008
307.704175 3833.178467
306.880484 3875.587891
306.056792 3826.345947
305.233101 3844.044922
304.409409 3861.436768
303.585718 3867.812256
302.762026 3936.734619
301.938335 4022.724854
301.114644 4090.785645
300.290952 4134.004883
299.467261 4162.907715
298.643569 4153.314941
297.819878 4127.920410
296.996186 4125.651367
296.172495 4242.905273
295.348803 4188.607910
294.525112 4223.364746
293.701420 4301.933105
292.877729 4239.002441
292.054038 4275.532227
291.230346 4294.185547
290.406655 4330.862305
289.582963 4472.024902
288.759272 4292.090820
287.935580 4230.811035
287.111889 4254.869141
286.288197 4271.531738
285.464506 4321.395020
284.640814 4300.132813
283.817123 4261.439941
282.993431 4276.357422
282.169740 4277.703125
281.346049 4278.816895
280.522357 4312.305176
279.698666 4411.217773
278.874974 4339.968262
278.051283 4387.293457
277.227591 4454.025879
276.403900 4451.647949
275.580208 4535.318359
274.756517 4582.104004
273.932825 4644.833984
273.109134 4764.108398
272.285442 4871.700195
271.461751 5004.680664
270.638060 5190.213867
269.814368 5436.897461
268.990677 5509.936035
268.166985 5569.415527
267.343294 5750.914063
266.519602 6116.764648
265.695911 6189.621094
264.872219 6393.131836
264.048528 6599.114258
263.224836 6735.297363
262.401145 6897.038574
261.577453 7073.784180
260.753762 7282.073242
259.930071 7528.347656
259.106379 7763.362793
258.282688 7920.023926
257.458996 8034.973145
256.635305 8138.835449
255.811613 8359.824219
254.987922 8416.253906
254.164230 8415.055664
253.340539 8414.748047
252.516847 8425.499023
251.693156 8464.056641
250.869464 8477.603516
250.045773 8443.824219
249.222082 8451.147461
248.398390 8301.052734
247.574699 8242.830078
246.751007 8388.628906
245.927316 8358.486328
245.103624 8454.668945
244.279933 8497.896484
243.456241 8405.162109
242.632550 8492.421875
241.808858 8605.645508
240.985167 8667.888672
240.161476 8647.916016
239.337784 8828.489258
238.514093 9005.323242
237.690401 9143.000000
236.866710 9217.950195
236.043018 9253.979492
235.219327 9378.895508
234.395635 9558.638672
233.571944 9758.148438
232.748252 9629.619141
231.924561 9653.017578
231.100869 9737.709961
230.277178 9814.979492
229.453487 10025.248047
228.629795 10115.897461
227.806104 10125.843750
226.982412 10088.945313
226.158721 10160.241211
225.335029 10168.919922
224.511338 10181.333008
223.687646 10269.465820
222.863955 10350.920898
222.040263 10351.052734
221.216572 10309.733398
220.392880 10277.883789
219.569189 10322.139648
218.745498 10380.031250
217.921806 10385.050781
217.098115 10235.187500
216.274423 10318.710938
215.450732 10322.383789
214.627040 10301.309570
213.803349 10402.597656
212.979657 10526.784180
212.155966 10627.497070
211.332274 10736.629883
210.508583 10943.734375
209.684891 11079.677734
208.861200 11308.755859
208.037509 11680.738281
207.213817 12279.026367
206.390126 12518.991211
205.566434 12767.321289
204.742743 13129.346680
203.919051 13716.666016
203.095360 14506.321289
202.271668 15149.477539
201.447977 15610.844727
200.624285 16309.480469
199.800594 17043.105469
198.976902 17843.197266
198.153211 18723.400391
197.329520 19670.335938
196.505828 20476.423828
195.682137 21281.812500
194.858445 22170.261719
194.034754 23242.730469
193.211062 24192.693359
192.387371 24996.156250
191.563679 25627.669922
190.739988 26237.261719
189.916296 26657.140625
189.092605 26960.312500
188.268914 27221.976563
187.445222 27433.664063
186.621531 27250.568359
185.797839 26848.810547
184.974148 26523.142578
184.150456 26136.496094
183.326765 25885.386719
182.503073 25759.550781
181.679382 25697.607422
180.855690 25666.052734
180.031999 25947.007813
179.208307 26536.314453
178.384616 27234.751953
177.560925 28091.875000
176.737233 28874.953125
175.913542 29585.064453
175.089850 30697.769531
174.266159 31897.531250
173.442467 33201.960938
172.618776 34617.433594
171.795084 36035.250000
170.971393 38444.398438
170.147701 41384.730469
169.324010 44549.296875
168.500318 48298.742188
167.676627 52107.246094
166.852936 55609.613281
166.029244 58312.593750
165.205553 59049.570313
164.381861 58097.355469
163.558170 55639.210938
162.734478 51842.917969
161.910787 48274.582031
161.087095 44961.191406
160.263404 42040.855469
159.439712 40041.226563
158.616021 38335.707031
157.792329 37415.644531
156.968638 37360.429688
156.144947 37536.804688
155.321255 38423.457031
154.497564 39292.375000
153.673872 39782.035156
152.850181 40480.710938
152.026489 40996.882813
151.202798 41307.835938
150.379106 41369.593750
149.555415 40429.437500
148.731723 39500.160156
147.908032 38582.933594
147.084340 37619.375000
146.260649 36890.667969
145.436958 36043.625000
144.613266 35218.980469
143.789575 35070.964844
142.965883 35020.128906
142.142192 35376.671875
141.318500 36232.226563
140.494809 37514.781250
139.671117 39004.242188
138.847426 40546.582031
138.023734 42058.878906
137.200043 43563.894531
136.376352 44523.273438
135.552660 44876.433594
134.728969 44471.765625
133.905277 43529.960938
133.081586 42011.882813
132.257894 40042.835938
131.434203 37862.675781
130.610511 36133.300781
129.786820 34397.339844
128.963128 32603.500000
128.139437 30963.359375
127.315745 30079.343750
126.492054 29440.763672
125.668363 28842.242188
124.844671 28385.667969
124.020980 27979.558594
123.197288 27731.988281
122.373597 27770.539063
121.549905 27840.312500
120.726214 27925.972656
119.902522 28036.140625
119.078831 28195.259766
118.255139 29026.927734
117.431448 30084.662109
116.607756 31307.037109
115.784065 32807.535156
114.960374 34194.468750
114.136682 35048.800781
113.312991 35165.296875
112.489299 35147.351563
111.665608 34124.980469
110.841916 32257.353516
110.018225 29581.974609
109.194533 26233.759766
108.370842 22804.349609
107.547150 19463.574219
106.723459 16572.257813
105.899767 13715.073242
105.076076 11360.473633
104.252385 9581.228516
103.428693 7987.266113
102.605002 6795.325684
101.781310 5793.197266
100.957619 4870.243652
