862.311820 -1.582802
863.878021 -1.056577
865.444222 -1.227350
867.010423 -0.686127
868.576624 -0.862899
870.142825 -0.366674
871.709026 -0.536448
873.275227 0.005774
874.841428 0.000000
876.407629 0.534239
877.973830 0.622478
879.540031 1.498718
881.106232 1.939958
882.672433 3.075197
884.238634 3.696436
885.804835 4.854674
887.371036 5.407913
888.937237 6.384152
890.503438 6.746397
892.069639 7.523634
893.635840 7.787875
895.202041 8.540112
896.768242 8.921349
898.334443 9.852591
899.900644 10.493826
901.466845 11.655066
903.033046 12.502308
904.599247 13.745548
906.165448 14.589788
907.731649 15.685022
909.297850 16.319271
910.864051 17.119507
912.430252 17.474743
913.996453 17.988981
915.562654 18.141218
917.128855 18.480465
918.695056 18.546707
920.261257 18.813942
921.827458 18.861181
923.393659 19.082422
924.959860 19.107658
926.526061 19.264896
928.092262 19.251137
929.658463 19.343376
931.224664 19.314615
932.790865 19.389858
934.357066 19.408100
935.923267 19.532330
937.489468 19.652576
939.055669 19.857817
940.621870 20.081045
942.188071 20.335289
943.754272 20.604530
945.320473 20.836769
946.886674 21.078012
948.452875 21.225252
950.019077 21.396496
951.585278 21.443729
953.151479 21.559963
954.717680 21.556204
956.283881 21.694441
957.850082 21.735687
959.416283 22.004921
960.982484 22.203163
962.548685 22.701403
964.114886 23.129633
965.681087 23.891888
967.247288 24.540127
968.813489 25.510357
970.379690 26.280600
971.945891 27.329840
973.512092 28.085091
975.078293 29.086327
976.644494 29.731560
978.210695 30.638803
979.776896 31.180040
981.343097 32.041286
982.909298 32.555515
984.475499 33.453762
986.041700 34.005001
987.607901 34.966232
989.174102 35.557480
990.740303 36.558708
992.306504 37.149956
993.872705 38.181190
995.438906 38.802429
997.005107 39.943668
998.571308 40.724918
1000.137509 42.126148
1001.703710 43.197384
1003.269911 44.898636
1004.836112 46.189865
1006.402313 48.021103
1007.968514 49.252357
1009.534715 50.843582
1011.100916 51.674812
1012.667117 52.756062
1014.233318 53.027294
1015.799519 53.638538
1017.365720 53.569775
1018.931921 54.061028
1020.498122 54.092270
1022.064323 54.903511
1023.630524 55.384735
1025.196725 56.705986
1026.762926 57.647217
1028.329127 59.358456
1029.895328 60.539692
1031.461529 62.350933
1033.027730 63.502186
1034.593931 65.203415
1036.160132 66.204659
1037.726333 67.775894
1039.292534 68.687141
1040.858735 70.228363
1042.424936 71.169624
1043.991137 72.830856
1045.557338 73.932091
1047.123539 75.813324
1048.689740 77.184570
1050.255941 79.365822
1051.822142 81.077042
1053.388343 83.598289
1054.954544 85.619522
1056.520745 88.410774
1058.086946 90.602005
1059.653147 93.453255
1061.219348 95.604477
1062.785549 98.315735
1064.351750 100.266975
1065.917951 102.768204
1067.484152 104.519432
1069.050353 106.840668
1070.616554 108.471931
1072.182755 110.673172
1073.748956 112.184395
1075.315157 114.245621
1076.881358 115.596870
1078.447559 117.448105
1080.013760 118.579376
1081.579961 120.260597
1083.146162 121.311829
1084.712363 123.003075
1086.278564 124.204315
1087.844765 126.145546
1089.410966 127.666779
1090.977167 129.918030
1092.543368 131.739273
1094.109570 134.170532
1095.675771 136.081741
1097.241972 138.472992
1098.808173 140.274231
1100.374374 142.505463
1101.940575 144.136673
1103.506776 146.187943
1105.072977 147.679184
1106.639178 149.580414
1108.205379 150.961670
1109.771580 152.732895
1111.337781 154.014145
1112.903982 155.685364
1114.470183 156.926605
1116.036384 158.577835
1117.602585 159.879105
1119.168786 161.600342
1120.734987 163.001587
1122.301188 164.772827
1123.867389 166.214066
1125.433590 167.925278
1126.999791 169.286530
1128.565992 170.877777
1130.132193 172.188980
1131.698394 173.820267
1133.264595 175.331482
1134.830796 177.282715
1136.396997 179.263977
1137.963198 181.705215
1139.529399 184.186478
1141.095600 186.947693
1142.661801 189.598938
1144.228002 192.320175
1145.794203 194.821426
1147.360404 197.282654
1148.926605 199.613892
1150.492806 202.025146
1152.059007 204.586380
1153.625208 207.417618
1155.191409 210.638855
1156.757610 214.210083
1158.323811 218.181320
1159.890012 222.292587
1161.456213 226.603790
1163.022414 230.695038
1164.588615 234.726273
1166.154816 238.257523
1167.721017 241.638779
1169.287218 244.449982
1170.853419 247.251251
1172.419620 249.602493
1173.985821 252.183731
1175.552022 254.494965
1177.118223 257.256195
1178.684424 259.827454
1180.250625 262.978668
1181.816826 265.909912
1183.383027 269.491119
1184.949228 272.772369
1186.515429 276.723663
1188.081630 280.324860
1189.647831 284.646088
1191.214032 288.567352
1192.780233 293.278564
1194.346434 297.539764
1195.912635 302.631042
1197.478836 307.192291
1199.045037 312.593567
1200.611238 317.304810
1202.177439 322.816010
1203.743640 327.497253
1205.309841 332.928528
1206.876042 337.419739
1208.442243 342.720978
1210.008444 347.072205
1211.574645 352.393463
1213.140846 356.864716
1214.707047 362.525940
1216.273248 367.387146
1217.839449 373.568390
1219.405650 378.879639
1220.971851 385.490936
1222.538052 391.032074
1224.104253 397.743347
1225.670454 403.144623
1227.236655 409.685791
1228.802856 414.817017
1230.369057 421.208344
1231.935258 426.259521
1233.501459 432.800812
1235.067660 438.132080
1236.633861 445.153259
1238.200063 450.964508
1239.766264 458.545776
1241.332465 464.786957
1242.898666 472.728241
1244.464867 479.139465
1246.031068 487.200714
1247.597269 493.571960
1249.163470 501.603180
1250.729671 507.884430
1252.295872 515.915649
1253.862073 522.156860
1255.428274 530.248169
1256.994475 536.509399
1258.560676 544.680664
1260.126877 550.921875
1261.693078 559.123108
1263.259279 565.284363
1264.825480 573.405579
1266.391681 579.346863
1267.957882 587.228027
1269.524083 592.759277
1271.090284 600.180603
1272.656485 605.091797
1274.222686 611.893005
1275.788887 616.074280
1277.355088 622.225464
1278.921289 625.766785
1280.487490 631.457947
1282.053691 634.579163
1283.619892 640.030396
1285.186093 642.951660
1286.752294 648.292908
1288.318495 651.004211
1289.884696 656.135376
1291.450897 658.446716
1293.017098 663.087830
1294.583299 664.699097
1296.149500 668.560425
1297.715701 669.181519
1299.281902 671.972778
1300.848103 671.334045
1302.414304 672.825317
1303.980505 670.716614
1305.546706 670.707703
1307.112907 667.039063
1308.679108 665.580200
1310.245309 660.501526
1311.811510 657.912720
1313.377711 651.903992
1314.943912 648.735168
1316.510113 642.366516
1318.076314 639.157715
1319.642515 632.898926
1321.208716 629.970093
1322.774917 623.971436
1324.341118 621.362610
1325.907319 615.573853
1327.473520 613.145203
1329.039721 607.406372
1330.605922 604.997620
1332.172123 599.118896
1333.738324 596.530151
1335.304525 590.281372
1336.870726 587.252625
1338.436927 580.363831
1340.003128 576.635071
1341.569329 568.916321
1343.135530 564.387573
1344.701731 555.908813
1346.267932 550.809998
1347.834133 541.921265
1349.400334 536.742554
1350.966535 527.963684
1352.532736 523.165039
1354.098937 514.866211
1355.665138 510.647491
1357.231339 502.848694
1358.797540 499.079926
1360.363741 491.511230
1361.929942 487.832397
1363.496143 480.143646
1365.062344 476.264893
1366.628545 468.256195
1368.194746 464.097382
1369.760947 455.828613
1371.327148 451.549835
1372.893349 443.261108
1374.459550 439.122375
1376.025751 431.043549
1377.591952 427.264832
1379.158153 419.556061
1380.724355 416.207336
1382.290556 408.888489
1383.856757 405.979767
1385.422958 399.080994
1386.989159 396.642303
1388.555360 390.213531
1390.121561 388.344727
1391.687762 382.515961
1393.253963 381.307251
1394.820164 376.118439
1396.386365 375.559723
1397.952566 370.920959
1399.518767 370.822174
1401.084968 366.493408
1402.651169 366.624634
1404.217370 362.395844
1405.783571 362.617126
1407.349772 358.458405
1408.915973 358.809631
1410.482174 354.810852
1412.048375 355.412079
1413.614576 351.653381
1415.180777 352.474579
1416.746978 348.855743
1418.313179 349.717041
1419.879380 345.978302
1421.445581 346.639526
1423.011782 342.630829
1424.577983 343.032013
1426.144184 338.813232
1427.710385 339.144501
1429.276586 335.005737
1430.842787 335.596924
1432.408988 331.818146
1433.975189 332.839417
1435.541390 329.490692
1437.107591 330.901886
1438.673792 327.823181
1440.239993 329.374359
1441.806194 326.325684
1443.372395 327.806915
1444.938596 324.628143
1446.504797 325.969360
1448.070998 322.670624
1449.637199 323.961853
1451.203400 320.693054
1452.769601 322.094269
1454.335802 319.025513
1455.902003 320.696808
1457.468204 317.958008
1459.034405 319.989258
1460.600606 317.640533
1462.166807 320.031738
1463.733008 318.023041
1465.299209 320.704254
1466.865410 318.935425
1468.431611 321.776703
1469.997812 320.127930
1471.564013 323.059174
1473.130214 321.490448
1474.696415 324.481689
1476.262616 323.012909
1477.828817 326.084106
1479.395018 324.695374
1480.961219 327.786591
1482.527420 326.367859
1484.093621 329.339142
1485.659822 327.770355
1487.226023 330.531555
1488.792224 328.792816
1490.358425 331.424072
1491.924626 329.715363
1493.490827 332.536530
1495.057028 331.227783
1496.623229 334.599030
1498.189430 334.030273
1499.755631 338.201477
1501.321832 338.512726
1502.888033 343.503967
1504.454234 344.595184
1506.020435 350.226440
1507.586636 351.897644
1509.152837 357.988922
1510.719038 360.090149
1512.285239 366.521454
1513.851440 369.012665
1515.417641 375.773926
1516.983842 378.645172
1518.550043 385.736389
1520.116244 388.957611
1521.682445 396.328827
1523.248646 399.810059
1524.814848 407.321381
1526.381049 410.892578
1527.947250 418.333801
1529.513451 421.805023
1531.079652 428.996277
1532.645853 432.227509
1534.212054 439.168762
1535.778255 442.329956
1537.344456 449.341217
1538.910657 452.912476
1540.476858 460.583710
1542.043059 465.174957
1543.609260 473.996216
1545.175461 479.827484
1546.741662 489.628662
1548.307863 496.069946
1549.874064 505.731171
1551.440265 511.262390
1553.006466 519.053589
1554.572667 521.924866
1556.138868 526.316101
1557.705069 525.467346
1559.271270 526.008606
1560.837471 521.669739
1562.403672 519.201111
1563.969873 512.642334
1565.536074 508.633575
1567.102275 501.304810
1568.668476 496.936066
1570.234677 489.567291
1571.800878 485.088501
1573.367079 477.479706
1574.933280 472.320984
1576.499481 463.742249
1578.065682 457.203461
1579.631883 447.094727
1581.198084 438.865997
1582.764285 427.227234
1584.330486 417.538391
1585.896687 404.759674
1587.462888 394.080872
1589.029089 380.622162
1590.595290 369.363373
1592.161491 355.544617
1593.727692 343.945831
1595.293893 330.017151
1596.860094 318.368347
1598.426295 304.669525
1599.992496 293.380859
1601.558697 280.382050
1603.124898 269.943298
1604.691099 258.094543
1606.257300 248.845795
1607.823501 238.356995
1609.389702 230.328262
1610.955903 221.049484
1612.522104 213.950745
1614.088305 205.491974
1615.654506 198.893250
1617.220707 190.844437
1618.786908 184.415726
1620.353109 176.586945
1621.919310 170.278229
1623.485511 162.729416
1625.051712 156.720688
1626.617913 149.731903
1628.184114 144.283142
1629.750315 138.054382
1631.316516 133.285629
1632.882717 127.796852
1634.448918 123.558075
1636.015119 118.529320
1637.581320 114.430588
1639.147521 109.471786
1640.713722 105.183083
1642.279923 100.044312
1643.846124 95.445518
1645.412325 90.176773
1646.978526 85.458046
1648.544727 80.349243
1650.110928 75.870476
1651.677129 71.301743
1653.243330 67.372993
1654.809531 63.554234
1656.375732 60.305477
1657.941933 57.246727
1659.508134 54.547958
1661.074335 52.039192
1662.640536 49.640411
1664.206737 47.431664
1665.772938 45.082901
1667.339139 42.954144
1668.905341 40.535404
1670.471542 38.446621
1672.037743 35.987873
1673.603944 34.039108
1675.170145 31.670355
1676.736346 30.011597
1678.302547 27.872826
1679.868748 26.604050
1681.434949 24.745310
1683.001150 23.846529
1684.567351 22.197781
1686.133552 21.589008
1687.699753 20.060253
1689.265954 19.661505
1690.832155 18.202726
1692.398356 17.973991
1693.964557 16.545212
1695.530758 16.466469
1697.096959 15.037691
1698.663160 15.048944
1700.229361 13.570178
1701.795562 13.621410
1703.361763 12.042638
1704.927964 12.113890
1706.494165 10.425131
1708.060366 10.506362
1709.626567 8.707619
1711.192768 8.808868
1712.758969 6.890100
1714.325170 6.981341
1715.891371 4.922587
1717.457572 5.013798
1719.023773 2.875058
1720.589974 3.086294
1722.156175 1.077528
1723.722376 1.648780
1725.288577 0.000000
1726.854778 0.939157
1728.420979 -0.421672
1729.987180 1.137450
1731.553381 0.206612
1733.119582 2.215747
1734.685783 1.494901
1736.251984 3.714057
1737.818185 2.983202
1739.384386 5.252346
1740.950587 4.441504
1742.516788 6.730637
1744.082989 5.829798
1745.649190 8.138950
1747.215391 7.118117
1748.781592 9.377252
1750.347793 8.136386
1751.913994 10.245558
1753.480195 8.704704
1755.046396 10.623842
1756.612597 8.783001
1758.178798 10.542135
1759.744999 8.471283
1761.311200 10.130442
1762.877401 7.829579
1764.443602 9.348723
1766.009803 6.777902
1767.576004 8.087055
1769.142205 5.166166
1770.708406 6.275337
1772.274607 3.104479
1773.840808 4.153653
1775.407009 0.932776
1776.973210 2.181931
1778.539411 -0.838933
1780.105612 0.790227
1781.671813 -1.910629
1783.238014 0.148523
1784.804215 -2.262325
1786.370416 0.126844
1787.936617 -2.124030
1789.502818 0.445132
1791.069019 -1.815722
1792.635220 0.753409
1794.201421 -1.687438
1795.767622 0.701702
1797.333823 -2.089121
1798.900024 0.000000
