  1.3550000e+002  3.1589152e+001
  1.3600000e+002  3.3097375e+001
  1.3650000e+002  3.7939292e+001
  1.3700000e+002  4.4404478e+001
  1.3750000e+002  5.0787477e+001
  1.3800000e+002  5.5565835e+001
  1.3850000e+002  5.8252382e+001
  1.3900000e+002  5.8675997e+001
  1.3950000e+002  5.7701173e+001
  1.4000000e+002  5.7085755e+001
  1.4050000e+002  5.8272489e+001
  1.4100000e+002  6.1654482e+001
  1.4150000e+002  6.6808766e+001
  1.4200000e+002  7.2558481e+001
  1.4250000e+002  7.6822374e+001
  1.4300000e+002  7.8197728e+001
  1.4350000e+002  7.5936554e+001
  1.4400000e+002  7.0688641e+001
  1.4450000e+002  6.2873591e+001
  1.4500000e+002  5.3643779e+001
  1.4550000e+002  4.3950531e+001
  1.4600000e+002  3.4264476e+001
  1.4650000e+002  2.4851874e+001
  1.4700000e+002  1.6009660e+001
  1.4750000e+002  8.3721470e+000
  1.4800000e+002  2.6714439e+000
  1.4850000e+002  0.0000000e+000
  1.4900000e+002  0.0000000e+000
  1.4950000e+002  2.5356042e+000
  1.5000000e+002  9.3003106e+000
  1.5050000e+002  1.9107913e+001
  1.5100000e+002  3.0695647e+001
  1.5150000e+002  4.2639914e+001
  1.5200000e+002  5.4090012e+001
  1.5250000e+002  6.4819032e+001
  1.5300000e+002  7.5369842e+001
  1.5350000e+002  8.6808668e+001
  1.5400000e+002  1.0017268e+002
  1.5450000e+002  1.1509945e+002
  1.5500000e+002  1.3069230e+002
  1.5550000e+002  1.4527720e+002
  1.5600000e+002  1.5725062e+002
  1.5650000e+002  1.6502043e+002
  1.5700000e+002  1.6878648e+002
  1.5750000e+002  1.6968981e+002
  1.5800000e+002  1.6840810e+002
  1.5850000e+002  1.6610877e+002
  1.5900000e+002  1.6335110e+002
  1.5950000e+002  1.6032427e+002
  1.6000000e+002  1.5712395e+002
  1.6050000e+002  1.5375405e+002
  1.6100000e+002  1.5018404e+002
  1.6150000e+002  1.4630234e+002
  1.6200000e+002  1.4152230e+002
  1.6250000e+002  1.3550092e+002
  1.6300000e+002  1.2818721e+002
  1.6350000e+002  1.1971302e+002
  1.6400000e+002  1.1101369e+002
  1.6450000e+002  1.0302798e+002
  1.6500000e+002  9.6837581e+001
  1.6550000e+002  9.2201203e+001
  1.6600000e+002  8.8760767e+001
  1.6650000e+002  8.5655102e+001
  1.6700000e+002  8.2201448e+001
  1.6750000e+002  7.7758374e+001
  1.6800000e+002  7.2420589e+001
  1.6850000e+002  6.6398246e+001
  1.6900000e+002  5.9864662e+001
  1.6950000e+002  5.3109860e+001
  1.7000000e+002  4.6459726e+001
  1.7050000e+002  4.0547074e+001
  1.7100000e+002  3.5997738e+001
  1.7150000e+002  3.3544499e+001
  1.7200000e+002  3.2856792e+001
  1.7250000e+002  3.3447425e+001
  1.7300000e+002  3.4367081e+001
  1.7350000e+002  3.4471217e+001
  1.7400000e+002  3.3159881e+001
  1.7450000e+002  3.0675758e+001
  1.7500000e+002  2.7627265e+001
  1.7550000e+002  2.4530182e+001
  1.7600000e+002  2.1620974e+001
  1.7650000e+002  1.8615366e+001
  1.7700000e+002  1.4965800e+001
  1.7750000e+002  1.0669249e+001
  1.7800000e+002  6.1147784e+000
  1.7850000e+002  2.2328680e+000
  1.7900000e+002  0.0000000e+000
  1.7950000e+002  0.0000000e+000
  1.8000000e+002  5.3444340e-002
  1.8050000e+002  1.4332651e+000
  1.8100000e+002  3.2712807e+000
  1.8150000e+002  4.8766721e+000
  1.8200000e+002  6.2037925e+000
  1.8250000e+002  7.9699912e+000
  1.8300000e+002  1.0859151e+001
  1.8350000e+002  1.5469629e+001
  1.8400000e+002  2.1580959e+001
  1.8450000e+002  2.8647746e+001
  1.8500000e+002  3.5874734e+001
  1.8550000e+002  4.2471044e+001
  1.8600000e+002  4.8085395e+001
  1.8650000e+002  5.2745015e+001
  1.8700000e+002  5.6873181e+001
  1.8750000e+002  6.0930046e+001
  1.8800000e+002  6.5615967e+001
  1.8850000e+002  7.1475116e+001
  1.8900000e+002  7.9064184e+001
  1.8950000e+002  8.8010717e+001
  1.9000000e+002  9.7866659e+001
  1.9050000e+002  1.0773112e+002
  1.9100000e+002  1.1656482e+002
  1.9150000e+002  1.2374263e+002
  1.9200000e+002  1.2969603e+002
  1.9250000e+002  1.3529143e+002
  1.9300000e+002  1.4157592e+002
  1.9350000e+002  1.4905900e+002
  1.9400000e+002  1.5756812e+002
  1.9450000e+002  1.6566754e+002
  1.9500000e+002  1.7192768e+002
  1.9550000e+002  1.7489725e+002
  1.9600000e+002  1.7402365e+002
  1.9650000e+002  1.6977997e+002
  1.9700000e+002  1.6222038e+002
  1.9750000e+002  1.5295346e+002
  1.9800000e+002  1.4272534e+002
  1.9850000e+002  1.3204334e+002
  1.9900000e+002  1.2141385e+002
  1.9950000e+002  1.1117922e+002
  2.0000000e+002  1.0149575e+002
  2.0050000e+002  9.2006129e+001
  2.0100000e+002  8.2045165e+001
  2.0150000e+002  7.1122734e+001
  2.0200000e+002  5.9146206e+001
  2.0250000e+002  4.6599107e+001
  2.0300000e+002  3.4953537e+001
  2.0350000e+002  2.5735774e+001
  2.0400000e+002  1.9655720e+001
  2.0450000e+002  1.6066598e+001
  2.0500000e+002  1.4170499e+001
  2.0550000e+002  1.2557487e+001
  2.0600000e+002  1.0443114e+001
  2.0650000e+002  8.0790714e+000
  2.0700000e+002  6.2934886e+000
  2.0750000e+002  5.6300444e+000
  2.0800000e+002  5.9921054e+000
  2.0850000e+002  6.4631557e+000
  2.0900000e+002  5.7278070e+000
  2.0950000e+002  3.5404782e+000
  2.1000000e+002  9.3588512e-001
  2.1050000e+002  0.0000000e+000
  2.1100000e+002  2.0747382e+000
  2.1150000e+002  8.5736452e+000
  2.1200000e+002  1.9657602e+001
  2.1250000e+002  3.2815130e+001
  2.1300000e+002  4.5797935e+001
  2.1350000e+002  5.6980296e+001
  2.1400000e+002  6.5883477e+001
  2.1450000e+002  7.2346368e+001
  2.1500000e+002  7.7504749e+001
  2.1550000e+002  8.2236336e+001
  2.1600000e+002  8.7179121e+001
  2.1650000e+002  9.2569233e+001
  2.1700000e+002  9.8574226e+001
  2.1750000e+002  1.0522320e+002
  2.1800000e+002  1.1246352e+002
  2.1850000e+002  1.2039654e+002
  2.1900000e+002  1.2909636e+002
  2.1950000e+002  1.3909135e+002
  2.2000000e+002  1.5161282e+002
  2.2050000e+002  1.6729515e+002
  2.2100000e+002  1.8726367e+002
  2.2150000e+002  2.1163763e+002
  2.2200000e+002  2.3834440e+002
  2.2250000e+002  2.6570928e+002
  2.2300000e+002  2.9205392e+002
  2.2350000e+002  3.1661404e+002
  2.2400000e+002  3.3916101e+002
  2.2450000e+002  3.6064808e+002
  2.2500000e+002  3.8134785e+002
  2.2550000e+002  4.0048141e+002
  2.2600000e+002  4.1681450e+002
  2.2650000e+002  4.2800355e+002
  2.2700000e+002  4.3322203e+002
  2.2750000e+002  4.3218347e+002
  2.2800000e+002  4.2552060e+002
  2.2850000e+002  4.1583244e+002
  2.2900000e+002  4.0393582e+002
  2.2950000e+002  3.9019612e+002
  2.3000000e+002  3.7482738e+002
  2.3050000e+002  3.5752850e+002
  2.3100000e+002  3.3913706e+002
  2.3150000e+002  3.2101235e+002
  2.3200000e+002  3.0483987e+002
  2.3250000e+002  2.9117912e+002
  2.3300000e+002  2.8021485e+002
  2.3350000e+002  2.7135152e+002
  2.3400000e+002  2.6309374e+002
  2.3450000e+002  2.5443170e+002
  2.3500000e+002  2.4502620e+002
  2.3550000e+002  2.3494630e+002
  2.3600000e+002  2.2406160e+002
  2.3650000e+002  2.1217890e+002
  2.3700000e+002  1.9835362e+002
  2.3750000e+002  1.8158396e+002
  2.3800000e+002  1.6217780e+002
  2.3850000e+002  1.4058916e+002
  2.3900000e+002  1.1833829e+002
  2.3950000e+002  9.7090433e+001
  2.4000000e+002  7.8955918e+001
  2.4050000e+002  6.4334606e+001
  2.4100000e+002  5.2825860e+001
  2.4150000e+002  4.4097597e+001
  2.4200000e+002  3.7110263e+001
  2.4250000e+002  3.1724670e+001
  2.4300000e+002  2.8089728e+001
  2.4350000e+002  2.6428562e+001
  2.4400000e+002  2.7131046e+001
  2.4450000e+002  2.9741130e+001
  2.4500000e+002  3.3834721e+001
  2.4550000e+002  3.9142023e+001
  2.4600000e+002  4.5207237e+001
  2.4650000e+002  5.2212479e+001
  2.4700000e+002  6.0402580e+001
  2.4750000e+002  6.9713327e+001
  2.4800000e+002  8.0088860e+001
  2.4850000e+002  9.0946897e+001
  2.4900000e+002  1.0172030e+002
  2.4950000e+002  1.1181705e+002
  2.5000000e+002  1.2122102e+002
  2.5050000e+002  1.3020372e+002
  2.5100000e+002  1.3900415e+002
  2.5150000e+002  1.4758451e+002
  2.5200000e+002  1.5528342e+002
  2.5250000e+002  1.6108576e+002
  2.5300000e+002  1.6369200e+002
  2.5350000e+002  1.6156381e+002
  2.5400000e+002  1.5561993e+002
  2.5450000e+002  1.4655886e+002
  2.5500000e+002  1.3587843e+002
  2.5550000e+002  1.2555402e+002
  2.5600000e+002  1.1739791e+002
  2.5650000e+002  1.1229807e+002
  2.5700000e+002  1.0950185e+002
  2.5750000e+002  1.0808253e+002
  2.5800000e+002  1.0638585e+002
  2.5850000e+002  1.0318187e+002
  2.5900000e+002  9.7448665e+001
  2.5950000e+002  8.9477042e+001
  2.6000000e+002  8.0035129e+001
  2.6050000e+002  7.0378085e+001
  2.6100000e+002  6.1403682e+001
  2.6150000e+002  5.3847076e+001
  2.6200000e+002  4.7577222e+001
  2.6250000e+002  4.2225040e+001
  2.6300000e+002  3.7080632e+001
  2.6350000e+002  3.1480233e+001
  2.6400000e+002  2.5145599e+001
  2.6450000e+002  1.8270890e+001
  2.6500000e+002  1.1449688e+001
  2.6550000e+002  5.6444680e+000
  2.6600000e+002  1.7083285e+000
  2.6650000e+002  0.0000000e+000
  2.6700000e+002  0.0000000e+000
  2.6750000e+002  5.1166261e-001
  2.6800000e+002  1.1518472e+000
  2.6850000e+002  1.1602785e+000
  2.6900000e+002  4.9887494e-001
  2.6950000e+002  0.0000000e+000
  2.7000000e+002  0.0000000e+000
  2.7050000e+002  1.6096051e+000
  2.7100000e+002  6.7955262e+000
  2.7150000e+002  1.4648575e+001
  2.7200000e+002  2.4395353e+001
  2.7250000e+002  3.4708836e+001
  2.7300000e+002  4.4306968e+001
  2.7350000e+002  5.2339880e+001
  2.7400000e+002  5.8611083e+001
  2.7450000e+002  6.3202455e+001
  2.7500000e+002  6.6036961e+001
  2.7550000e+002  6.8036423e+001
  2.7600000e+002  7.0474715e+001
  2.7650000e+002  7.5765416e+001
  2.7700000e+002  8.5461300e+001
  2.7750000e+002  1.0148260e+002
  2.7800000e+002  1.2360211e+002
  2.7850000e+002  1.5004897e+002
  2.7900000e+002  1.7847250e+002
  2.7950000e+002  2.0512286e+002
  2.8000000e+002  2.2744339e+002
  2.8050000e+002  2.4382467e+002
  2.8100000e+002  2.5508678e+002
  2.8150000e+002  2.6109448e+002
  2.8200000e+002  2.6223379e+002
  2.8250000e+002  2.5876869e+002
  2.8300000e+002  2.4891603e+002
  2.8350000e+002  2.3415175e+002
  2.8400000e+002  2.1586241e+002
  2.8450000e+002  1.9648613e+002
  2.8500000e+002  1.7906648e+002
  2.8550000e+002  1.6624669e+002
  2.8600000e+002  1.5925468e+002
  2.8650000e+002  1.5674956e+002
  2.8700000e+002  1.5661360e+002
  2.8750000e+002  1.5662653e+002
  2.8800000e+002  1.5608224e+002
  2.8850000e+002  1.5563280e+002
  2.8900000e+002  1.5679284e+002
  2.8950000e+002  1.6135263e+002
  2.9000000e+002  1.6980068e+002
  2.9050000e+002  1.8008329e+002
  2.9100000e+002  1.8986453e+002
  2.9150000e+002  1.9708973e+002
  2.9200000e+002  2.0104652e+002
  2.9250000e+002  2.0190656e+002
  2.9300000e+002  2.0211934e+002
  2.9350000e+002  2.0377087e+002
  2.9400000e+002  2.0775962e+002
  2.9450000e+002  2.1311446e+002
  2.9500000e+002  2.1815871e+002
  2.9550000e+002  2.2105088e+002
  2.9600000e+002  2.2088869e+002
  2.9650000e+002  2.1698474e+002
  2.9700000e+002  2.1117529e+002
  2.9750000e+002  2.0481297e+002
  2.9800000e+002  1.9890057e+002
  2.9850000e+002  1.9380512e+002
  2.9900000e+002  1.8972475e+002
  2.9950000e+002  1.8667810e+002
  3.0000000e+002  1.8485792e+002
  3.0050000e+002  1.8484733e+002
  3.0100000e+002  1.8632078e+002
  3.0150000e+002  1.8889681e+002
  3.0200000e+002  1.9188705e+002
  3.0250000e+002  1.9460074e+002
  3.0300000e+002  1.9678239e+002
  3.0350000e+002  1.9888599e+002
  3.0400000e+002  2.0177695e+002
  3.0450000e+002  2.0637213e+002
  3.0500000e+002  2.1256453e+002
  3.0550000e+002  2.1991362e+002
  3.0600000e+002  2.2764588e+002
  3.0650000e+002  2.3495140e+002
  3.0700000e+002  2.4134207e+002
  3.0750000e+002  2.4686664e+002
  3.0800000e+002  2.5188442e+002
  3.0850000e+002  2.5641045e+002
  3.0900000e+002  2.6038341e+002
  3.0950000e+002  2.6362792e+002
  3.1000000e+002  2.6595251e+002
  3.1050000e+002  2.6774238e+002
  3.1100000e+002  2.6952360e+002
  3.1150000e+002  2.7175410e+002
  3.1200000e+002  2.7434450e+002
  3.1250000e+002  2.7668884e+002
  3.1300000e+002  2.7789882e+002
  3.1350000e+002  2.7723665e+002
  3.1400000e+002  2.7375478e+002
  3.1450000e+002  2.6803639e+002
  3.1500000e+002  2.6071915e+002
  3.1550000e+002  2.5229741e+002
  3.1600000e+002  2.4295520e+002
  3.1650000e+002  2.3192833e+002
  3.1700000e+002  2.1831467e+002
  3.1750000e+002  2.0139469e+002
  3.1800000e+002  1.7974627e+002
  3.1850000e+002  1.5539131e+002
  3.1900000e+002  1.3006787e+002
  3.1950000e+002  1.0639209e+002
  3.2000000e+002  8.6312231e+001
  3.2050000e+002  7.1754027e+001
  3.2100000e+002  6.2621035e+001
  3.2150000e+002  5.7476959e+001
  3.2200000e+002  5.4058114e+001
  3.2250000e+002  4.9902327e+001
  3.2300000e+002  4.3807189e+001
  3.2350000e+002  3.5427250e+001
  3.2400000e+002  2.5920924e+001
  3.2450000e+002  1.6653957e+001
  3.2500000e+002  9.1292544e+000
  3.2550000e+002  3.9054166e+000
  3.2600000e+002  1.1225842e+000
  3.2650000e+002  0.0000000e+000
  3.2700000e+002  0.0000000e+000
  3.2750000e+002  1.6096139e-002
  3.2800000e+002  1.2888789e+000
  3.2850000e+002  4.0163044e+000
  3.2900000e+002  7.7637384e+000
  3.2950000e+002  1.1350375e+001
  3.3000000e+002  1.3363253e+001
  3.3050000e+002  1.3109866e+001
  3.3100000e+002  1.0561797e+001
  3.3150000e+002  6.3349268e+000
  3.3200000e+002  2.1916239e+000
  3.3250000e+002  0.0000000e+000
  3.3300000e+002  7.8923941e-001
  3.3350000e+002  4.1581565e+000
  3.3400000e+002  9.4299026e+000
  3.3450000e+002  1.5130090e+001
  3.3500000e+002  2.0246192e+001
  3.3550000e+002  2.4137330e+001
  3.3600000e+002  2.7325610e+001
  3.3650000e+002  3.0738817e+001
  3.3700000e+002  3.5363794e+001
  3.3750000e+002  4.1333571e+001
  3.3800000e+002  4.8331757e+001
  3.3850000e+002  5.5259728e+001
  3.3900000e+002  6.1061348e+001
  3.3950000e+002  6.4498850e+001
  3.4000000e+002  6.5892581e+001
  3.4050000e+002  6.6172018e+001
  3.4100000e+002  6.6803523e+001
  3.4150000e+002  6.8827184e+001
  3.4200000e+002  7.2865378e+001
  3.4250000e+002  7.8434284e+001
  3.4300000e+002  8.4505159e+001
  3.4350000e+002  8.9743115e+001
  3.4400000e+002  9.3358941e+001
  3.4450000e+002  9.5222587e+001
  3.4500000e+002  9.5323893e+001
  3.4550000e+002  9.4028441e+001
  3.4600000e+002  9.1047987e+001
  3.4650000e+002  8.6158035e+001
  3.4700000e+002  7.9467339e+001
  3.4750000e+002  7.1301700e+001
  3.4800000e+002  6.3362403e+001
  3.4850000e+002  5.7159346e+001
  3.4900000e+002  5.4136002e+001
  3.4950000e+002  5.3940938e+001
  3.5000000e+002  5.5938322e+001
  3.5050000e+002  5.8612159e+001
  3.5100000e+002  6.0640816e+001
  3.5150000e+002  6.1293974e+001
  3.5200000e+002  6.1326655e+001
  3.5250000e+002  6.1604998e+001
  3.5300000e+002  6.2931131e+001
  3.5350000e+002  6.5238580e+001
  3.5400000e+002  6.8207679e+001
  3.5450000e+002  7.1358119e+001
  3.5500000e+002  7.4638301e+001
  3.5550000e+002  7.8928050e+001
  3.5600000e+002  8.5215804e+001
  3.5650000e+002  9.4130904e+001
  3.5700000e+002  1.0630217e+002
  3.5750000e+002  1.2067046e+002
  3.5800000e+002  1.3660390e+002
  3.5850000e+002  1.5354917e+002
  3.5900000e+002  1.7146791e+002
  3.5950000e+002  1.9115913e+002
  3.6000000e+002  2.1299093e+002
  3.6050000e+002  2.3668155e+002
  3.6100000e+002  2.6133077e+002
  3.6150000e+002  2.8505086e+002
  3.6200000e+002  3.0594335e+002
  3.6250000e+002  3.2204040e+002
  3.6300000e+002  3.3296089e+002
  3.6350000e+002  3.3821625e+002
  3.6400000e+002  3.3843657e+002
  3.6450000e+002  3.3420580e+002
  3.6500000e+002  3.2482373e+002
  3.6550000e+002  3.1137357e+002
  3.6600000e+002  2.9438166e+002
  3.6650000e+002  2.7476473e+002
  3.6700000e+002  2.5424956e+002
  3.6750000e+002  2.3381221e+002
  3.6800000e+002  2.1361623e+002
  3.6850000e+002  1.9323851e+002
  3.6900000e+002  1.7208822e+002
  3.6950000e+002  1.5033672e+002
  3.7000000e+002  1.2885536e+002
  3.7050000e+002  1.0954157e+002
  3.7100000e+002  9.3678329e+001
  3.7150000e+002  8.1716771e+001
  3.7200000e+002  7.2490169e+001
  3.7250000e+002  6.4187231e+001
  3.7300000e+002  5.5588239e+001
  3.7350000e+002  4.6687324e+001
  3.7400000e+002  3.8641253e+001
  3.7450000e+002  3.3734192e+001
  3.7500000e+002  3.2591878e+001
  3.7550000e+002  3.4184553e+001
  3.7600000e+002  3.5642840e+001
  3.7650000e+002  3.4282182e+001
  3.7700000e+002  2.8053515e+001
  3.7750000e+002  1.8197098e+001
  3.7800000e+002  7.5305820e+000
  3.7850000e+002  5.8767778e-001
  3.7900000e+002  0.0000000e+000
  3.7950000e+002  4.7947272e+000
  3.8000000e+002  1.3964793e+001
  3.8050000e+002  2.3616634e+001
  3.8100000e+002  3.0326214e+001
  3.8150000e+002  3.2521776e+001
  3.8200000e+002  3.0650117e+001
  3.8250000e+002  2.6072134e+001
  3.8300000e+002  2.1982449e+001
  3.8350000e+002  2.0688000e+001
  3.8400000e+002  2.3784784e+001
  3.8450000e+002  3.1007250e+001
  3.8500000e+002  4.2403815e+001
  3.8550000e+002  5.6864191e+001
  3.8600000e+002  7.3152377e+001
  3.8650000e+002  9.0294833e+001
  3.8700000e+002  1.0707045e+002
  3.8750000e+002  1.2265073e+002
  3.8800000e+002  1.3643467e+002
  3.8850000e+002  1.4873442e+002
  3.8900000e+002  1.6017971e+002
  3.8950000e+002  1.7237980e+002
  3.9000000e+002  1.8725472e+002
  3.9050000e+002  2.0809901e+002
  3.9100000e+002  2.3649535e+002
  3.9150000e+002  2.7327758e+002
  3.9200000e+002  3.1820465e+002
  3.9250000e+002  3.6826814e+002
  3.9300000e+002  4.2211662e+002
  3.9350000e+002  4.7881763e+002
  3.9400000e+002  5.3858469e+002
  3.9450000e+002  6.0405321e+002
  3.9500000e+002  6.7704879e+002
  3.9550000e+002  7.5899759e+002
  3.9600000e+002  8.5013051e+002
  3.9650000e+002  9.4653461e+002
  3.9700000e+002  1.0451764e+003
  3.9750000e+002  1.1421512e+003
  3.9800000e+002  1.2344682e+003
  3.9850000e+002  1.3181074e+003
  3.9900000e+002  1.3909762e+003
  3.9950000e+002  1.4498526e+003
  4.0000000e+002  1.4887247e+003
  4.0050000e+002  1.5082630e+003
  4.0100000e+002  1.5048881e+003
  4.0150000e+002  1.4764289e+003
  4.0200000e+002  1.4264604e+003
  4.0250000e+002  1.3543705e+003
  4.0300000e+002  1.2654216e+003
  4.0350000e+002  1.1648377e+003
  4.0400000e+002  1.0570144e+003
  4.0450000e+002  9.4881479e+002
  4.0500000e+002  8.4422844e+002
  4.0550000e+002  7.4694205e+002
  4.0600000e+002  6.5792458e+002
  4.0650000e+002  5.7947628e+002
  4.0700000e+002  5.1183835e+002
  4.0750000e+002  4.5456128e+002
  4.0800000e+002  4.1033989e+002
  4.0850000e+002  3.7616777e+002
  4.0900000e+002  3.5080276e+002
  4.0950000e+002  3.3291912e+002
  4.1000000e+002  3.1943823e+002
  4.1050000e+002  3.0907540e+002
  4.1100000e+002  3.0069878e+002
  4.1150000e+002  2.9393460e+002
  4.1200000e+002  2.8969689e+002
  4.1250000e+002  2.8869829e+002
  4.1300000e+002  2.9162483e+002
  4.1350000e+002  2.9937764e+002
  4.1400000e+002  3.1087881e+002
  4.1450000e+002  3.2511274e+002
  4.1500000e+002  3.3967854e+002
  4.1550000e+002  3.5188775e+002
  4.1600000e+002  3.5819851e+002
  4.1650000e+002  3.5703818e+002
  4.1700000e+002  3.4810988e+002
  4.1750000e+002  3.3194095e+002
  4.1800000e+002  3.1167621e+002
  4.1850000e+002  2.8906100e+002
  4.1900000e+002  2.6585098e+002
  4.1950000e+002  2.4316992e+002
  4.2000000e+002  2.2182791e+002
  4.2050000e+002  2.0214944e+002
  4.2100000e+002  1.8442527e+002
  4.2150000e+002  1.6889448e+002
  4.2200000e+002  1.5462837e+002
  4.2250000e+002  1.4085912e+002
  4.2300000e+002  1.2668056e+002
  4.2350000e+002  1.1171841e+002
  4.2400000e+002  9.6124829e+001
  4.2450000e+002  8.0788271e+001
  4.2500000e+002  6.6686316e+001
  4.2550000e+002  5.5427895e+001
  4.2600000e+002  4.7089460e+001
  4.2650000e+002  4.2074878e+001
  4.2700000e+002  4.0825094e+001
  4.2750000e+002  4.2955651e+001
  4.2800000e+002  4.8851368e+001
  4.2850000e+002  5.7998871e+001
  4.2900000e+002  6.9555918e+001
  4.2950000e+002  8.2938596e+001
  4.3000000e+002  9.6936028e+001
  4.3050000e+002  1.1083832e+002
  4.3100000e+002  1.2414651e+002
  4.3150000e+002  1.3678426e+002
  4.3200000e+002  1.4884708e+002
  4.3250000e+002  1.6097277e+002
  4.3300000e+002  1.7413941e+002
  4.3350000e+002  1.9013788e+002
  4.3400000e+002  2.0981076e+002
  4.3450000e+002  2.3376607e+002
  4.3500000e+002  2.6130003e+002
  4.3550000e+002  2.9020766e+002
  4.3600000e+002  3.1922319e+002
  4.3650000e+002  3.4809526e+002
  4.3700000e+002  3.7787693e+002
  4.3750000e+002  4.1089499e+002
  4.3800000e+002  4.4823181e+002
  4.3850000e+002  4.8957135e+002
  4.3900000e+002  5.3238539e+002
  4.3950000e+002  5.7190650e+002
  4.4000000e+002  6.0361453e+002
  4.4050000e+002  6.2439925e+002
  4.4100000e+002  6.3459700e+002
  4.4150000e+002  6.3316663e+002
  4.4200000e+002  6.2232655e+002
  4.4250000e+002  6.0348389e+002
  4.4300000e+002  5.7627408e+002
  4.4350000e+002  5.4301731e+002
  4.4400000e+002  5.0481607e+002
  4.4450000e+002  4.6349961e+002
  4.4500000e+002  4.2074413e+002
  4.4550000e+002  3.7714308e+002
  4.4600000e+002  3.3318857e+002
  4.4650000e+002  2.8953633e+002
  4.4700000e+002  2.4818288e+002
  4.4750000e+002  2.1115944e+002
  4.4800000e+002  1.8114542e+002
  4.4850000e+002  1.6022576e+002
  4.4900000e+002  1.4533060e+002
  4.4950000e+002  1.3342185e+002
  4.5000000e+002  1.2050879e+002
  4.5050000e+002  1.0463268e+002
  4.5100000e+002  8.5752046e+001
  4.5150000e+002  6.7097114e+001
  4.5200000e+002  5.2288297e+001
  4.5250000e+002  4.5035341e+001
  4.5300000e+002  4.5268974e+001
  4.5350000e+002  5.1329824e+001
  4.5400000e+002  5.8934782e+001
  4.5450000e+002  6.4378840e+001
  4.5500000e+002  6.4012202e+001
  4.5550000e+002  5.7462925e+001
  4.5600000e+002  4.5359281e+001
  4.5650000e+002  2.9701196e+001
  4.5700000e+002  1.4387250e+001
  4.5750000e+002  3.3360698e+000
  4.5800000e+002  0.0000000e+000
  4.5850000e+002  0.0000000e+000
  4.5900000e+002  5.4520492e+000
  4.5950000e+002  1.4521926e+001
  4.6000000e+002  2.4237964e+001
  4.6050000e+002  3.1959124e+001
  4.6100000e+002  3.6991115e+001
  4.6150000e+002  3.9209686e+001
  4.6200000e+002  3.9132443e+001
  4.6250000e+002  3.7279059e+001
  4.6300000e+002  3.3208494e+001
  4.6350000e+002  2.7189805e+001
  4.6400000e+002  1.9949569e+001
  4.6450000e+002  1.3093767e+001
  4.6500000e+002  8.3959353e+000
  4.6550000e+002  7.4552397e+000
  4.6600000e+002  1.0754620e+001
  4.6650000e+002  1.6789776e+001
  4.6700000e+002  2.3736607e+001
  4.6750000e+002  2.9332028e+001
  4.6800000e+002  3.2478477e+001
  4.6850000e+002  3.2683556e+001
  4.6900000e+002  3.1245324e+001
  4.6950000e+002  2.9111904e+001
  4.7000000e+002  2.7336771e+001
  4.7050000e+002  2.6565839e+001
  4.7100000e+002  2.7308879e+001
  4.7150000e+002  2.9542100e+001
  4.7200000e+002  3.2908055e+001
  4.7250000e+002  3.6842621e+001
  4.7300000e+002  4.0231172e+001
  4.7350000e+002  4.2034901e+001
  4.7400000e+002  4.1146428e+001
  4.7450000e+002  3.7607851e+001
  4.7500000e+002  3.1484793e+001
  4.7550000e+002  2.3893935e+001
  4.7600000e+002  1.6264018e+001
  4.7650000e+002  1.0186441e+001
  4.7700000e+002  6.3363760e+000
  4.7750000e+002  4.7933582e+000
  4.7800000e+002  4.6767104e+000
  4.7850000e+002  4.5243017e+000
  4.7900000e+002  3.5004650e+000
  4.7950000e+002  1.6794749e+000
  4.8000000e+002  1.0165769e-002
  4.8050000e+002  0.0000000e+000
  4.8100000e+002  1.8352189e+000
  4.8150000e+002  5.8288269e+000
  4.8200000e+002  1.0707250e+001
  4.8250000e+002  1.4258992e+001
  4.8300000e+002  1.4713784e+001
  4.8350000e+002  1.1856087e+001
  4.8400000e+002  7.2279692e+000
  4.8450000e+002  2.9678814e+000
  4.8500000e+002  1.3065466e+000
  4.8550000e+002  3.5247488e+000
  4.8600000e+002  1.0699611e+001
  4.8650000e+002  2.1225662e+001
  4.8700000e+002  3.3796556e+001
  4.8750000e+002  4.6481425e+001
  4.8800000e+002  5.7666126e+001
  4.8850000e+002  6.6251651e+001
  4.8900000e+002  7.2484747e+001
  4.8950000e+002  7.7242049e+001
  4.9000000e+002  8.1709064e+001
  4.9050000e+002  8.7121110e+001
  4.9100000e+002  9.4146398e+001
  4.9150000e+002  1.0276323e+002
  4.9200000e+002  1.1201387e+002
  4.9250000e+002  1.2081268e+002
  4.9300000e+002  1.2823395e+002
  4.9350000e+002  1.3409467e+002
  4.9400000e+002  1.3821524e+002
  4.9450000e+002  1.4094321e+002
  4.9500000e+002  1.4201111e+002
  4.9550000e+002  1.4072647e+002
  4.9600000e+002  1.3704672e+002
  4.9650000e+002  1.3086485e+002
  4.9700000e+002  1.2322010e+002
  4.9750000e+002  1.1565147e+002
  4.9800000e+002  1.0999781e+002
  4.9850000e+002  1.0682181e+002
  4.9900000e+002  1.0536344e+002
  4.9950000e+002  1.0372841e+002
  5.0000000e+002  9.9850774e+001
  5.0050000e+002  9.1970790e+001
  5.0100000e+002  7.9902910e+001
  5.0150000e+002  6.5179871e+001
  5.0200000e+002  4.9804622e+001
  5.0250000e+002  3.6085313e+001
  5.0300000e+002  2.5386970e+001
  5.0350000e+002  1.8704025e+001
  5.0400000e+002  1.4872707e+001
  5.0450000e+002  1.3095470e+001
  5.0500000e+002  1.2492256e+001
  5.0550000e+002  1.2266011e+001
  5.0600000e+002  1.1774238e+001
  5.0650000e+002  1.0496013e+001
  5.0700000e+002  8.2087798e+000
  5.0750000e+002  5.0271358e+000
  5.0800000e+002  1.9225934e+000
  5.0850000e+002  0.0000000e+000
  5.0900000e+002  0.0000000e+000
  5.0950000e+002  4.3745799e-001
  5.1000000e+002  1.4279407e+000
  5.1050000e+002  1.8112230e+000
  5.1100000e+002  1.5040549e+000
  5.1150000e+002  2.0081678e+000
  5.1200000e+002  5.5263003e+000
  5.1250000e+002  1.4329805e+001
  5.1300000e+002  2.9560948e+001
  5.1350000e+002  4.9119840e+001
  5.1400000e+002  7.0386381e+001
  5.1450000e+002  9.0075665e+001
  5.1500000e+002  1.0703471e+002
  5.1550000e+002  1.2251776e+002
  5.1600000e+002  1.4010328e+002
  5.1650000e+002  1.6360616e+002
  5.1700000e+002  1.9707391e+002
  5.1750000e+002  2.4056996e+002
  5.1800000e+002  2.9496004e+002
  5.1850000e+002  3.5839500e+002
  5.1900000e+002  4.2820129e+002
  5.1950000e+002  5.0316750e+002
  5.2000000e+002  5.8084155e+002
  5.2050000e+002  6.5980458e+002
  5.2100000e+002  7.3836304e+002
  5.2150000e+002  8.1454685e+002
  5.2200000e+002  8.8486246e+002
  5.2250000e+002  9.4489423e+002
  5.2300000e+002  9.9126633e+002
  5.2350000e+002  1.0168778e+003
  5.2400000e+002  1.0216435e+003
  5.2450000e+002  1.0059357e+003
  5.2500000e+002  9.6983391e+002
  5.2550000e+002  9.2108796e+002
  5.2600000e+002  8.6377866e+002
  5.2650000e+002  8.0346507e+002
  5.2700000e+002  7.4426949e+002
  5.2750000e+002  6.9008546e+002
  5.2800000e+002  6.4348501e+002
  5.2850000e+002  6.0648208e+002
  5.2900000e+002  5.8258374e+002
  5.2950000e+002  5.6962720e+002
  5.3000000e+002  5.6684368e+002
  5.3050000e+002  5.7173933e+002
  5.3100000e+002  5.8062205e+002
  5.3150000e+002  5.9166696e+002
  5.3200000e+002  6.0366145e+002
  5.3250000e+002  6.1650429e+002
  5.3300000e+002  6.3089864e+002
  5.3350000e+002  6.4697670e+002
  5.3400000e+002  6.6503221e+002
  5.3450000e+002  6.8514611e+002
  5.3500000e+002  7.0667807e+002
  5.3550000e+002  7.2873686e+002
  5.3600000e+002  7.4948884e+002
  5.3650000e+002  7.6685939e+002
  5.3700000e+002  7.7722387e+002
  5.3750000e+002  7.7980749e+002
  5.3800000e+002  7.7433963e+002
  5.3850000e+002  7.6256870e+002
  5.3900000e+002  7.4856171e+002
  5.3950000e+002  7.3572457e+002
  5.4000000e+002  7.2682155e+002
  5.4050000e+002  7.2270999e+002
  5.4100000e+002  7.2402259e+002
  5.4150000e+002  7.2876486e+002
  5.4200000e+002  7.3531707e+002
  5.4250000e+002  7.4188276e+002
  5.4300000e+002  7.4707681e+002
  5.4350000e+002  7.4995507e+002
  5.4400000e+002  7.5068222e+002
  5.4450000e+002  7.5059755e+002
  5.4500000e+002  7.5149102e+002
  5.4550000e+002  7.5477710e+002
  5.4600000e+002  7.6097429e+002
  5.4650000e+002  7.6966868e+002
  5.4700000e+002  7.7875937e+002
  5.4750000e+002  7.8636742e+002
  5.4800000e+002  7.9135749e+002
  5.4850000e+002  7.9433060e+002
  5.4900000e+002  7.9658601e+002
  5.4950000e+002  7.9960608e+002
  5.5000000e+002  8.0343545e+002
  5.5050000e+002  8.0605453e+002
  5.5100000e+002  8.0510487e+002
  5.5150000e+002  7.9843434e+002
  5.5200000e+002  7.8551945e+002
  5.5250000e+002  7.6836675e+002
  5.5300000e+002  7.4840955e+002
  5.5350000e+002  7.2690222e+002
  5.5400000e+002  7.0351072e+002
  5.5450000e+002  6.7592473e+002
  5.5500000e+002  6.4354021e+002
  5.5550000e+002  6.0620431e+002
  5.5600000e+002  5.6557031e+002
  5.5650000e+002  5.2449537e+002
  5.5700000e+002  4.8431712e+002
  5.5750000e+002  4.4443299e+002
  5.5800000e+002  4.0338569e+002
  5.5850000e+002  3.5981583e+002
  5.5900000e+002  3.1508791e+002
  5.5950000e+002  2.7209618e+002
  5.6000000e+002  2.3531794e+002
  5.6050000e+002  2.0660914e+002
  5.6100000e+002  1.8714652e+002
  5.6150000e+002  1.7426821e+002
  5.6200000e+002  1.6403087e+002
  5.6250000e+002  1.5309048e+002
  5.6300000e+002  1.4010746e+002
  5.6350000e+002  1.2567286e+002
  5.6400000e+002  1.1145539e+002
  5.6450000e+002  9.9003893e+001
  5.6500000e+002  8.9470230e+001
  5.6550000e+002  8.2964765e+001
  5.6600000e+002  7.8655711e+001
  5.6650000e+002  7.5725473e+001
  5.6700000e+002  7.2851057e+001
  5.6750000e+002  6.9209480e+001
  5.6800000e+002  6.4433833e+001
  5.6850000e+002  5.9302939e+001
  5.6900000e+002  5.5120051e+001
  5.6950000e+002  5.3227466e+001
  5.7000000e+002  5.3734112e+001
  5.7050000e+002  5.6322139e+001
  5.7100000e+002  5.9692509e+001
  5.7150000e+002  6.3081106e+001
  5.7200000e+002  6.6512128e+001
  5.7250000e+002  7.0635763e+001
  5.7300000e+002  7.6119282e+001
  5.7350000e+002  8.2901207e+001
  5.7400000e+002  8.9940335e+001
  5.7450000e+002  9.6043822e+001
  5.7500000e+002  1.0101447e+002
  5.7550000e+002  1.0601908e+002
  5.7600000e+002  1.1409602e+002
  5.7650000e+002  1.2679759e+002
  5.7700000e+002  1.4496055e+002
  5.7750000e+002  1.6782200e+002
  5.7800000e+002  1.9306497e+002
  5.7850000e+002  2.1964157e+002
  5.7900000e+002  2.4739532e+002
  5.7950000e+002  2.7688780e+002
  5.8000000e+002  3.0877656e+002
  5.8050000e+002  3.4137759e+002
  5.8100000e+002  3.7170634e+002
  5.8150000e+002  3.9522238e+002
  5.8200000e+002  4.1008642e+002
  5.8250000e+002  4.1471556e+002
  5.8300000e+002  4.1167091e+002
  5.8350000e+002  4.0456804e+002
  5.8400000e+002  3.9480648e+002
  5.8450000e+002  3.8257795e+002
  5.8500000e+002  3.6609595e+002
  5.8550000e+002  3.4257470e+002
  5.8600000e+002  3.1249575e+002
  5.8650000e+002  2.7701840e+002
  5.8700000e+002  2.3995843e+002
  5.8750000e+002  2.0524150e+002
  5.8800000e+002  1.7651568e+002
  5.8850000e+002  1.5378087e+002
  5.8900000e+002  1.3559629e+002
  5.8950000e+002  1.1955923e+002
  5.9000000e+002  1.0295377e+002
  5.9050000e+002  8.4997358e+001
  5.9100000e+002  6.6712583e+001
  5.9150000e+002  5.0002456e+001
  5.9200000e+002  3.7216981e+001
  5.9250000e+002  2.8803105e+001
  5.9300000e+002  2.4080342e+001
  5.9350000e+002  2.1948040e+001
  5.9400000e+002  2.0585815e+001
  5.9450000e+002  1.9629868e+001
  5.9500000e+002  1.9784967e+001
  5.9550000e+002  2.1899466e+001
  5.9600000e+002  2.6484075e+001
  5.9650000e+002  3.1930134e+001
  5.9700000e+002  3.5565979e+001
  5.9750000e+002  3.3840341e+001
  5.9800000e+002  2.7013954e+001
  5.9850000e+002  1.6667877e+001
  5.9900000e+002  6.6090090e+000
  5.9950000e+002  2.8220749e-001
  6.0000000e+002  0.0000000e+000
  6.0050000e+002  2.7505770e+000
  6.0100000e+002  7.6954843e+000
  6.0150000e+002  1.2026266e+001
  6.0200000e+002  1.4394448e+001
  6.0250000e+002  1.4982792e+001
  6.0300000e+002  1.4892574e+001
  6.0350000e+002  1.5050603e+001
  6.0400000e+002  1.5251153e+001
  6.0450000e+002  1.4517312e+001
  6.0500000e+002  1.2473274e+001
  6.0550000e+002  9.7420334e+000
  6.0600000e+002  8.0705575e+000
  6.0650000e+002  8.9277870e+000
  6.0700000e+002  1.3037285e+001
  6.0750000e+002  1.8847476e+001
  6.0800000e+002  2.4365620e+001
  6.0850000e+002  2.7483757e+001
  6.0900000e+002  2.7422019e+001
  6.0950000e+002  2.3798543e+001
  6.1000000e+002  1.8029276e+001
  6.1050000e+002  1.1388599e+001
  6.1100000e+002  5.3403036e+000
  6.1150000e+002  1.0791949e+000
  6.1200000e+002  0.0000000e+000
  6.1250000e+002  2.2500072e+000
  6.1300000e+002  7.2886742e+000
  6.1350000e+002  1.3805361e+001
  6.1400000e+002  1.9769203e+001
  6.1450000e+002  2.4105885e+001
  6.1500000e+002  2.6793839e+001
  6.1550000e+002  2.9540258e+001
  6.1600000e+002  3.4068677e+001
  6.1650000e+002  4.1346557e+001
  6.1700000e+002  5.0414339e+001
  6.1750000e+002  5.9431868e+001
  6.1800000e+002  6.6392972e+001
  6.1850000e+002  7.0532672e+001
  6.1900000e+002  7.1833580e+001
  6.1950000e+002  7.2142301e+001
  6.2000000e+002  7.2708785e+001
  6.2050000e+002  7.4314952e+001
  6.2100000e+002  7.7011034e+001
  6.2150000e+002  8.1149768e+001
  6.2200000e+002  8.7025521e+001
  6.2250000e+002  9.4653384e+001
  6.2300000e+002  1.0352429e+002
  6.2350000e+002  1.1173144e+002
  6.2400000e+002  1.1729287e+002
  6.2450000e+002  1.1879568e+002
  6.2500000e+002  1.1776306e+002
  6.2550000e+002  1.1732139e+002
  6.2600000e+002  1.2168380e+002
  6.2650000e+002  1.3314761e+002
  6.2700000e+002  1.5302921e+002
  6.2750000e+002  1.7719502e+002
  6.2800000e+002  2.0134690e+002
  6.2850000e+002  2.2133667e+002
  6.2900000e+002  2.3706319e+002
  6.2950000e+002  2.5042980e+002
  6.3000000e+002  2.6529290e+002
  6.3050000e+002  2.8439248e+002
  6.3100000e+002  3.0952344e+002
  6.3150000e+002  3.3863205e+002
  6.3200000e+002  3.6921636e+002
  6.3250000e+002  3.9879417e+002
  6.3300000e+002  4.2672731e+002
  6.3350000e+002  4.5398939e+002
  6.3400000e+002  4.8284677e+002
  6.3450000e+002  5.1488881e+002
  6.3500000e+002  5.5100661e+002
  6.3550000e+002  5.8937938e+002
  6.3600000e+002  6.2764287e+002
  6.3650000e+002  6.6305808e+002
  6.3700000e+002  6.9523779e+002
  6.3750000e+002  7.2457558e+002
  6.3800000e+002  7.5194549e+002
  6.3850000e+002  7.7755700e+002
  6.3900000e+002  7.9917940e+002
  6.3950000e+002  8.1410058e+002
  6.4000000e+002  8.2022044e+002
  6.4050000e+002  8.1457539e+002
  6.4100000e+002  8.0052164e+002
  6.4150000e+002  7.8029678e+002
  6.4200000e+002  7.5652560e+002
  6.4250000e+002  7.3089366e+002
  6.4300000e+002  7.0248083e+002
  6.4350000e+002  6.7002420e+002
  6.4400000e+002  6.3325136e+002
  6.4450000e+002  5.9280347e+002
  6.4500000e+002  5.5199866e+002
  6.4550000e+002  5.1342926e+002
  6.4600000e+002  4.7822327e+002
  6.4650000e+002  4.4469103e+002
  6.4700000e+002  4.1064946e+002
  6.4750000e+002  3.7463209e+002
  6.4800000e+002  3.3725127e+002
  6.4850000e+002  3.0093893e+002
  6.4900000e+002  2.6820589e+002
  6.4950000e+002  2.4045675e+002
  6.5000000e+002  2.1774203e+002
  6.5050000e+002  1.9749783e+002
  6.5100000e+002  1.7795984e+002
  6.5150000e+002  1.5823967e+002
  6.5200000e+002  1.3889625e+002
  6.5250000e+002  1.2157345e+002
  6.5300000e+002  1.0706773e+002
  6.5350000e+002  9.5293968e+001
  6.5400000e+002  8.5407524e+001
  6.5450000e+002  7.5822791e+001
  6.5500000e+002  6.5945380e+001
  6.5550000e+002  5.6221913e+001
  6.5600000e+002  4.7657856e+001
  6.5650000e+002  4.1663219e+001
  6.5700000e+002  3.8569154e+001
  6.5750000e+002  3.8187069e+001
  6.5800000e+002  4.0253873e+001
  6.5850000e+002  4.3496479e+001
  6.5900000e+002  4.7019766e+001
  6.5950000e+002  4.9671485e+001
  6.6000000e+002  5.0516231e+001
  6.6050000e+002  4.8257014e+001
  6.6100000e+002  4.2658847e+001
  6.6150000e+002  3.4187710e+001
  6.6200000e+002  2.3707744e+001
  6.6250000e+002  1.3396097e+001
  6.6300000e+002  5.1442816e+000
  6.6350000e+002  6.6559514e-001
  6.6400000e+002  0.0000000e+000
  6.6450000e+002  1.0395513e+000
  6.6500000e+002  4.0511926e+000
  6.6550000e+002  7.4016794e+000
  6.6600000e+002  9.5417343e+000
  6.6650000e+002  9.9562660e+000
  6.6700000e+002  8.7117394e+000
  6.6750000e+002  6.6734653e+000
  6.6800000e+002  5.2604605e+000
  6.6850000e+002  5.8707369e+000
  6.6900000e+002  9.0280622e+000
  6.6950000e+002  1.4077249e+001
  6.7000000e+002  1.9604585e+001
  6.7050000e+002  2.3673143e+001
  6.7100000e+002  2.5017879e+001
  6.7150000e+002  2.3319096e+001
  6.7200000e+002  2.0427230e+001
  6.7250000e+002  1.8645382e+001
  6.7300000e+002  2.0201685e+001
  6.7350000e+002  2.5684658e+001
  6.7400000e+002  3.5062444e+001
  6.7450000e+002  4.6168169e+001
  6.7500000e+002  5.7227314e+001
  6.7550000e+002  6.6880641e+001
  6.7600000e+002  7.4986448e+001
  6.7650000e+002  8.1484085e+001
  6.7700000e+002  8.6401297e+001
  6.7750000e+002  8.9756289e+001
  6.7800000e+002  9.1040193e+001
  6.7850000e+002  9.0458482e+001
  6.7900000e+002  8.8390471e+001
  6.7950000e+002  8.5220351e+001
  6.8000000e+002  8.1609673e+001
  6.8050000e+002  7.7809572e+001
  6.8100000e+002  7.4088786e+001
  6.8150000e+002  7.0866916e+001
  6.8200000e+002  6.8984963e+001
  6.8250000e+002  6.8899645e+001
  6.8300000e+002  7.0310369e+001
  6.8350000e+002  7.1696556e+001
  6.8400000e+002  7.0566718e+001
  6.8450000e+002  6.4355592e+001
  6.8500000e+002  5.1635155e+001
  6.8550000e+002  3.4706138e+001
  6.8600000e+002  1.7511534e+001
  6.8650000e+002  4.9901087e+000
  6.8700000e+002  0.0000000e+000
  6.8750000e+002  3.8724103e+000
  6.8800000e+002  1.3315772e+001
  6.8850000e+002  2.4499543e+001
  6.8900000e+002  3.3332200e+001
  6.8950000e+002  3.8537195e+001
  6.9000000e+002  4.0932196e+001
  6.9050000e+002  4.3572930e+001
  6.9100000e+002  4.8958236e+001
  6.9150000e+002  5.8568421e+001
  6.9200000e+002  7.0312727e+001
  6.9250000e+002  8.1372153e+001
  6.9300000e+002  8.8490929e+001
  6.9350000e+002  9.1174755e+001
  6.9400000e+002  9.0252343e+001
  6.9450000e+002  8.8663980e+001
  6.9500000e+002  8.9140487e+001
  6.9550000e+002  9.3753751e+001
  6.9600000e+002  1.0158567e+002
  6.9650000e+002  1.1070594e+002
  6.9700000e+002  1.1820820e+002
  6.9750000e+002  1.2241142e+002
  6.9800000e+002  1.2254449e+002
  6.9850000e+002  1.1961169e+002
  6.9900000e+002  1.1574402e+002
  6.9950000e+002  1.1295310e+002
  7.0000000e+002  1.1218219e+002
  7.0050000e+002  1.1308939e+002
  7.0100000e+002  1.1432133e+002
  7.0150000e+002  1.1424708e+002
  7.0200000e+002  1.1196566e+002
  7.0250000e+002  1.0784955e+002
  7.0300000e+002  1.0336376e+002
  7.0350000e+002  9.9820223e+001
  7.0400000e+002  9.7374122e+001
  7.0450000e+002  9.5021256e+001
  7.0500000e+002  9.0778636e+001
  7.0550000e+002  8.3855424e+001
  7.0600000e+002  7.4382655e+001
  7.0650000e+002  6.4014079e+001
  7.0700000e+002  5.4937136e+001
  7.0750000e+002  4.8985028e+001
  7.0800000e+002  4.6286602e+001
  7.0850000e+002  4.5814945e+001
  7.0900000e+002  4.6251898e+001
  7.0950000e+002  4.5986083e+001
  7.1000000e+002  4.3966664e+001
  7.1050000e+002  3.9408219e+001
  7.1100000e+002  3.2706207e+001
  7.1150000e+002  2.4567859e+001
  7.1200000e+002  1.6808319e+001
  7.1250000e+002  1.1242022e+001
  7.1300000e+002  9.9531468e+000
  7.1350000e+002  1.2509062e+001
  7.1400000e+002  1.7836980e+001
  7.1450000e+002  2.4076514e+001
  7.1500000e+002  2.9387320e+001
  7.1550000e+002  3.2621177e+001
  7.1600000e+002  3.3380844e+001
  7.1650000e+002  3.1781792e+001
  7.1700000e+002  2.7462175e+001
  7.1750000e+002  2.1380730e+001
  7.1800000e+002  1.5121914e+001
  7.1850000e+002  1.1589035e+001
  7.1900000e+002  1.2475446e+001
  7.1950000e+002  1.8207411e+001
  7.2000000e+002  2.5933353e+001
  7.2050000e+002  3.1323451e+001
  7.2100000e+002  3.0291263e+001
  7.2150000e+002  2.3754771e+001
  7.2200000e+002  1.5842876e+001
  7.2250000e+002  1.3305835e+001
  7.2300000e+002  1.9036954e+001
  7.2350000e+002  3.2233270e+001
  7.2400000e+002  4.6984395e+001
  7.2450000e+002  5.7205372e+001
  7.2500000e+002  5.9263164e+001
  7.2550000e+002  5.5853597e+001
  7.2600000e+002  5.1679800e+001
  7.2650000e+002  5.1178564e+001
  7.2700000e+002  5.3973940e+001
  7.2750000e+002  5.7306422e+001
  7.2800000e+002  5.7772487e+001
  7.2850000e+002  5.5545482e+001
  7.2900000e+002  5.4400359e+001
  7.2950000e+002  5.9692859e+001
  7.3000000e+002  7.3818267e+001
  7.3050000e+002  9.6542259e+001
  7.3100000e+002  1.2101720e+002
  7.3150000e+002  1.4171850e+002
  7.3200000e+002  1.5541791e+002
  7.3250000e+002  1.6484962e+002
  7.3300000e+002  1.7445579e+002
  7.3350000e+002  1.8828825e+002
  7.3400000e+002  2.0666078e+002
  7.3450000e+002  2.2728557e+002
  7.3500000e+002  2.4611826e+002
  7.3550000e+002  2.6091108e+002
  7.3600000e+002  2.7096931e+002
  7.3650000e+002  2.7772903e+002
  7.3700000e+002  2.8066148e+002
  7.3750000e+002  2.7806216e+002
  7.3800000e+002  2.6866113e+002
  7.3850000e+002  2.5143451e+002
  7.3900000e+002  2.3075668e+002
  7.3950000e+002  2.1165870e+002
  7.4000000e+002  1.9897978e+002
  7.4050000e+002  1.9197367e+002
  7.4100000e+002  1.8718634e+002
  7.4150000e+002  1.7900755e+002
  7.4200000e+002  1.6473962e+002
  7.4250000e+002  1.4497464e+002
  7.4300000e+002  1.2551247e+002
  7.4350000e+002  1.1187472e+002
  7.4400000e+002  1.0871625e+002
  7.4450000e+002  1.1285898e+002
  7.4500000e+002  1.1952176e+002
  7.4550000e+002  1.2217981e+002
  7.4600000e+002  1.1765136e+002
  7.4650000e+002  1.0518922e+002
  7.4700000e+002  8.9002996e+001
  7.4750000e+002  7.3506399e+001
  7.4800000e+002  6.2852152e+001
  7.4850000e+002  5.7137076e+001
  7.4900000e+002  5.5403799e+001
  7.4950000e+002  5.5449104e+001
  7.5000000e+002  5.5211637e+001
  7.5050000e+002  5.3715462e+001
  7.5100000e+002  5.1105546e+001
  7.5150000e+002  4.7994603e+001
  7.5200000e+002  4.5122301e+001
  7.5250000e+002  4.3138746e+001
  7.5300000e+002  4.2726989e+001
  7.5350000e+002  4.4617188e+001
  7.5400000e+002  4.8549077e+001
  7.5450000e+002  5.3817526e+001
  7.5500000e+002  5.8464015e+001
  7.5550000e+002  6.0488540e+001
  7.5600000e+002  5.7593702e+001
  7.5650000e+002  5.0589095e+001
  7.5700000e+002  4.1405858e+001
  7.5750000e+002  3.3488110e+001
  7.5800000e+002  2.9384209e+001
  7.5850000e+002  3.0380811e+001
  7.5900000e+002  3.4831465e+001
  7.5950000e+002  3.9439848e+001
  7.6000000e+002  4.0358858e+001
  7.6050000e+002  3.6112987e+001
  7.6100000e+002  2.7148595e+001
  7.6150000e+002  1.5761946e+001
  7.6200000e+002  5.7473295e+000
  7.6250000e+002  1.0975553e-001
  7.6300000e+002  0.0000000e+000
  7.6350000e+002  3.0230941e+000
  7.6400000e+002  7.6651769e+000
  7.6450000e+002  1.1019112e+001
  7.6500000e+002  1.1700257e+001
  7.6550000e+002  9.6071409e+000
  7.6600000e+002  6.8507376e+000
  7.6650000e+002  5.2480346e+000
  7.6700000e+002  5.7523035e+000
  7.6750000e+002  7.4991495e+000
  7.6800000e+002  8.8119423e+000
  7.6850000e+002  8.2772657e+000
  7.6900000e+002  5.8293081e+000
  7.6950000e+002  2.5480721e+000
  7.7000000e+002  2.6475530e-001
  7.7050000e+002  0.0000000e+000
  7.7100000e+002  9.5488563e-001
  7.7150000e+002  2.5988211e+000
  7.7200000e+002  4.3050178e+000
  7.7250000e+002  6.5533178e+000
  7.7300000e+002  1.0535666e+001
  7.7350000e+002  1.7883678e+001
  7.7400000e+002  2.7658433e+001
  7.7450000e+002  3.7858021e+001
  7.7500000e+002  4.5218317e+001
  7.7550000e+002  4.8041624e+001
  7.7600000e+002  4.5692721e+001
  7.7650000e+002  4.0201697e+001
  7.7700000e+002  3.4081295e+001
  7.7750000e+002  2.9070348e+001
  7.7800000e+002  2.5123004e+001
  7.7850000e+002  2.1432442e+001
  7.7900000e+002  1.7405215e+001
  7.7950000e+002  1.3777965e+001
  7.8000000e+002  1.2564921e+001
  7.8050000e+002  1.5556662e+001
  7.8100000e+002  2.2528190e+001
  7.8150000e+002  3.1647030e+001
  7.8200000e+002  3.8907181e+001
  7.8250000e+002  4.1049692e+001
  7.8300000e+002  3.5758458e+001
  7.8350000e+002  2.5599756e+001
  7.8400000e+002  1.3846364e+001
  7.8450000e+002  4.6521870e+000
  7.8500000e+002  0.0000000e+000
  7.8550000e+002  0.0000000e+000
  7.8600000e+002  2.0388060e+000
  7.8650000e+002  5.2465136e+000
  7.8700000e+002  8.9184102e+000
  7.8750000e+002  1.3337537e+001
  7.8800000e+002  1.9045531e+001
  7.8850000e+002  2.5439463e+001
  7.8900000e+002  3.0622475e+001
  7.8950000e+002  3.1922349e+001
  7.9000000e+002  2.8723465e+001
  7.9050000e+002  2.2504865e+001
  7.9100000e+002  1.6405520e+001
  7.9150000e+002  1.3325744e+001
  7.9200000e+002  1.4159492e+001
  7.9250000e+002  1.7100509e+001
  7.9300000e+002  1.8892826e+001
  7.9350000e+002  1.7163547e+001
  7.9400000e+002  1.2658190e+001
  7.9450000e+002  8.0609937e+000
  7.9500000e+002  6.7749322e+000
  7.9550000e+002  8.9984217e+000
  7.9600000e+002  1.2776061e+001
  7.9650000e+002  1.4300633e+001
  7.9700000e+002  1.1661183e+001
  7.9750000e+002  5.5597767e+000
  7.9800000e+002  3.7843613e-001
  7.9850000e+002  3.4022391e-001
  7.9900000e+002  8.6592056e+000
  7.9950000e+002  2.1749619e+001
  8.0000000e+002  3.4235176e+001
  8.0050000e+002  3.9410999e+001
  8.0100000e+002  3.5763352e+001
  8.0150000e+002  2.4831246e+001
  8.0200000e+002  1.2817268e+001
  8.0250000e+002  5.4579428e+000
  8.0300000e+002  6.8284241e+000
  8.0350000e+002  1.4299279e+001
  8.0400000e+002  2.3370207e+001
  8.0450000e+002  2.8412769e+001
  8.0500000e+002  2.7356849e+001
  8.0550000e+002  2.0468523e+001
  8.0600000e+002  1.1176237e+001
  8.0650000e+002  3.3246822e+000
  8.0700000e+002  0.0000000e+000
  8.0750000e+002  8.5196139e-002
  8.0800000e+002  3.8585699e+000
  8.0850000e+002  1.0060605e+001
  8.0900000e+002  1.6782889e+001
  8.0950000e+002  2.2843646e+001
  8.1000000e+002  2.7149004e+001
  8.1050000e+002  2.9147087e+001
  8.1100000e+002  2.7933978e+001
  8.1150000e+002  2.3755688e+001
  8.1200000e+002  1.7353115e+001
  8.1250000e+002  9.9254010e+000
  8.1300000e+002  3.5098585e+000
  8.1350000e+002  0.0000000e+000
  8.1400000e+002  0.0000000e+000
  8.1450000e+002  3.4806720e+000
  8.1500000e+002  8.8197449e+000
  8.1550000e+002  1.2967997e+001
  8.1600000e+002  1.3898943e+001
  8.1650000e+002  1.0705535e+001
  8.1700000e+002  6.1479770e+000
  8.1750000e+002  3.2138183e+000
  8.1800000e+002  4.3747916e+000
  8.1850000e+002  8.6263214e+000
  8.1900000e+002  1.3128892e+001
  8.1950000e+002  1.4318383e+001
  8.2000000e+002  1.1152207e+001
  8.2050000e+002  4.9937033e+000
  8.2100000e+002  1.9045531e-001
  8.2150000e+002  0.0000000e+000
  8.2200000e+002  5.2902429e+000
  8.2250000e+002  1.3384545e+001
  8.2300000e+002  2.0798161e+001
  8.2350000e+002  2.4974853e+001
  8.2400000e+002  2.6302065e+001
  8.2450000e+002  2.6911616e+001
  8.2500000e+002  2.9483960e+001
  8.2550000e+002  3.5083389e+001
  8.2600000e+002  4.3155540e+001
  8.2650000e+002  5.1263045e+001
  8.2700000e+002  5.7130421e+001
  8.2750000e+002  5.9081813e+001
  8.2800000e+002  5.6920648e+001
  8.2850000e+002  5.0304614e+001
  8.2900000e+002  4.0967112e+001
  8.2950000e+002  3.1113242e+001
  8.3000000e+002  2.4278432e+001
  8.3050000e+002  2.2870698e+001
  8.3100000e+002  2.8800274e+001
  8.3150000e+002  4.1529158e+001
  8.3200000e+002  5.7748364e+001
  8.3250000e+002  7.4243653e+001
  8.3300000e+002  8.8555945e+001
  8.3350000e+002  1.0042438e+002
  8.3400000e+002  1.1118140e+002
  8.3450000e+002  1.2328346e+002
  8.3500000e+002  1.3847196e+002
  8.3550000e+002  1.5727493e+002
  8.3600000e+002  1.7824846e+002
  8.3650000e+002  1.9978437e+002
  8.3700000e+002  2.2034431e+002
  8.3750000e+002  2.3957988e+002
  8.3800000e+002  2.5834141e+002
  8.3850000e+002  2.7880004e+002
  8.3900000e+002  3.0372679e+002
  8.3950000e+002  3.3669027e+002
  8.4000000e+002  3.7891563e+002
  8.4050000e+002  4.3317141e+002
  8.4100000e+002  4.9965592e+002
  8.4150000e+002  5.7727767e+002
  8.4200000e+002  6.6773468e+002
  8.4250000e+002  7.6916301e+002
  8.4300000e+002  8.8267234e+002
  8.4350000e+002  1.0115306e+003
  8.4400000e+002  1.1552390e+003
  8.4450000e+002  1.3160479e+003
  8.4500000e+002  1.4920192e+003
  8.4550000e+002  1.6778837e+003
  8.4600000e+002  1.8678024e+003
  8.4650000e+002  2.0529870e+003
  8.4700000e+002  2.2245502e+003
  8.4750000e+002  2.3680953e+003
  8.4800000e+002  2.4762439e+003
  8.4850000e+002  2.5334547e+003
  8.4900000e+002  2.5295739e+003
  8.4950000e+002  2.4678338e+003
  8.5000000e+002  2.3442254e+003
  8.5050000e+002  2.1770294e+003
  8.5100000e+002  1.9815123e+003
  8.5150000e+002  1.7702961e+003
  8.5200000e+002  1.5576380e+003
  8.5250000e+002  1.3519012e+003
  8.5300000e+002  1.1604844e+003
  8.5350000e+002  9.8700050e+002
  8.5400000e+002  8.3857552e+002
  8.5450000e+002  7.1448041e+002
  8.5500000e+002  6.1170360e+002
  8.5550000e+002  5.2940469e+002
  8.5600000e+002  4.5997984e+002
  8.5650000e+002  4.0228737e+002
  8.5700000e+002  3.5669294e+002
  8.5750000e+002  3.2163545e+002
  8.5800000e+002  2.9672445e+002
  8.5850000e+002  2.7782779e+002
  8.5900000e+002  2.6122913e+002
  8.5950000e+002  2.4532779e+002
  8.6000000e+002  2.3074314e+002
  8.6050000e+002  2.1955541e+002
  8.6100000e+002  2.1360980e+002
  8.6150000e+002  2.1191820e+002
  8.6200000e+002  2.1344396e+002
  8.6250000e+002  2.1700587e+002
  8.6300000e+002  2.2275405e+002
  8.6350000e+002  2.3262766e+002
  8.6400000e+002  2.4684249e+002
  8.6450000e+002  2.6492121e+002
  8.6500000e+002  2.8546559e+002
  8.6550000e+002  3.0678997e+002
  8.6600000e+002  3.2884052e+002
  8.6650000e+002  3.5229415e+002
  8.6700000e+002  3.7718897e+002
  8.6750000e+002  4.0202346e+002
  8.6800000e+002  4.2379491e+002
  8.6850000e+002  4.3947914e+002
  8.6900000e+002  4.4589938e+002
  8.6950000e+002  4.4418230e+002
  8.7000000e+002  4.3469045e+002
  8.7050000e+002  4.1936181e+002
  8.7100000e+002  4.0110823e+002
  8.7150000e+002  3.8320265e+002
  8.7200000e+002  3.6961699e+002
  8.7250000e+002  3.6347086e+002
  8.7300000e+002  3.6743371e+002
  8.7350000e+002  3.7777409e+002
  8.7400000e+002  3.8977129e+002
  8.7450000e+002  3.9682252e+002
  8.7500000e+002  3.9513094e+002
  8.7550000e+002  3.8210718e+002
  8.7600000e+002  3.6076955e+002
  8.7650000e+002  3.3495744e+002
  8.7700000e+002  3.0795943e+002
  8.7750000e+002  2.8190517e+002
  8.7800000e+002  2.5693041e+002
  8.7850000e+002  2.3207058e+002
  8.7900000e+002  2.0637281e+002
  8.7950000e+002  1.7952389e+002
  8.8000000e+002  1.5243182e+002
  8.8050000e+002  1.2645501e+002
  8.8100000e+002  1.0357250e+002
  8.8150000e+002  8.4128544e+001
  8.8200000e+002  6.8375864e+001
  8.8250000e+002  5.6231501e+001
  8.8300000e+002  4.6856374e+001
  8.8350000e+002  4.0315458e+001
  8.8400000e+002  3.5999417e+001
  8.8450000e+002  3.2755713e+001
  8.8500000e+002  2.8914950e+001
  8.8550000e+002  2.3246957e+001
  8.8600000e+002  1.5679033e+001
  8.8650000e+002  7.7834805e+000
  8.8700000e+002  1.9226838e+000
  8.8750000e+002  0.0000000e+000
  8.8800000e+002  2.2889687e-001
  8.8850000e+002  1.8308101e+000
  8.8900000e+002  2.4120250e+000
  8.8950000e+002  1.3424266e+000
  8.9000000e+002  0.0000000e+000
  8.9050000e+002  1.3049413e+000
  8.9100000e+002  6.8131626e+000
  8.9150000e+002  1.6303600e+001
  8.9200000e+002  2.6601587e+001
  8.9250000e+002  3.3978702e+001
  8.9300000e+002  3.4987713e+001
  8.9350000e+002  3.0224147e+001
  8.9400000e+002  2.1965903e+001
  8.9450000e+002  1.3378578e+001
  8.9500000e+002  6.8599443e+000
  8.9550000e+002  3.1281196e+000
  8.9600000e+002  1.3882464e+000
  8.9650000e+002  3.8652234e-001
  8.9700000e+002  0.0000000e+000
  8.9750000e+002  9.1179647e-001
  8.9800000e+002  4.1020818e+000
  8.9850000e+002  1.0109769e+001
  8.9900000e+002  1.7163955e+001
  8.9950000e+002  2.3448332e+001
  9.0000000e+002  2.7983509e+001
  9.0050000e+002  3.2385306e+001
  9.0100000e+002  4.0768340e+001
  9.0150000e+002  5.7126381e+001
  9.0200000e+002  8.2812334e+001
  9.0250000e+002  1.1772817e+002
  9.0300000e+002  1.5561619e+002
  9.0350000e+002  1.9124072e+002
  9.0400000e+002  2.2000909e+002
  9.0450000e+002  2.4188435e+002
  9.0500000e+002  2.5816887e+002
  9.0550000e+002  2.7293213e+002
  9.0600000e+002  2.9008567e+002
  9.0650000e+002  3.1411083e+002
  9.0700000e+002  3.4571699e+002
  9.0750000e+002  3.8405716e+002
  9.0800000e+002  4.2496351e+002
  9.0850000e+002  4.6166815e+002
  9.0900000e+002  4.8709946e+002
  9.0950000e+002  4.9823515e+002
  9.1000000e+002  4.9793478e+002
  9.1050000e+002  4.9042116e+002
  9.1100000e+002  4.8225307e+002
  9.1150000e+002  4.7584060e+002
  9.1200000e+002  4.7008678e+002
  9.1250000e+002  4.6232430e+002
  9.1300000e+002  4.5173961e+002
  9.1350000e+002  4.4171037e+002
  9.1400000e+002  4.3749677e+002
  9.1450000e+002  4.4554823e+002
  9.1500000e+002  4.6579706e+002
  9.1550000e+002  4.9515802e+002
  9.1600000e+002  5.2874508e+002
  9.1650000e+002  5.6076987e+002
  9.1700000e+002  5.8818303e+002
  9.1750000e+002  6.1041520e+002
  9.1800000e+002  6.2951564e+002
  9.1850000e+002  6.4788474e+002
  9.1900000e+002  6.6819138e+002
  9.1950000e+002  6.9168189e+002
  9.2000000e+002  7.1806351e+002
  9.2050000e+002  7.4362701e+002
  9.2100000e+002  7.6340481e+002
  9.2150000e+002  7.7180005e+002
  9.2200000e+002  7.6747745e+002
  9.2250000e+002  7.4855124e+002
  9.2300000e+002  7.1753974e+002
  9.2350000e+002  6.7693168e+002
  9.2400000e+002  6.2635768e+002
  9.2450000e+002  5.6897495e+002
  9.2500000e+002  5.0712576e+002
  9.2550000e+002  4.4545611e+002
  9.2600000e+002  3.8887762e+002
  9.2650000e+002  3.4196619e+002
  9.2700000e+002  3.0528192e+002
  9.2750000e+002  2.7637188e+002
  9.2800000e+002  2.5306595e+002
  9.2850000e+002  2.3184555e+002
  9.2900000e+002  2.1152419e+002
  9.2950000e+002  1.9218241e+002
  9.3000000e+002  1.7454633e+002
  9.3050000e+002  1.6048044e+002
  9.3100000e+002  1.5203653e+002
  9.3150000e+002  1.5033399e+002
  9.3200000e+002  1.5686209e+002
  9.3250000e+002  1.6854983e+002
  9.3300000e+002  1.8180101e+002
  9.3350000e+002  1.9256977e+002
  9.3400000e+002  1.9983222e+002
  9.3450000e+002  2.0516455e+002
  9.3500000e+002  2.1244936e+002
  9.3550000e+002  2.2428799e+002
  9.3600000e+002  2.4153889e+002
  9.3650000e+002  2.6140741e+002
  9.3700000e+002  2.8157402e+002
  9.3750000e+002  3.0148112e+002
  9.3800000e+002  3.2287316e+002
  9.3850000e+002  3.4844671e+002
  9.3900000e+002  3.7972939e+002
  9.3950000e+002  4.1517489e+002
  9.4000000e+002  4.5220318e+002
  9.4050000e+002  4.8719662e+002
  9.4100000e+002  5.1751295e+002
  9.4150000e+002  5.3937244e+002
  9.4200000e+002  5.5221997e+002
  9.4250000e+002  5.5401093e+002
  9.4300000e+002  5.4388772e+002
  9.4350000e+002  5.2461214e+002
  9.4400000e+002  4.9767911e+002
  9.4450000e+002  4.6613732e+002
  9.4500000e+002  4.3170997e+002
  9.4550000e+002  3.9470331e+002
  9.4600000e+002  3.5662350e+002
  9.4650000e+002  3.1953560e+002
  9.4700000e+002  2.8655907e+002
  9.4750000e+002  2.5876015e+002
  9.4800000e+002  2.3582060e+002
  9.4850000e+002  2.1452641e+002
  9.4900000e+002  1.9211619e+002
  9.4950000e+002  1.6793894e+002
  9.5000000e+002  1.4471594e+002
  9.5050000e+002  1.2577325e+002
  9.5100000e+002  1.1345693e+002
  9.5150000e+002  1.0553834e+002
  9.5200000e+002  9.9198759e+001
  9.5250000e+002  9.2167082e+001
  9.5300000e+002  8.5068675e+001
  9.5350000e+002  8.0877807e+001
  9.5400000e+002  8.0737681e+001
  9.5450000e+002  8.3014665e+001
  9.5500000e+002  8.2969149e+001
  9.5550000e+002  7.6965313e+001
  9.5600000e+002  6.3969388e+001
  9.5650000e+002  4.7886332e+001
  9.5700000e+002  3.4406488e+001
  9.5750000e+002  2.8698007e+001
  9.5800000e+002  3.0409762e+001
  9.5850000e+002  3.6668655e+001
  9.5900000e+002  4.3616234e+001
  9.5950000e+002  4.8610622e+001
  9.6000000e+002  5.1301922e+001
  9.6050000e+002  5.3038011e+001
  9.6100000e+002  5.5383335e+001
  9.6150000e+002  5.9275608e+001
  9.6200000e+002  6.4411141e+001
  9.6250000e+002  6.9922974e+001
  9.6300000e+002  7.4370216e+001
  9.6350000e+002  7.6774854e+001
  9.6400000e+002  7.6602757e+001
  9.6450000e+002  7.4684271e+001
  9.6500000e+002  7.3145194e+001
  9.6550000e+002  7.4121334e+001
  9.6600000e+002  7.7620572e+001
  9.6650000e+002  8.1301210e+001
  9.6700000e+002  8.0209232e+001
  9.6750000e+002  7.1759065e+001
  9.6800000e+002  5.5333411e+001
  9.6850000e+002  3.4379906e+001
  9.6900000e+002  1.5023720e+001
  9.6950000e+002  2.7948098e+000
  9.7000000e+002  0.0000000e+000
  9.7050000e+002  0.0000000e+000
  9.7100000e+002  4.7942077e+000
  9.7150000e+002  1.5011926e+001
  9.7200000e+002  2.8219693e+001
  9.7250000e+002  4.0864567e+001
  9.7300000e+002  4.9285477e+001
  9.7350000e+002  4.9641859e+001
  9.7400000e+002  4.1306668e+001
  9.7450000e+002  2.7430269e+001
  9.7500000e+002  1.2898488e+001
  9.7550000e+002  3.0572298e+000
  9.7600000e+002  5.8886899e-001
  9.7650000e+002  5.7820360e+000
  9.7700000e+002  1.4391874e+001
  9.7750000e+002  2.2727534e+001
  9.7800000e+002  2.7747324e+001
  9.7850000e+002  2.8791816e+001
  9.7900000e+002  2.5786352e+001
  9.7950000e+002  2.0435405e+001
  9.8000000e+002  1.4138662e+001
  9.8050000e+002  8.2502267e+000
  9.8100000e+002  3.6431580e+000
  9.8150000e+002  9.1220156e-001
  9.8200000e+002  0.0000000e+000
  9.8250000e+002  0.0000000e+000
  9.8300000e+002  0.0000000e+000
  9.8350000e+002  0.0000000e+000
  9.8400000e+002  0.0000000e+000
  9.8450000e+002  0.0000000e+000
  9.8500000e+002  1.1740877e+000
  9.8550000e+002  6.2912262e+000
  9.8600000e+002  1.5246553e+001
  9.8650000e+002  2.6643857e+001
  9.8700000e+002  3.9109447e+001
  9.8750000e+002  5.1019575e+001
  9.8800000e+002  6.1563697e+001
  9.8850000e+002  7.0446526e+001
  9.8900000e+002  7.8202936e+001
  9.8950000e+002  8.4809346e+001
  9.9000000e+002  8.9697827e+001
  9.9050000e+002  9.2391327e+001
  9.9100000e+002  9.1937524e+001
  9.9150000e+002  8.8447752e+001
  9.9200000e+002  8.2700891e+001
  9.9250000e+002  7.5178932e+001
  9.9300000e+002  6.6737343e+001
  9.9350000e+002  5.7583200e+001
  9.9400000e+002  4.7998617e+001
  9.9450000e+002  3.8760571e+001
  9.9500000e+002  3.0930592e+001
  9.9550000e+002  2.5174986e+001
  9.9600000e+002  2.1205654e+001
  9.9650000e+002  1.8439999e+001
  9.9700000e+002  1.6098759e+001
  9.9750000e+002  1.4322635e+001
  9.9800000e+002  1.3950366e+001
  9.9850000e+002  1.4936177e+001
  9.9900000e+002  1.6033556e+001
  9.9950000e+002  1.4791366e+001
  1.0000000e+003  1.0086773e+001
  1.0005000e+003  3.3373832e+000
  1.0010000e+003  0.0000000e+000
  1.0015000e+003  5.4678214e+000
  1.0020000e+003  2.5513442e+001
  1.0025000e+003  5.5465561e+001
  1.0030000e+003  8.8333720e+001
  1.0035000e+003  1.1483104e+002
  1.0040000e+003  1.3129649e+002
  1.0045000e+003  1.3922228e+002
  1.0050000e+003  1.4756781e+002
  1.0055000e+003  1.6385430e+002
  1.0060000e+003  1.9307459e+002
  1.0065000e+003  2.2995015e+002
  1.0070000e+003  2.6824897e+002
  1.0075000e+003  3.0128875e+002
  1.0080000e+003  3.2719952e+002
  1.0085000e+003  3.4644051e+002
  1.0090000e+003  3.6259769e+002
  1.0095000e+003  3.7832621e+002
  1.0100000e+003  3.9518337e+002
  1.0105000e+003  4.1358812e+002
  1.0110000e+003  4.3416157e+002
  1.0115000e+003  4.5756104e+002
  1.0120000e+003  4.8294097e+002
  1.0125000e+003  5.0801268e+002
  1.0130000e+003  5.2868510e+002
  1.0135000e+003  5.4131028e+002
  1.0140000e+003  5.4060651e+002
  1.0145000e+003  5.2755945e+002
  1.0150000e+003  5.0284962e+002
  1.0155000e+003  4.6802011e+002
  1.0160000e+003  4.2773148e+002
  1.0165000e+003  3.8441822e+002
  1.0170000e+003  3.4058225e+002
  1.0175000e+003  2.9760294e+002
  1.0180000e+003  2.5616925e+002
  1.0185000e+003  2.1602802e+002
  1.0190000e+003  1.7726621e+002
  1.0195000e+003  1.4096200e+002
  1.0200000e+003  1.0810763e+002
  1.0205000e+003  8.0375815e+001
  1.0210000e+003  5.8165341e+001
  1.0215000e+003  4.0168940e+001
  1.0220000e+003  2.5574482e+001
  1.0225000e+003  1.3324754e+001
  1.0230000e+003  4.0058429e+000
  1.0235000e+003  0.0000000e+000
  1.0240000e+003  0.0000000e+000
  1.0245000e+003  3.7791204e+000
  1.0250000e+003  1.1282500e+001
  1.0255000e+003  1.9392171e+001
  1.0260000e+003  2.6415751e+001
  1.0265000e+003  3.2939488e+001
  1.0270000e+003  4.0633306e+001
  1.0275000e+003  5.1397186e+001
  1.0280000e+003  6.4598126e+001
  1.0285000e+003  7.8896777e+001
  1.0290000e+003  9.3092234e+001
  1.0295000e+003  1.0824105e+002
  1.0300000e+003  1.2918427e+002
  1.0305000e+003  1.6210541e+002
  1.0310000e+003  2.1161454e+002
  1.0315000e+003  2.8446318e+002
  1.0320000e+003  3.7519966e+002
  1.0325000e+003  4.7986174e+002
  1.0330000e+003  5.9209472e+002
  1.0335000e+003  7.0509033e+002
  1.0340000e+003  8.1483891e+002
  1.0345000e+003  9.1966285e+002
  1.0350000e+003  1.0194546e+003
  1.0355000e+003  1.1116902e+003
  1.0360000e+003  1.1943303e+003
  1.0365000e+003  1.2622069e+003
  1.0370000e+003  1.3073990e+003
  1.0375000e+003  1.3289416e+003
  1.0380000e+003  1.3228797e+003
  1.0385000e+003  1.2921874e+003
  1.0390000e+003  1.2437821e+003
  1.0395000e+003  1.1820057e+003
  1.0400000e+003  1.1149326e+003
  1.0405000e+003  1.0469414e+003
  1.0410000e+003  9.8060030e+002
  1.0415000e+003  9.1561885e+002
  1.0420000e+003  8.5023602e+002
  1.0425000e+003  7.8244888e+002
  1.0430000e+003  7.1247887e+002
  1.0435000e+003  6.4406120e+002
  1.0440000e+003  5.8326413e+002
  1.0445000e+003  5.3539224e+002
  1.0450000e+003  5.0502707e+002
  1.0455000e+003  4.8637636e+002
  1.0460000e+003  4.7321311e+002
  1.0465000e+003  4.5761014e+002
  1.0470000e+003  4.3579558e+002
  1.0475000e+003  4.0769972e+002
  1.0480000e+003  3.7813911e+002
  1.0485000e+003  3.5150457e+002
  1.0490000e+003  3.3157313e+002
  1.0495000e+003  3.1743855e+002
  1.0500000e+003  3.0818382e+002
  1.0505000e+003  3.0230822e+002
  1.0510000e+003  2.9810378e+002
  1.0515000e+003  2.9432006e+002
  1.0520000e+003  2.8930775e+002
  1.0525000e+003  2.8195923e+002
  1.0530000e+003  2.7128904e+002
  1.0535000e+003  2.5844547e+002
  1.0540000e+003  2.4428412e+002
  1.0545000e+003  2.2948336e+002
  1.0550000e+003  2.1428945e+002
  1.0555000e+003  1.9864640e+002
  1.0560000e+003  1.8287982e+002
  1.0565000e+003  1.6742815e+002
  1.0570000e+003  1.5219709e+002
  1.0575000e+003  1.3589804e+002
  1.0580000e+003  1.1654612e+002
  1.0585000e+003  9.2248486e+001
  1.0590000e+003  6.4371343e+001
  1.0595000e+003  3.6209379e+001
  1.0600000e+003  1.3422500e+001
  1.0605000e+003  0.0000000e+000
  1.0610000e+003  0.0000000e+000
  1.0615000e+003  9.5025108e+000
  1.0620000e+003  2.6729806e+001
  1.0625000e+003  4.6650998e+001
  1.0630000e+003  6.3969558e+001
  1.0635000e+003  7.5457567e+001
  1.0640000e+003  8.1249557e+001
  1.0645000e+003  8.4586225e+001
  1.0650000e+003  8.9477704e+001
  1.0655000e+003  9.8328311e+001
  1.0660000e+003  1.1077661e+002
  1.0665000e+003  1.2412561e+002
  1.0670000e+003  1.3508173e+002
  1.0675000e+003  1.4202533e+002
  1.0680000e+003  1.4605852e+002
  1.0685000e+003  1.4962823e+002
  1.0690000e+003  1.5387361e+002
  1.0695000e+003  1.5796047e+002
  1.0700000e+003  1.6032400e+002
  1.0705000e+003  1.5965895e+002
  1.0710000e+003  1.5744529e+002
  1.0715000e+003  1.5558563e+002
  1.0720000e+003  1.5546020e+002
  1.0725000e+003  1.5618510e+002
  1.0730000e+003  1.5532176e+002
  1.0735000e+003  1.5094779e+002
  1.0740000e+003  1.4340402e+002
  1.0745000e+003  1.3549566e+002
  1.0750000e+003  1.3179431e+002
  1.0755000e+003  1.3651416e+002
  1.0760000e+003  1.5245174e+002
  1.0765000e+003  1.7773953e+002
  1.0770000e+003  2.1055103e+002
  1.0775000e+003  2.4590060e+002
  1.0780000e+003  2.7891543e+002
  1.0785000e+003  3.0425786e+002
  1.0790000e+003  3.2148163e+002
  1.0795000e+003  3.3185922e+002
  1.0800000e+003  3.3884015e+002
  1.0805000e+003  3.4632808e+002
  1.0810000e+003  3.5556697e+002
  1.0815000e+003  3.6505400e+002
  1.0820000e+003  3.7263475e+002
  1.0825000e+003  3.7710328e+002
  1.0830000e+003  3.8086771e+002
  1.0835000e+003  3.8673679e+002
  1.0840000e+003  3.9661449e+002
  1.0845000e+003  4.0857862e+002
  1.0850000e+003  4.1945507e+002
  1.0855000e+003  4.2644032e+002
  1.0860000e+003  4.2969182e+002
  1.0865000e+003  4.3088775e+002
  1.0870000e+003  4.3236917e+002
  1.0875000e+003  4.3424959e+002
  1.0880000e+003  4.3408982e+002
  1.0885000e+003  4.2954879e+002
  1.0890000e+003  4.1910505e+002
  1.0895000e+003  4.0376740e+002
  1.0900000e+003  3.8627563e+002
  1.0905000e+003  3.6765737e+002
  1.0910000e+003  3.4735503e+002
  1.0915000e+003  3.2392777e+002
  1.0920000e+003  2.9580434e+002
  1.0925000e+003  2.6493258e+002
  1.0930000e+003  2.3417068e+002
  1.0935000e+003  2.0752169e+002
  1.0940000e+003  1.8717388e+002
  1.0945000e+003  1.7507367e+002
  1.0950000e+003  1.6974578e+002
  1.0955000e+003  1.6863586e+002
  1.0960000e+003  1.6893934e+002
  1.0965000e+003  1.6774133e+002
  1.0970000e+003  1.6435699e+002
  1.0975000e+003  1.6087114e+002
  1.0980000e+003  1.6131438e+002
  1.0985000e+003  1.7105209e+002
  1.0990000e+003  1.9216787e+002
  1.0995000e+003  2.2271802e+002
  1.1000000e+003  2.5913087e+002
  1.1005000e+003  2.9499934e+002
  1.1010000e+003  3.2689022e+002
  1.1015000e+003  3.5418987e+002
  1.1020000e+003  3.7994264e+002
  1.1025000e+003  4.0674730e+002
  1.1030000e+003  4.3468897e+002
  1.1035000e+003  4.6046481e+002
  1.1040000e+003  4.7747734e+002
  1.1045000e+003  4.8273159e+002
  1.1050000e+003  4.7563179e+002
  1.1055000e+003  4.5856676e+002
  1.1060000e+003  4.3860138e+002
  1.1065000e+003  4.2061716e+002
  1.1070000e+003  4.0687625e+002
  1.1075000e+003  3.9585172e+002
  1.1080000e+003  3.8457182e+002
  1.1085000e+003  3.7099645e+002
  1.1090000e+003  3.5611629e+002
  1.1095000e+003  3.4519934e+002
  1.1100000e+003  3.4362445e+002
  1.1105000e+003  3.5646407e+002
  1.1110000e+003  3.8454017e+002
  1.1115000e+003  4.2287104e+002
  1.1120000e+003  4.6675324e+002
  1.1125000e+003  5.1088254e+002
  1.1130000e+003  5.5364537e+002
  1.1135000e+003  5.9633294e+002
  1.1140000e+003  6.4120622e+002
  1.1145000e+003  6.8918387e+002
  1.1150000e+003  7.3863743e+002
  1.1155000e+003  7.8655028e+002
  1.1160000e+003  8.3062014e+002
  1.1165000e+003  8.7201421e+002
  1.1170000e+003  9.1324299e+002
  1.1175000e+003  9.5663797e+002
  1.1180000e+003  1.0015629e+003
  1.1185000e+003  1.0460505e+003
  1.1190000e+003  1.0882024e+003
  1.1195000e+003  1.1289329e+003
  1.1200000e+003  1.1713335e+003
  1.1205000e+003  1.2184838e+003
  1.1210000e+003  1.2705335e+003
  1.1215000e+003  1.3248905e+003
  1.1220000e+003  1.3764228e+003
  1.1225000e+003  1.4217746e+003
  1.1230000e+003  1.4595234e+003
  1.1235000e+003  1.4914281e+003
  1.1240000e+003  1.5168358e+003
  1.1245000e+003  1.5342616e+003
  1.1250000e+003  1.5423819e+003
  1.1255000e+003  1.5385135e+003
  1.1260000e+003  1.5254865e+003
  1.1265000e+003  1.5051672e+003
  1.1270000e+003  1.4773315e+003
  1.1275000e+003  1.4413572e+003
  1.1280000e+003  1.3929368e+003
  1.1285000e+003  1.3313790e+003
  1.1290000e+003  1.2607988e+003
  1.1295000e+003  1.1863484e+003
  1.1300000e+003  1.1140930e+003
  1.1305000e+003  1.0463848e+003
  1.1310000e+003  9.8300505e+002
  1.1315000e+003  9.2131561e+002
  1.1320000e+003  8.6104307e+002
  1.1325000e+003  8.0434860e+002
  1.1330000e+003  7.5359016e+002
  1.1335000e+003  7.1070893e+002
  1.1340000e+003  6.7199061e+002
  1.1345000e+003  6.3150069e+002
  1.1350000e+003  5.8193670e+002
  1.1355000e+003  5.2219543e+002
  1.1360000e+003  4.5361336e+002
  1.1365000e+003  3.8211462e+002
  1.1370000e+003  3.1511283e+002
  1.1375000e+003  2.6046451e+002
  1.1380000e+003  2.2143728e+002
  1.1385000e+003  1.9753024e+002
  1.1390000e+003  1.8804767e+002
  1.1395000e+003  1.8452135e+002
  1.1400000e+003  1.8046675e+002
  1.1405000e+003  1.7020571e+002
  1.1410000e+003  1.5313750e+002
  1.1415000e+003  1.3072946e+002
  1.1420000e+003  1.0705787e+002
  1.1425000e+003  8.4811753e+001
  1.1430000e+003  6.4859631e+001
  1.1435000e+003  4.5906664e+001
  1.1440000e+003  2.7666827e+001
  1.1445000e+003  1.2122140e+001
  1.1450000e+003  1.9668053e+000
  1.1455000e+003  0.0000000e+000
  1.1460000e+003  3.1011485e+000
  1.1465000e+003  8.0385080e+000
  1.1470000e+003  1.0231428e+001
  1.1475000e+003  8.6817797e+000
  1.1480000e+003  5.5540489e+000
  1.1485000e+003  5.1962930e+000
  1.1490000e+003  9.8113425e+000
  1.1495000e+003  1.9341490e+001
  1.1500000e+003  3.0764482e+001
  1.1505000e+003  4.1070216e+001
  1.1510000e+003  4.8683712e+001
  1.1515000e+003  5.4779695e+001
  1.1520000e+003  6.0841269e+001
  1.1525000e+003  6.8688952e+001
  1.1530000e+003  7.9850755e+001
  1.1535000e+003  9.7315899e+001
  1.1540000e+003  1.2441880e+002
  1.1545000e+003  1.6173731e+002
  1.1550000e+003  2.0947572e+002
  1.1555000e+003  2.6274289e+002
  1.1560000e+003  3.1732125e+002
  1.1565000e+003  3.7130402e+002
  1.1570000e+003  4.2650227e+002
  1.1575000e+003  4.8597806e+002
  1.1580000e+003  5.5061209e+002
  1.1585000e+003  6.1619660e+002
  1.1590000e+003  6.7451011e+002
  1.1595000e+003  7.1810754e+002
  1.1600000e+003  7.4401547e+002
  1.1605000e+003  7.4973143e+002
  1.1610000e+003  7.4344878e+002
  1.1615000e+003  7.2909547e+002
  1.1620000e+003  7.0862707e+002
  1.1625000e+003  6.8178085e+002
  1.1630000e+003  6.4495134e+002
  1.1635000e+003  5.9776305e+002
  1.1640000e+003  5.4358314e+002
  1.1645000e+003  4.8878541e+002
  1.1650000e+003  4.4106320e+002
  1.1655000e+003  4.0558179e+002
  1.1660000e+003  3.8390687e+002
  1.1665000e+003  3.6993786e+002
  1.1670000e+003  3.5792644e+002
  1.1675000e+003  3.4399521e+002
  1.1680000e+003  3.2963000e+002
  1.1685000e+003  3.2094997e+002
  1.1690000e+003  3.2230987e+002
  1.1695000e+003  3.3464891e+002
  1.1700000e+003  3.5411923e+002
  1.1705000e+003  3.7219591e+002
  1.1710000e+003  3.8220518e+002
  1.1715000e+003  3.8220148e+002
  1.1720000e+003  3.7558377e+002
  1.1725000e+003  3.6605472e+002
  1.1730000e+003  3.5542000e+002
  1.1735000e+003  3.4174631e+002
  1.1740000e+003  3.2083666e+002
  1.1745000e+003  2.9283243e+002
  1.1750000e+003  2.6017361e+002
  1.1755000e+003  2.2868127e+002
  1.1760000e+003  2.0284301e+002
  1.1765000e+003  1.8497944e+002
  1.1770000e+003  1.7185034e+002
  1.1775000e+003  1.5918992e+002
  1.1780000e+003  1.4329192e+002
  1.1785000e+003  1.2386512e+002
  1.1790000e+003  1.0162493e+002
  1.1795000e+003  7.8198824e+001
  1.1800000e+003  5.5276083e+001
  1.1805000e+003  3.4730055e+001
  1.1810000e+003  1.8148945e+001
  1.1815000e+003  6.5147512e+000
  1.1820000e+003  1.2640720e+000
  1.1825000e+003  0.0000000e+000
  1.1830000e+003  0.0000000e+000
  1.1835000e+003  6.9080119e-001
  1.1840000e+003  1.6108841e+000
  1.1845000e+003  2.6492775e+000
  1.1850000e+003  3.4328136e+000
  1.1855000e+003  3.4350290e+000
  1.1860000e+003  2.4551035e+000
  1.1865000e+003  1.8101007e+000
  1.1870000e+003  3.4571677e+000
  1.1875000e+003  8.3825349e+000
  1.1880000e+003  1.4338566e+001
  1.1885000e+003  1.7472256e+001
  1.1890000e+003  1.4905858e+001
  1.1895000e+003  7.7586120e+000
  1.1900000e+003  8.1484051e-001
  1.1905000e+003  0.0000000e+000
  1.1910000e+003  1.3991694e+000
  1.1915000e+003  9.5353379e+000
  1.1920000e+003  1.6934515e+001
  1.1925000e+003  1.7386999e+001
  1.1930000e+003  1.0664599e+001
  1.1935000e+003  2.3508211e+000
  1.1940000e+003  0.0000000e+000
  1.1945000e+003  0.0000000e+000
  1.1950000e+003  8.8274316e+000
  1.1955000e+003  1.9540783e+001
  1.1960000e+003  2.7783358e+001
  1.1965000e+003  3.1677185e+001
  1.1970000e+003  3.3390014e+001
  1.1975000e+003  3.5789671e+001
  1.1980000e+003  3.9528785e+001
  1.1985000e+003  4.3162585e+001
  1.1990000e+003  4.5527517e+001
  1.1995000e+003  4.7260196e+001
  1.2000000e+003  5.1093756e+001
  1.2005000e+003  5.9516566e+001
  1.2010000e+003  7.2680927e+001
  1.2015000e+003  8.7211587e+001
  1.2020000e+003  9.9022184e+001
  1.2025000e+003  1.0645062e+002
  1.2030000e+003  1.1081802e+002
  1.2035000e+003  1.1549674e+002
  1.2040000e+003  1.2382737e+002
  1.2045000e+003  1.3743836e+002
  1.2050000e+003  1.5535379e+002
  1.2055000e+003  1.7360182e+002
  1.2060000e+003  1.8670227e+002
  1.2065000e+003  1.9107654e+002
  1.2070000e+003  1.8673049e+002
  1.2075000e+003  1.7585059e+002
  1.2080000e+003  1.6541926e+002
  1.2085000e+003  1.6074739e+002
  1.2090000e+003  1.6440759e+002
  1.2095000e+003  1.7218905e+002
  1.2100000e+003  1.7769048e+002
  1.2105000e+003  1.7497393e+002
  1.2110000e+003  1.6403496e+002
  1.2115000e+003  1.4825701e+002
  1.2120000e+003  1.3359907e+002
  1.2125000e+003  1.2275782e+002
  1.2130000e+003  1.1517640e+002
  1.2135000e+003  1.0743794e+002
  1.2140000e+003  9.7233095e+001
  1.2145000e+003  8.4812680e+001
  1.2150000e+003  7.2374821e+001
  1.2155000e+003  6.1755450e+001
  1.2160000e+003  5.2282008e+001
  1.2165000e+003  4.2206820e+001
  1.2170000e+003  2.9974633e+001
  1.2175000e+003  1.6759015e+001
  1.2180000e+003  5.5287575e+000
  1.2185000e+003  0.0000000e+000
  1.2190000e+003  0.0000000e+000
  1.2195000e+003  2.8214785e+000
  1.2200000e+003  8.1454552e+000
  1.2205000e+003  1.2006150e+001
  1.2210000e+003  1.1288359e+001
  1.2215000e+003  6.9656190e+000
  1.2220000e+003  1.9413911e+000
  1.2225000e+003  0.0000000e+000
  1.2230000e+003  0.0000000e+000
  1.2235000e+003  0.0000000e+000
  1.2240000e+003  0.0000000e+000
  1.2245000e+003  4.9978024e+000
  1.2250000e+003  1.4482516e+001
  1.2255000e+003  2.6081437e+001
  1.2260000e+003  3.9372102e+001
  1.2265000e+003  5.5002740e+001
  1.2270000e+003  7.3877620e+001
  1.2275000e+003  9.7511349e+001
  1.2280000e+003  1.2660560e+002
  1.2285000e+003  1.5898581e+002
  1.2290000e+003  1.9048607e+002
  1.2295000e+003  2.1811662e+002
  1.2300000e+003  2.4195209e+002
  1.2305000e+003  2.6639600e+002
  1.2310000e+003  2.9719991e+002
  1.2315000e+003  3.3874171e+002
  1.2320000e+003  3.8887296e+002
  1.2325000e+003  4.4084640e+002
  1.2330000e+003  4.8715693e+002
  1.2335000e+003  5.2665958e+002
  1.2340000e+003  5.6236613e+002
  1.2345000e+003  5.9953856e+002
  1.2350000e+003  6.4044911e+002
  1.2355000e+003  6.8291530e+002
  1.2360000e+003  7.2092190e+002
  1.2365000e+003  7.4969934e+002
  1.2370000e+003  7.6553967e+002
  1.2375000e+003  7.7235354e+002
  1.2380000e+003  7.7314526e+002
  1.2385000e+003  7.6875056e+002
  1.2390000e+003  7.5930232e+002
  1.2395000e+003  7.4244348e+002
  1.2400000e+003  7.1687093e+002
  1.2405000e+003  6.8424712e+002
  1.2410000e+003  6.4607500e+002
  1.2415000e+003  6.0585332e+002
  1.2420000e+003  5.6497454e+002
  1.2425000e+003  5.2306416e+002
  1.2430000e+003  4.7925806e+002
  1.2435000e+003  4.3272156e+002
  1.2440000e+003  3.8394087e+002
  1.2445000e+003  3.3490864e+002
  1.2450000e+003  2.8817766e+002
  1.2455000e+003  2.4519098e+002
  1.2460000e+003  2.0596614e+002
  1.2465000e+003  1.7100003e+002
  1.2470000e+003  1.3968778e+002
  1.2475000e+003  1.1313161e+002
  1.2480000e+003  9.2747050e+001
  1.2485000e+003  7.7765813e+001
  1.2490000e+003  6.7031495e+001
  1.2495000e+003  5.7161170e+001
  1.2500000e+003  4.5685772e+001
  1.2505000e+003  3.1718795e+001
  1.2510000e+003  1.7431376e+001
  1.2515000e+003  5.7947393e+000
  1.2520000e+003  3.1369140e-002
  1.2525000e+003  0.0000000e+000
  1.2530000e+003  3.4946468e+000
  1.2535000e+003  7.3887550e+000
  1.2540000e+003  8.8639754e+000
  1.2545000e+003  7.3916258e+000
  1.2550000e+003  6.3471813e+000
  1.2555000e+003  9.9904865e+000
  1.2560000e+003  2.2584858e+001
  1.2565000e+003  4.2713286e+001
  1.2570000e+003  6.7268414e+001
  1.2575000e+003  9.0956647e+001
  1.2580000e+003  1.1144370e+002
  1.2585000e+003  1.2973418e+002
  1.2590000e+003  1.4940480e+002
  1.2595000e+003  1.7229110e+002
  1.2600000e+003  1.9656359e+002
  1.2605000e+003  2.1642120e+002
  1.2610000e+003  2.2456018e+002
  1.2615000e+003  2.1692950e+002
  1.2620000e+003  1.9824427e+002
  1.2625000e+003  1.7526386e+002
  1.2630000e+003  1.5723958e+002
  1.2635000e+003  1.4950163e+002
  1.2640000e+003  1.5453574e+002
  1.2645000e+003  1.6555379e+002
  1.2650000e+003  1.7495928e+002
  1.2655000e+003  1.7446483e+002
  1.2660000e+003  1.6247132e+002
  1.2665000e+003  1.3983424e+002
  1.2670000e+003  1.1323893e+002
  1.2675000e+003  8.8809229e+001
  1.2680000e+003  7.2303015e+001
  1.2685000e+003  6.3557315e+001
  1.2690000e+003  6.1700259e+001
  1.2695000e+003  6.4010286e+001
  1.2700000e+003  6.7674284e+001
  1.2705000e+003  7.1674316e+001
  1.2710000e+003  7.5948758e+001
  1.2715000e+003  8.1111777e+001
  1.2720000e+003  8.8246314e+001
  1.2725000e+003  9.6974370e+001
  1.2730000e+003  1.0559691e+002
  1.2735000e+003  1.1058045e+002
  1.2740000e+003  1.0991520e+002
  1.2745000e+003  1.0299149e+002
  1.2750000e+003  9.3472422e+001
  1.2755000e+003  8.6505189e+001
  1.2760000e+003  8.7733605e+001
  1.2765000e+003  9.7200396e+001
  1.2770000e+003  1.1200934e+002
  1.2775000e+003  1.2670001e+002
  1.2780000e+003  1.3704540e+002
  1.2785000e+003  1.4047059e+002
  1.2790000e+003  1.3712382e+002
  1.2795000e+003  1.2920974e+002
  1.2800000e+003  1.1904677e+002
  1.2805000e+003  1.1011273e+002
  1.2810000e+003  1.0445046e+002
  1.2815000e+003  1.0208075e+002
  1.2820000e+003  9.9673138e+001
  1.2825000e+003  9.3559735e+001
  1.2830000e+003  8.2042141e+001
  1.2835000e+003  6.7571879e+001
  1.2840000e+003  5.4533565e+001
  1.2845000e+003  4.5781802e+001
  1.2850000e+003  3.9682656e+001
  1.2855000e+003  3.2042168e+001
  1.2860000e+003  2.0844080e+001
  1.2865000e+003  8.1786138e+000
  1.2870000e+003  0.0000000e+000
  1.2875000e+003  0.0000000e+000
  1.2880000e+003  5.1854367e+000
  1.2885000e+003  1.1984235e+001
  1.2890000e+003  1.5152665e+001
  1.2895000e+003  1.2598715e+001
  1.2900000e+003  8.6192863e+000
  1.2905000e+003  7.1209030e+000
  1.2910000e+003  9.5978397e+000
  1.2915000e+003  1.3349304e+001
  1.2920000e+003  1.5152875e+001
  1.2925000e+003  1.4447309e+001
  1.2930000e+003  1.2790968e+001
  1.2935000e+003  1.1447432e+001
  1.2940000e+003  9.8515526e+000
  1.2945000e+003  6.7348582e+000
  1.2950000e+003  2.3967696e+000
  1.2955000e+003  0.0000000e+000
  1.2960000e+003  0.0000000e+000
  1.2965000e+003  1.2187916e+000
  1.2970000e+003  5.0992960e+000
  1.2975000e+003  6.1096438e+000
  1.2980000e+003  3.4710015e+000
  1.2985000e+003  0.0000000e+000
  1.2990000e+003  4.8998673e-001
  1.2995000e+003  5.9310013e+000
  1.3000000e+003  1.4419004e+001
  1.3005000e+003  2.2284493e+001
  1.3010000e+003  2.8779545e+001
  1.3015000e+003  3.5084254e+001
  1.3020000e+003  4.2358485e+001
  1.3025000e+003  4.8599904e+001
  1.3030000e+003  4.8168796e+001
  1.3035000e+003  3.9196535e+001
  1.3040000e+003  2.3324762e+001
  1.3045000e+003  7.9385002e+000
  1.3050000e+003  0.0000000e+000
  1.3055000e+003  2.9237292e+000
  1.3060000e+003  1.2222356e+001
  1.3065000e+003  2.0589274e+001
  1.3070000e+003  2.2200814e+001
  1.3075000e+003  1.8693995e+001
  1.3080000e+003  1.3598916e+001
  1.3085000e+003  1.0688337e+001
  1.3090000e+003  9.9006439e+000
  1.3095000e+003  8.5235806e+000
  1.3100000e+003  4.7015552e+000
  1.3105000e+003  1.8358641e-001
  1.3110000e+003  0.0000000e+000
  1.3115000e+003  0.0000000e+000
  1.3120000e+003  4.3211535e+000
  1.3125000e+003  9.8997478e+000
  1.3130000e+003  1.2222789e+001
  1.3135000e+003  8.4856238e+000
  1.3140000e+003  2.6423815e+000
  1.3145000e+003  0.0000000e+000
  1.3150000e+003  0.0000000e+000
  1.3155000e+003  3.4778835e+000
  1.3160000e+003  7.7120551e+000
  1.3165000e+003  6.9494995e+000
  1.3170000e+003  2.6931772e+000
  1.3175000e+003  8.9697571e-001
  1.3180000e+003  8.3544924e+000
  1.3185000e+003  2.7167087e+001
  1.3190000e+003  5.6764027e+001
  1.3195000e+003  9.0416799e+001
  1.3200000e+003  1.2364460e+002
  1.3205000e+003  1.5486292e+002
  1.3210000e+003  1.8581650e+002
  1.3215000e+003  2.1820522e+002
  1.3220000e+003  2.5185356e+002
  1.3225000e+003  2.8429722e+002
  1.3230000e+003  3.1038995e+002
  1.3235000e+003  3.2628226e+002
  1.3240000e+003  3.3041410e+002
  1.3245000e+003  3.2280632e+002
  1.3250000e+003  3.1018872e+002
  1.3255000e+003  2.9910805e+002
  1.3260000e+003  2.9571781e+002
  1.3265000e+003  3.0072732e+002
  1.3270000e+003  3.1021668e+002
  1.3275000e+003  3.1567128e+002
  1.3280000e+003  3.1190654e+002
  1.3285000e+003  2.9691505e+002
  1.3290000e+003  2.7727913e+002
  1.3295000e+003  2.5904379e+002
  1.3300000e+003  2.4649891e+002
  1.3305000e+003  2.3808750e+002
  1.3310000e+003  2.2979523e+002
  1.3315000e+003  2.1842536e+002
  1.3320000e+003  2.0368610e+002
  1.3325000e+003  1.8669208e+002
  1.3330000e+003  1.6937935e+002
  1.3335000e+003  1.5219484e+002
  1.3340000e+003  1.3548793e+002
  1.3345000e+003  1.2054415e+002
  1.3350000e+003  1.1013155e+002
  1.3355000e+003  1.0551678e+002
  1.3360000e+003  1.0545832e+002
  1.3365000e+003  1.0746615e+002
  1.3370000e+003  1.0925785e+002
  1.3375000e+003  1.1257402e+002
  1.3380000e+003  1.2241604e+002
  1.3385000e+003  1.4105053e+002
  1.3390000e+003  1.6796089e+002
  1.3395000e+003  1.9679567e+002
  1.3400000e+003  2.2113262e+002
  1.3405000e+003  2.3864331e+002
  1.3410000e+003  2.5555450e+002
  1.3415000e+003  2.7922679e+002
  1.3420000e+003  3.1615266e+002
  1.3425000e+003  3.6386170e+002
  1.3430000e+003  4.1813600e+002
  1.3435000e+003  4.7279673e+002
  1.3440000e+003  5.2478276e+002
  1.3445000e+003  5.7267848e+002
  1.3450000e+003  6.1600535e+002
  1.3455000e+003  6.5299088e+002
  1.3460000e+003  6.8099396e+002
  1.3465000e+003  7.0223042e+002
  1.3470000e+003  7.2000352e+002
  1.3475000e+003  7.3736995e+002
  1.3480000e+003  7.5326535e+002
  1.3485000e+003  7.6132162e+002
  1.3490000e+003  7.5618390e+002
  1.3495000e+003  7.3589624e+002
  1.3500000e+003  7.0120730e+002
  1.3505000e+003  6.6126421e+002
  1.3510000e+003  6.1995726e+002
  1.3515000e+003  5.7856104e+002
  1.3520000e+003  5.3684964e+002
  1.3525000e+003  4.9632423e+002
  1.3530000e+003  4.6123550e+002
  1.3535000e+003  4.3492596e+002
  1.3540000e+003  4.1859260e+002
  1.3545000e+003  4.0534794e+002
  1.3550000e+003  3.8858285e+002
  1.3555000e+003  3.6375560e+002
  1.3560000e+003  3.3385716e+002
  1.3565000e+003  3.0657137e+002
  1.3570000e+003  2.8922323e+002
  1.3575000e+003  2.8365529e+002
  1.3580000e+003  2.8956754e+002
  1.3585000e+003  3.0082503e+002
  1.3590000e+003  3.1507305e+002
  1.3595000e+003  3.3351652e+002
  1.3600000e+003  3.5787742e+002
  1.3605000e+003  3.8986406e+002
  1.3610000e+003  4.2682248e+002
  1.3615000e+003  4.6403815e+002
  1.3620000e+003  4.9700801e+002
  1.3625000e+003  5.2625775e+002
  1.3630000e+003  5.5608753e+002
  1.3635000e+003  5.9216372e+002
  1.3640000e+003  6.3472202e+002
  1.3645000e+003  6.7967878e+002
  1.3650000e+003  7.1877266e+002
  1.3655000e+003  7.4577649e+002
  1.3660000e+003  7.5737713e+002
  1.3665000e+003  7.5856375e+002
  1.3670000e+003  7.5179228e+002
  1.3675000e+003  7.3507921e+002
  1.3680000e+003  7.0737267e+002
  1.3685000e+003  6.6740499e+002
  1.3690000e+003  6.2187822e+002
  1.3695000e+003  5.8115456e+002
  1.3700000e+003  5.5354739e+002
  1.3705000e+003  5.3673437e+002
  1.3710000e+003  5.2329597e+002
  1.3715000e+003  5.0478338e+002
  1.3720000e+003  4.8143723e+002
  1.3725000e+003  4.6103090e+002
  1.3730000e+003  4.5293734e+002
  1.3735000e+003  4.5848267e+002
  1.3740000e+003  4.7438361e+002
  1.3745000e+003  4.9203753e+002
  1.3750000e+003  5.0723640e+002
  1.3755000e+003  5.2116763e+002
  1.3760000e+003  5.3658605e+002
  1.3765000e+003  5.5239053e+002
  1.3770000e+003  5.6270797e+002
  1.3775000e+003  5.6258227e+002
  1.3780000e+003  5.4934539e+002
  1.3785000e+003  5.2933030e+002
  1.3790000e+003  5.0854770e+002
  1.3795000e+003  4.8947022e+002
  1.3800000e+003  4.6952260e+002
  1.3805000e+003  4.4498215e+002
  1.3810000e+003  4.1400411e+002
  1.3815000e+003  3.8075445e+002
  1.3820000e+003  3.4892067e+002
  1.3825000e+003  3.1941236e+002
  1.3830000e+003  2.8971294e+002
  1.3835000e+003  2.5592294e+002
  1.3840000e+003  2.1858725e+002
  1.3845000e+003  1.8264972e+002
  1.3850000e+003  1.5584811e+002
  1.3855000e+003  1.4073856e+002
  1.3860000e+003  1.3698560e+002
  1.3865000e+003  1.3846616e+002
  1.3870000e+003  1.3872419e+002
  1.3875000e+003  1.3483878e+002
  1.3880000e+003  1.2897055e+002
  1.3885000e+003  1.2356725e+002
  1.3890000e+003  1.1890087e+002
  1.3895000e+003  1.1183564e+002
  1.3900000e+003  9.8334954e+001
  1.3905000e+003  7.8875852e+001
  1.3910000e+003  5.8956877e+001
  1.3915000e+003  4.6529696e+001
  1.3920000e+003  4.5235915e+001
  1.3925000e+003  5.3515481e+001
  1.3930000e+003  6.5052007e+001
  1.3935000e+003  7.2305943e+001
  1.3940000e+003  7.1862765e+001
  1.3945000e+003  6.4230288e+001
  1.3950000e+003  5.3092622e+001
  1.3955000e+003  4.1795005e+001
  1.3960000e+003  3.3443411e+001
  1.3965000e+003  2.9379653e+001
  1.3970000e+003  3.0014418e+001
  1.3975000e+003  3.1606994e+001
  1.3980000e+003  2.9805860e+001
  1.3985000e+003  2.1113490e+001
  1.3990000e+003  8.7452480e+000
  1.3995000e+003  0.0000000e+000
  1.4000000e+003  2.0054530e-001
  1.4005000e+003  1.1043932e+001
  1.4010000e+003  2.8429418e+001
  1.4015000e+003  4.3505296e+001
  1.4020000e+003  5.2835872e+001
  1.4025000e+003  5.9053349e+001
  1.4030000e+003  6.7738633e+001
  1.4035000e+003  8.2179685e+001
  1.4040000e+003  1.0040567e+002
  1.4045000e+003  1.1803415e+002
  1.4050000e+003  1.3213385e+002
  1.4055000e+003  1.4423933e+002
  1.4060000e+003  1.5658437e+002
  1.4065000e+003  1.7032851e+002
  1.4070000e+003  1.8393505e+002
  1.4075000e+003  1.9448885e+002
  1.4080000e+003  1.9957085e+002
  1.4085000e+003  1.9810040e+002
  1.4090000e+003  1.8786942e+002
  1.4095000e+003  1.7099937e+002
  1.4100000e+003  1.5216305e+002
  1.4105000e+003  1.4074317e+002
  1.4110000e+003  1.4189397e+002
  1.4115000e+003  1.5647278e+002
  1.4120000e+003  1.7671195e+002
  1.4125000e+003  1.9224814e+002
  1.4130000e+003  1.9535715e+002
  1.4135000e+003  1.9104137e+002
  1.4140000e+003  1.8686859e+002
  1.4145000e+003  1.8922354e+002
  1.4150000e+003  1.9621552e+002
  1.4155000e+003  2.0279175e+002
  1.4160000e+003  2.0519778e+002
  1.4165000e+003  2.0669283e+002
  1.4170000e+003  2.1463478e+002
  1.4175000e+003  2.3369789e+002
  1.4180000e+003  2.6292460e+002
  1.4185000e+003  2.9710393e+002
  1.4190000e+003  3.2739893e+002
  1.4195000e+003  3.4868797e+002
  1.4200000e+003  3.5848521e+002
  1.4205000e+003  3.5918168e+002
  1.4210000e+003  3.5315434e+002
  1.4215000e+003  3.4643294e+002
  1.4220000e+003  3.4430798e+002
  1.4225000e+003  3.5088294e+002
  1.4230000e+003  3.6272959e+002
  1.4235000e+003  3.7386841e+002
  1.4240000e+003  3.7532086e+002
  1.4245000e+003  3.6448490e+002
  1.4250000e+003  3.4192933e+002
  1.4255000e+003  3.1347447e+002
  1.4260000e+003  2.8514423e+002
  1.4265000e+003  2.6266907e+002
  1.4270000e+003  2.4864077e+002
  1.4275000e+003  2.4385965e+002
  1.4280000e+003  2.4859666e+002
  1.4285000e+003  2.5905838e+002
  1.4290000e+003  2.7212271e+002
  1.4295000e+003  2.8430530e+002
  1.4300000e+003  2.9419550e+002
  1.4305000e+003  3.0121178e+002
  1.4310000e+003  3.0560560e+002
  1.4315000e+003  3.0726322e+002
  1.4320000e+003  3.0722467e+002
  1.4325000e+003  3.0977173e+002
  1.4330000e+003  3.2039951e+002
  1.4335000e+003  3.4160413e+002
  1.4340000e+003  3.6897595e+002
  1.4345000e+003  3.9300960e+002
  1.4350000e+003  4.0328227e+002
  1.4355000e+003  3.9679057e+002
  1.4360000e+003  3.7592857e+002
  1.4365000e+003  3.5133544e+002
  1.4370000e+003  3.2994043e+002
  1.4375000e+003  3.1538909e+002
  1.4380000e+003  3.0634549e+002
  1.4385000e+003  3.0191225e+002
  1.4390000e+003  3.0111281e+002
  1.4395000e+003  3.0269771e+002
  1.4400000e+003  3.0295510e+002
  1.4405000e+003  2.9709497e+002
  1.4410000e+003  2.8308807e+002
  1.4415000e+003  2.6425674e+002
  1.4420000e+003  2.4803998e+002
  1.4425000e+003  2.4147105e+002
  1.4430000e+003  2.4498997e+002
  1.4435000e+003  2.5272275e+002
  1.4440000e+003  2.5792387e+002
  1.4445000e+003  2.5852845e+002
  1.4450000e+003  2.5615911e+002
  1.4455000e+003  2.5376563e+002
  1.4460000e+003  2.5150240e+002
  1.4465000e+003  2.4647642e+002
  1.4470000e+003  2.3736991e+002
  1.4475000e+003  2.2717804e+002
  1.4480000e+003  2.2349810e+002
  1.4485000e+003  2.3091609e+002
  1.4490000e+003  2.4733203e+002
  1.4495000e+003  2.6563076e+002
  1.4500000e+003  2.7889931e+002
  1.4505000e+003  2.8596931e+002
  1.4510000e+003  2.9393805e+002
  1.4515000e+003  3.1104440e+002
  1.4520000e+003  3.4327042e+002
  1.4525000e+003  3.8637304e+002
  1.4530000e+003  4.3489537e+002
  1.4535000e+003  4.8487073e+002
  1.4540000e+003  5.3677240e+002
  1.4545000e+003  5.9555901e+002
  1.4550000e+003  6.6679221e+002
  1.4555000e+003  7.5235643e+002
  1.4560000e+003  8.5585729e+002
  1.4565000e+003  9.7334131e+002
  1.4570000e+003  1.0998980e+003
  1.4575000e+003  1.2309382e+003
  1.4580000e+003  1.3610524e+003
  1.4585000e+003  1.4872081e+003
  1.4590000e+003  1.6076705e+003
  1.4595000e+003  1.7216889e+003
  1.4600000e+003  1.8231897e+003
  1.4605000e+003  1.9056644e+003
  1.4610000e+003  1.9625458e+003
  1.4615000e+003  1.9799361e+003
  1.4620000e+003  1.9647163e+003
  1.4625000e+003  1.9157350e+003
  1.4630000e+003  1.8339551e+003
  1.4635000e+003  1.7277023e+003
  1.4640000e+003  1.6008794e+003
  1.4645000e+003  1.4655356e+003
  1.4650000e+003  1.3301282e+003
  1.4655000e+003  1.2017225e+003
  1.4660000e+003  1.0826868e+003
  1.4665000e+003  9.7646389e+002
  1.4670000e+003  8.8574007e+002
  1.4675000e+003  8.0873932e+002
  1.4680000e+003  7.4470901e+002
  1.4685000e+003  6.8880380e+002
  1.4690000e+003  6.3719788e+002
  1.4695000e+003  5.9044727e+002
  1.4700000e+003  5.5026087e+002
  1.4705000e+003  5.1849550e+002
  1.4710000e+003  4.9514915e+002
  1.4715000e+003  4.7666855e+002
  1.4720000e+003  4.6203950e+002
  1.4725000e+003  4.5185280e+002
  1.4730000e+003  4.4610503e+002
  1.4735000e+003  4.4281868e+002
  1.4740000e+003  4.3722718e+002
  1.4745000e+003  4.2742339e+002
  1.4750000e+003  4.1612956e+002
  1.4755000e+003  4.0779747e+002
  1.4760000e+003  4.0286037e+002
  1.4765000e+003  3.9433163e+002
  1.4770000e+003  3.7434720e+002
  1.4775000e+003  3.3918368e+002
  1.4780000e+003  2.9716411e+002
  1.4785000e+003  2.5814867e+002
  1.4790000e+003  2.2993557e+002
  1.4795000e+003  2.0739191e+002
  1.4800000e+003  1.8286238e+002
  1.4805000e+003  1.5129524e+002
  1.4810000e+003  1.1490393e+002
  1.4815000e+003  7.9196884e+001
  1.4820000e+003  4.8631813e+001
  1.4825000e+003  2.4061508e+001
  1.4830000e+003  7.6201056e+000
  1.4835000e+003  0.0000000e+000
  1.4840000e+003  3.8796745e+000
  1.4845000e+003  1.7463453e+001
  1.4850000e+003  3.3440270e+001
  1.4855000e+003  4.5081138e+001
  1.4860000e+003  4.9591200e+001
  1.4865000e+003  4.8432491e+001
  1.4870000e+003  4.3693100e+001
  1.4875000e+003  3.6439694e+001
  1.4880000e+003  2.5843999e+001
  1.4885000e+003  1.2995299e+001
  1.4890000e+003  2.6543581e+000
  1.4895000e+003  0.0000000e+000
  1.4900000e+003  4.5595178e+000
  1.4905000e+003  1.2894046e+001
  1.4910000e+003  2.0262660e+001
  1.4915000e+003  2.5070948e+001
  1.4920000e+003  2.9134397e+001
  1.4925000e+003  3.3828034e+001
  1.4930000e+003  3.7242392e+001
  1.4935000e+003  3.4832000e+001
  1.4940000e+003  2.4149627e+001
  1.4945000e+003  9.8242289e+000
  1.4950000e+003  0.0000000e+000
  1.4955000e+003  0.0000000e+000
  1.4960000e+003  1.0413836e+001
  1.4965000e+003  2.8622783e+001
  1.4970000e+003  4.4829904e+001
  1.4975000e+003  5.2540011e+001
  1.4980000e+003  4.9918259e+001
  1.4985000e+003  4.0868902e+001
  1.4990000e+003  3.1122907e+001
  1.4995000e+003  2.5011311e+001
  1.5000000e+003  2.2651772e+001
  1.5005000e+003  2.1338233e+001
  1.5010000e+003  1.7610718e+001
  1.5015000e+003  1.0903320e+001
  1.5020000e+003  3.9743178e+000
  1.5025000e+003  0.0000000e+000
  1.5030000e+003  1.4256116e+000
  1.5035000e+003  7.9309228e+000
  1.5040000e+003  1.7869427e+001
  1.5045000e+003  2.9756259e+001
  1.5050000e+003  4.0777947e+001
