117.779991 0.000000
119.450636 0.000000
121.121282 14.858316
122.791927 15.086675
124.462572 10.674988
126.133217 1.943324
127.803862 -0.928339
129.474507 0.000000
131.145153 8.888742
132.815798 22.397526
134.486443 44.536255
136.157088 68.175041
137.827733 97.053810
139.498378 123.972565
141.169024 152.371338
142.839669 174.180069
144.510314 192.018845
146.180959 197.527603
147.851604 194.456360
149.522250 177.005127
151.192895 152.703888
152.863540 119.492668
154.534185 87.681427
156.204830 55.930172
157.875475 33.175938
159.546121 14.947716
161.216766 6.536482
162.887411 0.338239
164.558056 0.000000
166.228701 -1.229330
167.899346 0.731331
169.569992 0.000000
171.240637 0.698750
172.911282 0.000000
174.581927 -0.740308
176.252572 -2.430217
177.923218 0.065273
179.593863 -0.080436
181.264508 2.475654
182.935153 1.291036
184.605798 2.423636
186.276443 0.043427
187.947089 0.649718
189.617734 -1.506191
191.288379 0.000000
192.959024 -1.150281
194.629669 1.643406
196.300314 2.230656
197.970960 4.548974
199.641605 4.581293
201.312250 8.451012
202.982895 9.781427
204.653540 14.675749
206.324186 16.722767
207.994831 22.041782
209.665476 24.144804
211.336121 29.040821
213.006766 30.042839
214.677411 33.055855
216.348057 31.420879
218.018702 31.368893
219.689347 26.780914
221.359992 24.573931
223.030637 19.176952
224.701282 17.760971
226.371928 14.527990
228.042573 16.029009
229.713218 15.600028
231.383863 19.007046
233.054508 19.099066
234.725154 21.636080
236.395799 19.868101
238.066444 20.223120
239.737089 16.608139
241.407734 15.903159
243.078379 12.143177
244.749025 12.060196
246.419670 9.375414
248.090315 10.520633
249.760960 9.034651
251.431605 11.323271
253.102250 11.004589
254.772896 14.574307
256.443541 15.672325
258.114186 20.703344
259.784831 23.130363
261.455476 29.141380
263.126122 32.026398
264.796767 37.871418
266.467412 39.974438
268.138057 44.489452
269.808702 44.844475
271.479347 47.328487
273.149993 45.530510
274.820638 45.886528
276.491283 42.159542
278.161928 40.939568
279.832573 36.161587
281.503219 34.517605
283.173864 30.013622
284.844509 29.290644
286.515154 26.234663
288.185799 27.238682
289.856444 25.908699
291.527090 28.298716
293.197735 27.753735
294.868380 30.132755
296.539025 28.777769
298.209670 29.667793
299.880315 26.456810
301.550961 25.454830
303.221606 20.678848
304.892251 18.649866
306.562896 13.494886
308.233541 11.645905
309.904187 7.100724
311.574832 6.083542
313.245477 2.497862
314.916122 2.488380
316.586767 0.000000
318.257412 1.515560
319.928058 0.618951
321.598703 3.285482
323.269348 3.318743
324.939993 6.503704
326.610638 6.628264
328.281283 9.557625
329.951929 9.412386
331.622574 12.433347
333.293219 13.205607
334.963864 18.230869
336.634509 22.210129
338.305155 31.404388
339.975800 40.101654
341.646445 53.897907
343.317090 66.444168
344.987735 82.687431
346.658380 95.906693
348.329026 110.827950
349.999671 120.895218
351.670316 131.122452
353.340961 135.519745
355.011606 139.626999
356.682251 137.984253
358.352897 136.441513
360.023542 129.718781
361.694187 123.586044
363.364832 112.693314
365.035477 102.680573
366.706123 88.325821
368.376768 75.483086
370.047413 59.426350
371.718058 46.416611
373.388703 32.090874
375.059348 22.659136
376.729994 13.446396
378.400639 9.908658
380.071284 6.557420
381.741929 7.961580
383.412574 8.107341
385.083219 11.296702
386.753865 11.755964
388.424510 14.208225
390.095155 13.565486
391.765800 15.088748
393.436445 14.200008
395.107091 16.327269
396.777736 16.959528
398.448381 21.279791
400.119026 24.513054
401.789671 31.367313
403.460316 36.676571
405.130962 44.642834
406.801607 49.806091
408.472252 56.106354
410.142897 58.179615
411.813542 60.181877
413.484188 57.326138
415.154833 54.346397
416.825478 47.170662
418.496123 40.989922
420.166768 32.088184
421.837413 25.615444
423.508059 17.727705
425.178704 13.166970
426.849349 7.789930
428.519994 5.959992
430.190639 3.410753
431.861284 4.363315
433.531930 4.627974
435.202575 8.382536
436.873220 11.488797
438.543865 17.939058
440.214510 23.430315
441.885156 31.545580
443.555801 37.670837
445.226446 44.985100
446.897091 48.787354
448.567736 52.297623
450.238381 51.321877
451.909027 49.734138
453.579672 44.299408
455.250317 39.643665
456.920962 33.150928
458.591607 29.463184
460.262252 25.625450
461.932898 25.401712
463.603543 24.963972
465.274188 27.215235
466.944833 28.024490
468.615478 30.358755
470.286124 30.742016
471.956769 32.850277
473.627414 33.971539
475.298059 38.059799
476.968704 42.401062
478.639349 50.454319
480.309995 59.049583
481.980640 71.193840
483.651285 83.746101
485.321930 99.943359
486.992575 117.240616
488.663220 139.287888
490.333866 163.785141
492.004511 194.102402
493.675156 227.439667
495.345801 266.256897
497.016446 306.994171
498.687092 351.331421
500.357737 395.258698
502.028382 439.945923
503.699027 480.983185
505.369672 518.900452
507.040317 548.807678
508.710963 570.854919
510.381608 580.432251
512.052253 578.579468
513.722898 562.526733
515.393543 535.593994
517.064188 497.631287
518.734834 453.998566
520.405479 405.885834
522.076124 358.753082
523.746769 312.970367
525.417414 272.317627
527.088060 235.394882
528.758705 204.282166
530.429350 176.509415
532.099995 153.536667
533.770640 132.843933
535.441285 115.951195
537.111931 100.588455
538.782576 88.330711
540.453221 77.008972
542.123866 68.154243
543.794511 59.813496
545.465157 53.635761
547.135802 47.956024
548.806447 44.496284
550.477092 41.643547
552.147737 40.858810
553.818382 40.309071
555.489028 41.118332
557.159673 41.411587
558.830318 42.349854
560.500963 42.429115
562.171608 43.143375
563.842253 43.414639
565.512899 44.874901
567.183544 46.516155
568.854189 49.730419
570.524834 53.299675
572.195479 58.255943
573.866125 63.197205
575.536770 68.909462
577.207415 73.936722
578.878060 78.932983
580.548705 82.510246
582.219350 85.360504
583.889996 86.387772
585.560641 86.578026
587.231286 85.318283
588.901931 83.901550
590.572576 81.967804
592.243221 80.666069
593.913867 79.335335
595.584512 78.525597
597.255157 77.089859
598.925802 75.169121
600.596447 71.664375
602.267093 67.002640
603.937738 60.739899
605.608383 53.892159
607.279028 46.552422
608.949673 39.840687
610.620318 33.714947
612.290964 28.802208
613.961609 24.613470
615.632254 21.345734
617.302899 18.435993
618.973544 16.148254
620.644189 14.239515
622.314835 13.159778
623.985480 12.783038
625.656125 13.338301
627.326770 14.394562
628.997415 15.726822
630.668061 16.682083
632.338706 16.976343
634.009351 16.287605
635.679996 14.776866
637.350641 12.712128
639.021286 10.610388
640.691932 8.928652
642.362577 7.983910
644.033222 7.903174
645.703867 8.501433
647.374512 9.566694
649.045157 10.661955
650.715803 11.612217
652.386448 12.089479
654.057093 12.182739
655.727738 11.729000
657.398383 11.003261
659.069029 9.876522
660.739674 8.706785
662.410319 7.356344
664.080964 6.252405
665.751609 5.238266
667.422254 4.751428
669.092900 4.503288
670.763545 4.819450
672.434190 5.215411
674.104835 5.943071
675.775480 6.471533
677.446125 7.182692
679.116771 7.671655
680.787416 8.503918
682.458061 9.305180
684.128706 10.611439
685.799351 11.842699
687.469997 13.348961
689.140642 14.351221
690.811287 15.178482
692.481932 15.119742
694.152577 14.742004
695.823222 13.553267
697.493868 12.355528
699.164513 10.740788
700.835158 9.548048
702.505803 8.284311
704.176448 7.730572
705.847094 7.289833
707.517739 7.705094
709.188384 8.280354
710.859029 9.658617
712.529674 10.948875
714.200319 12.622138
715.870965 13.616399
717.541610 14.391659
719.212255 13.998920
720.882900 13.210182
722.553545 11.434443
724.224190 9.807703
725.894836 7.918966
727.565481 6.896227
729.236126 6.063888
730.906771 6.172947
732.577416 6.127909
734.248062 6.417771
735.918707 5.878731
737.589352 5.208794
739.259997 3.611355
740.930642 2.237815
742.601287 0.629178
744.271933 0.084739
745.942578 0.000000
747.613223 1.300401
749.283868 2.885503
750.954513 5.237204
752.625158 6.951108
754.295804 8.515107
755.966449 8.785109
757.637094 8.705111
759.307739 7.598112
760.978384 6.742114
762.649030 5.536814
764.319675 5.103316
765.990320 4.521319
767.660965 4.607319
769.331610 4.278722
771.002255 4.415624
772.672901 4.166926
774.343546 4.689727
776.014191 5.282629
777.684836 7.030130
779.355481 8.940131
781.026126 11.727133
782.696772 14.147135
784.367417 16.947136
786.038062 19.239136
787.708707 22.332138
789.379352 25.859138
791.049998 31.341145
792.720643 38.177139
794.391288 47.257141
796.061933 57.222137
797.732578 68.439140
799.403223 79.583145
801.073869 91.689148
802.744514 104.546143
804.415159 120.311157
806.085804 139.356155
807.756449 163.431137
809.427094 191.516159
811.097740 223.171158
812.768385 255.026154
814.439030 284.791138
816.109675 308.326172
817.780320 323.891144
819.450966 329.046173
821.121611 324.481171
822.792256 310.336121
824.462901 289.491150
826.133546 263.626160
827.804191 236.341171
829.474837 209.386169
831.145482 185.851181
832.816127 166.576187
834.486772 153.361191
836.157417 145.396179
837.828063 142.581177
839.498708 142.246185
841.169353 142.781189
842.839998 140.846176
844.510643 135.221191
846.181288 124.116173
847.851934 108.621193
849.522579 89.493187
851.193224 69.864197
852.863869 51.473198
854.534514 37.094204
856.205159 26.952209
857.875805 21.632208
859.546450 19.253212
861.217095 18.952213
862.887740 18.479212
864.558385 17.592215
866.229031 15.342217
867.899676 12.859219
869.570321 10.184221
871.240966 8.720223
872.911611 8.157227
874.582256 9.161226
876.252902 10.787229
877.923547 13.440229
879.594192 16.466232
881.264837 20.884232
882.935482 26.692230
884.606127 35.173233
886.276773 46.063232
887.947418 59.886230
889.618063 75.564232
891.288708 93.177238
892.959353 112.026245
894.629999 133.411240
896.300644 158.326248
897.971289 189.471252
899.641934 228.146240
901.312579 275.521240
902.983224 329.566223
904.653870 386.821228
906.324515 440.566223
907.995160 484.021210
909.665805 509.856201
911.336450 513.811157
913.007095 493.976288
914.677741 453.141235
916.348386 396.416229
918.019031 331.721252
919.689676 266.326263
921.360321 206.941269
923.030967 157.016266
924.701612 118.081268
926.372257 88.644264
928.042902 66.735275
929.713547 49.435280
931.384192 35.239281
933.054838 22.851284
934.725483 18.128286
936.396128 17.827288
938.066773 17.354286
939.737418 16.467289
941.408063 14.217293
943.078709 11.734294
944.749354 9.059296
946.419999 7.595298
948.090644 7.032302
949.761289 8.036301
951.431935 9.662304
953.102580 12.315305
954.773225 15.341307
956.443870 19.759306
958.114515 25.567307
959.785160 34.048309
961.455806 30.978308
963.126451 54.751316
964.797096 85.209312
966.467741 120.666306
968.138386 158.391312
969.809031 194.066315
971.479677 223.361298
973.150322 242.066315
974.820967 247.831299
976.491612 239.956299
978.162257 220.261307
979.832903 191.866318
981.503548 159.101334
983.174193 125.896332
984.844838 95.591324
986.515483 69.899338
988.186128 49.472332
989.856774 33.686344
991.527419 21.683340
993.198064 12.343346
994.868709 5.094347
996.539354 9.505047
998.210000 5.623048
999.880645 3.320790
1001.551290 2.812672
1003.221935 3.666955
1004.892580 4.494356
1006.563225 4.988459
1008.233871 4.921059
1009.904516 4.457861
1011.575161 3.760163
1013.245806 3.146113
1014.916451 2.704255
1016.587096 2.520336
1018.257742 2.460428
1019.928387 2.503591
1021.599032 2.601375
1023.269677 1.035175
1024.940322 -0.083423
1026.610968 -0.431621
1028.281613 0.126580
1029.952258 1.636222
1031.622903 3.837384
1033.293548 -0.613515
1034.964193 1.791586
1036.634839 0.706589
1038.305484 1.871490
1039.976129 2.312592
1041.646774 2.153792
1043.317419 1.682994
1044.988064 1.091597
1046.658710 0.545098
1048.329355 0.000000
1050.000000 0.000000
