1599.659912 0.000000
1598.771187 0.000000
1597.882461 -16.579556
1596.993736 -7.249107
1596.105010 2.061329
1595.216285 -1.588215
1594.327559 7.692223
1593.438834 34.252666
1592.550108 4.643116
1591.661383 -3.386433
1590.772657 -2.775986
1589.883932 -2.195538
1588.995206 2.704899
1588.106481 29.185349
1587.217755 21.115788
1586.329030 -8.573757
1585.440304 -8.033310
1584.551579 -24.782864
1583.662853 -37.232418
1582.774128 -32.401970
1581.885402 -18.941528
1580.996677 -5.491081
1580.107951 20.909355
1579.219226 -13.170189
1578.330500 -17.029743
1577.441775 9.340702
1576.553049 35.711140
1575.664324 31.831585
1574.775598 -10.927963
1573.886873 -10.497513
1572.998147 -10.077068
1572.109422 3.293373
1571.220696 29.613815
1570.331971 -13.175735
1569.443245 -25.745285
1568.554520 -29.674839
1567.665794 -24.984390
1566.777069 7.876053
1565.888343 5.716499
1564.999618 5.756943
1564.110892 1.397388
1563.222167 19.477825
1562.333441 19.568272
1561.444716 35.398724
1560.555990 35.489170
1559.667265 33.049614
1558.778539 17.680054
1557.889814 35.760506
1557.001088 35.850952
1556.112363 35.941399
1555.223637 22.541840
1554.334912 13.632286
1553.446186 11.482738
1552.557461 11.573185
1551.668735 11.663631
1550.780010 5.004078
1549.891284 18.584515
1549.002559 18.674957
1548.113833 16.515408
1547.225108 15.995857
1546.336382 16.696301
1545.447657 16.786747
1544.558931 -21.342800
1543.670206 -1.022354
1542.781480 28.308079
1541.892755 32.888531
1541.004029 28.488972
1540.115304 33.069424
1539.226578 33.159870
1538.337853 31.000317
1537.449127 22.100754
1536.560402 22.191200
1535.671676 22.281647
1534.782951 16.422096
1533.894225 -17.877449
1533.005500 -8.987003
1532.116774 17.173431
1531.228049 -17.136116
1530.339323 3.164330
1529.450598 13.604774
1528.561872 -7.754776
1527.673147 22.725658
1526.784421 57.526108
1525.895696 53.456558
1525.006970 49.377007
1524.118245 45.297447
1523.229519 36.897888
1522.340794 63.058342
1521.452068 41.708782
1520.563343 72.179230
1519.674617 98.339661
1518.785892 81.300110
1517.897166 85.860565
1517.008441 112.011017
1516.119715 112.251450
1515.230990 116.811897
1514.342264 112.732346
1513.453539 164.802795
1512.564813 156.403244
1511.676088 169.603699
1510.787362 187.124146
1509.898637 230.564575
1509.009911 226.484985
1508.121186 226.725449
1507.232460 214.005905
1506.343735 279.036346
1505.455009 275.146790
1504.566284 312.627258
1503.677558 294.907654
1502.788833 350.118134
1501.900107 369.018585
1501.011382 322.939026
1500.122656 302.059479
1499.233931 408.019897
1498.345205 406.510345
1497.456480 372.350769
1496.567754 393.141235
1495.679029 529.391663
1494.790303 892.302002
1493.901578 1141.882446
1493.012852 1425.462891
1492.124127 1607.043335
1491.235401 1833.963623
1490.346676 2140.214111
1489.457950 2242.464600
1488.569225 2412.714844
1487.680499 2673.635498
1486.791774 2764.555908
1485.903048 2934.806641
1485.014323 3626.386719
1484.125597 3649.317139
1483.236872 3706.237549
1482.348146 3797.168457
1481.459421 3593.428711
1480.570695 3038.359131
1479.681970 2902.619629
1478.793244 2687.549805
1477.904519 2257.150391
1477.015793 2019.421021
1476.127068 1895.011475
1475.238342 1577.951904
1474.349617 1419.552368
1473.460891 1181.812744
1472.572166 1000.753235
1471.683440 910.353638
1470.794715 876.624207
1469.905989 638.684570
1469.017264 653.835022
1468.128538 555.835449
1467.239813 503.665894
1466.351087 457.486420
1465.462362 439.856842
1464.573636 424.557281
1463.684911 460.147736
1462.796185 322.568176
1461.907460 295.628662
1461.018734 290.339081
1460.130009 282.279541
1459.241283 276.999969
1458.352558 277.280457
1457.463832 255.320862
1456.575107 227.801300
1455.686381 228.081787
1454.797656 200.572235
1453.908930 217.532654
1453.020205 220.593109
1452.131479 179.183548
1451.242754 171.123993
1450.354028 149.174454
1449.465303 171.694885
1448.576577 171.985321
1447.687852 147.245789
1446.799126 147.536240
1445.910401 164.506683
1445.021675 181.467133
1444.132950 173.417557
1443.244224 134.788025
1442.355499 135.078461
1441.466773 135.368912
1440.578048 132.879349
1439.689322 127.609802
1438.800597 150.140244
1437.911872 155.990692
1437.023146 150.721146
1436.134421 117.651573
1435.245695 123.502014
1434.356970 126.572472
1433.468244 82.382919
1432.579519 88.233368
1431.690793 88.523819
1430.802068 66.574265
1429.913342 44.634708
1429.024617 69.935150
1428.135891 56.335606
1427.247166 56.626045
1426.358440 79.156479
1425.469715 96.126938
1424.580989 35.257385
1423.692264 21.197830
1422.803538 21.938278
1421.914813 30.568722
1421.026087 25.299164
1420.137362 25.589611
1419.248636 50.890064
1418.359911 9.490509
1417.471185 4.210957
1416.582460 4.501396
1415.693734 7.571842
1414.805009 52.332283
1413.916283 13.702736
1413.027558 16.773186
1412.138832 -5.186367
1411.250107 -21.575924
1410.361381 -21.295475
1409.472656 -18.225033
1408.583930 -6.174583
1407.695205 10.135857
1406.806479 8.286304
1405.917754 10.696747
1405.029028 33.217194
1404.140303 13.857639
1403.251577 8.758087
1402.362852 3.478531
1401.474126 3.758976
1400.585401 6.809425
1399.696675 9.869869
1398.807950 -6.539680
1397.919224 -7.729233
1397.030499 -8.768787
1396.141773 -8.498341
1395.253048 -2.667892
1394.364322 22.622547
1393.475597 -4.907005
1392.586871 -4.646557
1391.698146 31.763878
1390.809420 23.684330
1389.920695 12.824776
1389.031969 1.975216
1388.143244 2.235664
1387.254518 44.196110
1386.365793 27.766560
1385.477067 25.246998
1384.588342 25.507446
1383.699616 25.757896
1382.810891 67.708336
1381.922165 37.378784
1381.033440 32.069229
1380.144714 37.879677
1379.255989 63.150124
1378.367263 41.150570
1377.478538 24.721016
1376.589812 66.661453
1375.701087 44.661900
1374.812361 28.222351
1373.923636 56.252804
1373.034910 81.513245
1372.146185 37.263687
1371.257459 15.264137
1370.368734 21.054585
1369.480008 43.515030
1368.591283 74.325470
1367.702557 30.075920
1366.813832 30.296360
1365.925106 30.516815
1365.036381 47.417255
1364.147655 44.847706
1363.258930 42.288151
1362.370204 42.498592
1361.481479 37.149040
1360.592753 31.799484
1359.704028 32.009930
1358.815302 51.670380
1357.926577 74.120819
1357.037851 24.281269
1356.149126 24.481709
1355.260400 49.692158
1354.371675 33.212605
1353.482949 16.723057
1352.594224 14.133503
1351.705498 14.323948
1350.816773 42.304390
1349.928047 50.834831
1349.039322 14.875282
1348.150596 6.715729
1347.261871 9.666176
1346.373145 32.086624
1345.484420 37.817062
1344.595694 21.307510
1343.706969 18.697956
1342.818243 18.858406
1341.929518 63.498844
1341.040792 41.419292
1340.152067 41.579739
1339.263341 41.730186
1338.374616 58.570633
1337.485890 55.941078
1336.597165 50.521523
1335.708439 53.451973
1334.819714 48.032417
1333.930988 24.542862
1333.042263 26.073311
1332.153537 31.763752
1331.264812 29.124203
1330.376086 34.804642
1329.487361 34.935093
1328.598635 4.485535
1327.709910 7.385983
1326.821184 29.746433
1325.932459 57.656876
1325.043733 29.977325
1324.155008 27.307766
1323.266282 27.418209
1322.377557 27.518654
1321.488831 45.759098
1320.600106 38.849545
1319.711380 19.480000
1318.822655 25.140446
1317.933929 19.670891
1317.045204 16.981335
1316.156478 17.071781
1315.267753 19.932228
1314.379027 3.332672
1313.490302 3.413116
1312.601576 22.953568
1311.712851 25.804008
1310.824125 48.114452
1309.935400 31.504898
1309.046674 51.025341
1308.157949 34.405792
1307.269223 31.686241
1306.380498 31.746677
1305.491772 51.257126
1304.603047 45.747574
1303.714321 38.078022
1302.825596 35.308464
1301.936870 33.368912
1301.048145 29.239357
1300.159419 29.279804
1299.270694 23.750252
1298.381968 21.000698
1297.493243 21.031147
1296.604517 12.711590
1295.715792 12.742035
1294.827066 32.212479
1293.938341 15.552925
1293.049615 12.793369
1292.160890 12.803818
1291.272164 15.584263
1290.383439 26.714714
1289.494713 23.935154
1288.605988 43.395599
1287.717262 21.146046
1286.828537 18.366497
1285.939811 15.576939
1285.051086 21.127388
1284.162360 43.347828
1283.273635 43.328278
1282.384909 33.578720
1281.496184 29.219170
1280.607458 24.739616
1279.718733 20.990063
1278.830007 20.960506
1277.941282 20.930950
1277.052556 23.671398
1276.163831 58.381840
1275.275105 56.942287
1274.386380 51.342731
1273.497654 62.413177
1272.608929 56.803619
1271.720203 34.504074
1270.831478 34.454517
1269.942752 39.954960
1269.054027 39.885410
1268.165301 17.585854
1267.276576 23.076302
1266.387850 36.736744
1265.499125 28.497196
1264.610399 28.417641
1263.721674 47.798084
1262.832948 64.398529
1261.944223 39.288975
1261.055497 33.519424
1260.166772 30.779869
1259.278046 26.010315
1258.389321 22.250763
1257.500595 16.601212
1256.611870 22.061649
1255.723144 38.632099
1254.834419 -0.387451
1253.945693 -3.277004
1253.056968 41.093433
1252.168242 11.793884
1251.279517 10.284328
1250.390791 54.644768
1249.502066 32.285217
1248.613340 26.605667
1247.724615 23.706112
1246.835889 23.576561
1245.947164 48.466999
1245.058438 45.547447
1244.169713 36.147892
1243.280987 34.158340
1242.392262 28.258785
1241.503536 22.759235
1240.614811 22.619678
1239.726085 58.610123
1238.837360 36.220566
1237.948634 18.001015
1237.059909 16.461464
1236.171183 60.781906
1235.282458 32.822357
1234.393732 38.222794
1233.505007 24.163242
1232.616282 21.213692
1231.727556 21.054138
1230.838831 26.444584
1229.950105 42.945026
1229.061380 37.215469
1228.172654 20.355919
1227.283929 36.866367
1226.395203 20.006813
1225.506478 19.817257
1224.617752 39.097706
1223.729027 47.248146
1222.840301 35.948593
1221.951576 34.539040
1221.062850 32.669487
1220.174125 31.209934
1219.285399 30.110378
1218.396674 29.420822
1217.507948 29.221272
1216.619223 29.021717
1215.730497 44.052166
1214.841772 39.732605
1213.953046 22.843052
1213.064321 28.193497
1212.175595 50.223942
1211.286870 41.674385
1210.398144 38.674839
1209.509419 35.685284
1208.620693 35.465733
1207.731968 40.806175
1206.843242 37.806622
1205.954517 12.567066
1205.065791 12.347511
1204.177066 17.677959
1203.288340 42.468407
1202.399615 28.348854
1201.510889 25.339294
1200.622164 27.889744
1199.733438 44.330189
1198.844713 60.780628
1197.955987 36.721081
1197.067262 35.291527
1196.178536 51.801968
1195.289811 59.832413
1194.401085 15.112862
1193.512360 20.433308
1192.623634 36.873756
1191.734909 56.084198
1190.846183 36.374645
1189.957458 28.945091
1189.068732 27.435535
1188.180007 23.125984
1187.291281 18.706429
1186.402556 15.676876
1185.513830 15.427322
1184.625105 17.957767
1183.736379 20.478210
1182.847654 23.008656
1181.958928 6.069103
1181.070203 0.259552
1180.181477 0.000000
1179.292752 19.119183
1178.404026 18.778362
1177.515301 12.877544
1176.626575 6.976727
1175.737850 6.635910
1174.849124 9.065090
1173.960399 30.964272
1173.071673 47.293457
1172.182948 41.392639
1171.294222 35.481819
1170.405497 18.461006
1169.516771 15.330189
1168.628046 14.979370
1167.739320 14.638550
1166.850595 47.647728
1165.961869 47.296913
1165.073144 38.606098
1164.184418 38.255280
1163.295693 40.684464
1162.406967 40.333645
1161.518242 34.422829
1160.629516 28.512009
1159.740791 28.161190
1158.852065 27.810371
1157.963340 66.449562
1157.074614 68.878738
1156.185889 43.507919
1155.297163 37.887108
1154.408438 37.246288
1153.519712 37.395470
1152.630987 36.544651
1151.742261 36.193832
1150.853536 38.623020
1149.964810 46.612202
1149.076085 35.141384
1148.187359 32.010567
1147.298634 17.589745
1146.409908 17.238926
1145.521183 45.518108
1144.632457 33.267292
1143.743732 32.546478
1142.855006 32.195660
1141.966281 31.854843
1141.077555 31.504025
1140.188830 35.243206
1139.300104 38.982388
1138.411379 38.631569
1137.522653 34.190754
1136.633928 78.839935
1135.745202 74.399117
1134.856477 74.058304
1133.967751 73.707481
1133.079026 48.826660
1132.190300 40.295849
1131.301575 76.765030
1130.412849 80.504211
1129.524124 71.983391
1128.635398 88.002579
1127.746673 108.111763
1126.857947 111.860931
1125.969222 86.970123
1125.080496 156.169296
1124.191771 151.738480
1123.303045 130.947662
1122.414320 191.966858
1121.525594 167.086029
1120.636869 142.205215
1119.748143 141.874390
1118.859418 141.543579
1117.970692 182.102753
1117.081967 157.231934
1116.193241 230.521118
1115.304516 226.100296
1114.415790 209.409485
1113.527065 270.438660
1112.638339 245.567856
1111.749614 282.057007
1110.860888 277.636200
1109.972163 277.315399
1109.083437 268.814545
1108.194712 231.673752
1107.305986 329.522949
1106.417261 325.112122
1105.528535 320.701294
1104.639810 340.840485
1103.751084 393.689697
1102.862359 381.108826
1101.973633 348.068024
1101.084908 364.117218
1100.196182 339.266388
1099.307457 338.965576
1098.418731 338.654755
1097.530006 371.073975
1096.641280 414.963135
1095.752555 413.622314
1094.863829 411.061432
1093.975104 427.120636
1093.086378 426.829803
1092.197653 411.509033
1091.308927 401.698181
1090.420202 401.397430
1089.531476 462.456604
1088.642751 498.985748
1087.754025 535.504944
1086.865300 535.214111
1085.976574 534.933350
1085.087849 546.922424
1084.199123 554.821655
1083.310398 558.630798
1082.421672 558.349976
1081.532947 607.159180
1080.644221 598.708313
1079.755496 573.887573
1078.866770 565.436707
1077.978045 601.985901
1077.089319 683.665100
1076.200594 679.164307
1075.311868 711.623474
1074.423143 795.932617
1073.534417 869.071899
1072.645692 805.270996
1071.756966 890.330200
1070.868241 1080.889404
1069.979515 1133.658569
1069.090790 1173.737671
1068.202064 1212.966797
1067.313339 1270.756104
1066.424613 1269.255249
1065.535888 1333.154541
1064.647162 1346.773560
1063.758437 1360.392822
1062.869711 1360.162109
1061.980986 1280.261108
1061.092260 1273.100342
1060.203535 1248.619507
1059.314809 1234.548828
1058.426084 1220.467896
1057.537358 1213.317139
1056.648633 1178.456299
1055.759907 1174.775391
1054.871182 1126.064697
1053.982456 1091.213745
1053.093731 1049.442993
1052.205005 1059.622192
1051.316280 1076.741333
1050.427554 972.620605
1049.538829 975.259705
1048.650103 974.018860
1047.761378 974.308044
1046.872652 974.607300
1045.983927 975.116516
1045.095201 1002.645691
1044.206476 988.594788
1043.317750 978.023987
1042.429025 1002.093262
1041.540299 988.062378
1040.651574 991.351501
1039.762848 977.330750
1038.874123 966.759949
1037.985397 987.379089
1037.096672 1008.008301
1036.207946 1007.837524
1035.319221 1035.396729
1034.430495 1045.635864
1033.541770 1038.554932
1032.653044 1086.894165
1031.764319 1059.033325
1030.875593 1083.142578
1029.986868 1103.781738
1029.098142 1134.820923
1028.209417 1158.930054
1027.320692 1162.259399
1026.431966 1276.438477
1025.543241 1276.317749
1024.654515 1265.796753
1023.765790 1224.105957
1022.877064 1213.585205
1021.988339 1161.504395
1021.099613 1130.213623
1020.210888 1113.532715
1019.322162 950.671936
1018.433437 1025.141235
1017.544711 985.970276
1016.655986 989.489502
1015.767260 916.818604
1014.878535 916.477905
1013.989809 769.957092
1013.101084 801.656250
1012.212358 772.225464
1011.323633 738.474609
1010.434907 741.843750
1009.546182 654.142944
1008.657456 533.262146
1007.768731 511.001404
1006.880005 501.870514
1005.991280 540.459717
1005.102554 468.878937
1004.213829 526.318115
1003.325103 464.287292
1002.436378 489.586456
1001.547652 400.995667
1000.658927 434.844818
999.770201 461.313995
998.881476 396.103210
997.992750 438.352417
997.104025 421.781525
996.215299 405.220764
995.326574 383.149933
994.437848 366.589111
993.549123 322.488281
992.660397 374.797485
991.771672 358.246674
990.882946 374.745850
989.994221 377.485046
989.105495 311.354187
988.216770 311.343384
987.328044 308.582581
986.439319 308.571747
985.550593 304.890930
984.661868 301.220093
983.773142 303.059296
982.884417 281.028503
981.995691 278.277649
981.106966 283.796844
980.218240 261.765991
979.329515 270.045227
978.440789 239.764389
977.552064 250.803589
976.663338 217.772781
975.774613 217.791931
974.885887 248.121109
973.997162 248.150330
973.108436 253.699478
972.219711 206.908676
971.330985 206.947876
970.442260 223.517029
969.553534 229.066223
968.664809 198.815399
967.776083 201.624573
966.887358 201.673782
965.998632 218.252960
965.109907 210.052124
964.221181 204.601334
963.332456 204.660522
962.443730 207.479675
961.555005 224.078873
960.666279 188.338058
959.777554 180.157227
958.888828 171.966431
958.000103 169.285599
957.111377 169.374786
956.222652 183.353973
955.333926 186.073151
954.445201 188.912323
953.556475 150.561523
952.667750 150.530701
951.779024 150.629883
950.890299 153.489075
950.001573 156.338226
949.112848 161.957428
948.224122 131.756607
947.335397 131.865784
946.446671 98.764969
945.557946 98.874153
944.669220 96.263344
943.780495 93.652527
942.891769 91.051712
942.003044 88.110886
941.114318 66.760071
940.225593 95.519257
939.336867 99.738434
938.448142 99.877625
937.559416 91.826813
936.670691 104.235992
935.781965 92.105164
934.893240 67.704353
934.004514 67.853531
933.115789 68.002716
932.227063 64.061905
931.338338 64.211075
930.449612 64.360268
929.560887 89.059448
928.672161 76.948631
927.783436 52.567810
926.894710 48.636997
926.005985 48.806175
925.117259 44.885361
924.228534 16.414543
923.339808 16.593727
922.451083 41.302910
921.562357 61.932087
920.673632 62.101273
919.784906 62.280445
918.896181 62.469635
918.007455 66.738815
917.118730 58.748001
916.230004 71.197189
915.341279 38.666370
914.452553 38.855553
913.563828 75.864731
912.675102 63.783913
911.786377 51.713093
910.897651 51.912277
910.008926 52.111462
909.120200 60.490643
908.231475 40.249828
907.342749 40.449013
906.454024 46.168186
905.565298 47.687374
904.676573 49.256554
903.787847 61.735737
902.899122 33.324921
902.010396 31.974106
901.121671 30.543289
900.232945 28.792469
899.344220 27.931648
898.455494 27.200832
897.566769 26.460014
896.678043 26.689198
895.789318 35.098381
894.900592 35.317566
894.011867 35.556747
893.123141 35.785931
892.234416 36.015110
891.345690 36.244293
890.456965 28.303474
889.568239 28.542656
888.679514 36.961838
887.790788 41.291027
886.902063 29.260204
886.013337 41.769390
885.124612 33.828568
884.235886 29.987751
883.347161 26.146935
882.458435 22.296120
881.569710 22.545300
880.680984 22.794479
879.792259 23.043667
878.903533 23.292847
878.014808 27.642033
877.126082 7.441212
876.237357 7.700394
875.348631 36.579578
874.459906 21.498756
873.571180 12.557941
872.682455 4.637127
871.793729 4.886307
870.905004 25.605492
870.016278 17.684673
869.127553 34.303852
868.238827 10.033035
867.350102 10.292217
866.461376 14.651402
865.572651 41.500587
864.683925 39.719769
863.795200 31.798946
862.906474 7.528130
862.017749 7.797314
861.129023 32.606495
860.240298 36.965679
859.351572 29.054859
858.462847 25.234047
857.574121 25.503227
856.685396 25.772408
855.796670 54.681591
854.907945 50.860775
854.019219 42.949955
853.130494 43.229137
852.241768 43.498322
851.353043 43.777508
850.464317 44.046688
849.575592 44.325871
848.686866 44.595051
847.798141 40.784233
846.909415 36.963417
846.020690 65.872597
845.131964 57.971775
844.243239 66.430954
843.354513 58.520142
842.465788 58.799320
841.577062 59.068512
840.688337 39.717693
839.799611 35.086876
838.910886 35.366055
838.022160 39.725239
837.133435 27.734425
836.244709 11.863605
835.355984 3.742790
834.467258 4.021969
833.578533 4.301155
832.689807 41.380333
831.801082 37.569519
830.912356 37.848698
830.023631 46.297882
829.134905 38.397068
828.246180 46.856251
827.357454 38.945431
826.468729 36.944611
825.580003 35.403793
824.691278 35.682976
823.802552 40.042160
822.913827 32.131344
822.025101 40.590527
821.136376 30.379707
820.247651 28.858887
819.358925 25.038071
818.470200 17.127254
817.581474 58.306427
816.692749 45.275620
815.804023 42.484806
814.915298 34.563984
814.026572 30.743168
813.137847 31.012352
812.249121 31.281528
811.360396 47.900707
810.471670 35.899895
809.582945 32.069077
808.694219 32.338264
807.805494 32.597446
806.916768 28.766628
806.028043 29.025810
805.139317 74.284988
804.250592 74.544174
803.361866 46.173351
802.473141 46.422539
801.584415 42.591724
800.695690 42.850906
799.806964 43.100086
798.918239 22.909271
798.029513 19.068451
797.140788 19.317635
796.252062 17.676815
795.363337 15.725998
794.474611 11.885181
793.585886 12.134365
792.697160 36.913548
791.808435 28.982731
790.919709 29.221909
790.030984 29.461090
789.142258 29.700275
788.253533 29.949455
787.364807 66.988632
786.476082 52.917824
785.587356 51.107002
784.698631 51.336189
783.809905 63.845371
782.921180 51.804550
782.032454 39.763733
781.143729 31.812916
780.255003 32.032101
779.366278 36.351284
778.477552 28.390465
777.588827 28.619648
776.700101 57.468830
775.811376 57.688007
774.922650 53.817192
774.033925 29.486374
773.145199 17.435562
772.256474 15.524742
771.367748 13.763927
770.479023 13.973106
769.590297 55.082283
768.701572 55.291466
767.812846 59.580654
766.924121 59.789833
766.035395 55.899021
765.146670 49.278198
764.257944 48.107380
763.369219 48.306568
762.480493 48.505745
761.591768 56.874931
760.703042 65.244110
759.814317 73.613297
758.925591 77.882477
758.036866 82.161659
757.148140 82.340851
756.259415 82.520027
755.370689 200.899185
754.481964 201.068390
753.593238 201.247574
752.704513 215.936768
751.815787 216.115936
750.927062 288.905121
750.038336 289.064301
749.149611 289.233459
748.260885 294.402649
747.372160 324.861847
746.483434 300.301025
745.594709 253.630203
744.705983 251.019394
743.817258 251.168549
742.928532 174.187759
742.039807 155.056946
741.151081 135.916122
740.262356 131.045288
739.373630 131.184479
738.484905 57.113674
737.596179 53.152859
736.707454 61.472034
735.818728 57.501221
734.930003 45.360405
734.041277 57.759586
733.152552 57.878765
732.263826 53.907948
731.375101 54.027126
730.486375 54.146320
729.597650 50.165497
728.708924 46.184685
727.820199 46.293865
726.931473 42.313049
726.042748 95.582230
725.154022 91.591415
724.265297 116.230591
723.376571 116.329765
722.487846 169.598953
721.599120 247.398132
720.710395 255.667313
719.821669 263.936462
718.932944 264.015656
718.044218 410.954803
717.155493 402.634033
716.266767 413.753235
715.378042 448.862396
714.489316 482.021606
713.600591 430.620728
712.711865 311.949951
711.823140 244.789124
710.934414 217.918320
710.045689 182.007507
709.156963 179.306686
708.268238 176.605881
707.379512 160.125061
706.490787 160.174240
705.602061 157.473419
704.713336 154.762604
703.824610 152.041779
702.935885 152.080948
702.047159 138.350143
701.158434 135.629333
700.269708 126.018509
699.380983 124.667686
698.492257 99.906876
697.603532 97.176064
696.714806 97.195251
695.826081 97.214424
694.937355 69.933617
694.048630 61.432796
693.159904 97.251984
692.271179 97.261169
691.382453 255.890350
690.493728 211.719513
689.605002 355.958679
688.716277 398.827881
687.827551 500.647034
686.938826 541.286194
686.050100 586.725403
685.161375 556.574585
684.272649 577.893799
683.383924 480.282959
682.495198 428.182129
681.606473 361.961304
680.717747 389.750549
679.829022 330.189697
678.940296 332.098877
678.051571 282.398071
677.162845 270.097229
676.274120 270.896423
675.385394 241.925629
674.496669 209.264801
673.607943 221.333969
672.719218 155.413177
671.830492 134.052353
670.941767 128.961517
670.053041 128.900711
669.164316 128.839890
668.275590 128.779083
667.386865 111.688263
666.498139 103.107445
665.609414 107.296631
664.720688 98.705818
663.831963 132.684998
662.943237 132.604156
662.054512 68.673370
661.165786 60.072540
660.277061 68.501724
659.388335 51.390911
658.499610 59.810101
657.610884 59.719280
656.722159 59.618458
655.833433 59.517643
654.944708 59.426826
654.055982 67.835999
653.167257 71.985184
652.278531 84.644371
651.389806 37.703556
650.501080 29.082741
649.612355 45.991920
648.723629 45.871105
647.834904 28.730282
646.946178 32.859467
646.057453 58.278645
645.168727 41.117832
644.280002 40.987015
643.391276 40.856197
642.502551 27.955379
641.613825 23.554562
640.725100 53.213737
639.836374 44.562927
638.947649 44.422108
638.058923 44.271294
637.170198 48.380478
636.281472 60.999657
635.392747 43.818840
634.504021 43.658024
633.615296 47.757202
632.726570 56.116383
631.837845 31.865566
630.949119 25.984753
630.060394 25.813934
629.171668 25.643116
628.282943 25.472301
627.394217 25.301479
626.505492 46.410664
625.616766 46.229847
624.728041 46.049026
623.839315 24.578213
622.950590 15.877396
622.061864 22.376579
621.173139 23.045761
620.284413 23.394943
619.395688 23.634121
618.506962 48.983303
617.618237 47.872482
616.729511 48.581669
615.840786 52.640850
614.952061 14.120037
614.063335 13.919220
613.174610 22.218403
612.285884 13.497581
611.397159 13.286766
610.508433 17.325947
609.619708 42.655132
608.730982 38.174316
607.842257 37.963497
606.953531 37.742680
606.064806 37.511860
605.176080 37.291042
604.287355 37.060226
603.398629 15.549408
602.509904 15.318592
601.621178 15.077774
600.732453 14.846958
599.843727 14.606140
598.955002 14.375320
598.066276 43.934502
597.177551 22.403683
596.288825 22.162865
595.400100 21.912052
594.511374 47.211235
593.622649 63.990410
592.733923 59.479595
591.845198 59.228779
590.956472 97.287964
590.067747 37.437141
589.179021 32.926327
588.290296 36.925510
587.401570 62.204689
586.512845 49.173870
585.624119 48.913059
584.735394 69.932236
583.846668 69.661423
582.957943 69.390610
582.069217 69.129784
581.180492 68.858963
580.291766 47.298153
579.403041 47.027336
578.514315 59.526512
577.625590 72.015694
576.736864 46.194881
575.848139 45.914063
574.959413 54.153244
574.070688 66.642426
573.181962 57.841614
572.293237 83.100800
571.404511 116.869972
570.515786 108.079163
569.627060 107.788338
568.738335 111.757523
567.849609 119.976692
566.960884 132.455887
566.072158 132.165070
565.183433 140.384247
564.294707 144.343430
563.405982 144.052612
562.517256 148.011795
561.628531 173.250977
560.739805 219.780136
559.851080 185.429337
558.962354 185.128525
558.073629 248.677689
557.184903 218.576874
556.296178 218.276047
555.407452 226.475266
554.518727 230.424423
553.630001 230.123596
552.741276 255.352798
551.852550 246.531982
550.963825 288.791138
550.075099 262.940308
549.186374 262.629517
548.297648 304.888702
547.408923 334.367859
546.520197 385.137085
545.631472 384.826263
544.742746 373.155457
543.854021 367.164642
542.965295 358.333801
542.076570 358.012970
541.187844 489.072174
540.299119 518.251282
539.410393 572.020508
538.521668 659.899719
537.632942 661.268860
536.744217 734.138062
535.855491 751.807190
534.966766 818.776367
534.078040 680.645630
533.189315 637.114746
532.300589 626.183960
531.411864 914.322998
530.523138 1020.342285
529.634413 1011.831421
528.745687 970.600708
527.856962 970.279785
526.968236 879.959045
526.079511 838.738220
525.190785 813.867432
524.302060 805.346619
523.413334 796.835815
522.524609 804.684937
521.635883 787.994141
520.747158 861.293335
519.858432 860.952454
518.969707 885.161682
518.080981 1067.190796
517.192256 1197.070068
516.303530 1156.649170
515.414805 1305.228394
514.526079 1363.007568
513.637354 1484.896729
512.748628 1503.875854
511.859903 1619.365112
510.971177 1666.744263
510.082452 1709.533325
509.193726 1781.132568
508.305001 2000.321899
507.416275 1965.221069
506.527550 2094.819824
505.638824 2052.509277
504.750099 1934.618408
503.861373 1885.617798
502.972648 1849.626953
502.083922 1758.846069
501.195197 1707.345215
500.306471 1425.254517
499.417746 1405.173584
498.529020 1146.702759
497.640295 1187.921997
496.751569 1097.601074
495.862844 1118.560425
494.974118 1015.119568
494.085393 1014.778687
493.196667 961.457947
492.307942 917.187134
491.419216 972.526306
490.530491 1041.165405
489.641765 1021.254700
488.753040 1029.093872
487.864314 1004.903076
486.975589 1091.562256
486.086863 1180.211304
485.198138 1310.060547
484.309412 1394.449829
483.420687 1435.798950
482.531961 1560.538086
481.643236 1578.727295
480.754510 1420.876465
479.865785 1406.625732
478.977059 1261.904785
478.088334 1202.974121
477.199608 1113.753174
476.310883 945.522461
475.422157 852.151672
474.533432 843.630737
473.644706 826.929932
472.755981 818.939148
471.867255 871.418335
470.978530 936.697571
470.089804 907.486694
469.201079 772.565918
468.312353 799.895081
467.423628 822.714294
466.534902 780.673462
465.646177 784.962646
464.757451 779.981812
463.868726 733.310974
462.980000 756.120239
462.091275 737.239319
461.202549 713.728577
460.313824 718.017700
459.425098 722.296936
458.536373 768.276062
457.647647 712.335327
456.758922 693.454468
455.870196 688.473633
454.981471 678.902832
454.092745 646.081970
453.204020 608.671204
452.315294 603.690369
451.426569 620.569580
450.537843 611.458740
449.649118 605.267944
448.760392 601.987061
447.871667 563.656250
446.982941 563.305481
446.094216 565.874634
445.205490 565.513855
444.316765 568.083008
443.428039 529.752197
442.539314 517.711365
441.650588 529.030518
440.761863 540.369751
439.873137 540.008911
438.984412 542.578125
438.095686 548.057251
437.206961 541.856445
436.318235 559.025635
435.429510 558.664917
434.540784 558.304016
433.652059 581.313232
432.763333 580.952393
431.874608 601.041565
430.985882 629.890747
430.097157 629.529907
429.208431 629.159119
428.319706 631.718323
427.430980 669.327515
426.542255 663.116699
425.653529 680.275879
424.764804 682.825012
423.876078 729.204163
422.987353 722.983398
422.098627 995.532593
421.209902 1064.961670
420.321176 1187.380981
419.432451 1381.700073
418.543725 1633.709229
417.655000 1872.488281
416.766274 1960.057617
415.877549 2067.216797
414.988823 2403.855713
414.100098 2827.685059
413.211372 3042.404297
412.322647 3379.483154
411.433921 3501.352539
410.545196 3802.122070
409.656471 3879.551025
408.767745 3943.469971
407.879020 4130.279297
406.990294 4149.358398
406.101569 3778.307617
405.212843 3545.856445
404.324118 3296.875977
403.435392 2953.084961
402.546667 2802.954346
401.657941 2523.103516
400.769216 2234.622803
399.880490 2040.242188
398.991765 1809.721191
398.103039 1479.670532
397.214314 1272.499512
396.325588 1146.018921
395.436863 1087.197998
394.548137 1083.247192
393.659412 905.766357
392.770686 897.275513
391.881961 814.834778
390.993235 835.673889
390.104510 751.683105
389.215784 761.452332
388.327059 657.401489
387.438333 633.060730
386.549608 616.129822
385.660882 592.609070
384.772157 546.008240
383.883431 545.557373
382.994706 485.766602
382.105980 462.235809
381.217255 438.694977
380.328529 438.244141
379.439804 348.763367
378.551078 348.302551
377.662353 341.241730
376.773627 344.070923
375.884902 284.250092
374.996176 287.079285
374.107451 260.228455
373.218725 256.447662
372.330000 255.966843
371.441274 255.486008
370.552549 261.595184
369.663823 247.914383
368.775098 250.713547
367.886372 243.622742
366.997647 243.121948
366.108921 242.621094
365.220196 219.030289
364.331470 211.929459
363.442745 211.418655
362.554019 194.407837
361.665294 216.967010
360.776568 232.936218
359.887843 229.105377
358.999117 212.084564
358.110392 218.143738
357.221666 214.312927
356.332941 246.742111
355.444215 239.601288
354.555490 258.830444
353.666764 264.869629
352.778039 270.908844
351.889313 263.748016
351.000588 273.077209
350.111862 305.486389
349.223137 327.985596
348.334411 307.624756
347.445686 346.603943
346.556960 451.523102
345.668235 470.712280
344.779509 490.781464
343.890784 542.340698
343.002058 620.579773
342.113333 613.379028
341.224607 680.228210
340.335882 789.017334
339.447156 811.246582
338.558431 834.355652
337.669705 916.484924
336.780980 999.153992
335.892254 1039.913208
335.003529 1166.062378
334.114803 1116.241577
333.226078 1169.930786
332.337352 1065.760010
331.448627 1031.459106
330.559901 953.558350
329.671176 928.727478
328.782450 923.476685
327.893725 793.885864
327.004999 701.725098
326.116274 519.134277
325.227548 583.413452
324.338823 610.362671
323.450097 490.771851
322.561372 418.101013
321.672646 474.910187
320.783921 326.269409
319.895195 338.848602
319.006470 289.337769
318.117744 274.646973
317.229019 210.656158
316.340293 192.575333
315.451568 167.564514
314.562842 166.793701
313.674117 162.562866
312.785391 137.542053
311.896666 112.501251
311.007940 94.390427
310.119215 93.599609
309.230489 92.788803
308.341764 85.057983
307.453038 77.317162
306.564313 73.026352
305.675587 51.425522
304.786862 29.814713
303.898136 46.293892
303.009411 41.993080
302.120685 41.142262
301.231960 40.291443
300.343234 18.640625
299.454509 24.699806
298.565783 6.508987
297.677058 2.168171
296.788332 28.997353
295.899607 31.576538
295.010881 30.675716
294.122156 33.244900
293.233430 32.334084
292.344705 27.953262
291.455979 16.642448
290.567254 15.721630
289.678528 14.790813
288.789803 0.000000
287.901077 12.783096
287.012352 11.706196
286.123626 17.559296
285.234901 16.462399
284.346175 18.835495
283.457450 17.748596
282.568724 23.571697
281.679999 12.074795
280.791273 17.877899
279.902548 9.830997
279.013822 8.704098
278.125097 7.577198
277.236371 2.970295
276.347646 1.823399
275.458920 11.076496
274.570195 23.769592
273.681469 60.712692
272.792744 69.945786
271.904018 72.228889
271.015293 71.061996
270.126567 146.095093
269.237842 151.828186
268.349116 167.961288
267.460391 201.104370
266.571665 352.887482
265.682940 533.970581
264.794214 571.923645
263.905489 601.866699
263.016763 668.549866
262.128038 882.622803
261.239312 1098.166016
260.350587 1216.449097
259.461861 1511.332153
258.573136 1634.175293
257.684410 1778.228271
256.795685 1657.711304
255.906959 1765.964600
255.018234 1823.467651
254.129508 1670.130737
253.240783 1272.433960
252.352057 1345.106934
251.463332 1119.980103
250.574606 962.213257
249.685881 894.306274
248.797155 951.709412
247.908430 826.272461
247.019704 646.895630
246.130979 483.628723
245.242253 523.531860
244.353528 370.894958
243.464802 298.678070
242.576077 214.921188
241.687351 181.564285
240.798626 180.257401
239.909900 163.830490
239.021175 163.713593
238.132449 152.476685
237.243724 118.969788
236.354998 146.672882
235.466273 146.555984
234.577547 152.009094
233.688822 149.102173
232.800096 140.645294
231.911371 132.178375
231.022645 132.061478
230.133920 109.684593
229.245194 112.357697
228.356469 92.760803
227.467743 106.553886
226.579018 106.436981
225.690292 103.540100
224.801567 97.863197
223.912841 92.176300
223.024116 103.189392
222.135390 111.422493
221.246665 119.285576
220.357939 262.228699
219.469214 317.021759
218.580488 500.024841
217.691763 418.617981
216.803037 585.601074
215.914312 632.394165
215.025586 727.277283
214.136861 774.090393
213.248135 1037.263428
212.359410 1132.166504
211.470684 1253.069580
210.581959 1084.052734
209.693233 1016.895752
208.804508 885.448914
207.915782 930.312012
207.027057 831.775024
206.138331 593.358276
205.249606 483.391388
204.360881 493.914459
203.472155 530.157532
202.583430 618.330688
201.694704 572.343750
200.805979 385.716888
199.917253 352.109985
199.028528 314.943085
198.139802 314.826172
197.251077 285.899292
196.362351 242.562378
195.473626 242.445480
194.584900 227.928589
193.696175 227.811676
192.807449 225.634766
191.918724 229.637894
191.029998 215.110977
190.141273 204.704102
189.252547 204.587204
188.363822 204.470306
187.475096 214.643372
186.586371 341.046478
185.697645 329.159576
184.808920 387.922668
183.920194 434.905762
183.031469 517.228821
182.142743 717.301880
181.254018 905.604980
180.365292 1093.908081
179.476567 1270.441162
178.587841 1352.754272
177.699116 1564.607422
176.810390 1788.240356
175.921665 2176.743652
175.032939 2679.916748
174.144214 2977.329590
173.255488 3202.372559
172.366763 3207.555908
171.478037 3119.678955
170.589312 3005.232178
169.700586 2582.775146
168.811861 2492.498291
167.923135 2199.781494
167.034410 2054.354492
166.145684 1877.737549
165.256959 1805.840820
164.368233 1741.923828
163.479508 1359.886963
162.590782 1343.770020
161.702057 1192.473145
160.813331 1184.386353
159.924606 1200.199341
159.035880 1136.512451
158.147155 1247.865601
157.258429 1239.938721
156.369704 1271.831787
155.480978 1343.534912
154.592253 1532.297974
153.703527 1570.191162
152.814802 1824.404175
151.926076 2211.887451
151.037351 2758.970459
150.148625 3031.493164
149.259900 3246.706543
148.371174 3219.279541
147.482449 2889.812744
146.593723 2667.685791
145.704998 2135.408691
144.816272 2120.211914
143.927547 2057.344971
143.038821 1779.768311
142.150096 1645.431274
141.261370 1550.924561
140.372645 1233.747559
139.483919 1147.320679
138.595194 1068.913818
137.706468 974.646912
136.817743 966.809998
135.929017 570.233093
135.040292 339.816254
134.151566 239.779373
133.262841 141.652481
132.374115 109.855606
131.485390 91.498695
130.596664 86.571793
129.707939 61.674900
128.819213 33.507992
127.930488 38.831093
127.041762 40.914196
126.153037 43.057289
125.264311 25.240398
124.375586 24.203499
123.486860 29.966599
122.598135 19.089699
121.709409 21.652798
120.820684 14.325897
119.931958 17.069000
119.043233 3.212097
118.154507 -10.554794
117.265782 -8.601700
116.377056 -6.578598
115.488331 -4.425495
114.599605 -1.092396
113.710880 -11.019299
112.822154 -7.446198
111.933429 -3.763096
111.044703 0.000000
110.155978 1.001663
109.267252 2.153328
108.378527 3.374996
107.489801 1.426666
106.601076 -0.461662
105.712350 1.160000
104.823625 -0.478333
103.934899 -5.296665
103.046174 -3.354996
102.157448 -2.343327
101.268723 -1.081661
100.379997 0.000000
