100.419998 0.000000
102.080198 -17.689957
103.740397 -53.999985
105.400597 0.000000
107.060797 -33.840088
108.720996 94.879807
110.381196 325.739716
112.041395 610.269592
113.701595 914.708435
115.361794 1315.059326
117.021994 1924.249390
118.682194 2897.899170
120.342393 4335.349121
122.002593 6349.499023
123.662792 8997.449219
125.322992 12273.499023
126.983192 15922.348633
128.643391 19460.199219
130.303591 22214.048828
131.963790 23641.898438
133.623990 23491.748047
135.284190 21973.597656
136.944389 19549.449219
138.604589 16791.298828
140.264788 14092.148438
141.924988 11698.998047
143.585187 9677.847656
145.245387 8069.797363
146.905587 6820.947754
148.565786 5881.897461
150.225986 5135.947266
151.886185 4535.697266
153.546385 4012.047119
155.206585 3562.397217
156.866784 3128.147217
158.526984 2708.997070
160.187183 2268.047119
161.847383 1853.496948
163.507583 1476.606812
165.167782 1205.836670
166.827982 1024.496704
168.488181 944.776550
170.148381 903.386353
171.808580 913.296448
173.468780 942.646362
175.128980 1024.606201
176.789179 1107.926147
178.449379 1195.796143
180.109578 1233.955933
181.769778 1260.025879
183.429978 1254.855713
185.090177 1263.305664
186.750377 1243.965576
188.410576 1221.985352
190.070776 1156.475342
191.730976 1092.465210
193.391175 1005.465210
195.051375 945.415039
196.711574 880.665039
198.371774 851.754883
200.031974 814.364868
201.692173 800.964722
203.352373 768.524780
205.012572 762.674622
206.672772 744.677490
208.332971 745.844482
209.993171 707.310303
211.653371 668.719299
213.313570 607.137085
214.973770 591.343018
216.633969 583.510925
218.294169 609.427856
219.954369 601.061707
221.614568 594.329651
223.274768 552.775635
224.934967 537.418518
226.595167 510.707520
228.255367 513.432434
229.915566 484.963318
231.575766 466.393280
233.235965 422.873138
234.896165 422.023041
236.556364 420.072968
238.216564 450.492889
239.876764 452.632813
241.536963 483.694641
243.197163 506.723511
244.857362 561.773376
246.517562 570.839722
248.177762 570.474426
249.837961 526.270203
251.498161 513.599121
253.158360 486.852051
254.818560 489.641907
256.478760 473.506958
258.138959 511.708740
259.799159 570.773682
261.459358 699.501648
263.119558 815.591553
264.779757 927.791443
266.439957 941.591431
268.100157 896.671265
269.760356 765.511108
271.420556 650.891113
273.080755 531.533936
274.740955 462.898895
276.401155 379.050781
278.061354 335.230774
279.721554 281.890625
281.381753 267.040588
283.041953 218.350479
284.702153 186.460388
286.362352 125.460327
288.022552 98.690277
289.682751 46.580170
291.342951 27.400055
293.003150 0.000000
294.663350 34.598267
296.323550 54.336517
297.983749 86.624817
299.643949 65.763123
301.304148 72.341339
302.964348 76.589661
304.624548 136.157898
306.284747 166.096130
307.944947 197.684448
309.605146 172.042725
311.265346 169.550964
312.925546 156.549255
314.585745 198.637512
316.245945 228.605774
317.906144 291.744080
319.566344 320.882324
321.226544 366.520630
322.886743 362.498901
324.546943 367.377197
326.207142 335.895447
327.867342 342.273682
329.527541 333.461975
331.187741 366.100281
332.847941 384.158569
334.508140 447.421753
336.168340 480.104065
337.828539 508.948242
339.488739 464.891602
341.148939 438.605774
342.809138 418.534119
344.469338 474.855408
346.129537 519.243713
347.789737 579.954956
349.449937 602.371277
351.110136 664.179565
352.770336 707.567688
354.430535 770.426025
356.090735 787.734436
357.750934 838.492554
359.411134 891.120911
361.071334 1003.509155
362.731533 1096.927490
364.391733 1214.585693
366.051932 1307.573975
367.712132 1447.022217
369.372332 1574.480713
371.032531 1730.798706
372.692731 1850.817139
374.352930 2001.235352
376.013130 2141.453613
377.673330 2324.872070
379.333529 2468.090332
380.993729 2590.008545
382.653928 2615.226563
384.314128 2606.445068
385.974327 2534.163330
387.634527 2474.781494
389.294727 2375.899658
390.954926 2282.018311
392.615126 2140.636475
394.275325 2032.054688
395.935525 1936.973022
397.595725 1917.891235
399.255924 1891.609619
400.916124 1865.627686
402.576323 1763.046021
404.236523 1643.064331
405.896723 1475.032715
407.556922 1328.280762
409.217122 1164.779175
410.877321 1049.307373
412.537521 940.075684
414.197720 884.673950
415.857920 822.462158
417.518120 798.020508
419.178319 764.958862
420.838519 773.827026
422.498718 765.875366
424.158918 773.163574
425.819118 737.131958
427.479317 708.180176
429.139517 649.798462
430.799716 619.646729
432.459916 575.823975
434.120116 564.246216
435.780315 536.503418
437.440515 537.049805
439.100714 521.688354
440.760914 536.358276
442.421114 534.481567
444.081313 554.346924
445.741513 548.195190
447.401712 562.082397
449.061912 559.758667
450.722111 582.072876
452.382311 572.948242
454.042511 561.080566
455.702710 513.616821
457.362910 498.564087
459.023109 496.328369
460.683309 540.277588
462.343509 569.177917
464.003708 610.335144
465.663908 631.340576
467.324107 676.968811
468.984307 707.697021
470.644507 759.665222
472.304706 807.083496
473.964906 896.701843
475.625105 987.470215
477.285305 1096.608276
478.945504 1181.066650
480.605704 1282.514893
482.265904 1375.383179
483.926103 1485.401489
485.586303 1567.159790
487.246502 1655.478027
488.906702 1741.296265
490.566902 1875.314575
492.227101 2020.732910
493.887301 2175.750977
495.547500 2280.369385
497.207700 2354.287842
498.867900 2377.706055
500.528099 2383.224121
502.188299 2336.342285
503.848498 2255.860840
505.508698 2123.879150
507.168897 1989.097168
508.829097 1850.615601
510.489297 1745.733887
512.149496 1649.452271
513.809696 1567.870605
515.469895 1451.988770
517.130095 1307.496826
518.790295 1127.985229
520.450494 974.703552
522.110694 858.951782
523.770893 797.580139
525.431093 745.888306
527.091293 707.656555
528.751492 674.214966
530.411692 677.263123
532.071891 693.531494
533.732091 709.569763
535.392290 678.658081
537.052490 610.343201
538.712690 519.310486
540.372889 464.534790
542.033089 457.497070
543.693288 493.751282
545.353488 518.116577
547.013688 513.073853
548.673887 474.524231
550.334087 440.602478
551.994286 421.580811
553.654486 428.619019
555.314686 444.617310
556.974885 464.844543
558.635085 466.737854
560.295284 449.442139
561.955484 420.560425
563.615684 415.508728
565.275883 445.406982
566.936083 496.165222
568.596282 527.708496
570.256482 527.287659
571.916681 510.393005
573.576881 507.068298
575.237081 525.060608
576.897280 556.101685
578.557480 592.972107
580.217679 638.775330
581.877879 696.449707
583.538079 755.597961
585.198278 806.246216
586.858478 842.694397
588.518677 874.542847
590.178877 906.411072
591.839077 952.119263
593.499276 1019.157532
595.159476 1123.135742
596.819675 1254.684204
598.479875 1405.742188
600.140074 1558.530762
601.800274 1725.338989
603.460474 1906.357178
605.120673 2106.175537
606.780873 2301.293701
608.441072 2501.712158
610.101272 2719.930420
611.761472 2988.748535
613.421671 3279.766846
615.081871 3550.885254
616.742070 3745.303467
618.402270 3888.221680
620.062470 4018.639893
621.722669 4181.458008
623.382869 4327.576660
625.043068 4406.694824
626.703268 4368.512695
628.363467 4250.531250
630.023667 4071.849365
631.683867 3862.667969
633.344066 3600.786133
635.004266 3318.604492
636.664465 3029.222900
638.324665 2773.841064
639.984865 2523.659180
641.645064 2282.577637
643.305264 2032.795898
644.965463 1820.714111
646.625663 1646.632446
648.285863 1540.620605
649.946062 1473.068970
651.606262 1455.787231
653.266461 1447.225464
654.926661 1454.903564
656.586860 1442.781860
658.247060 1432.620239
659.907260 1395.628662
661.567459 1369.766724
663.227659 1379.895020
664.887858 1549.553345
666.548058 1930.851685
668.208258 2529.270020
669.868457 3154.488281
671.528657 3606.606445
673.188856 3685.524658
674.849056 3401.143066
676.509256 2847.661377
678.169455 2246.779541
679.829655 1724.397949
681.489854 1376.976074
683.150054 1145.194458
684.810254 997.092712
686.470453 855.770996
688.130653 752.039246
689.790852 665.519470
691.451052 632.187744
693.111251 604.797058
694.771451 605.350281
696.431651 585.221313
698.091850 559.341919
699.752050 469.937195
701.412249 355.155457
703.072449 211.753769
704.732649 121.322067
706.392848 69.650314
708.053048 85.768600
709.713247 100.656876
711.373447 118.855087
713.033647 83.033432
714.693846 44.251694
716.354046 0.000000
718.014245 18.548157
719.674445 56.096390
721.334644 114.684555
722.994844 121.392792
724.655044 117.720993
726.315243 82.699203
727.975443 69.087402
729.635642 32.575638
731.295842 16.873825
732.956042 -6.367935
734.616241 14.660217
736.276441 26.248428
737.936640 49.146667
739.596840 31.044830
741.257040 27.823074
742.917239 15.101257
744.577439 42.369476
746.237638 54.907669
747.897838 83.225891
749.558037 82.894073
751.218237 115.122269
752.878437 155.560471
754.538636 251.038666
756.198836 329.926880
757.859035 397.205078
759.519235 387.453308
761.179435 365.381470
762.839634 327.639648
764.499834 345.407928
766.160033 360.076111
767.820233 382.174316
769.480433 342.292480
771.140632 292.210693
772.800832 212.448929
774.461031 178.037140
776.121231 159.045319
777.781430 195.833542
779.441630 213.871765
781.101830 229.319946
782.762029 192.918167
784.422229 181.456390
786.082428 179.124542
787.742628 229.362778
789.402828 257.340942
791.063027 296.239197
792.723227 314.957397
794.383426 375.955627
796.043626 426.684723
797.703826 509.252930
799.364025 602.230164
801.024225 780.678406
802.684424 970.616455
804.344624 1131.094727
806.004824 1143.882935
807.665023 1069.531128
809.325223 939.459412
810.985422 857.837646
812.645622 773.405823
814.305821 701.193970
815.966021 590.642334
817.626221 514.519409
819.286420 452.011108
820.946620 452.677795
822.606819 458.686584
824.267019 497.746216
825.927219 504.569458
827.587418 512.166626
829.247618 481.281921
830.907817 477.034058
832.568017 466.267212
834.228217 483.648376
835.888416 462.559753
837.548616 436.568451
839.208815 371.799072
840.869015 337.662292
842.529214 312.513550
844.189414 342.615723
845.849614 360.130859
847.509813 374.656097
849.170013 330.770355
850.830212 296.894653
852.490412 269.352783
854.150612 304.890991
855.810811 337.861084
857.471011 376.766388
859.131210 364.143524
860.791410 347.106750
862.451610 295.372009
864.111809 261.940247
865.772009 219.668472
867.432208 219.866653
869.092408 218.434845
870.752607 243.173080
872.412807 249.281296
874.073007 283.969482
875.733206 310.948608
877.393406 357.781738
879.053605 371.559601
880.713805 393.044220
882.374005 399.182434
884.034204 438.397705
885.694404 468.706909
887.354603 514.304993
889.014803 523.313232
890.675003 522.091553
892.335202 476.219666
893.995402 440.413879
895.655601 400.906128
897.315801 400.251282
898.976000 394.821472
900.636200 411.786652
902.296400 415.331909
903.956599 433.138062
905.616799 417.963318
907.276998 401.157532
908.937198 367.568665
910.597398 365.295929
912.257597 352.217224
913.917797 340.440857
915.577996 302.771545
917.238196 299.987671
918.898396 318.386597
920.558595 366.780121
922.218795 374.279327
923.878994 349.732605
925.539194 280.257813
927.199394 232.832031
928.859593 210.030289
930.519793 240.671417
932.179992 267.967560
933.840192 288.463806
935.500391 276.239929
937.160591 286.280212
938.820791 308.602600
940.480990 346.707581
942.141190 343.225922
943.801389 323.944092
945.461589 297.739990
947.121789 307.341370
948.781988 307.323608
950.442188 284.958313
952.102387 213.493073
953.762587 147.523346
955.422787 98.951523
957.082986 91.189697
958.743186 82.517944
960.403385 82.646133
962.063585 89.884369
963.723784 147.602509
965.383984 229.533737
967.044184 310.453003
968.704383 333.288086
970.364583 320.195251
972.024782 293.830444
973.684982 301.676788
975.345182 326.690918
977.005381 368.158203
978.665581 403.356262
980.325780 451.414551
981.985980 509.682678
983.646180 614.830933
985.306379 795.839233
986.966579 1128.497314
988.626778 1677.065552
990.286978 2506.503906
991.947177 3548.741699
993.607377 4569.280273
995.267577 5182.318359
996.927776 5118.856445
998.587976 4405.294922
1000.248175 3384.333008
1001.908375 2427.671387
1003.568575 1733.109375
1005.228774 1272.247803
1006.888974 962.125671
1008.549173 742.364014
1010.209373 598.012268
1011.869573 500.140381
1013.529772 429.558655
1015.189972 367.906891
1016.850171 309.215210
1018.510371 240.170273
1020.170570 172.879456
1021.830770 132.909744
1023.490970 135.722977
1025.151169 152.473053
1026.811369 148.009247
1028.471568 122.278488
1030.131768 110.250793
1031.791968 128.774902
1033.452167 150.550125
1035.112367 137.461334
1036.772566 83.217560
1038.432766 24.301804
1040.092966 0.000000
1041.753165 23.428268
1043.413365 70.737396
1045.073564 103.007584
1046.733764 90.921814
1048.393964 56.863022
1050.054163 45.765289
1051.714363 97.642532
1053.374562 188.061646
1055.034762 264.113953
1056.694961 277.112152
1058.355161 254.550323
1060.015361 259.368469
1061.675560 364.426880
1063.335760 591.335022
1064.995959 977.343140
1066.656159 1579.921509
1068.316359 2458.269531
1069.976558 3494.317871
1071.636758 4368.166016
1073.296957 4673.514160
1074.957157 4248.462402
1076.617357 3277.910889
1078.277556 2192.658936
1079.937756 1329.307129
1081.597955 810.895203
1083.258155 543.553589
1084.918354 407.791809
1086.578554 292.360077
1088.238754 173.148331
1089.898953 54.553467
1091.559153 0.000000
1093.219352 -18.479584
1094.879552 8.762177
1096.539752 0.000000
1098.199951 0.000000
