101.609993 0.000000
104.363625 0.897043
107.117258 21.291080
109.870891 33.034130
112.624523 38.343166
115.378156 37.413204
118.131788 34.907257
120.885421 31.252296
123.639053 29.523336
126.392686 27.876385
129.146318 27.581429
131.899951 26.082472
134.653583 24.902512
137.407216 22.127558
140.160848 19.739599
142.914481 15.915642
145.668113 12.564684
148.421746 7.974729
151.175378 4.479771
153.929011 0.922314
156.682643 -0.092943
159.436276 0.000000
162.189908 2.556690
164.943541 5.868879
167.697173 11.472870
170.450806 17.505857
173.204438 26.227848
175.958071 36.263832
178.711703 49.509827
181.465336 63.218811
184.218968 77.349792
186.972601 87.545784
189.726233 93.362785
192.479866 91.679771
195.233498 84.611755
197.987131 72.042755
200.740763 58.428745
203.494396 44.543732
206.248029 34.081730
209.001661 25.886717
211.755294 21.394709
214.508926 17.721699
217.262559 15.590688
220.016191 12.436077
222.769824 9.910367
225.523456 6.451759
228.277089 4.328650
231.030721 1.745040
233.784354 0.930030
236.537986 -0.078980
239.291619 0.285710
242.045251 0.000000
244.798884 0.394743
247.552516 0.132285
250.306149 1.148928
253.059781 1.734071
255.813414 3.684113
258.567046 5.063055
261.320679 7.432097
264.074311 8.705341
266.827944 10.400382
269.581576 10.525126
272.335209 10.796567
275.088841 9.511011
277.842474 8.677753
280.596106 6.828345
283.349739 6.056240
286.103371 4.473482
288.857004 4.318524
291.610636 3.838768
294.364269 4.784710
297.117901 5.408853
299.871534 7.547194
302.625166 9.524438
305.378799 13.088678
308.132432 16.283821
310.886064 20.425665
313.639697 23.156506
316.393329 25.596348
319.146962 25.557190
321.900594 24.668034
324.654227 21.475880
327.407859 18.307722
330.161492 14.153964
332.915124 11.350207
335.668757 8.506149
338.422389 7.343193
341.176022 5.919065
343.929654 5.700779
346.683287 5.026640
349.436919 5.749403
352.190552 6.635976
354.944184 9.838847
357.697817 13.794690
360.451449 19.801830
363.205082 25.258671
365.958714 30.671518
368.712347 33.316357
371.465979 34.340202
374.219612 32.223045
376.973244 29.384886
379.726877 25.177732
382.480509 22.173574
385.234142 19.222418
387.987774 18.021261
390.741407 16.610104
393.495039 16.224945
396.248672 14.905889
399.002304 14.194530
401.755937 12.549573
404.509569 11.812116
407.263202 10.549858
410.016835 10.507102
412.770467 10.050145
415.524100 10.671386
418.277732 10.536329
421.031365 11.015572
423.784997 10.307015
426.538630 9.949359
429.292262 8.432201
432.045895 7.577143
434.799527 6.055105
437.553160 5.654188
440.306792 4.843040
443.060425 5.119115
445.814057 4.642858
448.567690 4.986249
451.321322 4.568802
454.074955 5.042605
456.828587 4.952951
459.582220 5.901339
462.335852 6.266813
465.089485 7.447455
467.843117 7.733297
470.596750 8.566041
473.350382 8.407183
476.104015 8.871226
478.857647 8.546468
481.611280 9.072110
484.364912 9.023354
487.118545 9.998597
489.872177 10.554138
492.625810 12.238882
495.379442 13.541624
498.133075 15.904968
500.886707 17.765810
503.640340 20.583654
506.393973 22.916496
509.147605 26.331341
511.901238 29.377182
514.654870 33.375019
517.408503 36.457867
520.162135 39.504704
522.915768 40.464550
525.669400 40.421391
528.423033 37.948235
531.176665 34.920078
533.930298 30.581919
536.683930 27.058764
539.437563 23.374605
542.191195 21.073448
544.944828 18.562290
547.698460 16.973135
550.452093 14.672977
553.205725 13.028719
555.959358 10.754663
558.712990 9.437905
561.466623 7.814248
564.220255 7.281192
566.973888 6.344036
569.727520 6.232677
572.481153 5.460020
575.234785 5.374263
577.988418 4.658895
580.742050 4.743948
583.495683 4.295092
586.249315 4.688353
589.002948 4.407085
591.756580 4.714588
594.510213 4.276114
597.263845 4.540623
600.017478 4.374626
602.771110 5.290590
605.524743 6.050232
608.278376 7.871873
611.032008 9.178318
613.785641 10.913558
616.539273 11.451801
619.292906 11.908945
622.046538 11.018188
624.800171 10.257429
627.553803 8.619673
630.307436 7.625516
633.061068 6.159658
635.814701 5.545300
638.568333 4.533563
641.321966 4.397617
644.075598 3.939631
646.829231 4.469591
649.582863 4.769315
652.336496 6.021758
655.090128 6.877900
657.843761 8.425741
660.597393 9.360186
663.351026 10.893628
666.104658 11.874070
668.858291 13.542110
671.611923 14.631054
674.365556 16.128897
677.119188 16.549742
679.872821 16.803583
682.626453 15.599426
685.380086 14.232269
688.133718 11.863212
690.887351 10.080554
693.640983 8.090898
696.394616 7.229440
699.148248 6.321283
701.901881 6.335327
704.655514 5.935168
707.409146 6.130012
710.162779 5.786352
712.916411 6.093596
715.670044 5.996038
718.423676 6.584981
721.177309 6.640424
723.930941 7.099466
726.684574 6.735808
729.438206 6.603753
732.191839 5.693595
734.945471 5.228738
737.699104 4.281860
740.452736 4.014453
743.206369 3.387230
745.960001 3.433887
748.713634 3.066460
751.467266 3.309495
754.220899 2.970696
756.974531 3.208456
759.728164 2.954331
762.481796 3.185007
765.235429 2.845717
767.989061 2.960969
770.742694 2.580033
773.496326 2.791944
776.249959 2.661378
779.003591 3.184964
781.757224 3.303853
784.510856 3.883715
787.264489 3.832088
790.018121 4.059021
792.771754 3.611024
795.525386 3.528867
798.279019 2.962278
801.032651 2.948865
803.786284 2.574874
806.539917 2.747957
809.293549 2.454180
812.047182 2.537622
814.800814 2.028296
817.554447 1.872418
820.308079 1.259661
823.061712 1.241804
825.815344 1.036646
828.568977 1.573989
831.322609 1.875382
834.076242 2.646974
836.829874 2.808618
839.583507 3.109949
842.337139 2.683553
845.090772 2.520655
847.844404 1.940198
850.598037 1.932800
853.351669 1.679973
856.105302 1.948125
858.858934 1.774328
861.612567 1.893611
864.366199 1.456844
867.119832 1.334186
869.873464 0.784829
872.627097 0.677572
875.380729 0.233315
878.134362 0.264557
880.887994 0.000000
883.641627 0.283319
886.395259 0.339340
889.148892 0.933058
891.902524 1.240478
894.656157 1.987357
897.409789 2.437107
900.163422 3.461196
902.917054 4.461156
905.670687 6.277777
908.424320 8.139693
911.177952 10.670013
913.931585 13.114533
916.685217 16.473154
919.438850 20.687773
922.192482 27.361393
924.946115 36.479008
927.699747 48.721626
930.453380 62.298244
933.207012 75.789864
935.960645 85.896477
938.714277 91.021103
941.467910 89.328712
944.221542 81.879333
946.975175 69.807961
949.728807 56.378582
952.482440 43.517204
955.236072 33.733826
957.989705 27.183445
960.743337 24.307066
963.496970 23.601685
966.250602 24.566303
969.004235 25.507923
971.757867 26.221544
974.511500 25.592161
977.265132 24.063784
980.018765 21.200401
982.772397 18.036024
985.526030 14.558644
988.279662 11.894763
991.033295 9.784782
993.786927 8.816602
996.540560 8.167822
999.294192 8.046542
1002.047825 7.621962
1004.801458 7.382380
1007.555090 6.908402
1010.308723 6.946619
1013.062355 7.079039
1015.815988 7.779459
1018.569620 8.290580
1021.323253 8.843197
1024.076885 8.699218
1026.830518 8.313938
1029.584150 7.291956
1032.337783 6.346076
1035.091415 5.188296
1037.845048 4.439417
1040.598680 3.637036
1043.352313 3.206856
1046.105945 2.587277
1048.859578 2.471785
1051.613210 2.074824
1054.366843 1.871175
1057.120475 1.451654
1059.874108 1.333574
1062.627740 1.148293
1065.381373 1.408713
1068.135005 1.727733
1070.888638 2.530154
1073.642270 3.309701
1076.395903 4.325491
1079.149535 4.953110
1081.903168 5.405030
1084.656800 5.167049
1087.410433 4.672069
1090.164065 3.709689
1092.917698 2.951398
1095.671330 2.294818
1098.424963 2.298347
1101.178595 2.599669
1103.932228 3.167027
1106.685861 3.639906
1109.439493 4.138225
1112.193126 4.161345
1114.946758 4.042965
1117.700391 3.533644
1120.454023 3.119774
1123.207656 2.604625
1125.961288 2.696763
1128.714921 2.810732
1131.468553 3.248693
1134.222186 3.646203
1136.975818 4.240221
1139.729451 4.635841
1142.483083 5.037660
1145.236716 5.071881
1147.990348 4.993100
1150.743981 4.542120
1153.497613 4.082540
1156.251246 3.452859
1159.004878 3.029739
1161.758511 2.613300
1164.512143 2.403238
1167.265776 2.190588
1170.019408 2.182137
1172.773041 2.095688
1175.526673 2.163327
1178.280306 2.167576
1181.033938 2.380905
1183.787571 2.618257
1186.541203 2.900535
1189.294836 3.210664
1192.048468 3.686115
1194.802101 4.001233
1197.555733 4.239453
1200.309366 4.130273
1203.062998 3.888791
1205.816631 3.442962
1208.570264 3.149111
1211.323896 2.972682
1214.077529 3.134430
1216.831161 3.377531
1219.584794 3.691310
1222.338426 3.737531
1225.092059 3.596609
1227.845691 3.186779
1230.599324 2.843868
1233.352956 2.629409
1236.106589 2.783458
1238.860221 3.129827
1241.613854 3.611207
1244.367486 3.877086
1247.121119 3.907705
1249.874751 3.608705
1252.628384 3.267865
1255.382016 3.018006
1258.135649 3.143604
1260.889281 3.578614
1263.642914 4.286623
1266.396546 4.950542
1269.150179 5.435464
1271.903811 5.539382
1274.657444 5.351002
1277.411076 4.918020
1280.164709 4.471140
1282.918341 4.090059
1285.671974 3.917980
1288.425606 3.920600
1291.179239 4.115520
1293.932871 4.389539
1296.686504 4.697259
1299.440136 4.916579
1302.193769 5.026898
1304.947402 5.008318
1307.701034 4.967637
1310.454667 5.013857
1313.208299 5.273076
1315.961932 5.753396
1318.715564 6.357715
1321.469197 6.899635
1324.222829 7.229855
1326.976462 7.372373
1329.730094 7.568793
1332.483727 8.257514
1335.237359 9.836832
1337.990992 12.507151
1340.744624 16.019571
1343.498257 19.781193
1346.251889 22.921810
1349.005522 24.722431
1351.759154 24.746050
1354.512787 23.147667
1357.266419 20.424290
1360.020052 17.401909
1362.773684 14.738528
1365.527317 12.938149
1368.280949 12.028367
1371.034582 11.886286
1373.788214 12.109404
1376.541847 12.472725
1379.295479 12.719246
1382.049112 12.919866
1384.802744 13.086484
1387.556377 13.472104
1390.310009 14.122725
1393.063642 15.241344
1395.817274 16.774963
1398.570907 18.864582
1401.324539 21.436203
1404.078172 24.659821
1406.831805 28.447439
1409.585437 32.877060
1412.339070 37.612679
1415.092702 42.397297
1417.846335 46.567913
1420.599967 49.731537
1423.353600 51.373154
1426.107232 51.556778
1428.860865 50.360394
1431.614497 48.380009
1434.368130 45.926636
1437.121762 43.483253
1439.875395 40.968876
1442.629027 38.444492
1445.382660 35.567120
1448.136292 32.434734
1450.889925 28.954355
1453.643557 25.553978
1456.397190 22.335594
1459.150822 19.717215
1461.904455 17.587833
1464.658087 16.095455
1467.411720 14.907074
1470.165352 14.101692
1472.918985 13.387313
1475.672617 12.952931
1478.426250 12.589351
1481.179882 12.531469
1483.933515 12.550989
1486.687147 12.847410
1489.440780 13.137032
1492.194412 13.579648
1494.948045 13.858270
1497.701677 14.158891
1500.455310 14.233507
1503.208943 14.409128
1505.962575 14.571749
1508.716208 15.131368
1511.469840 15.913987
1514.223473 17.136606
1516.977105 18.336224
1519.730738 19.492844
1522.484370 20.044466
1525.238003 20.093082
1527.991635 19.357706
1530.745268 18.289322
1533.498900 16.870941
1536.252533 15.660563
1539.006165 14.550182
1541.759798 13.898804
1544.513430 13.357422
1547.267063 13.115043
1550.020695 12.748660
1552.774328 12.502579
1555.527960 12.073000
1558.281593 11.855619
1561.035225 11.641338
1563.788858 11.837157
1566.542490 12.120078
1569.296123 12.710999
1572.049755 13.078617
1574.803388 13.323236
1577.557020 12.922857
1580.310653 12.156874
1583.064285 10.768896
1585.817918 9.311316
1588.571550 7.679337
1591.325183 6.429854
1594.078815 5.309275
1596.832448 4.672795
1599.586080 4.080115
1602.339713 3.804034
1605.093346 3.414844
1607.846978 3.279184
1610.600611 3.062463
1613.354243 3.199353
1616.107876 3.343452
1618.861508 3.862052
1621.615141 4.287471
1624.368773 4.877691
1627.122406 5.092111
1629.876038 5.214431
1632.629671 4.815749
1635.383303 4.370870
1638.136936 3.629429
1640.890568 3.177218
1643.644201 2.732972
1646.397833 2.740367
1649.151466 2.711777
1651.905098 2.940997
1654.658731 2.896507
1657.412363 2.962747
1660.165996 2.747033
1662.919628 2.751163
1665.673261 2.593015
1668.426893 2.706915
1671.180526 2.611104
1673.934158 2.710878
1676.687791 2.577054
1679.441423 2.729784
1682.195056 2.531583
1684.948688 2.731024
1687.702321 3.112182
1690.455953 3.623851
1693.209586 3.601712
1695.963218 3.391491
1698.716851 2.566450
1701.470483 1.789301
1704.224116 0.854360
1706.977749 0.458280
1709.731381 0.212799
1712.485014 0.532719
1715.238646 0.769139
1717.992279 1.226358
1720.745911 1.292778
1723.499544 1.417197
1726.253176 1.125217
1729.006809 0.954136
1731.760441 0.446356
1734.514074 0.146176
1737.267706 -0.388904
1740.021339 -0.571085
1742.774971 -0.830065
1745.528604 -0.619246
1748.282236 -0.489526
1751.035869 -0.027106
1753.789501 0.128913
1756.543134 0.420833
1759.296766 0.324452
1762.050399 0.433372
1764.804031 0.302591
1767.557664 0.505311
1770.311296 0.483131
1773.064929 0.705950
1775.818561 0.584470
1778.572194 0.675189
1781.325826 0.520409
1784.079459 0.774329
1786.833091 0.944948
1789.586724 1.536767
1792.340356 1.853977
1795.093989 2.279716
1797.847621 2.143406
1800.601254 2.017006
1803.354887 1.473566
1806.108519 1.276785
1808.862152 1.029405
1811.615784 1.372425
1814.369417 1.686044
1817.123049 2.414403
1819.876682 2.830143
1822.630314 3.398783
1825.383947 3.485642
1828.137579 3.676072
1830.891212 3.415702
1833.644844 3.338090
1836.398477 2.903480
1839.152109 2.765721
1841.905742 2.347179
1844.659374 2.349729
1847.413007 2.194808
1850.166639 2.455699
1852.920272 2.450518
1855.673904 2.691109
1858.427537 2.496367
1861.181169 2.465416
1863.934802 2.038977
1866.688434 1.932166
1869.442067 1.624635
1872.195699 1.791366
1874.949332 1.798535
1877.702964 2.206864
1880.456597 2.306374
1883.210229 2.667383
1885.963862 2.645723
1888.717494 2.906673
1891.471127 2.860115
1894.224759 3.171402
1896.978392 3.186212
1899.732024 3.498762
1902.485657 3.407241
1905.239290 3.527060
1907.992922 3.219120
1910.746555 3.180069
1913.500187 2.807054
1916.253820 2.783070
1919.007452 2.490998
1921.761085 2.510008
1924.514717 2.156577
1927.268350 2.111438
1930.021982 1.763167
1932.775615 1.847757
1935.529247 1.731206
1938.282880 2.062995
1941.036512 2.087056
1943.790145 2.382274
1946.543777 2.207724
1949.297410 2.260064
1952.051042 1.945384
1954.804675 2.070533
1957.558307 2.034713
1960.311940 2.530622
1963.065572 2.773574
1965.819205 3.307180
1968.572837 3.291632
1971.326470 3.353030
1974.080102 2.822294
1976.833735 2.527689
1979.587367 1.937370
1982.341000 1.915750
1985.094632 1.840499
1987.848265 2.409048
1990.601897 2.799700
1993.355530 3.562097
1996.109162 3.815037
1998.862795 4.176056
2001.616427 3.923177
2004.370060 3.883197
2007.123693 3.497456
2009.877325 3.654645
2012.630958 3.711425
2015.384590 4.371073
2018.138223 4.766593
2020.891855 5.449913
2023.645488 5.522034
2026.399120 5.642853
2029.152753 5.090971
2031.906385 4.708092
2034.660018 3.878011
2037.413650 3.467391
2040.167283 2.810952
2042.920915 2.521870
2045.674548 2.052380
2048.428180 2.144110
2051.181813 1.982779
2053.935445 2.228258
2056.689078 1.993899
2059.442710 1.941778
2062.196343 1.280909
2064.949975 0.864028
2067.703608 0.096847
2070.457240 -0.049733
2073.210873 -0.219513
2075.964505 0.362706
2078.718138 0.784526
2081.471770 1.626545
2084.225403 1.938974
2086.979035 2.448133
2089.732668 2.428713
2092.486300 2.789242
2095.239933 2.823344
2097.993565 3.458692
2100.747198 3.606302
2103.500831 3.881701
2106.254463 3.360981
2109.008096 2.852000
2111.761728 1.702661
2114.515361 0.949280
2117.268993 0.000000
2120.022626 -0.233612
2122.776258 -0.566424
2125.529891 -0.296936
2128.283523 -0.379648
2131.037156 -0.104360
2133.790788 -0.334572
2136.544421 -0.240785
2139.298053 -0.609696
2142.051686 -0.574308
2144.805318 -0.918120
2147.558951 -0.763533
2150.312583 -0.891145
2153.066216 -0.435357
2155.819848 -0.245569
2158.573481 0.437419
2161.327113 0.645807
2164.080746 1.086994
2166.834378 0.837482
2169.588011 0.754670
2172.341643 0.094358
2175.095276 -0.144655
2177.848908 -0.679566
2180.602541 -0.587278
2183.356173 -0.727890
2186.109806 -0.299402
2188.863438 -0.227615
2191.617071 0.299073
2194.370703 0.387161
2197.124336 0.878049
2199.877968 0.874837
2202.631601 1.219224
2205.385234 1.036512
2208.138866 1.241900
2210.892499 1.039988
2213.646131 1.390176
2216.399764 1.441664
2219.153396 2.017791
2221.907029 2.100490
2224.660661 2.426129
2227.414294 1.991205
2230.167926 1.754654
2232.921559 0.978391
2235.675191 0.760080
2238.428824 0.358167
2241.182456 0.703855
2243.936089 0.794643
2246.689721 1.355080
2249.443354 1.319219
2252.196986 1.529067
2254.950619 1.130795
2257.704251 1.170283
2260.457884 0.870071
2263.211516 1.209458
2265.965149 1.231946
2268.718781 1.736744
2271.472414 1.659382
2274.226046 1.821189
2276.979679 1.274788
2279.733311 1.012186
2282.486944 0.225173
2285.240576 -0.017738
2287.994209 -0.545151
2290.747841 -0.377663
2293.501474 -0.485175
2296.255106 -0.017387
2299.008739 -0.030799
2301.762372 0.333689
2304.516004 0.111277
2307.269637 0.315064
2310.023269 0.109753
2312.776902 0.556141
2315.530534 0.730728
2318.284167 1.514896
2321.037799 1.783973
2323.791432 2.318992
2326.545064 2.044580
2329.298697 1.964895
2332.052329 1.232705
2334.805962 1.017753
2337.559594 0.507031
2340.313227 0.723919
2343.066859 0.609207
2345.820492 0.980165
2348.574124 0.695182
2351.327757 0.660170
2354.081389 -0.073741
2356.835022 -0.382753
2359.588654 -1.084865
2362.342287 -1.043377
2365.095919 -1.191089
2367.849552 -0.564702
2370.603184 -0.281214
2373.356817 0.501474
2376.110449 0.622462
2378.864082 0.981800
2381.617714 0.542837
2384.371347 0.373526
2387.124979 -0.421487
2389.878612 -0.690198
2392.632244 -1.344811
2395.385877 -1.319123
2398.139509 -1.651935
2400.893142 -1.367447
2403.646775 -1.538659
2406.400407 -1.152372
2409.154040 -1.228483
2411.907672 -0.714695
2414.661305 -0.648607
2417.414937 -0.019920
2420.168570 0.087168
2422.922202 0.684456
2425.675835 0.721433
2428.429467 1.262191
2431.183100 1.266960
2433.936732 1.770047
2436.690365 1.664751
2439.443997 1.949823
2442.197630 1.537185
2444.951262 1.518178
2447.704895 0.907017
2450.458527 0.862114
2453.212160 0.370923
2455.965792 0.503011
2458.719425 0.135399
2461.473057 0.291687
2464.226690 -0.120926
2466.980322 0.021362
2469.733955 -0.289249
2472.487587 0.099038
2475.241220 0.111126
2477.994852 0.790933
2480.748485 0.960451
2483.502117 1.634919
2486.255750 1.669507
2489.009382 2.157085
2491.763015 2.003303
2494.516647 2.313621
2497.270280 1.958848
2500.023912 2.022156
2502.777545 1.384606
2505.531178 1.210151
2508.284810 0.455830
2511.038443 0.342968
2513.792075 -0.176344
2516.545708 0.040144
2519.299340 -0.184168
2522.052973 0.192821
2524.806605 -0.046092
2527.560238 0.197796
2530.313870 -0.185016
2533.067503 0.027072
2535.821135 -0.218541
2538.574768 0.275816
2541.328400 0.342955
2544.082033 1.046692
2546.835665 1.117419
2549.589298 1.622779
2552.342930 1.388686
2555.096563 1.640684
2557.850195 1.321211
2560.603828 1.678930
2563.357460 1.547207
2566.111093 2.006246
2568.864725 1.739954
2571.618358 1.810472
2574.371990 1.024160
2577.125623 0.672266
2579.879255 -0.237134
2582.632888 -0.328247
2585.386520 -0.692458
2588.140153 -0.170471
2590.893785 -0.096783
2593.647418 0.555705
2596.401050 0.468602
2599.154683 0.826090
2601.908316 0.494429
2604.661948 0.787716
2607.415581 0.568214
2610.169213 1.046332
2612.922846 0.930090
2615.676478 1.331647
2618.430111 0.951497
2621.183743 0.905218
2623.937376 0.146041
2626.691008 0.033499
2629.444641 -0.535752
2632.198273 -0.257364
2634.951906 -0.391177
2637.705538 0.193721
2640.459171 0.105849
2643.212803 0.470496
2645.966436 0.007725
2648.720068 0.044503
2651.473701 -0.522749
2654.227333 -0.288262
2656.980966 -0.439673
2659.734598 0.238094
2662.488231 0.338892
2665.241863 0.967120
2667.995496 0.755192
2670.749128 0.993396
2673.502761 0.525863
2676.256393 0.784488
2679.010026 0.594129
2681.763658 1.245836
2684.517291 1.368006
2687.270923 2.123892
2690.024556 2.116580
2692.778188 2.592768
2695.531821 2.258356
2698.285453 2.439044
2701.039086 1.852533
2703.792719 1.818720
2706.546351 1.057168
2709.299984 0.939826
2712.053616 0.240744
2714.807249 0.357791
2717.560881 0.000000
2720.314514 0.456471
2723.068146 0.285991
2725.821779 0.709871
2728.575411 0.343260
2731.329044 0.545695
2734.082676 0.065982
2736.836309 0.337343
2739.589941 0.069673
2742.343574 0.601595
2745.097206 0.638566
2747.850839 1.393714
2750.604471 1.503085
2753.358104 2.336574
2756.111736 2.538346
2758.865369 3.430116
2761.619001 3.559385
2764.372634 4.195157
2767.126266 3.912827
2769.879899 4.117298
2772.633531 3.544567
2775.387164 3.716538
2778.140796 3.353908
2780.894429 3.855780
2783.648061 3.759349
2786.401694 4.338420
2789.155326 4.104392
2791.908959 4.424062
2794.662591 3.934731
2797.416224 4.105801
2800.169856 3.587072
2802.923489 3.809442
2805.677122 3.366014
2808.430754 3.687683
2811.184387 3.409854
2813.938019 4.029124
2816.691652 4.187493
2819.445284 5.320664
2822.198917 5.942735
2824.952549 7.383003
2827.706182 8.110676
2830.459814 9.508945
2833.213447 10.131216
2835.967079 11.427188
2838.720712 11.932557
2841.474344 13.037928
2844.227977 13.227299
2846.981609 13.936669
2849.735242 13.779038
2852.488874 14.351410
2855.242507 14.320780
2857.996139 15.194149
2860.749772 15.419518
2863.503404 16.311890
2866.257037 16.275261
2869.010669 16.806631
2871.764302 16.612001
2874.517934 17.441372
2877.271567 18.014742
2880.025199 19.851110
2882.778832 21.308481
2885.532464 23.657852
2888.286097 25.254225
2891.039729 27.619596
2893.793362 29.405964
2896.546994 32.300331
2899.300627 34.913704
2902.054260 38.863075
2904.807892 42.904446
2907.561525 49.184811
2910.315157 57.182182
2913.068790 69.476547
2915.822422 85.084915
2918.576055 104.953300
2921.329687 125.545647
2924.083320 145.248016
2926.836952 159.010406
2929.590585 165.622772
2932.344217 162.475143
2935.097850 152.007492
2937.851482 135.239883
2940.605115 116.992256
2943.358747 98.737617
2946.112380 83.977997
2948.866012 71.888367
2951.619645 63.785736
2954.373277 57.403111
2957.126910 53.622478
2959.880542 50.428852
2962.634175 49.180222
2965.387807 48.151592
2968.141440 48.710960
2970.895072 48.970329
2973.648705 50.189701
2976.402337 50.519070
2979.155970 51.403446
2981.909602 51.194809
2984.663235 51.475185
2987.416867 50.636559
2990.170500 50.287930
2992.924132 48.876297
2995.677765 48.137661
2998.431397 46.649040
3001.185030 46.213406
3003.938663 45.343777
3006.692295 45.686146
3009.445928 45.532516
3012.199560 46.345886
3014.953193 46.294258
3017.706825 46.806629
3020.460458 46.077999
3023.214090 45.638367
3025.967723 43.839745
3028.721355 42.424110
3031.474988 39.947479
3034.228620 38.305855
3036.982253 36.074223
3039.735885 35.041595
3042.489518 33.575966
3045.243150 33.268333
3047.996783 32.354710
3050.750415 32.416077
3053.504048 31.746447
3056.257680 32.009819
3059.011313 31.529192
3061.764945 31.952560
3064.518578 31.542931
3067.272210 31.914301
3070.025843 31.327671
3072.779475 31.436045
3075.533108 30.541410
3078.286740 30.337780
3081.040373 29.156153
3083.794005 28.745525
3086.547638 27.509897
3089.301270 27.286261
3092.054903 26.506634
3094.808535 26.946005
3097.562168 26.857376
3100.315801 27.795742
3103.069433 27.829115
3105.823066 28.485485
3108.576698 27.962854
3111.330331 28.043228
3114.083963 27.161598
3116.837596 27.220968
3119.591228 26.593338
3122.344861 26.988707
3125.098493 26.551079
3127.852126 26.866451
3130.605758 26.096819
3133.359391 25.986187
3136.113023 24.887562
3138.866656 24.683929
3141.620288 23.746302
3144.373921 23.883671
3147.127553 23.337046
3149.881186 23.822414
3152.634818 23.532782
3155.388451 24.190151
3158.142083 23.993523
3160.895716 24.674894
3163.649348 24.428265
3166.402981 25.014633
3169.156613 24.694010
3171.910246 25.326378
3174.663878 25.242748
3177.417511 26.302116
3180.171143 26.723486
3182.924776 28.199856
3185.678408 28.784227
3188.432041 30.104597
3191.185673 30.260967
3193.939306 31.024336
3196.692938 30.641712
3199.446571 30.980082
3202.200204 30.290453
3204.953836 30.399822
3207.707469 29.515192
3210.461101 29.471561
3213.214734 28.502930
3215.968366 28.466303
3218.721999 27.548676
3221.475631 27.517046
3224.229264 26.470413
3226.982896 26.181782
3229.736529 24.870155
3232.490161 24.510529
3235.243794 23.473894
3237.997426 23.742268
3240.751059 23.490635
3243.504691 24.390007
3246.258324 24.333376
3249.011956 24.897749
3251.765589 24.118116
3254.519221 23.901487
3257.272854 22.617857
3260.026486 22.363230
3262.780119 21.453602
3265.533751 21.755970
3268.287384 21.301340
3271.041016 21.776712
3273.794649 21.200083
3276.548281 21.405451
3279.301914 20.597820
3282.055546 20.738194
3284.809179 20.034563
3287.562811 20.358934
3290.316444 19.795303
3293.070076 20.141674
3295.823709 19.484047
3298.577341 19.693417
3301.330974 18.926786
3304.084607 19.106155
3306.838239 18.381527
3309.591872 18.646898
3312.345504 18.023270
3315.099137 18.408638
3317.852769 17.944010
3320.606402 18.546381
3323.360034 18.337749
3326.113667 19.175121
3328.867299 19.088491
3331.620932 19.865860
3334.374564 19.521233
3337.128197 19.911600
3339.881829 19.176971
3342.635462 19.323345
3345.389094 18.590715
3348.142727 19.013086
3350.896359 18.769455
3353.649992 19.785822
3356.403624 20.119194
3359.157257 21.605562
3361.910889 22.240934
3364.664522 23.824306
3367.418154 24.321674
3370.171787 25.529049
3372.925419 25.447416
3375.679052 25.981787
3378.432684 25.298159
3381.186317 25.482527
3383.939949 24.810898
3386.693582 25.353270
3389.447214 25.223640
3392.200847 26.261011
3394.954479 26.373379
3397.708112 27.317751
3400.461745 27.064117
3403.215377 27.532494
3405.969010 26.856859
3408.722642 27.047230
3411.476275 26.221601
3414.229907 26.324972
3416.983540 25.421343
3419.737172 25.462713
3422.490805 24.564085
3425.244437 24.725454
3427.998070 24.048824
3430.751702 24.465193
3433.505335 23.988565
3436.258967 24.511936
3439.012600 24.078308
3441.766232 24.652678
3444.519865 24.325047
3447.273497 25.039417
3450.027130 24.819788
3452.780762 25.591156
3455.534395 25.480532
3458.288027 26.663898
3461.041660 27.552271
3463.795292 30.458637
3466.548925 33.614010
3469.302557 38.808376
3472.056190 43.544754
3474.809822 48.959118
3477.563455 52.237492
3480.317087 54.689861
3483.070720 54.109230
3485.824352 52.625603
3488.577985 48.785965
3491.331617 45.196346
3494.085250 40.517715
3496.838882 37.166084
3499.592515 33.433456
3502.346148 31.329826
3505.099780 28.809195
3507.853413 27.669563
3510.607045 25.787941
3513.360678 25.009308
3516.114310 23.329679
3518.867943 22.726048
3521.621575 21.279419
3524.375208 20.989792
3527.128840 19.924158
3529.882473 20.082529
3532.636105 19.577900
3535.389738 20.471273
3538.143370 20.867641
3540.897003 22.690012
3543.650635 23.801382
3546.404268 25.929752
3549.157900 26.994122
3551.911533 29.148495
3554.665165 30.991861
3557.418798 35.261234
3560.172430 40.597599
3562.926063 48.948971
3565.679695 57.447338
3568.433328 66.354706
3571.186960 71.706078
3573.940593 73.873451
3576.694225 70.335823
3579.447858 63.749195
3582.201490 53.836563
3584.955123 44.578938
3587.708755 35.661304
3590.462388 29.846682
3593.216020 25.095047
3595.969653 22.728420
3598.723285 20.064793
3601.476918 18.609161
3604.230551 16.309530
3606.984183 15.250904
3609.737816 13.579275
3612.491448 13.191644
3615.245081 11.913014
3617.998713 11.469385
3620.752346 9.806555
3623.505978 8.969227
3626.259611 7.214797
3629.013243 6.694868
3631.766876 5.532437
3634.520508 5.615808
3637.274141 4.852877
3640.027773 5.071749
3642.781406 4.272220
3645.535038 4.421690
3648.288671 3.609260
3651.042303 3.798631
3653.795936 3.030501
3656.549568 3.239070
3659.303201 2.497743
3662.056833 2.801412
3664.810466 2.256462
3667.564098 2.810354
3670.317731 2.462423
3673.071363 3.049694
3675.824996 2.535964
3678.578628 2.817435
3681.332261 1.987495
3684.085893 2.064626
3686.839526 1.207396
3689.593158 1.417018
3692.346791 1.419388
3695.100423 1.776048
3697.854056 1.272937
3700.607689 1.808527
3703.361321 1.417499
3706.114954 1.980949
3708.868586 1.533420
3711.622219 1.976319
3714.375851 1.395653
3717.129484 1.740440
3719.883116 1.118381
3722.636749 1.445463
3725.390381 0.948861
3728.144014 1.320152
3730.897646 0.628553
3733.651279 0.822823
3736.404911 0.085815
3739.158544 0.432984
3741.912176 0.029155
3744.665809 0.772545
3747.419441 0.677836
3750.173074 1.521624
3752.926706 1.293885
3755.680339 1.833497
3758.433971 1.251917
3761.187604 1.494729
3763.941236 0.739068
3766.694869 0.933448
3769.448501 0.231559
3772.202134 0.543320
3774.955766 0.000000
3777.709399 0.405609
3780.463031 -0.033281
3783.216664 0.558299
3785.970296 0.304459
3788.723929 1.077707
3791.477561 1.000359
3794.231194 1.915459
3796.984826 1.889877
3799.738459 2.699387
3802.492092 2.400397
3805.245724 2.819507
3807.999357 2.147316
3810.752989 2.358226
3813.506622 1.744736
3816.260254 2.254545
3819.013887 2.039055
3821.767519 2.836565
3824.521152 2.643275
3827.274784 3.160785
3830.028417 2.503995
3832.782049 2.565404
3835.535682 1.641713
3838.289314 1.692224
3841.042947 0.966133
3843.796579 1.288543
3846.550212 0.791353
3849.303844 1.238163
3852.057477 0.783773
3854.811109 1.235283
3857.564742 0.779692
3860.318374 1.199102
3863.072007 0.644310
3865.825639 0.877522
3868.579272 0.107731
3871.332904 0.202040
3874.086537 -0.510659
3876.840169 -0.125341
3879.593802 -0.373730
3882.347434 0.482979
3885.101067 0.538790
3887.854699 1.413398
3890.608332 1.216208
3893.361964 1.682318
3896.115597 1.094729
3898.869230 1.309738
3901.622862 0.649048
3904.376495 0.900858
3907.130127 0.292468
3909.883760 0.535178
3912.637392 -0.132913
3915.391025 0.062197
3918.144657 -0.551194
3920.898290 -0.171484
3923.651922 -0.509974
3926.405555 0.118535
3929.159187 -0.103654
3931.912820 0.447455
3934.666452 -0.000435
3937.420085 0.279773
3940.173717 -0.351717
3942.927350 -0.097306
3945.680982 -0.591795
3948.434615 -0.115088
3951.188247 -0.388577
3953.941880 0.228733
3956.695512 -0.002358
3959.449145 0.562752
3962.202777 0.219561
3964.956410 0.633271
3967.710042 0.141983
3970.463675 0.457891
3973.217307 0.000000
3975.970940 0.106241
3978.724572 -0.392018
3981.478205 0.118621
3984.231837 -0.194040
3986.985470 0.000000
3989.739102 0.285774
3992.492735 0.466853
3995.246367 -1.122869
3998.000000 0.000000
