100.28	29.3204
101.95	25.9587
103.62	21.2354
105.29	17.6611
106.961	29.2893
108.631	25.9276
110.301	21.2043
111.971	17.63
113.641	13.4758
115.312	11.5737
116.982	10
118.652	11.3646
120.322	13.0524
121.992	17.1587
123.662	20.4318
125.333	24.8493
127.003	27.1703
128.673	29.9335
130.343	30.4167
132.013	31.8525
133.683	31.7584
135.354	33.4414
137.024	33.9405
138.694	36.0665
140.364	36.2109
142.034	36.9944
143.704	34.8826
145.375	33.1712
147.045	29.1027
148.715	27.4382
150.385	25.2271
152.055	26.5895
153.725	28.3304
155.396	33.4605
157.066	37.523
158.736	42.7941
160.406	44.7392
162.076	46.5243
163.746	45.073
165.417	45.264
167.087	45.2092
168.757	50.0665
170.427	56.9499
172.097	69.0906
173.767	81.3297
175.438	95.347
177.108	106.074
178.778	117.629
180.448	129.673
182.118	152.569
183.788	192.195
185.459	263.139
187.129	371.677
188.799	527.726
190.469	727.676
192.139	967.406
193.809	1227.52
195.48	1489.44
197.15	1723.85
198.82	1908.88
200.49	2020.27
202.16	2049.14
203.83	1989.72
205.501	1853.83
207.171	1655.49
208.841	1421.39
210.511	1173.37
212.181	937.773
213.851	728.665
215.522	559.673
217.192	430.272
218.862	339.981
220.532	277.746
222.202	237.152
223.872	206.287
225.543	181.582
227.213	156.543
228.883	133.234
230.553	109.892
232.223	91.0785
233.893	75.5791
235.564	66.5337
237.234	60.7382
238.904	59.1813
240.574	57.6045
242.244	56.7787
243.914	53.5251
245.585	49.9494
247.255	44.5138
248.925	40.1525
250.595	35.7474
252.265	33.6044
253.935	31.8903
255.606	31.7931
257.276	31.0389
258.946	30.5207
260.616	28.574
262.286	26.2144
263.956	23.192
265.627	21.2709
267.297	20.062
268.967	20.7141
270.637	22.3099
272.307	24.9184
273.977	27.1512
275.648	28.504
277.318	34.4784
278.988	38.2659
280.658	39.7777
282.328	39.2511
283.998	37.4226
285.669	34.5603
287.339	31.6488
289.009	28.4418
290.679	28.253
292.349	27.805
294.019	28.051
295.69	27.7902
297.36	28.345
299.03	28.3952
300.7	26.0886
302.37	23.6113
304.04	23.147
305.711	22.9236
307.381	25.3823
309.051	28.3485
310.721	23.8319
312.391	19.8285
314.061	19.1292
315.732	18.5484
317.402	20.9598
319.072	22.5897
320.742	26.4431
322.412	28.2863
324.082	34.8906
325.753	38.4071
327.423	42.8048
329.093	43.593
330.763	45.3938
332.433	43.567
334.103	43.2141
335.774	39.3245
337.444	37.3066
339.114	31.6847
340.784	28.2008
342.454	26.3312
344.124	27.0029
345.795	24.1455
347.465	24.5349
349.135	21.787
350.805	23.0604
352.475	21.4373
354.145	24.2684
355.816	23.9801
357.486	28.123
359.156	24.5229
360.826	25.2055
362.496	21.7431
364.166	22.701
365.837	19.4148
367.507	21.0203
369.177	18.4689
370.847	21.2688
372.517	19.7795
374.187	23.7446
375.858	22.8861
377.528	27.2569
379.198	26.0964
380.868	29.9783
382.538	27.8524
384.208	30.956
385.879	27.9908
387.549	32.3989
389.219	30.8897
390.889	35.7267
392.559	34.6075
394.229	40.0524
395.9	39.0634
397.57	44.4343
399.24	42.5813
400.91	46.7608
402.58	43.0239
404.25	45.3122
405.921	39.4676
407.591	40.1879
409.261	33.0714
410.931	33.4442
412.601	26.46
414.271	27.8587
415.942	22.7167
417.612	26.4938
419.282	23.0074
420.952	28.5854
422.622	26.4163
424.292	33.2189
425.963	31.621
427.633	38.7755
429.303	36.7671
430.973	43.2035
432.643	39.6769
434.313	44.3563
435.984	38.5013
437.654	41.0353
439.324	33.0537
440.994	34.3235
442.664	25.7363
444.334	27.7187
446.005	20.0833
447.675	24.113
449.345	19.3343
451.015	26.5349
452.685	24.3488
454.355	33.7839
456.026	32.8842
457.696	43.2496
459.366	42.6811
461.036	53.6074
462.706	53.6698
464.376	66.0636
466.047	68.1155
467.717	83.5951
469.387	89.3489
471.057	109.604
472.727	120.647
474.397	147.066
476.068	164.454
477.738	197.584
479.408	221.174
481.078	260.152
482.748	288.659
484.418	332.396
486.089	365.945
487.759	417.098
489.429	462.069
491.099	531.413
492.769	602.786
494.439	708.018
496.11	823.356
497.78	978.044
499.45	1142.63
501.12	1339.8
502.79	1532.05
504.46	1735.28
506.131	1905.88
507.801	2058.17
509.471	2149.48
511.141	2200
512.811	2175.41
514.481	2107.1
516.152	1971.63
517.822	1810.85
519.492	1608.12
521.162	1409.16
522.832	1196.7
524.502	1013.13
526.173	834.251
527.843	695.467
529.513	565.135
531.183	473.14
532.853	383.499
534.523	324.767
536.194	260.607
537.864	221.321
539.534	172.077
541.204	145.416
542.874	107.485
544.544	91.8839
546.215	64.4546
547.885	58.9155
549.555	40.2874
551.225	42.3497
552.895	29.6431
554.565	36.445
556.236	27.1978
557.906	34.3458
559.576	24.7034
561.246	33.6862
562.916	25.2271
564.586	35.0208
566.257	26.5959
567.927	36.0212
569.597	26.6209
571.267	35.0266
572.937	24.4893
574.607	32.1957
576.278	21.212
577.948	29.0739
579.618	18.4594
581.288	27.0811
582.958	18.5051
584.628	29.2673
586.299	21.1938
587.969	32.3962
589.639	24.3569
591.309	35.4075
592.979	26.6724
594.649	36.6841
596.32	26.2626
597.99	34.2528
599.66	21.3723
