117.5	163.404
118	159.622
118.5	156.531
119	154.096
119.5	152.327
120	151.229
120.5	150.921
121	151.069
121.5	151.251
122	151.127
122.5	150.636
123	149.84
123.5	148.965
124	148.175
124.5	147.489
125	146.888
125.5	146.458
126	146.559
126.5	147.594
127	149.901
127.5	153.498
128	158.051
128.5	163.343
129	169.024
129.5	174.986
130	181.301
130.5	187.889
131	194.605
131.5	201.137
132	207.244
132.5	212.994
133	218.816
133.5	225.136
134	232.418
134.5	240.396
135	248.311
135.5	255.041
136	259.97
136.5	262.425
137	262.589
137.5	261.01
138	258.18
138.5	254.592
139	250.128
139.5	244.374
140	237.095
140.5	228.034
141	217.742
141.5	206.88
142	196.064
142.5	185.728
143	175.985
143.5	166.444
144	156.645
144.5	146.319
145	135.556
145.5	124.796
146	114.908
146.5	106.232
147	98.8162
147.5	92.5196
148	86.7208
148.5	81.0539
149	75.4555
149.5	70.2241
150	65.9196
150.5	62.7811
151	60.8226
151.5	59.8937
152	59.1342
152.5	58.0145
153	56.1651
153.5	53.5755
154	50.2554
154.5	46.5173
155	42.7075
155.5	39.1424
156	36.0316
156.5	33.6083
157	32.081
157.5	31.2994
158	31.0172
158.5	30.8566
159	30.5035
159.5	29.6207
160	28.1677
160.5	26.2452
161	24.0973
161.5	22.0128
162	20.2688
162.5	19.0624
163	18.4486
163.5	18.3292
164	18.3416
164.5	18.1825
165	17.5318
165.5	16.3418
166	14.7227
166.5	13.1137
167	11.8664
167.5	11.3231
168	11.4406
168.5	12.054
169	12.7859
169.5	13.2691
170	13.2967
170.5	12.8371
171	12.0496
171.5	11.139
172	10.4024
172.5	10
173	10
173.5	10.2715
174	10.795
174.5	11.3417
175	11.6845
175.5	11.6705
176	11.3339
176.5	10.7962
177	10.2622
177.5	10
178	10.1876
178.5	10.9112
179	12.0216
179.5	13.3324
180	14.5097
180.5	15.2137
181	15.1425
181.5	14.4823
182	13.4525
182.5	12.4525
183	11.8701
183.5	12.0673
184	12.854
184.5	13.8604
185	14.6538
185.5	14.9696
186	14.7502
186.5	14.2482
187	13.9916
187.5	14.3441
188	15.3795
188.5	16.855
189	18.3654
189.5	19.4218
190	19.8947
190.5	19.9356
191	20.0128
191.5	20.5926
192	22.0138
192.5	24.1475
193	26.4828
193.5	28.364
194	29.3324
194.5	28.9652
195	27.5787
195.5	25.5413
196	23.4513
196.5	21.6145
197	20.1267
197.5	18.8219
198	17.4965
198.5	15.9659
199	14.3465
199.5	12.8127
200	11.567
200.5	10.6746
201	10.1817
201.5	10
202	10
202.5	10.1725
203	10.5302
203.5	11.0237
204	11.4957
204.5	11.7117
205	11.487
205.5	10.9112
206	10.2608
206.5	10
207	10.1776
207.5	11.3757
208	13.4503
208.5	15.8251
209	17.9871
209.5	19.4762
210	20.1318
210.5	19.8095
211	18.9505
211.5	17.898
212	16.9009
212.5	16.063
213	15.3849
213.5	14.7715
214	14.1234
214.5	13.4198
215	12.7215
215.5	12.1105
216	11.7035
216.5	11.5362
217	11.6619
217.5	12.0738
218	12.7319
218.5	13.6465
219	14.7296
219.5	15.8563
220	16.7451
220.5	17.2168
221	17.125
221.5	16.4691
222	15.4981
222.5	14.5148
223	13.9074
223.5	13.845
224	14.35
224.5	15.072
225	15.673
225.5	15.7637
226	15.1991
226.5	14.0478
227	12.7716
227.5	11.8066
228	11.6336
228.5	12.2497
229	13.4654
229.5	14.6854
230	15.2965
230.5	14.9152
231	13.6383
231.5	11.9482
232	10.5278
232.5	10
233	10.2526
233.5	11.321
234	12.5864
234.5	13.5844
235	14.0573
235.5	14.1287
236	14.16
236.5	14.4582
237	15.0399
237.5	15.6754
238	15.9845
238.5	15.5974
239	14.3473
239.5	12.6575
240	11.0428
240.5	10.0448
241	10
241.5	11.165
242	13.2225
242.5	15.6432
243	17.7205
243.5	19.0463
244	19.3405
244.5	18.8634
245	18.1056
245.5	17.7982
246	18.188
246.5	19.196
247	20.3931
247.5	21.2357
248	21.27
248.5	20.5037
249	19.4501
249.5	18.8305
250	19.0359
250.5	20.209
251	22.2154
251.5	24.5144
252	26.6136
252.5	28.2567
253	29.504
253.5	30.5118
254	31.5831
254.5	32.9588
255	34.8942
255.5	37.3195
256	40.0535
256.5	42.7843
257	45.234
257.5	47.165
258	48.688
258.5	50.1186
259	51.9361
259.5	54.2543
260	56.939
260.5	59.5214
261	61.5257
261.5	62.5407
262	62.8878
262.5	63.355
263	64.8851
263.5	67.7308
264	71.8425
264.5	76.5264
265	80.6385
265.5	83.0135
266	83.4115
266.5	82.1116
267	79.3956
267.5	76.1522
268	72.8837
268.5	69.9739
269	67.4015
269.5	65.0167
270	62.5633
270.5	59.8434
271	56.672
271.5	53.1789
272	49.6524
272.5	46.563
273	44.1274
273.5	42.4337
274	41.1766
274.5	39.87
275	37.9092
275.5	35.1115
276	31.751
276.5	28.3282
277	25.3673
277.5	23.2592
278	22.0592
278.5	21.4837
279	21.1922
279.5	20.859
280	20.3656
280.5	19.6375
281	18.6979
281.5	17.5123
282	16.0902
282.5	14.5959
283	13.3098
283.5	12.4699
284	12.1777
284.5	12.4441
285	12.9123
285.5	13.2446
286	13.2554
286.5	13.1266
287	13.2206
287.5	13.8765
288	15.1911
288.5	17.0648
289	18.8608
289.5	19.9845
290	20.0792
290.5	19.3903
291	18.309
291.5	17.4551
292	17.2304
292.5	17.8904
293	18.8724
293.5	19.6346
294	19.6589
294.5	18.9234
295	17.6239
295.5	16.3568
296	15.7823
296.5	16.4593
297	18.1698
297.5	20.5869
298	23.243
298.5	25.68
299	27.6463
299.5	29.1513
300	30.4423
300.5	31.7036
301	33.0253
301.5	34.4139
302	35.8771
302.5	37.4522
303	39.2852
303.5	41.4713
304	43.8751
304.5	46.1896
305	47.999
305.5	48.9871
306	48.8386
306.5	47.9258
307	46.7427
307.5	45.8747
308	45.5444
308.5	45.7454
309	46.0998
309.5	46.2159
310	45.6852
310.5	44.6104
311	43.2792
311.5	42.0121
312	40.9746
312.5	40.1809
313	39.4714
313.5	38.694
314	37.7841
314.5	36.8817
315	36.1052
315.5	35.488
316	34.8884
316.5	34.0736
317	32.8395
317.5	31.1595
318	29.2197
318.5	27.3858
319	25.9234
319.5	25.0459
320	24.6561
320.5	24.6746
321	24.9423
321.5	25.3177
322	25.7103
322.5	26.0147
323	26.105
323.5	25.7889
324	25.0645
324.5	23.971
325	22.7656
325.5	21.783
326	21.3137
326.5	21.3765
327	21.8407
327.5	22.4666
328	22.909
328.5	22.8316
329	22.0217
329.5	20.5958
330	18.6788
330.5	16.6548
331	14.9111
331.5	13.9705
332	13.9252
332.5	14.7494
333	16.0094
333.5	17.1764
334	17.8494
334.5	17.9162
335	17.5127
335.5	16.7971
336	15.9631
336.5	14.9767
337	13.7201
337.5	12.2653
338	10.8805
338.5	10.0196
339	10
339.5	10.7803
340	12.0881
340.5	13.1942
341	13.455
341.5	12.9313
342	12.0309
342.5	11.552
343	12.0786
343.5	14.0301
344	16.8158
344.5	19.6751
345	21.9665
345.5	23.5906
346	24.6607
346.5	25.4938
347	26.3152
347.5	27.0624
348	27.5322
348.5	27.6563
349	27.5576
349.5	27.609
350	28.1785
350.5	29.5259
351	31.5573
351.5	34.2001
352	37.1691
352.5	40.3446
353	43.6982
353.5	47.1131
354	50.4552
354.5	53.548
355	56.3373
355.5	58.8283
356	61.1472
356.5	63.2868
357	64.9589
357.5	65.9262
358	65.9449
358.5	64.9584
359	63.431
359.5	61.8384
360	60.446
360.5	59.0722
361	57.166
361.5	54.3512
362	50.5235
362.5	46.0005
363	41.6349
363.5	38.2012
364	35.8566
364.5	34.1783
365	32.6581
365.5	30.8965
366	28.9118
366.5	27.1066
367	25.9193
367.5	25.5058
368	25.4087
368.5	24.9994
369	23.7224
369.5	21.6384
370	19.1812
370.5	17.0874
371	15.8835
371.5	15.7522
372	16.3234
372.5	17.0681
373	17.6875
373.5	18.1679
374	18.6864
374.5	19.4912
375	20.5509
375.5	21.6123
376	22.2654
376.5	22.3583
377	21.8978
377.5	21.2424
378	20.797
378.5	21.0131
379	21.9093
379.5	23.3498
380	24.9445
380.5	26.3443
381	27.3465
381.5	27.9902
382	28.4816
382.5	29.0899
383	29.9849
383.5	31.1586
384	32.2781
384.5	32.9009
385	32.5298
385.5	30.9288
386	28.2942
386.5	24.9167
387	21.4713
387.5	18.4873
388	16.3432
388.5	14.7756
389	13.5382
389.5	12.3747
390	11.2351
390.5	10.3474
391	10
391.5	10.0992
392	10.9987
392.5	12.1476
393	13.1514
393.5	13.7464
394	14.0272
394.5	14.2741
395	14.8365
395.5	15.8515
396	17.2342
396.5	18.5065
397	19.3378
397.5	19.6646
398	19.8422
398.5	20.4026
399	21.7911
399.5	24.0826
400	27.0838
400.5	29.9649
401	32.0044
401.5	32.7053
402	32.3427
402.5	31.3588
403	30.5494
403.5	30.5333
404	31.9044
404.5	34.5005
405	38.0102
405.5	42.0226
406	46.1733
406.5	50.3533
407	54.5564
407.5	58.7976
408	63.0397
408.5	67.1823
409	71.1175
409.5	74.797
410	78.3152
410.5	81.6724
411	84.7314
411.5	87.2422
412	88.6441
412.5	88.6546
413	87.1466
413.5	83.9214
414	79.7381
414.5	75.0118
415	70.2114
415.5	65.7032
416	61.855
416.5	58.8316
417	56.6473
417.5	55.2702
418	54.0942
418.5	52.5276
419	50.1131
419.5	46.9816
420	43.5783
420.5	40.6704
421	38.773
421.5	38.2193
422	38.3339
422.5	38.3244
423	37.5101
423.5	36.0168
424	34.3588
424.5	33.2723
425	33.0892
425.5	33.7569
426	34.4661
426.5	34.4368
427	33.0096
427.5	30.7173
428	28.2412
428.5	26.3627
429	25.391
429.5	25.3637
430	25.7365
430.5	26.0605
431	26.0073
431.5	25.6231
432	25.0455
432.5	24.3937
433	23.7038
433.5	22.9904
434	22.3472
434.5	21.9317
435	21.9937
435.5	22.5263
436	23.4717
436.5	24.5939
437	25.7046
437.5	26.744
438	27.7117
438.5	28.5458
439	28.9444
439.5	28.6582
440	27.3979
440.5	25.1288
441	22.4022
441.5	19.91
442	18.1767
442.5	17.3095
443	17.2373
443.5	17.4404
444	17.6212
444.5	17.6858
445	17.7989
445.5	18.2219
446	18.9773
446.5	19.8571
447	20.5383
447.5	20.8285
448	20.679
448.5	20.1478
449	19.4085
449.5	18.4677
450	17.2457
450.5	15.7063
451	13.9342
451.5	12.2337
452	10.8971
452.5	10.1933
453	10
453.5	10.1172
454	10.2943
454.5	10.3624
455	10.2966
455.5	10.212
456	10.168
456.5	10.1418
457	10.0803
457.5	10
458	10
458.5	10.1184
459	10.7072
459.5	11.6768
460	12.7738
460.5	13.6561
461	14.2463
461.5	14.6633
462	15.214
462.5	16.1304
463	17.5209
463.5	19.189
464	20.8787
464.5	22.4444
465	24.0908
465.5	26.2492
466	29.4053
466.5	33.5426
467	38.5171
467.5	43.8142
468	48.9957
468.5	53.8202
469	58.4556
469.5	63.1719
470	68.2054
470.5	73.3869
471	78.3713
471.5	82.8477
472	86.8353
472.5	90.6189
473	94.7264
473.5	99.5255
474	105.151
474.5	111.103
475	116.711
475.5	121.353
476	124.892
476.5	127.151
477	128.323
477.5	128.423
478	127.159
478.5	124.762
479	121.467
479.5	117.975
480	115.127
480.5	113.544
481	112.803
481.5	111.986
482	109.667
482.5	105.319
483	98.8627
483.5	91.1499
484	83.6275
484.5	77.5852
485	73.433
485.5	70.6712
486	68.3644
486.5	65.6453
487	62.2964
487.5	58.6515
488	55.3386
488.5	52.8757
489	51.2574
489.5	50.047
490	48.6465
490.5	46.6763
491	44.1837
491.5	41.5929
492	39.3487
492.5	37.6972
493	36.5175
493.5	35.4853
494	34.3301
494.5	33.0457
495	31.8642
495.5	31.1942
496	31.1292
496.5	31.4344
497	31.4966
497.5	30.8102
498	28.9906
498.5	26.3859
499	23.5733
499.5	21.3216
500	19.9907
500.5	19.69
501	20.1207
501.5	20.7726
502	21.3209
502.5	21.6745
503	21.8495
503.5	21.7748
504	21.4001
504.5	20.6428
505	19.5945
505.5	18.591
506	18.076
506.5	18.2612
507	18.959
507.5	19.5584
508	19.4959
508.5	18.5765
509	17.162
509.5	16.0783
510	16.1763
510.5	17.7194
511	20.2588
511.5	22.9494
512	24.8496
512.5	25.4614
513	24.9074
513.5	24.01
514	23.3481
514.5	23.1746
515	23.3338
515.5	23.5851
516	23.8065
516.5	24.1564
517	25.0228
517.5	26.52
518	28.5123
518.5	30.3674
519	31.4695
519.5	31.3398
520	30.2717
520.5	28.7883
521	27.5326
521.5	26.8361
522	26.7171
522.5	26.8458
523	26.8151
523.5	26.3424
524	25.4934
524.5	24.5189
525	23.725
525.5	23.231
526	23.0515
526.5	23.0721
527	23.0955
527.5	22.9181
528	22.4082
528.5	21.5531
529	20.4204
529.5	19.3121
530	18.5392
530.5	18.3152
531	18.4547
531.5	18.6231
532	18.4168
532.5	17.6941
533	16.5542
533.5	15.4812
534	14.8682
534.5	14.8912
535	15.1787
535.5	15.1995
536	14.5347
536.5	13.348
537	12.2657
537.5	11.948
538	12.6579
538.5	14.1507
539	15.5408
539.5	16.0063
540	15.1724
540.5	13.4429
541	11.5427
541.5	10.2807
542	10
542.5	10.5073
543	11.262
543.5	11.909
544	12.3564
544.5	12.7555
545	13.2329
545.5	13.7016
546	13.9127
546.5	13.4949
547	12.5231
547.5	11.2655
548	10.2763
548.5	10
549	10.6309
549.5	11.9502
550	13.5685
550.5	15.0831
551	16.2119
551.5	16.7397
552	16.479
552.5	15.5179
553	13.96
553.5	12.2483
554	10.9028
554.5	10.5722
555	11.2769
555.5	12.6677
556	14.0275
556.5	14.7084
557	14.3152
557.5	13.0507
558	11.5029
558.5	10.3586
559	10
559.5	10.201
560	11.1275
560.5	12.3813
561	13.8264
561.5	15.5035
562	17.508
562.5	19.9117
563	22.4668
563.5	24.7959
564	26.3266
564.5	26.8723
565	26.3266
565.5	24.9734
566	23.4003
566.5	22.2236
567	21.8597
567.5	22.4086
568	23.8154
568.5	25.4726
569	26.9117
569.5	27.7978
570	28.1912
570.5	28.3159
571	28.5714
571.5	29.2028
572	30.3115
572.5	31.5752
573	32.6305
573.5	33.1049
574	32.9871
574.5	32.4218
575	31.8455
575.5	31.6386
576	32.1318
576.5	33.2204
577	34.7295
577.5	36.325
578	37.6111
578.5	38.1723
579	37.802
579.5	36.6564
580	35.1363
580.5	34.0498
581	34.1261
581.5	35.9771
582	39.0648
582.5	42.4008
583	44.6153
583.5	44.967
584	43.0757
584.5	39.9734
585	36.8568
585.5	35.053
586	34.8709
586.5	36.1455
587	37.9664
587.5	39.2681
588	39.076
588.5	37.2039
589	33.9202
589.5	29.7418
590	25.6688
590.5	22.4292
591	20.5648
591.5	19.9556
592	20.368
592.5	21.1246
593	21.704
593.5	21.7656
594	21.4741
594.5	21.0455
595	20.6173
595.5	20.0582
596	18.9741
596.5	17.1035
597	14.6303
597.5	12.1779
598	10.4838
598.5	10
599	10.7492
599.5	12.0178
600	13.1332
600.5	13.6355
601	13.5858
601.5	13.3329
602	13.3541
602.5	13.8546
603	14.7578
603.5	15.6728
604	16.2649
604.5	16.3789
605	16.1479
605.5	15.6883
606	15.1174
606.5	14.426
607	13.5277
607.5	12.4537
608	11.3231
608.5	10.4151
609	10
609.5	10.2194
610	11.2364
610.5	12.8237
611	14.5838
611.5	16.0086
612	16.7318
612.5	16.6563
613	16.1341
613.5	15.502
614	15.0427
614.5	14.803
615	14.7195
615.5	14.7052
616	14.8862
616.5	15.6027
617	17.0487
617.5	19.2903
618	21.8287
618.5	23.9392
619	24.6436
619.5	23.7852
620	21.5441
620.5	18.6376
621	16.0959
621.5	14.6708
622	14.591
622.5	15.5698
623	17.2587
623.5	19.0132
624	20.3773
624.5	20.9275
625	20.6901
625.5	19.7834
626	18.6829
626.5	17.9544
627	18.2257
627.5	19.5847
628	21.8355
628.5	24.6181
629	27.5134
629.5	30.6531
630	34.6988
630.5	40.3298
631	48.4373
631.5	58.7783
632	70.6405
632.5	83.0894
633	95.1712
633.5	106.598
634	117.704
634.5	129.089
635	141.009
635.5	152.731
636	162.785
636.5	168.136
637	167.606
637.5	159.861
638	144.917
638.5	125.718
639	104.574
639.5	84.2502
640	66.419
640.5	52.6096
641	42.1992
641.5	34.7144
642	29.4982
642.5	25.4628
643	22.1723
643.5	19.3408
644	16.9293
644.5	15.2116
645	14.2914
645.5	14.2709
646	15.1896
646.5	16.675
647	18.3948
647.5	19.8732
648	20.744
648.5	20.5351
649	19.2195
649.5	16.9374
650	14.0867
650.5	11.4912
651	10
651.5	10.2393
652	12.1714
652.5	15.5451
653	19.3794
653.5	22.8578
654	25.2857
654.5	26.8197
655	27.8346
655.5	28.9899
656	30.7697
656.5	33.5052
657	37.0067
657.5	40.9082
658	44.7997
658.5	48.3123
659	51.1702
659.5	53.2012
660	54.5632
660.5	55.3679
661	55.8559
661.5	56.152
662	56.1304
662.5	55.624
663	54.3914
663.5	52.2368
664	49.3562
664.5	45.8631
665	41.9482
665.5	37.7131
666	33.1272
666.5	28.3888
667	23.906
667.5	20.4394
668	18.3782
668.5	17.98
669	18.7317
669.5	19.6441
670	19.625
670.5	18.2418
671	15.7045
671.5	12.8212
672	10.6715
672.5	10
673	10.7274
673.5	12.1356
674	13.2553
674.5	13.4082
675	12.5634
675.5	11.1861
676	10.1434
676.5	10
677	10.7439
677.5	11.9432
678	13.0147
678.5	13.6055
679	13.742
679.5	13.583
680	13.3649
680.5	13.1025
681	12.7044
681.5	12.1588
682	11.584
682.5	11.2093
683	11.1671
683.5	11.4967
684	11.9933
684.5	12.567
685	13.317
685.5	14.428
686	16.0695
686.5	18.0261
687	19.7953
687.5	20.6732
688	20.5322
688.5	19.6483
689	18.737
689.5	18.4707
690	19.0805
690.5	20.1628
691	21.0792
691.5	21.2787
692	20.8001
692.5	19.9377
693	19.0465
693.5	18.2824
694	17.5577
694.5	16.7116
695	15.7583
695.5	14.9486
696	14.6028
696.5	14.8891
697	15.8327
697.5	17.0164
698	18.0653
698.5	18.6243
699	18.5857
699.5	17.8283
700	16.4794
700.5	14.7342
701	12.8617
701.5	11.2492
702	10.23
702.5	10
703	10.2941
703.5	11.0574
704	12.0332
704.5	13.0677
705	14.0803
705.5	15.0102
706	15.7761
706.5	16.293
707	16.6109
707.5	16.8138
708	17.0072
708.5	17.183
709	17.1638
709.5	16.818
710	16.1665
710.5	15.5212
711	15.3276
711.5	15.9311
712	17.1616
712.5	18.3757
713	18.666
713.5	17.6826
714	15.6543
714.5	13.4153
715	11.9791
715.5	11.963
716	13.0939
716.5	14.407
717	14.8798
717.5	14.1529
718	12.5419
718.5	10.8675
719	10
719.5	10.3212
720	11.8881
720.5	14.0389
721	16.1193
721.5	17.6191
722	18.3866
722.5	18.3517
723	17.8563
723.5	17.0703
724	16.124
724.5	15.0902
725	13.9622
725.5	12.7699
726	11.6031
726.5	10.6711
727	10.1125
727.5	10
728	10.2016
728.5	10.4284
729	10.4225
729.5	10.1811
730	10
730.5	10.3534
731	11.5711
731.5	13.5714
732	15.9008
732.5	17.9848
733	19.5631
733.5	20.8497
734	22.2792
734.5	24.202
735	26.4626
735.5	28.7049
736	30.6268
736.5	32.4727
737	34.932
737.5	38.8276
738	44.3511
738.5	51.4485
739	59.3297
739.5	67.5393
740	76.2735
740.5	86.0547
741	97.6179
741.5	111.244
742	126.298
742.5	142.154
743	158.101
743.5	173.816
744	188.811
744.5	202.308
745	212.493
745.5	216.686
746	213.865
746.5	202.515
747	184.191
747.5	161.499
748	136.814
748.5	112.82
749	91.1129
749.5	72.9887
750	58.399
750.5	47.8006
751	40.593
751.5	35.6362
752	32.0304
752.5	28.7172
753	25.4694
753.5	22.646
754	20.6155
754.5	19.5249
755	18.8657
755.5	17.9061
756	16.0729
756.5	13.6689
757	11.4454
757.5	10.4705
758	10.9915
758.5	12.8388
759	15.161
759.5	17.0884
760	18.023
760.5	18.0711
761	17.5392
761.5	16.6488
762	15.5446
762.5	14.1722
763	12.5805
763.5	11.0532
764	10.083
764.5	10
765	10.8184
765.5	12.3509
766	13.9507
766.5	15.1531
767	15.6756
767.5	15.6693
768	15.3576
768.5	15.0496
769	14.8921
769.5	14.9057
770	14.9516
770.5	14.9114
771	14.7091
771.5	14.4044
772	14.1365
772.5	14.1052
773	14.4423
773.5	15.2657
774	16.3886
774.5	17.5989
775	18.7023
775.5	19.7658
776	21.216
776.5	23.755
777	27.9024
777.5	34.3218
778	42.5817
778.5	52.1323
779	62.3673
779.5	72.6981
780	82.9775
780.5	93.1993
781	103.205
781.5	112.19
782	119.055
782.5	122.588
783	120.937
783.5	114.62
784	103.888
784.5	90.0838
785	75.2484
785.5	61.0921
786	48.8309
786.5	38.9301
787	31.9084
787.5	26.9196
788	23.5863
788.5	21.4098
789	19.7734
789.5	18.3222
790	16.7785
790.5	15.1031
791	13.5398
791.5	12.4922
792	12.365
792.5	13.3219
793	14.8121
793.5	16.0207
794	16.1226
794.5	14.928
795	12.7667
795.5	10.8097
796	10
796.5	10.7984
797	12.5282
797.5	14.1797
798	14.7646
798.5	14.1124
799	12.5642
799.5	11.0535
800	10.1437
800.5	10
801	10.0159
801.5	10.0323
802	10
802.5	10
803	10.5414
803.5	11.5994
804	12.9118
804.5	14.146
805	15.231
805.5	16.4069
806	18.0878
806.5	20.4278
807	23.3948
807.5	26.5921
808	29.7053
808.5	32.5328
809	35.0868
809.5	37.243
810	38.7002
810.5	39.3133
811	39.0711
811.5	38.6543
812	38.9896
812.5	41.383
813	45.9644
813.5	52.6186
814	60.806
814.5	69.7494
815	79.438
815.5	90.2545
816	102.608
816.5	116.968
817	132.478
817.5	147.945
818	161.502
818.5	171.934
819	177.808
819.5	178.701
820	175.183
820.5	167.165
821	156.177
821.5	143.398
822	130.238
822.5	118.174
823	108.559
823.5	102.294
824	99.3346
824.5	100.093
825	103.876
825.5	110.344
826	119.851
826.5	132.008
827	147.255
827.5	165.931
828	187.759
828.5	213.178
829	241.663
829.5	272.595
830	305.383
830.5	338.408
831	370.046
831.5	398.128
832	421.253
832.5	436.765
833	443.518
833.5	441.164
834	427.564
834.5	405.375
835	375.962
835.5	341.608
836	305.671
836.5	270.467
837	237.654
837.5	207.811
838	181.85
838.5	159.273
839	140.129
839.5	124.613
840	111.829
840.5	101.472
841	92.8487
841.5	85.3435
842	78.8729
842.5	73.2695
843	68.622
843.5	65.256
844	63.1674
844.5	62.6413
845	63.6829
845.5	65.8569
846	68.6739
846.5	71.3576
847	73.4198
847.5	74.5513
848	75.0173
848.5	74.9296
849	74.2789
849.5	72.9983
850	70.9424
850.5	68.4688
851	66.1669
851.5	64.8465
852	64.5881
852.5	65.0638
853	65.3629
853.5	64.6708
854	62.4651
854.5	59.1915
855	55.7225
855.5	53.2174
856	52.2089
856.5	52.895
857	54.9582
857.5	57.4738
858	59.6088
858.5	60.7687
859	60.9195
859.5	60.348
860	59.8603
860.5	60.0447
861	61.1937
861.5	62.8632
862	64.4558
862.5	65.4175
863	65.6714
863.5	65.4088
864	65.1044
864.5	64.9617
865	64.8687
865.5	64.5079
866	63.6026
866.5	62.1611
867	60.4604
867.5	58.7442
868	57.0768
868.5	55.2982
869	53.0931
869.5	50.4099
870	47.3422
870.5	44.199
871	41.2629
871.5	38.7058
872	36.4709
872.5	34.4931
873	32.904
873.5	31.8506
874	31.6055
874.5	32.2828
875	33.5493
875.5	34.963
876	36.0184
876.5	36.5348
877	36.6386
877.5	36.905
878	37.8603
878.5	39.8403
879	42.512
879.5	45.2708
880	47.2525
880.5	47.8606
881	46.4279
881.5	43.3732
882	39.1604
882.5	34.5218
883	30.2379
883.5	26.8391
884	24.4039
884.5	22.6152
885	21.1563
885.5	19.7644
886	18.5324
886.5	17.8679
887	17.9733
887.5	18.851
888	19.9527
888.5	20.5266
889	19.7806
889.5	17.7487
890	14.9337
890.5	12.2398
891	10.4498
891.5	10
892	10.4405
892.5	11.5168
893	12.8168
893.5	14.1079
894	15.4402
894.5	16.988
895	18.7302
895.5	20.4841
896	21.915
896.5	22.8397
897	23.175
897.5	23.1479
898	23.0057
898.5	22.8884
899	22.7604
899.5	22.4851
900	21.9332
900.5	21.1676
901	20.3423
901.5	19.6821
902	19.3227
902.5	19.4018
903	19.8711
903.5	20.7616
904	22.1427
904.5	23.8919
905	25.7943
905.5	27.3831
906	28.2317
906.5	27.8933
907	26.68
907.5	25.1773
908	24.3282
908.5	24.7096
909	26.5794
909.5	29.4112
910	32.2347
910.5	33.991
911	34.2904
911.5	33.3083
912	31.7063
912.5	30.5908
913	30.945
913.5	33.4215
914	37.8172
914.5	43.8114
915	50.2844
915.5	56.2139
916	60.4887
916.5	63.0796
917	64.1787
917.5	64.4684
918	64.7203
918.5	65.3291
919	66.2551
919.5	67.2658
920	68.1141
920.5	68.6954
921	68.8487
921.5	68.2387
922	66.6827
922.5	64.0516
923	60.8953
923.5	58.0439
924	56.416
924.5	55.8989
925	55.837
925.5	55.157
926	53.4498
926.5	51.1309
927	49.4818
927.5	49.4946
928	51.6454
928.5	54.7659
929	57.6701
929.5	59.4551
930	60.4183
930.5	61.2498
931	62.5906
931.5	64.351
932	65.8477
932.5	66.4184
933	65.9463
933.5	64.9183
934	64.3433
934.5	65.0962
935	67.6911
935.5	71.9647
936	77.8956
936.5	84.8754
937	92.264
937.5	99.2141
938	105.148
938.5	109.796
939	113.509
939.5	117.129
940	121.373
940.5	126.333
941	131.486
941.5	135.726
942	138.287
942.5	138.527
943	136.096
943.5	131.5
944	124.856
944.5	116.797
945	108.051
945.5	99.4107
946	91.5833
946.5	85.0453
947	80.1162
947.5	76.4776
948	74.0133
948.5	72.3783
949	71.2058
949.5	70.2114
950	69.0726
950.5	67.5653
951	65.4799
951.5	62.8863
952	59.891
952.5	56.8769
953	54.3748
953.5	53.2198
954	53.7549
954.5	55.9825
955	59.55
955.5	63.3768
956	66.6913
956.5	69.1551
957	71.1096
957.5	73.0511
958	75.2037
958.5	77.158
959	77.6163
959.5	75.6599
960	70.4479
960.5	62.0419
961	51.9337
961.5	41.6759
962	32.8756
962.5	26.3896
963	23.0569
963.5	21.9544
964	22.4121
964.5	23.5003
965	24.3913
965.5	24.6152
966	24.1199
966.5	23.0797
967	21.5903
967.5	19.8332
968	17.8591
968.5	15.7548
969	13.7163
969.5	12.007
970	10.8252
970.5	10.1725
971	10
971.5	10
972	10.0022
972.5	10.0649
973	10.2705
973.5	10.6941
974	11.212
974.5	11.5418
975	11.3465
975.5	10.7
976	10.0011
976.5	10
977	10.9614
977.5	12.9223
978	15.1018
978.5	16.5531
979	16.5239
979.5	15.3438
980	13.8056
980.5	12.8195
981	12.539
981.5	12.5486
982	12.1293
982.5	11.1126
983	10.0584
983.5	10
984	10.6398
984.5	12.9048
985	15.4032
985.5	16.9113
986	16.6133
986.5	15.127
987	13.3292
987.5	12.0529
988	11.4423
988.5	11.2103
989	10.8805
989.5	10.3701
990	10
990.5	10
991	10
991.5	10.0828
992	10.4675
992.5	10.6901
993	10.6083
993.5	10.2689
994	10
994.5	10.0725
995	10.7648
995.5	11.9022
996	13.1133
996.5	14.1176
997	15.0802
997.5	16.5203
998	19.1756
998.5	23.0044
999	27.554
999.5	31.8317
1000	35.2127
1000.5	37.7514
1001	40.583
1001.5	44.9589
1002	52.2496
1002.5	61.9947
1003	73.5696
1003.5	85.8225
1004	97.7168
1004.5	108.451
1005	117.63
1005.5	125.046
1006	130.098
1006.5	133.235
1007	134.497
1007.5	133.767
1008	130.985
1008.5	125.307
1009	116.559
1009.5	105.326
1010	92.5272
1010.5	79.8857
1011	68.4402
1011.5	58.6711
1012	50.092
1012.5	42.5052
1013	35.9398
1013.5	30.6815
1014	27.3801
1014.5	25.6681
1015	24.9795
1015.5	24.5464
1016	23.8299
1016.5	22.8176
1017	21.9273
1017.5	21.5961
1018	22.1676
1018.5	23.4229
1019	25.0124
1019.5	26.4517
1020	27.3865
1020.5	27.6124
1021	27.2252
1021.5	26.5385
1022	25.6973
1022.5	24.5915
1023	22.8651
1023.5	20.0076
1024	16.3592
1024.5	12.709
1025	10.3621
1025.5	10
1026	11.6563
1026.5	14.1246
1027	15.9259
1027.5	15.7607
1028	14.1344
1028.5	12.0163
1029	10.7245
1029.5	10.7662
1030	12.0299
1030.5	13.6711
1031	15.052
1031.5	15.9363
1032	16.6336
1032.5	17.3182
1033	17.7646
1033.5	17.5055
1034	16.0568
1034.5	13.6756
1035	11.2388
1035.5	10
1036	10.0761
1036.5	11.3359
1037	12.6886
1037.5	13.1355
1038	12.335
1038.5	10.9544
1039	10
1039.5	10
1040	10
1040.5	10.1358
1041	10.1493
1041.5	10
1042	10.2387
1042.5	11.4994
1043	13.819
1043.5	16.6216
1044	18.7375
1044.5	19.3785
1045	18.2052
1045.5	16.1732
1046	14.1189
1046.5	12.7243
1047	12.0387
1047.5	11.8966
1048	12.0655
1048.5	12.5255
1049	13.4595
1049.5	14.749
1050	16.1071
1050.5	17.0801
1051	17.5335
1051.5	17.6737
1052	18.0558
1052.5	18.9747
1053	20.1999
1053.5	20.9513
1054	20.584
1054.5	19.0057
1055	17.1771
1055.5	16.3566
1056	17.3709
1056.5	19.945
1057	23.0312
1057.5	25.0361
1058	24.8934
1058.5	22.1427
1059	17.93
1059.5	13.5676
1060	10.6536
1060.5	10
1061	10
1061.5	12.2407
1062	15.3716
1062.5	17.687
1063	18.5955
1063.5	18.3285
1064	18.0475
1064.5	18.9964
1065	21.7911
1065.5	25.4592
1066	28.5034
1066.5	29.0263
1067	26.831
1067.5	22.2728
1068	16.8961
1068.5	12.3458
1069	10
1069.5	10
1070	11.4647
1070.5	13.7482
1071	15.2348
1071.5	14.931
1072	12.8629
1072.5	10.5179
1073	10
1073.5	10
1074	12.0713
1074.5	18.9569
1075	25.712
1075.5	30.2626
1076	31.5887
1076.5	30.6743
1077	28.5063
1077.5	26.2376
1078	24.3849
1078.5	23.075
1079	22.1204
1079.5	21.4911
1080	21.3156
1080.5	21.5943
1081	22.2234
1081.5	22.768
1082	22.7179
1082.5	21.6022
1083	19.7592
1083.5	17.9405
1084	17.3801
1084.5	18.6089
1085	21.6402
1085.5	25.393
1086	28.4124
1086.5	29.3588
1087	28.2737
1087.5	25.9448
1088	23.6047
1088.5	22.3303
1089	22.716
1089.5	24.7812
1090	27.9806
1090.5	31.7661
1091	35.1864
1091.5	37.371
1092	37.2088
1092.5	35.0342
1093	31.4112
1093.5	27.5179
1094	24.3825
1094.5	22.5205
1095	21.5322
1095.5	20.67
1096	19.178
1096.5	16.9504
1097	14.236
1097.5	11.7023
1098	10.0511
1098.5	10
1099	11.6478
1099.5	14.5108
1100	17.9054
1100.5	21.0157
1101	23.5864
1101.5	25.9028
1102	28.5149
1102.5	31.5236
1103	34.2569
1103.5	35.8082
1104	35.2805
1104.5	33.3121
1105	31.1966
1105.5	30.8228
1106	32.9185
1106.5	37.4849
1107	43.2807
1107.5	48.8401
1108	53.2976
1108.5	57.209
1109	61.8559
1109.5	69.1292
1110	79.4838
1110.5	92.9523
1111	108.311
1111.5	123.635
1112	137.146
1112.5	148.204
1113	157.219
1113.5	165.002
1114	172.634
1114.5	179.909
1115	185.23
1115.5	186.923
1116	182.923
1116.5	173.492
1117	160.351
1117.5	145.534
1118	131.387
1118.5	118.883
1119	108.05
1119.5	98.0612
1120	88.6875
1120.5	80.3708
1121	73.8717
1121.5	70.4516
1122	69.7607
1122.5	71.1044
1123	73.1627
1123.5	74.4453
1124	73.8906
1124.5	71.2903
1125	67.2657
1125.5	62.5382
1126	58.0082
1126.5	54.1152
1127	51.0544
1127.5	48.664
1128	47.0188
1128.5	46.128
1129	45.7071
1129.5	45.1528
1130	43.7024
1130.5	40.9728
1131	37.1645
1131.5	33.5452
1132	31.4562
1132.5	31.49
1133	32.831
1133.5	34.2306
1134	34.5442
1134.5	33.5569
1135	31.6581
1135.5	29.7586
1136	28.1739
1136.5	26.6746
1137	24.8662
1137.5	22.6885
1138	20.7015
1138.5	19.4591
1139	19.274
1139.5	19.5058
1140	19.4946
1140.5	18.8436
1141	17.9647
1141.5	17.7052
1142	18.7376
1142.5	20.9577
1143	23.6599
1143.5	25.6838
1144	26.4487
1144.5	26.0005
1145	25.1858
1145.5	24.643
1146	24.5204
1146.5	24.3961
1147	23.5746
1147.5	21.8494
1148	19.4541
1148.5	16.9614
1149	14.8623
1149.5	13.2981
1150	12.2196
1150.5	11.6539
1151	12.0265
1151.5	13.4529
1152	15.649
1152.5	17.7646
1153	18.9
1153.5	18.6299
1154	17.4047
1154.5	16.1791
1155	15.3855
1155.5	14.6393
1156	13.3808
1156.5	11.4951
1157	10
1157.5	10.1619
1158	12.6626
1158.5	16.3055
1159	18.9411
1159.5	18.7773
1160	16.0395
1160.5	12.314
1161	10
1161.5	10
1162	12.1139
1162.5	14.9436
1163	17.07
1163.5	18.0981
1164	18.7362
1164.5	20.2347
1165	23.0507
1165.5	26.9653
1166	31.2141
1166.5	34.9707
1167	37.7366
1167.5	39.5287
1168	40.6917
1168.5	41.4525
1169	42.0055
1169.5	42.3069
1170	42.2363
1170.5	41.9109
1171	41.5943
1171.5	41.7433
1172	42.7267
1172.5	45.1271
1173	49.2228
1173.5	55.4768
1174	65.0392
1174.5	77.9262
1175	94.2123
1175.5	113.093
1176	133.176
1176.5	153.695
1177	174.548
1177.5	196.372
1178	220.427
1178.5	246.495
1179	273.422
1179.5	298.1
1180	317.653
1180.5	328.615
1181	330.462
1181.5	324.395
1182	310.867
1182.5	293.02
1183	272.008
1183.5	248.653
1184	224.107
1184.5	199.445
1185	175.82
1185.5	153.687
1186	133.13
1186.5	113.424
1187	94.529
1187.5	77.4406
1188	63.1525
1188.5	52.7811
1189	45.7079
1189.5	39.8653
1190	33.5145
1190.5	26.3374
1191	19.389
1191.5	14.6003
1192	12.5059
1192.5	12.7088
1193	13.5144
1193.5	13.4523
1194	12.124
1194.5	10.6091
1195	10
1195.5	10.5027
1196	12.2301
1196.5	14.5577
1197	16.9222
1197.5	19.2999
1198	22.1943
1198.5	26.1574
1199	31.4318
1199.5	38.49
1200	47.2524
1200.5	58.1959
1201	71.7878
1201.5	87.6385
1202	105.275
1202.5	123.403
1203	141.055
1203.5	157.943
1204	174.766
1204.5	192.018
1205	209.238
1205.5	224.808
1206	236.004
1206.5	241.104
1207	240.115
1207.5	232.602
1208	220.885
1208.5	205.509
1209	186.713
1209.5	166.089
1210	145.584
1210.5	127.525
1211	112.815
1211.5	101.437
1212	91.4717
1212.5	82.1205
1213	74.474
1213.5	69.9562
1214	69.7143
1214.5	72.5409
1215	75.6067
1215.5	76.1545
1216	73.7073
1216.5	69.5026
1217	65.2063
1217.5	61.306
1218	57.0749
1218.5	51.6772
1219	45.533
1219.5	40.2303
1220	37.3173
1220.5	37.1401
1221	38.7035
1221.5	40.0071
1222	40.1693
1222.5	39.4254
1223	38.7636
1223.5	38.8924
1224	39.6261
1224.5	40.2662
1225	39.9184
1225.5	38.6617
1226	36.8712
1226.5	35.1393
1227	33.7736
1227.5	32.6646
1228	31.2807
1228.5	29.1223
1229	25.7619
1229.5	21.83
1230	18.2708
1230.5	16.2878
1231	16.1946
1231.5	17.9018
1232	20.3688
1232.5	22.4148
1233	22.8687
1233.5	21.5156
1234	18.6915
1234.5	15.0767
1235	11.8077
1235.5	10
1236	10.1608
1236.5	12.2991
1237	15.713
1237.5	18.7505
1238	20.1875
1238.5	19.29
1239	17.0281
1239.5	14.6361
1240	13.5815
1240.5	14.3856
1241	16.8523
1241.5	19.391
1242	20.4439
1242.5	18.7724
1243	15.361
1243.5	11.7518
1244	10
1244.5	10.2019
1245	13.022
1245.5	16.8046
1246	20.0044
1246.5	21.4545
1247	21.3654
1247.5	19.8994
1248	17.2911
1248.5	14.1314
1249	11.279
1249.5	10
1250	10
1250.5	10
1251	10
1251.5	10.0311
1252	10.344
1252.5	10.096
1253	10
1253.5	10
1254	10.4427
1254.5	11.2781
1255	11.8683
1255.5	12.6232
1256	13.9403
1256.5	15.7945
1257	17.6437
1257.5	18.5307
1258	18.007
1258.5	15.9982
1259	13.374
1259.5	11.0307
1260	10
1260.5	10
1261	10
1261.5	10
1262	12.244
1262.5	14.7019
1263	18.2199
1263.5	23.0297
1264	28.9529
1264.5	34.4228
1265	37.406
1265.5	36.4919
1266	33.2177
1266.5	30.0177
1267	29.2301
1267.5	31.1313
1268	34.1883
1268.5	35.6841
1269	34.014
1269.5	29.6106
1270	24.5584
1270.5	20.2115
1271	16.8261
1271.5	13.96
1272	11.538
1272.5	10
1273	10
1273.5	10
1274	10
1274.5	10
1275	10
1275.5	10
1276	10
1276.5	10
1277	10.4581
1277.5	13.4463
1278	17.1871
1278.5	22.6237
1279	30.3229
1279.5	39.3728
1280	47.6893
1280.5	53.2573
1281	55.7574
1281.5	56.303
1282	57.3016
1282.5	60.3957
1283	66.0248
1283.5	73.1492
1284	80.3236
1284.5	85.9745
1285	89.0143
1285.5	87.7706
1286	82.4774
1286.5	73.2775
1287	61.6794
1287.5	50.2657
1288	41.4774
1288.5	35.9084
1289	32.6183
1289.5	29.9622
1290	26.3338
1290.5	21.425
1291	16.2674
1291.5	12.3957
1292	10.7365
1292.5	10.7344
1293	11.2371
1293.5	11.2664
1294	10.7465
1294.5	10.1329
1295	10
1295.5	10
1296	10
1296.5	10
1297	10
1297.5	10
1298	10
1298.5	11.3621
1299	12.7149
1299.5	12.9104
1300	12.002
1300.5	10.8759
1301	10.1936
1301.5	10.0579
1302	10.0553
1302.5	10
1303	10
1303.5	10
1304	10
1304.5	10
1305	10
1305.5	10.9509
1306	12.4896
1306.5	14.6031
1307	16.6256
1307.5	17.9742
1308	18.2151
1308.5	17.4311
1309	16.321
1309.5	15.5765
1310	15.4697
1310.5	15.7757
1311	15.8874
1311.5	15.2697
1312	13.6926
1312.5	11.5777
1313	10
1313.5	10
1314	10.7968
1314.5	13.6063
1315	18.1339
1315.5	22.9179
1316	27.0062
1316.5	29.795
1317	31.5685
1317.5	33.0289
1318	35.5803
1318.5	40.3728
1319	48.3159
1319.5	57.7521
1320	66.5991
1320.5	73.1572
1321	78.1172
1321.5	83.2374
1322	90.0745
1322.5	97.7499
1323	102.687
1323.5	102.313
1324	96.7212
1324.5	89.1006
1325	84.4658
1325.5	86.1149
1326	93.8094
1326.5	103.545
1327	112.331
1327.5	119.091
1328	124.292
1328.5	128.385
1329	131.481
1329.5	133.193
1330	133.939
1330.5	134.925
1331	137.241
1331.5	140.741
1332	144.526
1332.5	147.824
1333	151.205
1333.5	155.644
1334	161.362
1334.5	166.914
1335	170.152
1335.5	170.43
1336	169.76
1336.5	172.407
1337	180.562
1337.5	194.161
1338	210.075
1338.5	223.628
1339	230.691
1339.5	231.157
1340	227.118
1340.5	220.155
1341	212.059
1341.5	203.349
1342	194.375
1342.5	185.759
1343	177.887
1343.5	170.166
1344	161.206
1344.5	149.11
1345	134.075
1345.5	117.954
1346	104.108
1346.5	94.0795
1347	87.8876
1347.5	83.5312
1348	78.9911
1348.5	74.1261
1349	70.86
1349.5	70.9687
1350	75.3541
1350.5	81.3671
1351	85.9471
1351.5	86.0312
1352	81.3775
1352.5	73.123
1353	63.919
1353.5	55.8503
1354	50.9487
1354.5	49.2526
1355	50.5224
1355.5	53.3496
1356	55.9876
1356.5	57.1422
1357	56.5207
1357.5	54.625
1358	51.9549
1358.5	48.985
1359	45.6324
1359.5	41.8514
1360	38.0519
1360.5	34.8878
1361	32.7586
1361.5	31.3344
1362	30.0675
1362.5	28.7259
1363	27.7496
1363.5	28.0945
1364	30.051
1364.5	33.3031
1365	36.9925
1365.5	40.7865
1366	45.1841
1366.5	50.5163
1367	56.018
1367.5	58.795
1368	56.8003
1368.5	49.1838
1369	38.6278
1369.5	29.7995
1370	27.5667
1370.5	31.9678
1371	39.6426
1371.5	46.444
1372	50.3031
1372.5	51.6381
1373	52.6423
1373.5	54.6941
1374	57.0505
1374.5	57.9745
1375	56.7171
1375.5	53.731
1376	51.0771
1376.5	50.1178
1377	51.1933
1377.5	53.7078
1378	57.5397
1378.5	62.3057
1379	67.0976
1379.5	69.7708
1380	69.2599
1380.5	65.6562
1381	60.9217
1381.5	57.704
1382	57.5418
1382.5	59.1679
1383	60.2689
1383.5	59.1645
1384	56.5253
1384.5	53.7215
1385	51.9877
1385.5	50.9544
1386	49.7671
1386.5	48.1596
1387	46.8465
1387.5	47.0874
1388	49.019
1388.5	51.6567
1389	53.4107
1389.5	53.4652
1390	51.4507
1390.5	47.5059
1391	42.0703
1391.5	35.7605
1392	30.1944
1392.5	27.289
1393	29.4767
1393.5	35.907
1394	44.3177
1394.5	50.523
1395	51.9321
1395.5	47.0874
1396	38.1427
1396.5	28.2108
1397	21.0283
1397.5	17.7949
1398	18.5458
1398.5	21.5508
1399	23.9805
1399.5	23.1694
1400	18.9923
1400.5	13.4762
1401	10
1401.5	10.641
1402	15.8646
1402.5	23.8385
1403	30.9553
1403.5	34.7361
1404	34.528
1404.5	31.1983
1405	25.6029
1405.5	19.5258
1406	14.2782
1406.5	11.1
1407	10
1407.5	10.5377
1408	11.5445
1408.5	12.3646
1409	13.5355
1409.5	15.9368
1410	19.7417
1410.5	23.7886
1411	26.1857
1411.5	26.2036
1412	25.1452
1412.5	25.1031
1413	27.4001
1413.5	30.5794
1414	31.9964
1414.5	29.222
1415	23.4672
1415.5	16.9669
1416	12.5146
1416.5	10.9484
1417	11.543
1417.5	12.6818
1418	13.6677
1418.5	14.5843
1419	15.6266
1419.5	16.3715
1420	16.004
1420.5	14.4757
1421	12.5797
1421.5	11.9366
1422	13.6099
1422.5	17.6516
1423	22.2643
1423.5	26.0138
1424	28.1191
1424.5	29.386
1425	31.0977
1425.5	33.8456
1426	36.8786
1426.5	38.2179
1427	36.4617
1427.5	31.5002
1428	25.4456
1428.5	21.3904
1429	21.9142
1429.5	27.267
1430	35.0512
1430.5	41.5494
1431	44.27
1431.5	42.6583
1432	37.4945
1432.5	31.252
1433	25.286
1433.5	20.0228
1434	15.4356
1434.5	12.2389
1435	11.3714
1435.5	13.4119
1436	17.6054
1436.5	21.3995
1437	22.6419
1437.5	20.5697
1438	16.9413
1438.5	14.4541
1439	14.644
1439.5	17.1668
1440	20.7065
1440.5	23.7783
1441	26.5655
1441.5	30.5304
1442	36.5164
1442.5	44.1528
1443	51.0075
1443.5	54.7196
1444	54.1917
1444.5	52.2456
1445	52.2142
1445.5	57.2696
1446	66.7994
1446.5	78.3169
1447	89.1932
1447.5	99.2664
1448	110.843
1448.5	125.992
1449	144.173
1449.5	162.062
1450	176.581
1450.5	186.785
1451	195.219
1451.5	204.89
1452	215.998
1452.5	225.197
1453	228.732
1453.5	223.563
1454	212.958
1454.5	201.06
1455	191.731
1455.5	186.499
1456	186.45
1456.5	190.505
1457	196.879
1457.5	202.929
1458	205.741
1458.5	203.272
1459	196.467
1459.5	189.624
1460	186.419
1460.5	187.164
1461	189.324
1461.5	188.61
1462	184.401
1462.5	178.523
1463	174.149
1463.5	171.996
1464	168.86
1464.5	159.83
1465	143.114
1465.5	120.013
1466	97.5995
1466.5	81.9896
1467	75.153
1467.5	72.7049
1468	69.8516
1468.5	63.3582
1469	54.0346
1469.5	45.1787
1470	38.9085
1470.5	34.8163
1471	30.5177
1471.5	24.1304
1472	16.2509
1472.5	11.6944
1473	10
1473.5	10
1474	10.5442
1474.5	11.252
1475	11.0211
1475.5	10.5656
1476	11.3047
1476.5	14.2045
1477	18.2003
1477.5	21.2199
1478	21.5414
1478.5	18.751
1479	13.7381
1479.5	10.4188
1480	10
1480.5	10
1481	10
1481.5	10.4988
1482	10.6679
1482.5	10.8702
1483	12.7368
1483.5	17.1885
1484	23.676
1484.5	29.104
1485	30.5955
1485.5	26.5629
1486	19.7979
1486.5	14.7997
1487	15.3076
1487.5	19.315
1488	22.9881
1488.5	21.8942
1489	16.6333
1489.5	11.1671
1490	10
1490.5	12.5481
1491	20.1588
1491.5	27.887
1492	32.5231
1492.5	32.3352
1493	28.8634
1493.5	24.2608
1494	21.3367
1494.5	21.2202
1495	23.8608
1495.5	26.9505
1496	28.4195
1496.5	27.5775
1497	26.1093
1497.5	25.7605
1498	27.0935
1498.5	28.6258
1499	28.1979
1499.5	25.4567
1500	21.6262
1500.5	19.1891
1501	19.4457
1501.5	22.2493
1502	26.1433
1502.5	29.4663
1503	31.1018
1503.5	31.711
1504	32.4871
1504.5	34.6889
1505	38.0556
1505.5	41.3397
1506	42.9664
1506.5	42.9053
1507	42.169
1507.5	42.2717
1508	43.3686
1508.5	44.006
1509	42.7967
1509.5	39.3374
1510	34.4733
1510.5	29.6959
1511	25.6603
1511.5	22.5421
1512	20.6715
1512.5	21.3058
1513	24.0104
1513.5	27.5895
1514	29.7782
1514.5	29.1279
1515	25.6328
1515.5	21.3582
1516	18.3246
1516.5	18.2056
1517	20.6189
1517.5	24.1677
1518	26.9438
1518.5	27.9149
1519	26.9836
1519.5	25.3704
1520	24.2409
1520.5	23.5914
1521	22.5744
1521.5	20.9105
1522	19.6255
1522.5	20.0513
1523	22.6887
1523.5	26.3498
1524	29.013
1524.5	29.4238
1525	28.3247
1525.5	26.6545
1526	25.0488
1526.5	24.0046
1527	24.1256
1527.5	26
1528	29.1325
1528.5	32.0435
1529	33.2651
1529.5	32.837
1530	31.4671
1530.5	29.9776
1531	27.961
1531.5	25.0056
1532	21.4221
1532.5	19.618
1533	21.2351
1533.5	25.2756
1534	29.1557
1534.5	30.0291
1535	26.7847
1535.5	20.8401
1536	14.2641
1536.5	10.1276
1537	10
1537.5	13.3528
1538	18.8277
1538.5	23.3538
1539	24.9906
1539.5	23.939
1540	22.0149
1540.5	20.6609
1541	20.2027
1541.5	20.5553
1542	22.1234
1542.5	25.2325
1543	29.2065
1543.5	31.6865
1544	30.8377
1544.5	26.6807
1545	20.9747
1545.5	16.2977
1546	14.2861
1546.5	15.0388
1547	18.3695
1547.5	22.8238
1548	25.7602
1548.5	25.8218
1549	23.6977
1549.5	21.295
1550	19.8539
1550.5	18.6941
1551	16.6955
1551.5	13.6181
1552	10.9403
1552.5	10.8574
1553	13.9289
1553.5	19.1258
1554	24.4429
1554.5	28.3201
1555	30.434
1555.5	30.9655
1556	29.5758
1556.5	25.9712
1557	20.4519
1557.5	14.7042
1558	10.8118
1558.5	10
1559	11.7886
1559.5	14.9758
1560	17.9153
1560.5	19.5084
1561	19.3229
1561.5	17.2665
1562	14.1018
1562.5	11.3091
1563	10.1368
1563.5	10.8243
1564	12.3951
1564.5	13.3067
1565	13.4226
1565.5	13.9785
1566	16.5055
1566.5	21.3914
1567	26.5874
1567.5	29.8856
1568	30.1925
1568.5	27.6983
1569	23.6865
1569.5	19.2321
1570	15.002
1570.5	12.1511
1571	13.189
1571.5	19.2773
1572	28.9326
1572.5	38.8809
1573	45.0605
1573.5	45.2883
1574	42.7185
1574.5	41.1588
1575	43.431
1575.5	49.8387
1576	56.4603
1576.5	59.6011
1577	57.2537
1577.5	49.2195
1578	37.8502
1578.5	26.4415
1579	17.37
1579.5	11.9452
1580	10
1580.5	10
1581	10.2019
1581.5	10.0489
1582	10
1582.5	10.9688
1583	13.7932
1583.5	18.0387
1584	22.55
1584.5	25.9523
1585	27.3276
1585.5	26.3417
1586	23.6743
1586.5	20.4322
1587	17.6218
1587.5	15.7468
1588	14.7157
1588.5	14.2968
1589	14.8983
1589.5	17.4609
1590	22.9028
1590.5	30.9419
1591	39.5576
1591.5	47.2444
1592	53.5315
1592.5	59.0035
1593	64.2343
1593.5	68.3138
1594	69.8501
1594.5	68.3065
1595	65.5574
1595.5	65.4183
1596	69.7539
1596.5	78.2312
1597	89.0678
1597.5	100.923
1598	114.75
1598.5	131.836
1599	151.88
1599.5	171.802
1600	187.854
1600.5	199.507
1601	209.442
1601.5	221.708
1602	238.39
1602.5	259.451
1603	283.696
1603.5	311.344
1604	342.781
1604.5	376.934
1605	410.006
1605.5	436.784
1606	455.702
1606.5	469.378
1607	481.363
1607.5	493.009
1608	500
1608.5	497.006
1609	481.521
1609.5	455.113
1610	422.358
1610.5	387.965
1611	352.075
1611.5	313.496
1612	272.301
1612.5	232.499
1613	199.415
1613.5	175.607
1614	160.677
1614.5	151.577
1615	144.665
1615.5	138.085
1616	131.271
1616.5	123.806
1617	115.025
1617.5	104.147
1618	90.8151
1618.5	75.4646
1619	59.3882
1619.5	44.6225
1620	33.9456
1620.5	30.6019
1621	35.0481
1621.5	44.3783
1622	54.4104
1622.5	60.9382
1623	60.9816
1623.5	56.7871
1624	50.8448
1624.5	45.1597
1625	40.7198
1625.5	37.6081
1626	35.7055
1626.5	35.0284
1627	35.2963
1627.5	35.654
1628	35.1828
1628.5	33.7196
1629	31.715
1629.5	29.6269
1630	27.5274
1630.5	25.3999
1631	23.8389
1631.5	24.2609
1632	27.7443
1632.5	34.1552
1633	42.2514
1633.5	49.9779
1634	55.6948
1634.5	58.749
1635	58.5579
1635.5	54.4643
1636	45.875
1636.5	35.2242
1637	25.8954
1637.5	21.2366
1638	23.3261
1638.5	30.3657
1639	37.9563
1639.5	42.3851
1640	42.0458
1640.5	38.1787
1641	33.7499
1641.5	31.514
1642	32.6832
1642.5	37.111
1643	43.3243
1643.5	49.7942
1644	54.9019
1644.5	57.3413
1645	57.064
1645.5	54.7856
1646	51.6666
1646.5	49.0052
1647	47.6239
1647.5	47.3626
1648	47.8697
1648.5	48.8515
1649	50.2439
1649.5	52.2016
1650	55.0114
1650.5	59.1364
1651	65.2089
1651.5	73.1307
1652	81.7634
1652.5	88.9042
1653	92.6138
1653.5	92.902
1654	91.5796
1654.5	90.3694
1655	89.4567
1655.5	87.5431
1656	86.6133
1656.5	94.0524
1657	121.121
1657.5	180.204
1658	263.916
1658.5	347.189
1659	400.429
1659.5	397.824
1660	337.367
1660.5	243.412
1661	152.176
1661.5	89.8195
1662	64.6338
1662.5	63.6425
1663	70.495
1663.5	72.5138
1664	67.4164
1664.5	60.043
1665	54.1795
1665.5	51.0515
1666	49.9444
1666.5	49.981
1667	51.2214
1667.5	53.462
1668	55.5446
1668.5	55.7231
1669	53.649
1669.5	50.9189
1670	49.3011
1670.5	49.4918
1671	50.3467
1671.5	50.6554
1672	50.316
1672.5	50.5218
1673	51.7965
1673.5	53.0008
1674	52.2188
1674.5	48.0825
1675	42.0728
1675.5	37.4521
1676	36.2623
1676.5	38.6096
1677	42.7017
1677.5	46.0847
1678	48.0805
1678.5	49.3435
1679	50.7312
1679.5	52.3053
1680	53.2821
1680.5	52.7446
1681	50.7085
1681.5	48.5372
1682	48.0414
1682.5	50.4047
1683	55.4673
1683.5	60.8545
1684	63.2986
1684.5	61.4137
1685	56.0105
1685.5	49.8383
1686	45.8846
1686.5	44.6975
1687	44.5388
1687.5	43.6066
1688	41.7822
1688.5	40.674
1689	41.7385
1689.5	44.6832
1690	46.8804
1690.5	46.4661
1691	43.6955
1691.5	40.5095
1692	39.3103
1692.5	40.1483
1693	40.7338
1693.5	38.9991
1694	34.4454
1694.5	29.0864
1695	25.904
1695.5	26.8287
1696	31.4216
1696.5	37.913
1697	44.1927
1697.5	48.9888
1698	51.5703
1698.5	51.337
1699	48.6335
1699.5	44.218
1700	39.3164
1700.5	35.3793
1701	33.5209
1701.5	34.0669
1702	36.8886
1702.5	41.7859
1703	47.9504
1703.5	53.2843
1704	55.02
1704.5	50.5277
1705	39.8471
1705.5	26.7662
1706	15.6945
1706.5	10
1707	10.416
1707.5	15.4066
1708	21.4066
1708.5	26.3544
1709	29.6658
1709.5	31.9783
1710	34.1423
1710.5	35.9986
1711	36.3372
1711.5	33.7934
1712	29.1011
1712.5	24.93
1713	24.7361
1713.5	31.0297
1714	41.299
1714.5	49.5335
1715	50.9367
1715.5	44.0393
1716	32.3474
1716.5	22.3471
1717	18.764
1717.5	21.9621
1718	29.0704
1718.5	35.7226
1719	39.2465
1719.5	38.8961
1720	35.9737
1720.5	33.8989
1721	35.122
1721.5	40.0515
1722	46.695
1722.5	51.1298
1723	50.8147
1723.5	46.5244
1724	42.0586
1724.5	41.5792
1725	46.0947
1725.5	53.9212
1726	62.0421
1726.5	67.3403
1727	68.7831
1727.5	66.8993
1728	62.5968
1728.5	56.8478
1729	50.3452
1729.5	43.1385
1730	35.0615
1730.5	27.0316
1731	22.2944
1731.5	24.4592
1732	34.9219
1732.5	50.9039
1733	64.4528
1733.5	67.7118
1734	60.3934
1734.5	47.9553
1735	38.5682
1735.5	37.7157
1736	43.2513
1736.5	49.0293
1737	50.0563
1737.5	45.9347
1738	40.5125
1738.5	36.7739
1739	35.4113
1739.5	34.8029
1740	32.973
1740.5	29.8722
1741	26.4171
1741.5	23.689
1742	22.3877
1742.5	22.526
1743	23.4398
1743.5	23.4426
1744	20.5026
1744.5	14.9981
1745	10
1745.5	10
1746	19.1893
1746.5	35.3633
1747	51.1016
1747.5	60.0771
1748	59.9364
1748.5	54.3533
1749	49.0281
1749.5	46.8175
1750	46.4551
1750.5	44.0724
1751	38.9312
1751.5	33.7042
1752	32.4904
1752.5	38.3366
1753	49.1406
1753.5	59.2135
1754	63.0266
1754.5	57.9422
1755	46.5843
1755.5	35.0679
1756	29.1515
1756.5	32.0252
1757	41.7346
1757.5	51.7001
1758	57.4341
1758.5	57.5627
1759	53.9542
1759.5	50.1733
1760	47.7465
1760.5	45.8846
1761	42.8495
1761.5	38.5343
1762	34.751
1762.5	33.5728
1763	35.9311
1763.5	40.4935
1764	44.2071
1764.5	45.2602
1765	43.8005
1765.5	41.665
1766	40.9139
1766.5	41.9732
1767	43.6511
1767.5	43.7406
1768	41.3815
1768.5	37.8231
1769	34.8995
1769.5	33.8143
1770	34.1995
1770.5	34.6807
1771	34.7302
1771.5	35.1649
1772	37.0977
1772.5	39.7089
1773	40.6698
1773.5	37.7295
1774	30.5155
1774.5	22.3896
1775	17.9656
1775.5	19.5737
1776	26.6
1776.5	35.7072
1777	43.1338
1777.5	46.4478
1778	44.4687
1778.5	36.7518
1779	25.9389
1779.5	15.6338
1780	10
1780.5	12.162
1781	21.2378
1781.5	32.616
1782	40.9343
1782.5	43.0052
1783	40.4994
1783.5	37.4034
1784	36.3747
1784.5	37.9735
1785	41.1521
1785.5	44.6872
1786	48.1923
1786.5	50.897
1787	50.6849
1787.5	45.6835
1788	36.6767
1788.5	27.2752
1789	22.6532
1789.5	26.0554
1790	34.8126
1790.5	43.623
1791	48.4677
1791.5	48.4672
1792	46.367
1792.5	44.4681
1793	43.5261
1793.5	42.9026
1794	42.2099
1794.5	42.1722
1795	43.5002
1795.5	46.0673
1796	48.8171
1796.5	51.0035
1797	52.7033
1797.5	54.2478
1798	55.023
1798.5	53.5867
1799	48.9807
1799.5	41.6074
1800	33.4232
