193.5	84.4707
194	82.9669
194.5	80.3706
195	77.7586
195.5	76.0974
196	75.5558
196.5	75.8779
197	76.123
197.5	75.2968
198	72.8971
198.5	69.4564
199	65.768
199.5	62.8715
200	61.338
200.5	61.3297
201	62.1917
201.5	63.0381
202	62.9892
202.5	61.4843
203	58.315
203.5	53.3607
204	47.8287
204.5	42.6912
205	39.146
205.5	37.7361
206	38.9597
206.5	42.1009
207	45.707
207.5	48.6079
208	50.3504
208.5	50.9988
209	51.1975
209.5	51.8534
210	53.2577
210.5	54.8589
211	55.7672
211.5	54.6903
212	51.2285
212.5	45.3822
213	38.1164
213.5	30.8598
214	24.8379
214.5	21.0828
215	20
215.5	21.9622
216	26.5531
216.5	32.7815
217	39.2184
217.5	44.2716
218	46.4777
218.5	45.0609
219	41.2359
219.5	36.4844
220	32.4198
220.5	29.8642
221	29.1029
221.5	29.0568
222	28.7219
222.5	27.7311
223	26.5885
223.5	26.2362
224	27.3763
224.5	30.0591
225	33.3941
225.5	35.8776
226	36.6163
226.5	35.4136
227	33.1967
227.5	31.1077
228	30.1909
228.5	30.2692
229	30.5691
229.5	30.0926
230	28.2526
230.5	25.1094
231	21.8637
231.5	20
232	20
232.5	20.9993
233	23.6358
233.5	26.5388
234	28.532
234.5	28.7416
235	27.5444
235.5	25.3543
236	22.9451
236.5	20.9633
237	20
237.5	20
238	20
238.5	20.1189
239	20.4816
239.5	20.8808
240	21.1883
240.5	21.3987
241	21.5689
241.5	21.8043
242	22.195
242.5	22.8681
243	23.811
243.5	25.0906
244	26.5565
244.5	27.9195
245	28.7892
245.5	28.9226
246	28.2508
246.5	26.7722
247	25.0687
247.5	23.6986
248	23.1001
248.5	23.2849
249	24.1258
249.5	25.1474
250	25.8815
250.5	26.0799
251	26.1138
251.5	26.4988
252	27.8861
252.5	30.4369
253	34.0407
253.5	37.6691
254	40.1633
254.5	40.2692
255	38.1176
255.5	34.2344
256	29.9432
256.5	27.1156
257	27.267
257.5	30.5007
258	35.8143
258.5	41.8557
259	46.8429
259.5	49.4487
260	48.5177
260.5	45.2224
261	40.2956
261.5	34.8247
262	29.6622
262.5	25.4444
263	22.3595
263.5	20.4525
264	20
264.5	20.1082
265	21.9344
265.5	25.4956
266	30.2778
266.5	35.5283
267	40.0698
267.5	43.1712
268	44.1358
268.5	43.5571
269	42.0737
269.5	40.8068
270	40.678
270.5	42.1397
271	44.9275
271.5	48.6332
272	53.1167
272.5	58.2303
273	64.3093
273.5	71.5565
274	79.5029
274.5	87.3792
275	94.1304
275.5	99.0503
276	101.439
276.5	102.269
277	102.945
277.5	105.018
278	109.14
278.5	115.591
279	123.533
279.5	131.592
280	137.951
280.5	142.045
281	143.898
281.5	144.094
282	144.054
282.5	145.024
283	147.962
283.5	152.71
284	158.5
284.5	164.131
285	168.819
285.5	172.111
286	174.62
286.5	177.234
287	180.878
287.5	185.585
288	190.982
288.5	196.246
289	200.843
289.5	204.607
290	208.314
290.5	212.878
291	218.775
291.5	225.542
292	232.252
292.5	237.755
293	241.433
293.5	242.981
294	244.053
294.5	245.973
295	249.873
295.5	255.693
296	262.942
296.5	270.259
297	276.303
297.5	280.028
298	281.973
298.5	282.798
299	283.532
299.5	285.072
300	288.024
300.5	292.249
301	296.901
301.5	301.048
302	304.136
302.5	306.001
303	306.894
303.5	307.631
304	308.908
304.5	310.713
305	312.331
305.5	312.459
306	310.307
306.5	305.628
307	298.881
307.5	292.095
308	287.238
308.5	285.392
309	286.089
309.5	288.4
310	290.558
310.5	291.385
311	290.162
311.5	288.048
312	286.071
312.5	284.956
313	284.586
313.5	284.363
314	283.464
314.5	281.485
315	278.743
315.5	276.267
316	274.78
316.5	274.573
317	275.088
317.5	275.485
318	274.79
318.5	272.606
319	268.907
319.5	264.462
320	259.862
320.5	255.812
321	252.81
321.5	251.561
322	252.449
322.5	254.968
323	258.378
323.5	261.163
324	261.917
324.5	259.279
325	253.665
325.5	245.903
326	238.198
326.5	232.018
327	228.381
327.5	226.667
328	225.952
328.5	225.121
329	223.486
329.5	221.062
330	218.355
330.5	215.726
331	213.183
331.5	210.424
332	207.121
332.5	203.017
333	198.482
333.5	193.989
334	189.914
334.5	186.329
335	183.272
335.5	180.715
336	178.826
336.5	178.343
337	179.357
337.5	181.839
338	185.277
338.5	188.833
339	191.881
339.5	194.34
340	196.684
340.5	199.97
341	204.582
341.5	210.519
342	217.257
342.5	223.987
343	230.223
343.5	236.067
344	242.175
344.5	249.526
345	258.255
345.5	268.141
346	278.504
346.5	288.464
347	297.303
347.5	304.729
348	310.938
348.5	316.154
349	320.869
349.5	325.439
350	330.339
350.5	335.952
351	342.635
351.5	350.278
352	358.05
352.5	364.617
353	369.063
353.5	370.979
354	370.333
354.5	368.537
355	366.831
355.5	366.439
356	367.445
356.5	369.462
357	371.649
357.5	373.478
358	374.668
358.5	375.44
359	375.823
359.5	375.325
360	373.283
360.5	368.608
361	361.238
361.5	351.908
362	341.929
362.5	333.107
363	326.717
363.5	322.905
364	319.808
364.5	315.439
365	308.366
365.5	298.532
366	286.714
366.5	275.217
367	266.054
367.5	260.498
368	257.21
368.5	254.675
369	251.155
369.5	245.954
370	239.197
370.5	232.385
371	227.049
371.5	224.349
372	223.467
372.5	223.366
373	222.609
373.5	220.309
374	215.734
374.5	209.247
375	201.148
375.5	191.633
376	181.313
376.5	170.642
377	160.449
377.5	151.528
378	144.813
378.5	140.157
379	136.8
379.5	133.159
380	127.95
380.5	120.501
381	111.08
381.5	100.882
382	91.078
382.5	82.3943
383	74.7197
383.5	67.1447
384	58.686
384.5	49.0204
385	38.7583
385.5	29.3204
386	22.6515
386.5	20
387	20
387.5	20
388	21.4636
388.5	23.2043
389	23.9812
389.5	23.5367
390	22.1075
390.5	20.6337
391	20
391.5	20
392	20
392.5	20.9402
393	23.1293
393.5	25.8303
394	28.6955
394.5	31.7219
395	35.1956
395.5	39.8711
396	46.3657
396.5	55.1747
397	66.9217
397.5	80.9744
398	96.7551
398.5	112.976
399	128.252
399.5	140.948
400	150.517
400.5	157.508
401	162.726
401.5	167.863
402	174.194
402.5	182.606
403	192.9
403.5	204.509
404	215.947
404.5	225.877
405	232.86
405.5	237.086
406	238.681
406.5	238.314
407	237.081
407.5	235.55
408	233.859
408.5	231.551
409	227.572
409.5	221.676
410	213.861
410.5	204.84
411	196.012
411.5	188.804
412	184.053
412.5	181.684
413	181.035
413.5	180.607
414	179.521
414.5	177.27
415	174.197
415.5	170.752
416	167.478
416.5	164.6
417	162.114
417.5	159.753
418	157.48
418.5	155.546
419	154.256
419.5	154.006
420	154.913
420.5	156.677
421	158.936
421.5	161.14
422	163.053
422.5	164.722
423	166.484
423.5	168.711
424	171.697
424.5	175.428
425	179.887
425.5	184.832
426	190.142
426.5	195.947
427	202.339
427.5	209.526
428	217.597
428.5	226.314
429	235.457
429.5	244.705
430	253.949
430.5	263.53
431	274.029
431.5	286.25
432	301.019
432.5	318.16
433	337.415
433.5	357.538
434	377.174
434.5	394.791
435	410.177
435.5	423.932
436	437.058
436.5	450.43
437	463.987
437.5	476.581
438	486.695
438.5	492.05
439	492.601
439.5	489.028
440	483.021
440.5	476.428
441	469.571
441.5	461.674
442	451.65
442.5	438.106
443	421.541
443.5	403.086
444	384.287
444.5	366.149
445	348.489
445.5	330.504
446	311.726
446.5	292.382
447	273.595
447.5	256.424
448	241.71
448.5	228.393
449	215.061
449.5	200.559
450	185.142
450.5	170.017
451	156.662
451.5	145.668
452	136.862
452.5	128.261
453	118.132
453.5	105.325
454	91.1017
454.5	77.4515
455	66.569
455.5	59.598
456	57.6984
456.5	59.3976
457	63.5769
457.5	68.8904
458	74.0966
458.5	78.8243
459	83.7557
459.5	90.2146
460	100.7
460.5	116.336
461	137.87
461.5	165.391
462	196.468
462.5	229.631
463	263.995
463.5	300.173
464	340.821
464.5	387.55
465	441.412
465.5	503.439
466	571.568
466.5	645.749
467	726.482
467.5	814.481
468	913.606
468.5	1023.51
469	1143.44
469.5	1273.38
470	1409.8
470.5	1551.68
471	1698
471.5	1847.18
472	1997.46
472.5	2145.18
473	2285.94
473.5	2412.68
474	2524.34
474.5	2618.02
475	2691.77
475.5	2748.02
476	2784.02
476.5	2800
477	2796.47
477.5	2768.95
478	2722.17
478.5	2659.49
479	2584.68
479.5	2503.76
480	2419.52
480.5	2333.85
481	2246.99
481.5	2157.79
482	2065.79
482.5	1970.96
483	1874.27
483.5	1778.13
484	1684.87
484.5	1596.24
485	1512.69
485.5	1435.28
486	1362.93
486.5	1295.22
487	1232.47
487.5	1173.86
488	1119.99
488.5	1070.64
489	1024.71
489.5	981.684
490	940.165
490.5	899.308
491	858.848
491.5	819.031
492	780.713
492.5	744.875
493	711.693
493.5	681.147
494	651.826
494.5	622.591
495	592.688
495.5	562.451
496	532.904
496.5	505.659
497	481.568
497.5	461.469
498	444.546
498.5	429.426
499	414.56
499.5	398.775
500	381.568
500.5	362.915
501	343.507
501.5	324.13
502	305.82
502.5	289.433
503	276.3
503.5	266.304
504	259.182
504.5	253.713
505	248.13
505.5	241.131
506	232.307
506.5	222.388
507	212.844
507.5	205.295
508	200.855
508.5	200.191
509	201.933
509.5	204.654
510	206.58
510.5	206.886
511	205.273
511.5	202.723
512	200.377
512.5	199.619
513	200.844
513.5	204.084
514	208.491
514.5	212.78
515	215.644
515.5	216.841
516	216.787
516.5	216.144
517	215.649
517.5	215.446
518	215.218
518.5	214.614
519	213.71
519.5	213.393
520	214.817
520.5	219.655
521	227.036
521.5	235.392
522	242.207
522.5	245.855
523	245.378
523.5	241.896
524	237.182
524.5	232.617
525	228.496
525.5	224.033
526	217.808
526.5	209.489
527	199.685
527.5	189.888
528	181.15
528.5	173.776
529	166.691
529.5	158.68
530	148.7
530.5	137.271
531	125.501
531.5	115.017
532	106.811
532.5	101.281
533	97.3218
533.5	93.9149
534	90.0874
534.5	85.4551
535	79.9587
535.5	73.9948
536	68.1813
536.5	63.0758
537	58.7798
537.5	54.9192
538	50.4454
538.5	44.7658
539	37.8457
539.5	29.9012
540	23.1759
540.5	20
541	20
541.5	20
542	20
542.5	20
543	20
543.5	20
544	20
544.5	20
545	21.1453
545.5	22.9441
546	23.1659
546.5	21.5644
547	20
547.5	20
548	20
548.5	21.4159
549	24.3151
549.5	26.378
550	25.7198
550.5	23.1457
551	20.5107
551.5	20
552	22.0335
552.5	26.2086
553	30.7454
553.5	34.0584
554	35.0842
554.5	34.4769
555	33.3248
555.5	32.9239
556	33.8031
556.5	36.0022
557	38.91
557.5	41.983
558	45.1214
558.5	48.5878
559	52.803
559.5	58.3914
560	65.3175
560.5	73.5946
561	82.9711
561.5	93.0017
562	103.496
562.5	114.27
563	125.234
563.5	136.275
564	147.194
564.5	157.798
565	167.998
565.5	177.992
566	188.157
566.5	198.942
567	210.602
567.5	223.37
568	236.841
568.5	250.651
569	264.332
569.5	277.504
570	289.773
570.5	300.912
571	310.899
571.5	319.694
572	327.961
572.5	336.399
573	345.802
573.5	356.269
574	367.4
574.5	378.01
575	386.91
575.5	392.674
576	395.409
576.5	395.663
577	394.046
577.5	391.339
578	387.462
578.5	382.182
579	375.6
579.5	367.954
580	360.086
580.5	352.564
581	345.436
581.5	337.914
582	328.837
582.5	317.289
583	303.665
583.5	289.06
584	275.038
584.5	262.304
585	250.687
585.5	238.8
586	225.411
586.5	210.055
587	193.904
587.5	179.076
588	167.655
588.5	160.434
589	157.583
589.5	156.38
590	154.396
590.5	149.58
591	142.075
591.5	132.829
592	123.842
592.5	116.622
593	112.445
593.5	110.707
594	110.689
594.5	111.466
595	112.192
595.5	112.495
596	112.355
596.5	111.983
597	111.733
597.5	112.096
598	113.599
598.5	116.936
599	122.003
599.5	128.712
600	136.462
600.5	144.506
601	152.213
601.5	159.109
602	164.696
602.5	167.885
603	168.277
603.5	165.262
604	159.416
604.5	152.84
605	148.492
605.5	148.389
606	152.867
606.5	161.112
607	169.878
607.5	176.772
608	180.42
608.5	181.731
609	182.25
609.5	183.686
610	186.439
610.5	189.616
611	191.412
611.5	190.343
612	185.794
612.5	179.105
613	171.768
613.5	165.142
614	159.657
614.5	155.269
615	151.317
615.5	147.53
616	144.076
616.5	141.382
617	140.057
617.5	140.225
618	141.387
618.5	142.652
619	142.932
619.5	141.454
620	137.713
620.5	132.44
621	126.231
621.5	119.655
622	112.896
622.5	105.685
623	97.8233
623.5	89.2412
624	79.9694
624.5	70.3481
625	60.4733
625.5	50.4424
626	40.5503
626.5	31.5782
627	24.5571
627.5	20.3915
628	20
628.5	20.781
629	22.4784
629.5	23.4957
630	22.8555
630.5	21.2089
631	20
631.5	20
632	20
632.5	20
633	20
633.5	20
634	20
634.5	20
635	20.0172
635.5	20.3569
636	21.1703
636.5	22.7071
637	25.2723
637.5	28.6972
638	31.8324
638.5	33.0305
639	31.3271
639.5	27.2902
640	22.6059
640.5	20
641	20
641.5	20.232
642	22.7434
642.5	25.6534
643	27.3193
643.5	27.534
644	26.9367
644.5	26.64
645	27.0289
645.5	27.7448
646	28.0833
646.5	27.9254
647	27.9884
647.5	29.1692
648	32.1441
648.5	36.1495
649	39.8088
649.5	41.1837
650	39.7737
650.5	35.6875
651	30.2563
651.5	25.2685
652	22.3229
652.5	21.891
653	23.6205
653.5	26.8878
654	30.3346
654.5	33.0911
655	34.6363
655.5	35.3248
656	35.6566
656.5	36.1508
657	36.8329
657.5	37.1357
658	36.4618
658.5	34.5504
659	31.9626
659.5	30.023
660	30.1474
660.5	32.6584
661	36.5317
661.5	39.7996
662	40.7265
662.5	38.6267
663	34.1717
663.5	29.6037
664	26.9245
664.5	27.11
665	29.5213
665.5	33.1966
666	36.9723
666.5	40.4376
667	43.4773
667.5	46.0195
668	47.4939
668.5	47.2125
669	45.1082
669.5	41.5091
670	37.7952
670.5	35.1654
671	34.545
671.5	35.3054
672	36.525
672.5	37.0477
673	36.3926
673.5	34.5173
674	32.1001
674.5	29.7583
675	28.0843
675.5	27.2233
676	27.3023
676.5	28.1744
677	29.2449
677.5	29.6634
678	28.7441
678.5	26.4341
679	23.2867
679.5	20.7347
680	20
680.5	21.6219
681	24.9772
681.5	29.0557
682	32.6804
682.5	35.3767
683	37.035
683.5	38.0287
684	38.238
684.5	37.0455
685	34.263
685.5	30.0485
686	25.7665
686.5	22.9309
687	22.9314
687.5	25.0964
688	27.9849
688.5	29.497
689	28.6729
689.5	25.6102
690	22.0388
690.5	20
691	20.2454
691.5	23.6352
692	28.882
692.5	33.9377
693	37.233
693.5	38.2489
694	38.0255
694.5	38.4913
695	41.7104
695.5	48.0866
696	56.6601
696.5	65.3566
697	71.9623
697.5	75.3242
698	76.1453
698.5	76.7188
699	79.4835
699.5	85.5101
700	94.1702
700.5	103.808
701	112.231
701.5	118.389
702	122.654
702.5	126.833
703	132.76
703.5	141.103
704	151.026
704.5	160.634
705	167.995
705.5	171.956
706	172.34
706.5	170.739
707	168.421
707.5	166.497
708	165.338
708.5	165.184
709	166.098
709.5	168.614
710	173.659
710.5	180.965
711	189.958
711.5	199.029
712	206.623
712.5	211.291
713	213.286
713.5	213.314
714	212.151
714.5	210.554
715	208.486
715.5	205.647
716	201.987
716.5	197.683
717	193.36
717.5	189.468
718	186.207
718.5	183.204
719	180.077
719.5	176.568
720	172.762
720.5	168.825
721	164.9
721.5	160.966
722	156.889
722.5	152.614
723	148.06
723.5	142.994
724	137.131
724.5	130.004
725	121.767
725.5	113.177
726	105.665
726.5	100.177
727	96.9981
727.5	95.24
728	92.9763
728.5	88.3579
729	80.7431
729.5	70.9675
730	60.5146
730.5	51.1786
731	43.9272
731.5	39.0794
732	35.712
732.5	33.2094
733	31.0275
733.5	28.9668
734	27.0781
734.5	25.4062
735	23.9867
735.5	22.8869
736	22.0821
736.5	21.575
737	21.2568
737.5	20.9645
738	20.5971
738.5	20.218
739	20
739.5	20
740	20
740.5	20
741	20.0224
741.5	20.2661
742	21.1306
742.5	23.0207
743	26.187
743.5	30.9008
744	36.5752
744.5	42.7449
745	48.8451
745.5	54.5458
746	59.743
746.5	64.7145
747	69.8715
747.5	75.8204
748	82.7808
748.5	90.8926
749	100.052
749.5	109.749
750	119.546
750.5	128.971
751	137.703
751.5	145.252
752	151.581
752.5	156.605
753	160.352
753.5	163.353
754	165.996
754.5	168.72
755	171.786
755.5	175.49
756	179.953
756.5	185.327
757	191.643
757.5	198.191
758	203.866
758.5	207.416
759	208.506
759.5	207.441
760	206.218
760.5	206.83
761	211.207
761.5	218.594
762	227.446
762.5	235.174
763	240.163
763.5	241.807
764	241.85
764.5	242.342
765	245.215
765.5	250.155
766	255.903
766.5	260.346
767	262.314
767.5	261.484
768	259.31
768.5	257.372
769	256.922
769.5	257.56
770	258.246
770.5	257.498
771	254.699
771.5	249.584
772	242.786
772.5	234.959
773	226.289
773.5	217.126
774	207.902
774.5	199.634
775	193.24
775.5	189.604
776	188.332
776.5	187.999
777	186.722
777.5	183.304
778	177.557
778.5	170.308
779	163.332
779.5	158.042
780	155.003
780.5	153.59
781	152.928
781.5	151.936
782	150.119
782.5	147.4
783	144.344
783.5	141.384
784	138.741
784.5	136.258
785	133.614
785.5	130.662
786	127.599
786.5	125.033
787	123.407
787.5	122.895
788	123.029
788.5	122.893
789	121.519
789.5	118.601
790	114.388
790.5	109.199
791	103.644
791.5	97.9118
792	92.1856
792.5	86.8523
793	82.7515
793.5	80.5886
794	80.4454
794.5	81.9388
795	83.456
795.5	83.6274
796	81.4503
796.5	77.4363
797	72.3504
797.5	67.2183
798	62.4255
798.5	57.6841
799	52.4131
799.5	46.3491
800	39.828
800.5	33.7924
801	29.2336
801.5	26.5586
802	25.2771
802.5	24.639
803	23.739
803.5	22.3154
804	20.7866
804.5	20
805	20.2343
805.5	21.9779
806	24.3297
806.5	25.9977
807	26.061
807.5	24.446
808	21.8984
808.5	20
809	20
809.5	20.2797
810	22.8812
810.5	27.2424
811	32.2107
811.5	36.9303
812	40.4592
812.5	42.4258
813	42.3639
813.5	40.1459
814	36.5188
814.5	32.247
815	28.2904
815.5	25.1133
816	22.8833
816.5	21.2173
817	20.0929
817.5	20
818	20
818.5	20
819	20
819.5	20
820	21.3635
820.5	22.4072
821	22.3509
821.5	21.2483
822	20
822.5	20
823	20.1041
823.5	22.1125
824	25.8954
824.5	30.9883
825	37.0801
825.5	44.3111
826	52.7426
826.5	62.5229
827	73.3802
827.5	84.7368
828	96.1805
828.5	107.76
829	120.063
829.5	134.341
830	151.052
830.5	170.403
831	191.557
831.5	212.967
832	233.191
832.5	251.733
833	269.089
833.5	286.552
834	305.513
834.5	326.785
835	350.062
835.5	373.759
836	396.069
836.5	416.051
837	434.198
837.5	452.204
838	472.223
838.5	495.573
839	522.108
839.5	549.602
840	575.646
840.5	598.673
841	618.843
841.5	636.978
842	654.786
842.5	672.936
843	691.24
843.5	709.048
844	725.84
844.5	741.662
845	756.857
845.5	771.374
846	785.013
846.5	797.461
847	808.7
847.5	819.641
848	831.303
848.5	844.408
849	858.757
849.5	873.714
850	888.295
850.5	901.888
851	913.912
851.5	924.382
852	932.92
852.5	939.469
853	944.823
853.5	950.356
854	957.799
854.5	968.158
855	981.848
855.5	996.947
856	1011.71
856.5	1024.76
857	1036.47
857.5	1048.34
858	1062.43
858.5	1079.82
859	1100.97
859.5	1123.54
860	1145.21
860.5	1163.65
861	1178.69
861.5	1191.26
862	1203.95
862.5	1218.77
863	1236.7
863.5	1255.44
864	1271.76
864.5	1281.86
865	1285.51
865.5	1283.93
866	1281.01
866.5	1279.91
867	1281.68
867.5	1283.53
868	1281.41
868.5	1270.63
869	1251.26
869.5	1224.05
870	1191.9
870.5	1157.15
871	1119.12
871.5	1076.42
872	1027.64
872.5	972.319
873	914.255
873.5	857.36
874	805.182
874.5	758.039
875	714.577
875.5	671.168
876	625.298
876.5	575.55
877	523.721
877.5	472.032
878	423.23
878.5	378.91
879	341.228
879.5	310.456
880	286.071
880.5	267.872
881	252.502
881.5	237.659
882	221.413
882.5	203.633
883	185.213
883.5	167.538
884	151.182
884.5	136.231
885	122.256
885.5	109.933
886	101.258
886.5	97.3811
887	99.2466
887.5	105.054
888	111.874
888.5	117.069
889	120.146
889.5	122.128
890	124.809
890.5	128.965
891	134.251
891.5	139.61
892	144.765
892.5	151.004
893	160.087
893.5	173.065
894	189.644
894.5	206.844
895	221.815
895.5	232.838
896	240.834
896.5	247.959
897	257.067
897.5	269.749
898	286.907
898.5	306.853
899	328.435
899.5	350.503
900	372.365
900.5	393.481
901	413.285
901.5	431.105
902	445.781
902.5	457.998
903	468.891
903.5	480.782
904	495.569
904.5	514.441
905	535.872
905.5	556.997
906	573.737
906.5	584.635
907	589.506
907.5	590.196
908	590.292
908.5	592.621
909	598.563
909.5	607.69
910	619.038
910.5	630.576
911	641.065
911.5	649.98
912	658.255
912.5	667.353
913	678.623
913.5	692.038
914	706.459
914.5	719.733
915	730.587
915.5	739.196
916	748.092
916.5	760.215
917	777.498
917.5	799.221
918	823.872
918.5	848.755
919	872.443
919.5	894.36
920	915.099
920.5	934.714
921	952.874
921.5	969.403
922	984.162
922.5	997.955
923	1011.54
923.5	1025.27
924	1038.79
924.5	1051.47
925	1062.9
925.5	1073.56
926	1084.43
926.5	1096.7
927	1111
927.5	1127.68
928	1145.3
928.5	1162.19
929	1176.4
929.5	1187.72
930	1197.26
930.5	1208.27
931	1223.85
931.5	1247.16
932	1276.36
932.5	1308.79
933	1341.05
933.5	1371.49
934	1400.67
934.5	1430.68
935	1462.7
935.5	1496.44
936	1529.61
936.5	1560.48
937	1588.39
937.5	1614.93
938	1641.55
938.5	1668.82
939	1695.86
939.5	1720.41
940	1740.29
940.5	1753.12
941	1754.07
941.5	1741.73
942	1712.39
942.5	1665.24
943	1604.54
943.5	1533.05
944	1455.93
944.5	1375.48
945	1291.3
945.5	1203.89
946	1114.42
946.5	1026.55
947	943.957
947.5	869.965
948	803.279
948.5	740.585
949	678.636
949.5	615.874
950	553.541
950.5	494.781
951	441.461
951.5	394.899
952	353.636
952.5	315.705
953	280.529
953.5	247.669
954	217.708
954.5	191.243
955	167.487
955.5	146.116
956	126.767
956.5	109.561
957	95.6854
957.5	85.0581
958	77.2338
958.5	71.0177
959	64.6375
959.5	57.0765
960	48.4084
960.5	39.6261
961	32.0695
961.5	26.394
962	22.6693
962.5	20.7633
963	20
963.5	20
964	20.4676
964.5	21.5583
965	22.8685
965.5	23.8849
966	24.4051
966.5	24.547
967	24.777
967.5	25.3059
968	25.8727
968.5	25.8965
969	24.7621
969.5	22.6571
970	20.5254
970.5	20
971	20
971.5	20
972	22.4935
972.5	26.2139
973	29.7018
973.5	31.7623
974	31.9907
974.5	30.1059
975	27.1272
975.5	23.8294
976	21.2141
976.5	20
977	20
977.5	20
978	20
978.5	20.6964
979	21.2418
979.5	21.6138
980	21.8593
980.5	22.4305
981	23.3066
981.5	23.823
982	23.2944
982.5	21.5411
983	20
983.5	20
984	20
984.5	20
985	20
985.5	20
986	20.9513
986.5	20.5901
987	20
987.5	20
988	20
988.5	20
989	20
989.5	20
990	20
990.5	20
991	20
991.5	20
992	20
992.5	20
993	20
993.5	20
994	20
994.5	20
995	20
995.5	20
996	20
996.5	20
997	20.1131
997.5	20
998	20
998.5	20
999	20
999.5	20
1000	20
1000.5	20
1001	20
1001.5	21.3023
1002	20.9565
1002.5	20
1003	20
1003.5	20
1004	20
1004.5	23.9688
1005	25.4647
1005.5	24.5166
1006	22.0026
1006.5	20
1007	20
1007.5	20
1008	20
1008.5	20
1009	21.3631
1009.5	20.5758
1010	20.0506
1010.5	20
1011	20
1011.5	20
1012	20
1012.5	20
1013	20
1013.5	21.6821
1014	21.7047
1014.5	21.1907
1015	20.2161
1015.5	20
1016	20
1016.5	23.3821
1017	30.7541
1017.5	40.0841
1018	48.1309
1018.5	52.6075
1019	53.0837
1019.5	52.1822
1020	52.8109
1020.5	56.3768
1021	61.5649
1021.5	65.1698
1022	65.3113
1022.5	62.6492
1023	60.7681
1023.5	63.1109
1024	70.9555
1024.5	81.2215
1025	89.4279
1025.5	91.8723
1026	90.5271
1026.5	89.0985
1027	91.5739
1027.5	97.9004
1028	105.686
1028.5	111.31
1029	113.491
1029.5	113.191
1030	113.539
1030.5	116.434
1031	122.088
1031.5	128.224
1032	132.869
1032.5	135.238
1033	136.425
1033.5	138.3
1034	142.609
1034.5	150.347
1035	162.467
1035.5	177.756
1036	195.392
1036.5	213.978
1037	232.216
1037.5	249.375
1038	265.553
1038.5	281.081
1039	295.832
1039.5	309.51
1040	321.493
1040.5	331.502
1041	340.335
1041.5	349.045
1042	358.859
1042.5	370.465
1043	384.568
1043.5	400.538
1044	417.568
1044.5	434.204
1045	449.067
1045.5	460.923
1046	469.784
1046.5	476.566
1047	481.82
1047.5	486.007
1048	488.801
1048.5	489.832
1049	490.077
1049.5	491.246
1050	495.156
1050.5	501.995
1051	510.55
1051.5	517.817
1052	521.264
1052.5	519.064
1053	512.668
1053.5	503.249
1054	492.403
1054.5	481.231
1055	470.007
1055.5	458.481
1056	446.108
1056.5	432.001
1057	416.302
1057.5	399.651
1058	383.632
1058.5	369.51
1059	357.681
1059.5	346.318
1060	332.863
1060.5	314.519
1061	292.364
1061.5	268.555
1062	246.521
1062.5	228.162
1063	214.114
1063.5	202.81
1064	192.852
1064.5	184.524
1065	178.889
1065.5	177.534
1066	181.174
1066.5	187.735
1067	195.057
1067.5	201.612
1068	208.331
1068.5	219.166
1069	237.158
1069.5	263.881
1070	298.313
1070.5	335.234
1071	370.72
1071.5	403.561
1072	436.461
1072.5	475.309
1073	523.683
1073.5	582.094
1074	647.613
1074.5	713.031
1075	772.606
1075.5	823.282
1076	866.947
1076.5	905.351
1077	941.242
1077.5	975.462
1078	1007.47
1078.5	1037.25
1079	1064.61
1079.5	1089.46
1080	1111.51
1080.5	1128.52
1081	1138.78
1081.5	1141.37
1082	1135.21
1082.5	1123.99
1083	1110.52
1083.5	1097.33
1084	1084.9
1084.5	1071.96
1085	1056.77
1085.5	1038.69
1086	1018.04
1086.5	996.887
1087	976.229
1087.5	955.483
1088	932.816
1088.5	906.218
1089	876.185
1089.5	845.544
1090	818.653
1090.5	796.999
1091	779.865
1091.5	764.748
1092	749.402
1092.5	734.495
1093	722.991
1093.5	717.172
1094	718.244
1094.5	722.589
1095	726.762
1095.5	728.759
1096	730.306
1096.5	735.004
1097	745.408
1097.5	760.582
1098	778.734
1098.5	797.815
1099	818.241
1099.5	842.658
1100	871.845
1100.5	905.046
1101	938.779
1101.5	969.743
1102	996.349
1102.5	1020.72
1103	1045.65
1103.5	1073.07
1104	1101.4
1104.5	1127.93
1105	1149.97
1105.5	1167.52
1106	1181.46
1106.5	1194.19
1107	1207.13
1107.5	1220.34
1108	1232.43
1108.5	1241.29
1109	1244.56
1109.5	1242.03
1110	1234.01
1110.5	1223.38
1111	1213.15
1111.5	1206.15
1112	1202.67
1112.5	1201.95
1113	1202.26
1113.5	1201.89
1114	1200.13
1114.5	1197.5
1115	1195.29
1115.5	1195.39
1116	1198.78
1116.5	1205.69
1117	1215.69
1117.5	1227.19
1118	1239.66
1118.5	1253.44
1119	1269.25
1119.5	1287.57
1120	1306.46
1120.5	1323.05
1121	1333.97
1121.5	1340.19
1122	1344.96
1122.5	1353.66
1123	1368.47
1123.5	1388.41
1124	1408.09
1124.5	1423.08
1125	1430.63
1125.5	1434.12
1126	1436.96
1126.5	1441.47
1127	1446.41
1127.5	1447.69
1128	1441.58
1128.5	1427.25
1129	1405.51
1129.5	1381.38
1130	1358.33
1130.5	1338.9
1131	1322.68
1131.5	1307.61
1132	1289.94
1132.5	1266.81
1133	1235.9
1133.5	1200.55
1134	1165.08
1134.5	1134.36
1135	1108.83
1135.5	1086.12
1136	1061.66
1136.5	1033.24
1137	1002.44
1137.5	975.298
1138	957.559
1138.5	952.869
1139	955.986
1139.5	959.742
1140	956.062
1140.5	943.36
1141	924.096
1141.5	905.656
1142	893.179
1142.5	889.09
1143	889.293
1143.5	889.504
1144	886.409
1144.5	880.308
1145	873.338
1145.5	867.917
1146	864.258
1146.5	860.895
1147	856.29
1147.5	850.186
1148	843.557
1148.5	837.236
1149	830.597
1149.5	821.908
1150	809.964
1150.5	794.453
1151	777.979
1151.5	762.516
1152	748.483
1152.5	734.288
1153	717.884
1153.5	698.857
1154	678.562
1154.5	659.087
1155	641.212
1155.5	623.974
1156	604.942
1156.5	582.614
1157	556.76
1157.5	529.014
1158	500.866
1158.5	472.721
1159	444.179
1159.5	414.873
1160	385.168
1160.5	356.113
1161	328.302
1161.5	300.714
1162	271.002
1162.5	235.803
1163	195.054
1163.5	150.62
1164	106.679
1164.5	68.1771
1165	36.0671
1165.5	20
1166	20
1166.5	20
1167	20
1167.5	20
1168	20
1168.5	20
1169	20
1169.5	20
1170	20
1170.5	20
1171	20
1171.5	20
1172	20
1172.5	20
1173	20
1173.5	20
1174	20
1174.5	20
1175	20
1175.5	20
1176	20.6946
1176.5	22.7215
1177	23.7468
1177.5	22.8326
1178	20
1178.5	20
1179	20
1179.5	20
1180	20
1180.5	22.2742
1181	26.736
1181.5	29.8097
1182	29.4666
1182.5	25.8414
1183	21.8252
1183.5	20
1184	20
1184.5	20.5173
1185	21.8734
1185.5	22.8727
1186	23.4156
1186.5	23.7344
1187	23.6707
1187.5	22.7592
1188	21.0172
1188.5	20
1189	20
1189.5	20
1190	20
1190.5	23.4065
1191	25.2596
1191.5	25.5558
1192	23.4876
1192.5	21.1653
1193	20
1193.5	20
1194	20
1194.5	20
1195	20
1195.5	20
1196	21.755
1196.5	25.4222
1197	30.2489
1197.5	35.8684
1198	41.9281
1198.5	47.9604
1199	53.2974
1199.5	57.8529
1200	62.2005
1200.5	67.63
1201	74.903
1201.5	83.7544
1202	91.8941
1202.5	97.1942
1203	98.3393
1203.5	96.8687
1204	94.9968
1204.5	95.2519
1205	98.618
1205.5	105.12
1206	112.51
1206.5	118.386
1207	119.981
1207.5	116.627
1208	107.953
1208.5	95.7442
1209	82.9105
1209.5	72.4864
1210	65.8728
1210.5	63.0762
1211	63.1234
1211.5	64.0485
1212	65.1537
1212.5	66.3007
1213	67.446
1213.5	67.8915
1214	66.4493
1214.5	62.0006
1215	53.4505
1215.5	42.5675
1216	31.7072
1216.5	23.7557
1217	20
1217.5	20.5723
1218	23.6071
1218.5	26.497
1219	26.7184
1219.5	24.3921
1220	21.1786
1220.5	20
1221	20
1221.5	20
1222	20.4955
1222.5	21.5036
1223	20.8162
1223.5	20
1224	20
1224.5	20
1225	20
1225.5	20
1226	20
1226.5	20
1227	20
1227.5	20
1228	20
1228.5	20
1229	20
1229.5	20
1230	20
1230.5	20
1231	20
1231.5	20
1232	20
1232.5	20
1233	20
1233.5	20
1234	20
1234.5	20
1235	20
1235.5	28.8289
1236	45.3143
1236.5	70.4789
1237	96.7556
1237.5	116.596
1238	125.904
1238.5	128.111
1239	129.324
1239.5	135.798
1240	149.043
1240.5	167.096
1241	184.456
1241.5	198.049
1242	207.689
1242.5	215.772
1243	224.597
1243.5	235.825
1244	249.866
1244.5	266.461
1245	283.031
1245.5	296.312
1246	303.188
1246.5	304.442
1247	302.576
1247.5	302.359
1248	306.932
1248.5	318.04
1249	333.032
1249.5	349.636
1250	366.33
1250.5	382.769
1251	398.479
1251.5	412.132
1252	422.331
1252.5	427.443
1253	428.872
1253.5	428.746
1254	429.845
1254.5	433.701
1255	441.425
1255.5	453.227
1256	468.175
1256.5	484.883
1257	500.463
1257.5	512.396
1258	519.656
1258.5	525.382
1259	533.385
1259.5	546.591
1260	563.619
1260.5	579.924
1261	589.92
1261.5	591.162
1262	585.231
1262.5	578.789
1263	576.085
1263.5	577.887
1264	580.432
1264.5	578.699
1265	570.082
1265.5	555.615
1266	538.035
1266.5	520.557
1267	504.029
1267.5	488.084
1268	471.991
1268.5	455.177
1269	436.612
1269.5	414.414
1270	384.863
1270.5	347.822
1271	304.754
1271.5	260.406
1272	220.77
1272.5	191.153
1273	172.967
1273.5	163.027
1274	157.773
1274.5	152.841
1275	146.183
1275.5	137.014
1276	126.279
1276.5	114.622
1277	102.33
1277.5	89.1155
1278	74.1379
1278.5	57.6023
1279	40.8046
1279.5	27.1745
1280	20
1280.5	20
1281	26.3569
1281.5	40.8858
1282	56.3271
1282.5	65.5367
1283	65.4712
1283.5	56.6441
1284	45.9894
1284.5	39.64
1285	40.5636
1285.5	45.8166
1286	50.356
1286.5	49.6048
1287	42.7373
1287.5	31.7621
1288	22.6038
1288.5	20
1289	20
1289.5	20
1290	20
1290.5	20
1291	20
1291.5	20
1292	20
1292.5	24.3672
1293	32.2557
1293.5	41.0467
1294	44.4986
1294.5	39.3715
1295	28.4438
1295.5	20
1296	20
1296.5	32.0431
1297	58.0994
1297.5	86.908
1298	108.884
1298.5	118.996
1299	119.942
1299.5	118.695
1300	122.922
1300.5	135.636
1301	156.311
1301.5	179.291
1302	200.259
1302.5	216.76
1303	229.645
1303.5	240.118
1304	249.257
1304.5	257.289
1305	264.578
1305.5	272.435
1306	281.901
1306.5	292.126
1307	300.341
1307.5	303.599
1308	302.816
1308.5	301.898
1309	306.958
1309.5	319.238
1310	335.809
1310.5	349.76
1311	357.232
1311.5	358.471
1312	359.276
1312.5	365.054
1313	379.803
1313.5	400.248
1314	422.283
1314.5	442.526
1315	460.074
1315.5	475.003
1316	488.579
1316.5	502.627
1317	520.429
1317.5	543.659
1318	572.626
1318.5	605.357
1319	637.992
1319.5	668.771
1320	699.436
1320.5	733.442
1321	772.904
1321.5	814.148
1322	851.538
1322.5	879.06
1323	898.458
1323.5	915.173
1324	937.649
1324.5	969.08
1325	1008.86
1325.5	1050.72
1326	1089.9
1326.5	1124.09
1327	1156.32
1327.5	1190.32
1328	1228.28
1328.5	1268.84
1329	1309.06
1329.5	1346.17
1330	1379.7
1330.5	1411.04
1331	1443.01
1331.5	1476.02
1332	1508.14
1332.5	1537.03
1333	1561.42
1333.5	1583.78
1334	1607.49
1334.5	1633.95
1335	1659.52
1335.5	1679.03
1336	1688.41
1336.5	1690.92
1337	1693.26
1337.5	1702.14
1338	1717.73
1338.5	1734.99
1339	1746.38
1339.5	1747.69
1340	1738.89
1340.5	1725.96
1341	1712.92
1341.5	1700.65
1342	1687.68
1342.5	1672.1
1343	1654.3
1343.5	1635.83
1344	1618.58
1344.5	1602.92
1345	1588.39
1345.5	1573.77
1346	1557.7
1346.5	1538.04
1347	1513.54
1347.5	1484.36
1348	1451.84
1348.5	1419.81
1349	1391.59
1349.5	1368.62
1350	1348.55
1350.5	1326.99
1351	1300.62
1351.5	1269.38
1352	1236.03
1352.5	1205.55
1353	1181.78
1353.5	1165.82
1354	1154.46
1354.5	1145.14
1355	1135.27
1355.5	1123.59
1356	1109.11
1356.5	1093.01
1357	1077.74
1357.5	1066.99
1358	1061.98
1358.5	1061.11
1359	1057.95
1359.5	1045.97
1360	1022.12
1360.5	994.389
1361	972.405
1361.5	965.888
1362	974.206
1362.5	993.468
1363	1014.92
1363.5	1033.52
1364	1047.89
1364.5	1060
1365	1071.17
1365.5	1082.24
1366	1093.96
1366.5	1107.09
1367	1121.43
1367.5	1135.52
1368	1147.33
1368.5	1156.74
1369	1165.41
1369.5	1175.97
1370	1189.14
1370.5	1204.84
1371	1223.08
1371.5	1244.61
1372	1271.18
1372.5	1299.76
1373	1324.93
1373.5	1338.91
1374	1341.75
1374.5	1337.41
1375	1335.44
1375.5	1342.48
1376	1360.5
1376.5	1384.35
1377	1408.36
1377.5	1427.21
1378	1439.49
1378.5	1444.76
1379	1444.01
1379.5	1440.48
1380	1437.49
1380.5	1437.38
1381	1439.17
1381.5	1438.17
1382	1431.1
1382.5	1417.86
1383	1402.58
1383.5	1390.84
1384	1385.93
1384.5	1384.58
1385	1381.28
1385.5	1370.57
1386	1352.43
1386.5	1328.8
1387	1302.92
1387.5	1278.16
1388	1256.64
1388.5	1239.99
1389	1228.87
1389.5	1224.71
1390	1225.92
1390.5	1230.41
1391	1236.35
1391.5	1242.24
1392	1247.23
1392.5	1250.43
1393	1251.13
1393.5	1248.6
1394	1243.81
1394.5	1238.06
1395	1232.89
1395.5	1229.29
1396	1228.24
1396.5	1230.37
1397	1235.22
1397.5	1241.23
1398	1244.62
1398.5	1241.73
1399	1229.85
1399.5	1214.52
1400	1201.62
1400.5	1195.98
1401	1195.71
1401.5	1194.53
1402	1185.55
1402.5	1168.1
1403	1145.04
1403.5	1122.18
1404	1101.19
1404.5	1080.12
1405	1056.93
1405.5	1033.01
1406	1012.12
1406.5	995.584
1407	979.86
1407.5	957.195
1408	923.415
1408.5	880.457
1409	837.352
1409.5	801.793
1410	776.024
1410.5	755.654
1411	736.03
1411.5	716.365
1412	699.62
1412.5	690.099
1413	686.575
1413.5	684.126
1414	676.23
1414.5	660.557
1415	637.912
1415.5	614.28
1416	594.716
1416.5	581.473
1417	570.875
1417.5	558.675
1418	541.615
1418.5	520.66
1419	499.365
1419.5	480.879
1420	465.096
1420.5	449.59
1421	432.161
1421.5	413.546
1422	397.401
1422.5	385.685
1423	377.672
1423.5	369.099
1424	356.526
1424.5	339.038
1425	320.651
1425.5	304.121
1426	290.141
1426.5	276.573
1427	260.519
1427.5	240.488
1428	216.087
1428.5	185.815
1429	151.037
1429.5	115.024
1430	86.1078
1430.5	70.528
1431	73.0293
1431.5	89.9701
1432	112.8
1432.5	132.85
1433	146.502
1433.5	153.641
1434	153.582
1434.5	145.827
1435	126.532
1435.5	96.3337
1436	62.1679
1436.5	34.13
1437	20
1437.5	20.7166
1438	35.0073
1438.5	50.3862
1439	58.1444
1439.5	53.75
1440	40.9648
1440.5	28.8188
1441	28.4663
1441.5	45.1368
1442	79.7399
1442.5	119.637
1443	151.758
1443.5	165.957
1444	166.766
1444.5	164.522
1445	172.712
1445.5	197.621
1446	240.167
1446.5	287.567
1447	333.332
1447.5	376.117
1448	420.155
1448.5	470.889
1449	527.652
1449.5	585.752
1450	639.177
1450.5	686.173
1451	727.722
1451.5	766.885
1452	805.438
1452.5	841.772
1453	873.058
1453.5	897.863
1454	916.706
1454.5	935.15
1455	958.05
1455.5	989.056
1456	1024.92
1456.5	1057.98
1457	1079.09
1457.5	1085.7
1458	1079.89
1458.5	1073.37
1459	1076.88
1459.5	1095.83
1460	1122.03
1460.5	1144.24
1461	1150.11
1461.5	1135.24
1462	1101.11
1462.5	1059.23
1463	1019.39
1463.5	990.697
1464	973.729
1464.5	964.899
1465	956.673
1465.5	943.109
1466	920.034
1466.5	887.602
1467	847.328
1467.5	798.733
1468	744.236
1468.5	686.038
1469	628.51
1469.5	574.258
1470	520.554
1470.5	460.056
1471	387.085
1471.5	298.84
1472	207.474
1472.5	126.727
1473	68.5831
1473.5	36.5455
1474	20
1474.5	20
1475	20
1475.5	20
1476	20
1476.5	20
1477	20
1477.5	20
1478	20
1478.5	20
1479	20
1479.5	20
1480	22.0537
1480.5	21.6724
1481	22.5428
1481.5	20
1482	20
1482.5	20
1483	20
1483.5	20
1484	20
1484.5	20.08
1485	20
1485.5	20
1486	20
1486.5	20
1487	20
1487.5	22.1782
1488	24.0603
1488.5	23.1115
1489	20
1489.5	20
1490	20
1490.5	20
1491	20
1491.5	20
1492	20
1492.5	21.6098
1493	25.5803
1493.5	28.587
1494	27.8632
1494.5	23.758
1495	20
1495.5	20
1496	24.2908
1496.5	31.0387
1497	36.582
1497.5	39.53
1498	40.6011
1498.5	41.3862
1499	42.3097
1499.5	41.6827
1500	37.6434
1500.5	30.4703
1501	22.9492
1501.5	20
1502	22.8986
1502.5	33.201
1503	45.3296
1503.5	52.9438
1504	51.8131
1504.5	44.142
1505	34.2776
1505.5	27.5898
1506	26.6042
1506.5	30.3037
1507	34.4268
1507.5	35.9631
1508	33.3899
1508.5	27.9545
1509	22.4627
1509.5	20
1510	21.7025
1510.5	27.5887
1511	33.6981
1511.5	37.0692
1512	37.4746
1512.5	37.963
1513	42.335
1513.5	50.5656
1514	58.5627
1514.5	59.7621
1515	52.4161
1515.5	38.2391
1516	25.0965
1516.5	20
1517	26.0972
1517.5	42.5433
