131	25.3192
131.5	26.33
132	27.4803
132.5	28.0637
133	27.8684
133.5	26.9001
134	25.7472
134.5	25.0628
135	25.3436
135.5	26.573
136	28.8157
136.5	31.9092
137	35.7227
137.5	40.2576
138	45.0461
138.5	49.6343
139	53.3766
139.5	55.9598
140	57.1271
140.5	57.7011
141	58.7949
141.5	61.7959
142	67.2303
142.5	75.3097
143	85.7642
143.5	96.7891
144	107.312
144.5	116.641
145	124.836
145.5	132.39
146	140.428
146.5	149.534
147	159.834
147.5	170.532
148	180.567
148.5	188.503
149	193.924
149.5	196.59
150	197.19
150.5	196.222
151	193.569
151.5	189.115
152	182.408
152.5	173.417
153	163.082
153.5	152.713
154	144.168
154.5	138.536
155	135.916
155.5	134.434
156	132.377
156.5	127.907
157	120.453
157.5	110.695
158	100.47
158.5	91.1015
159	83.6514
159.5	77.7921
160	72.9186
160.5	68.2263
161	63.4785
161.5	58.8733
162	54.7187
162.5	51.1049
163	47.7848
163.5	44.271
164	40.4751
164.5	36.7666
165	33.8142
165.5	32.56
166	33.3049
166.5	35.2379
167	37.4582
167.5	38.9731
168	39.2291
168.5	37.9347
169	35.8563
169.5	33.4955
170	31.1409
170.5	28.846
171	26.5625
171.5	24.3422
172	22.4043
172.5	21.0712
173	20.32
173.5	20.0588
174	20.0225
174.5	20
175	20
175.5	20
176	20.4666
176.5	21.9066
177	23.7815
177.5	25.3084
178	25.7082
178.5	24.946
179	23.2331
179.5	21.3342
180	20
180.5	20.0405
181	21.1649
181.5	23.0392
182	25.1598
182.5	27.0334
183	28.2347
183.5	28.4913
184	27.8679
184.5	26.2754
185	24.1118
185.5	21.8257
186	20.2259
186.5	20
187	21.3569
187.5	24.1705
188	27.6888
188.5	30.9905
189	33.1404
189.5	33.627
190	32.4157
190.5	30.2304
191	27.5729
191.5	24.9951
192	22.8398
192.5	21.3307
193	20.3899
193.5	20
194	20
194.5	20
195	20.5175
195.5	21.2867
196	21.8994
196.5	22.0095
197	21.5696
197.5	20.7596
198	20.0338
198.5	20
199	20.8344
199.5	22.7541
200	25.278
200.5	27.8259
201	29.6716
201.5	30.3725
202	29.7229
202.5	28.2217
203	26.2253
203.5	24.1424
204	22.3029
204.5	20.9963
205	20.3545
205.5	20.4637
206	21.589
206.5	23.5576
207	26.1224
207.5	28.6217
208	30.3095
208.5	30.5858
209	29.3649
209.5	27.1469
210	24.6917
210.5	23.0888
211	22.8993
211.5	24.1943
212	26.1458
212.5	27.9342
213	28.7564
213.5	28.3969
214	27.3477
214.5	26.6058
215	26.8192
215.5	28.3821
216	30.6529
216.5	32.7069
217	33.5086
217.5	33.1114
218	32.0686
218.5	31.4881
219	32.1565
219.5	34.5231
220	37.2793
220.5	38.7439
221	37.4819
221.5	33.6268
222	27.9602
222.5	22.6714
223	20
223.5	20.976
224	25.0089
224.5	30.6705
225	35.8718
225.5	39.0794
226	39.1827
226.5	37.0357
227	33.9737
227.5	31.0412
228	28.8695
228.5	27.6439
229	27.3771
229.5	27.8074
230	28.9679
230.5	30.9176
231	33.5499
231.5	36.7002
232	39.8348
232.5	42.3203
233	43.469
233.5	43.216
234	41.3945
234.5	38.2085
235	34.2348
235.5	30.2035
236	27.081
236.5	25.4698
237	25.9682
237.5	28.0086
238	30.9652
238.5	33.6543
239	35.0032
239.5	34.4291
240	32.4445
240.5	29.9176
241	28.0226
241.5	27.4604
242	28.505
242.5	30.2217
243	31.3489
243.5	30.7693
244	28.2876
244.5	24.5894
245	21.2109
245.5	20
246	21.2396
246.5	25.52
247	31.2652
247.5	36.8342
248	40.6054
248.5	41.8845
249	40.9471
249.5	39.2796
250	37.8682
250.5	37.4339
251	37.902
251.5	39.0431
252	40.5439
252.5	42.4131
253	45.1137
253.5	48.8891
254	53.831
254.5	59.8375
255	66.217
255.5	72.3349
256	77.7192
256.5	82.2449
257	85.7688
257.5	88.5924
258	91.115
258.5	94.0724
259	97.9289
259.5	102.859
260	108.449
260.5	113.816
261	117.876
261.5	120.114
262	121.037
262.5	122.009
263	124.33
263.5	128.833
264	135.627
264.5	143.74
265	152.332
265.5	160.865
266	169.485
266.5	178.544
267	187.978
267.5	197.464
268	206.644
268.5	216.052
269	227.643
269.5	243.538
270	264.541
270.5	290.78
271	318.731
271.5	344.379
272	363.426
272.5	377.127
273	388.16
273.5	400.947
274	418.178
274.5	440.472
275	463.031
275.5	479.453
276	483.387
276.5	475.646
277	457.878
277.5	435.296
278	413.395
278.5	396.448
279	383.978
279.5	373.835
280	363.673
280.5	351.928
281	338.042
281.5	322.317
282	305.556
282.5	288.195
283	270.678
283.5	253.488
284	237.571
284.5	223.427
285	211.535
285.5	201.805
286	192.995
286.5	184.34
287	175.428
287.5	166.347
288	157.485
288.5	149.136
289	141.304
289.5	133.633
290	125.837
290.5	117.91
291	110.14
291.5	102.871
292	96.5253
292.5	91.0039
293	86.0238
293.5	81.3178
294	76.6655
294.5	72.0057
295	67.3667
295.5	62.8425
296	58.7611
296.5	55.4432
297	53.2609
297.5	52.6311
298	53.1705
298.5	54.3617
299	55.1975
299.5	54.7579
300	52.4991
300.5	48.9907
301	44.9957
301.5	41.4152
302	38.7449
302.5	37.1841
303	36.5832
303.5	36.5458
304	37.1097
304.5	38.3432
305	40.2582
305.5	42.7139
306	45.0503
306.5	46.3594
307	45.8739
307.5	43.7709
308	40.4003
308.5	36.7615
309	33.7495
309.5	32.2783
310	32.2746
310.5	33.2492
311	34.3092
311.5	34.783
312	34.3048
312.5	33.105
313	31.7436
313.5	30.9203
314	30.8657
314.5	31.2058
315	31.169
315.5	30.1438
316	27.7699
316.5	24.4871
317	21.3208
317.5	20
318	20
318.5	22.5453
319	27.2737
319.5	32.8018
320	38.0528
320.5	42.0977
321	44.5573
321.5	45.2597
322	44.6549
322.5	43.0359
323	40.5824
323.5	37.8018
324	35.1199
324.5	33.0914
325	32.0376
325.5	32.0977
326	32.8992
326.5	33.9725
327	34.7814
327.5	35.0451
328	34.6879
328.5	33.941
329	33.2577
329.5	32.9083
330	32.8536
330.5	32.8299
331	32.368
331.5	31.2145
332	29.2491
332.5	26.7232
333	24.2133
333.5	22.1822
334	20.9001
334.5	20.4028
335	20.861
335.5	22.1959
336	24.6129
336.5	28.2043
337	32.4916
337.5	36.7989
338	40.1029
338.5	41.645
339	40.5637
339.5	37.3334
340	32.8298
340.5	28.2793
341	24.5201
341.5	21.9729
342	20.5849
342.5	20
343	20
343.5	20.1768
344	21.293
344.5	23.5087
345	26.3553
345.5	29.2963
346	31.6103
346.5	32.8878
347	32.8165
347.5	31.7732
348	30.3915
348.5	29.2809
349	28.7677
349.5	29.0008
350	29.872
350.5	30.9733
351	31.8299
351.5	31.933
352	31.1445
352.5	29.3747
353	27.1363
353.5	24.8967
354	23.1941
354.5	22.2288
355	22.0467
355.5	22.2338
356	22.3283
356.5	21.9977
357	21.3036
357.5	20.4892
358	20
358.5	20.071
359	20.9933
359.5	22.4427
360	23.808
360.5	24.3828
361	23.9219
361.5	22.5524
362	20.9016
362.5	20
363	20.944
363.5	24.2099
364	29.0283
364.5	34.3436
365	38.7619
365.5	41.3705
366	41.4402
366.5	39.6988
367	36.7312
367.5	33.3942
368	30.155
368.5	27.1859
369	24.5844
369.5	22.5567
370	21.6793
370.5	22.0913
371	23.911
371.5	26.5407
372	28.9699
372.5	30.2795
373	30.1053
373.5	28.6463
374	26.2842
374.5	23.8511
375	21.8856
375.5	20.7088
376	20.1798
376.5	20.2827
377	20.9065
377.5	21.9187
378	23.2011
378.5	24.4984
379	25.6401
379.5	26.6527
380	27.8672
380.5	29.6977
381	32.3084
381.5	35.3964
382	38.2204
382.5	39.8735
383	39.6271
383.5	36.8577
384	32.6716
384.5	28.0005
385	23.9511
385.5	21.1362
386	20
386.5	20
387	20.1432
387.5	20.7612
388	21.4512
388.5	22.1252
389	22.854
389.5	23.7905
390	25.166
390.5	27.0219
391	29.1929
391.5	31.1492
392	32.1714
392.5	31.6977
393	29.5977
393.5	26.6115
394	23.6728
394.5	21.7534
395	21.2252
395.5	22.0473
396	23.1001
396.5	23.4814
397	22.7957
397.5	21.5326
398	20.3954
398.5	20
399	20.1032
399.5	20.6811
400	21.1005
400.5	21.1968
401	21.4738
401.5	22.5826
402	24.9819
402.5	28.3298
403	31.7051
403.5	33.9191
404	34.5536
404.5	33.8627
405	32.8769
405.5	32.4539
406	32.658
406.5	32.7394
407	31.8135
407.5	29.1633
408	25.3894
408.5	21.6935
409	20
409.5	20.3963
410	22.8579
410.5	26.2236
411	29.3062
411.5	31.5109
412	33.2648
412.5	35.4395
413	39.2759
413.5	44.9609
414	52.1849
414.5	60.2966
415	68.6115
415.5	76.8158
416	84.8549
416.5	92.7948
417	100.679
417.5	108.579
418	116.709
418.5	125.555
419	135.492
419.5	146.951
420	159.685
420.5	172.894
421	185.08
421.5	194.686
422	199.808
422.5	198.055
423	189.881
423.5	174.836
424	154.345
424.5	130.888
425	106.981
425.5	85.2362
426	67.3406
426.5	54.6691
427	45.9909
427.5	40.1903
428	36.0717
428.5	32.7989
429	30.292
429.5	28.5429
430	27.5827
430.5	27.365
431	27.4544
431.5	27.5686
432	27.6236
432.5	27.7327
433	28.0212
433.5	28.4138
434	28.6706
434.5	28.3614
435	27.3738
435.5	25.7334
436	23.7962
436.5	22.06
437	20.8612
437.5	20.2237
438	20
438.5	20
439	20.0304
439.5	20.1151
440	20.2102
440.5	20.2475
441	20.1581
441.5	20.0091
442	20
442.5	20.0879
443	20.8703
443.5	22.3838
444	24.4258
444.5	26.5149
445	28.2625
445.5	29.545
446	30.6416
446.5	31.9267
447	33.6196
447.5	35.7146
448	38.0085
448.5	40.1834
449	42.0091
449.5	43.3982
450	44.3678
450.5	44.755
451	44.4504
451.5	43.3324
452	41.3398
452.5	38.9551
453	36.6795
453.5	35.0486
454	34.2044
454.5	34.0565
455	34.0334
455.5	33.6383
456	32.5278
456.5	30.9349
457	29.1841
457.5	27.7472
458	26.9187
458.5	26.9102
459	27.5142
459.5	28.3073
460	28.5365
460.5	27.7674
461	25.8319
461.5	23.1417
462	20.7531
462.5	20
463	20.6753
463.5	23.8308
464	28.978
464.5	34.3087
465	38.2821
465.5	39.8734
466	39.5666
466.5	37.9619
467	36.0152
467.5	34.3272
468	33.1456
468.5	32.3284
469	31.8022
469.5	31.7313
470	32.3018
470.5	33.699
471	35.8412
471.5	38.4171
472	41.1571
472.5	43.7955
473	46.1615
473.5	47.9923
474	49.1793
474.5	49.52
475	49.0131
475.5	48.0681
476	47.0083
476.5	46.0732
477	45.3272
477.5	44.9912
478	45.5346
478.5	48.0787
479	54.1308
479.5	63.9927
480	77.5126
480.5	91.8136
481	104.037
481.5	111.281
482	114.426
482.5	115.563
483	118.518
483.5	126.043
484	139.716
484.5	157.698
485	176.709
485.5	193.412
486	207.374
486.5	219.715
487	232.319
487.5	245.98
488	259.613
488.5	270.437
489	276.105
489.5	274.273
490	267.045
490.5	257.418
491	249.189
491.5	243.794
492	240.729
492.5	237.523
493	231.743
493.5	221.253
494	206.707
494.5	189.66
495	172.201
495.5	156.164
496	142.586
496.5	131.416
497	121.953
497.5	113.961
498	106.992
498.5	100.812
499	95.3863
499.5	90.4657
500	86.0177
500.5	82.0243
501	78.3488
501.5	74.741
502	70.7746
502.5	66.1621
503	60.7193
503.5	54.9385
504	49.4344
504.5	44.9965
505	41.938
505.5	40.5487
506	40.6059
506.5	41.7765
507	44.0341
507.5	46.8617
508	49.7262
508.5	51.6299
509	51.7577
509.5	49.2124
510	44.0499
510.5	37.2525
511	30.1638
511.5	24.3319
512	20.735
512.5	20
513	21.0109
513.5	22.853
514	24.5151
514.5	25.4471
515	25.4112
515.5	24.8148
516	24.1332
516.5	23.8476
517	24.0302
517.5	24.4663
518	24.6182
518.5	24.0891
519	22.8011
519.5	21.2878
520	20.1698
520.5	20.0952
521	20.9206
521.5	22.2894
522	23.6095
522.5	24.5465
523	25.1135
523.5	25.6424
524	26.2898
524.5	26.6899
525	26.3094
525.5	24.8051
526	22.4873
526.5	20.446
527	20
527.5	21.1584
528	24.1863
528.5	28.1903
529	31.8129
529.5	34.4123
530	36.0668
530.5	37.5555
531	39.0888
531.5	40.1092
532	39.744
532.5	36.9328
533	32.2154
533.5	26.7554
534	22.3557
534.5	20.0231
535	20
535.5	21.0623
536	22.0525
536.5	22.2597
537	22.1457
537.5	22.5059
538	24.0461
538.5	26.3473
539	28.5249
539.5	29.4813
540	28.923
540.5	27.128
541	25.2835
541.5	24.373
542	25.1991
542.5	27.2229
543	29.8498
543.5	32.4296
544	34.5472
544.5	35.7716
545	35.7962
545.5	34.3991
546	31.2255
546.5	27.0723
547	22.9459
547.5	20.3318
548	20
548.5	21.7185
549	24.862
549.5	27.987
550	29.7632
550.5	30.059
551	29.3146
551.5	28.453
552	28.2578
552.5	29.0445
553	30.4364
553.5	31.7601
554	32.2831
554.5	31.8
555	30.4187
555.5	28.5351
556	26.7406
556.5	25.5265
557	25.2687
557.5	25.9744
558	27.5627
558.5	29.4355
559	30.9831
559.5	31.5001
560	30.9343
560.5	29.4544
561	27.7173
561.5	26.4652
562	26.252
562.5	26.9704
563	28.2483
563.5	29.6618
564	30.9282
564.5	32.0733
565	33.3135
565.5	34.7596
566	36.201
566.5	37.0361
567	36.6351
567.5	34.1785
568	30.1957
568.5	25.6147
569	21.9053
569.5	20
570	20.2245
570.5	22.1804
571	24.819
571.5	27.1994
572	28.9669
572.5	30.2992
573	31.5911
573.5	32.9369
574	33.7978
574.5	33.2648
575	30.8754
575.5	26.8213
576	22.6834
576.5	20
577	20
577.5	21.9083
578	25.0765
578.5	27.7536
579	28.8254
579.5	27.7789
580	25.5751
580.5	23.3045
581	22.0118
581.5	21.8418
582	22.6196
582.5	23.8565
583	25.2312
583.5	26.7006
584	28.2757
584.5	29.9266
585	31.5814
585.5	33.2399
586	35.0526
586.5	37.2785
587	39.9841
587.5	43.0213
588	45.852
588.5	47.9376
589	48.6457
589.5	48.329
590	47.5246
590.5	47.0388
591	47.4456
591.5	49.1553
592	51.9892
592.5	55.4465
593	58.8589
593.5	61.5545
594	63.0112
594.5	62.853
595	61.4696
595.5	59.2562
596	56.8952
596.5	54.8787
597	53.412
597.5	52.21
598	50.9538
598.5	49.3674
599	47.4905
599.5	45.4785
600	43.5592
600.5	41.8372
601	40.3239
601.5	38.9246
602	37.622
602.5	36.5568
603	35.8878
603.5	35.8342
604	36.4832
604.5	37.6383
605	39.0269
605.5	40.2725
606	41.1152
606.5	41.3175
607	41.0323
607.5	40.3822
608	39.4921
608.5	38.3598
609	36.6613
609.5	34.0832
610	30.5471
610.5	26.2912
611	22.3705
611.5	20
612	20
612.5	22.3216
613	26.153
613.5	29.6434
614	31.4154
614.5	30.5801
615	28.3071
615.5	26.1176
616	25.8059
616.5	27.7697
617	31.5469
617.5	35.4259
618	37.8911
618.5	37.9825
619	36.8622
619.5	36.437
620	39.3999
620.5	46.6037
621	57.9163
621.5	71.4041
622	84.663
622.5	95.5684
623	103.669
623.5	109.513
624	114.332
624.5	119.87
625	127.571
625.5	138.534
626	152.917
626.5	171.428
627	193.492
627.5	218.398
628	245.469
628.5	273.052
629	299.734
629.5	323.869
630	344.318
630.5	358.71
631	365.683
631.5	364.496
632	352.971
632.5	333.785
633	308.525
633.5	279.712
634	250.214
634.5	221.707
635	194.947
635.5	170.012
636	147.518
636.5	127.578
637	110.834
637.5	97.9243
638	87.8445
638.5	79.7522
639	72.4831
639.5	65.43
640	58.8281
640.5	53.273
641	49.4078
641.5	47.7624
642	47.7412
642.5	48.7672
643	49.8907
643.5	50.2992
644	49.0945
644.5	46.0363
645	41.1391
645.5	34.7142
646	28.0546
646.5	22.6093
647	20
647.5	20
648	23.3254
648.5	28.922
649	35.2312
649.5	40.3612
650	43.2121
650.5	43.0953
651	40.2743
651.5	36.1351
652	32.1012
652.5	29.4656
653	28.6757
653.5	29.7089
654	31.2248
654.5	32.067
655	31.2607
655.5	28.9382
656	25.6491
656.5	22.5491
657	20.4693
657.5	20
658	20.3217
658.5	21.3161
659	22.4489
659.5	23.4095
660	24.1785
660.5	24.9388
661	25.8478
661.5	26.9615
662	28.1453
662.5	29.2739
663	30.3343
663.5	31.5266
664	33.2015
664.5	35.6412
665	38.7903
665.5	42.4109
666	45.9549
666.5	49.0428
667	51.5708
667.5	54.0646
668	57.3268
668.5	62.3185
669	69.5138
669.5	79.6112
670	92.2127
670.5	106.673
671	122.199
671.5	137.524
672	151.663
672.5	163.805
673	173.814
673.5	181.016
674	185.011
674.5	185.182
675	179.548
675.5	168.657
676	152.799
676.5	133.571
677	113.761
677.5	95.7429
678	80.7334
678.5	68.5807
679	59.1751
679.5	51.5704
680	45.7323
680.5	42.0354
681	40.2127
681.5	39.9683
682	40.2788
682.5	40.1437
683	38.729
683.5	36.1355
684	32.7361
684.5	29.0818
685	25.6937
685.5	22.931
686	21.0192
686.5	20
687	20
687.5	20.4759
688	21.4618
688.5	22.6965
689	23.982
689.5	25.3289
690	26.7574
690.5	28.1432
691	29.1559
691.5	29.5347
692	29.2037
692.5	28.1899
693	26.8641
693.5	25.3923
694	23.8378
694.5	22.246
695	20.8293
695.5	20
696	20.0964
696.5	21.5883
697	23.9407
697.5	26.5065
698	28.435
698.5	29.3735
699	29.3076
699.5	28.8002
700	28.3951
700.5	28.4445
701	28.8298
701.5	29.3685
702	30.0227
702.5	31.0559
703	33.1401
703.5	36.9531
704	42.8105
704.5	51.2693
705	61.8245
705.5	74.2066
706	88.4232
706.5	104.305
707	122.5
707.5	143.619
708	167.697
708.5	194.894
709	223.799
709.5	252.836
710	279.73
710.5	302.872
711	319.995
711.5	328.952
712	329.003
712.5	317.412
713	295.197
713.5	264.301
714	227.271
714.5	189.663
715	155.709
715.5	128.691
716	108.145
716.5	93.1682
717	80.9036
717.5	69.4134
718	58.0906
718.5	47.4765
719	38.7293
719.5	32.9601
720	29.9149
720.5	29.2471
721	29.8222
721.5	30.7432
722	31.4795
722.5	31.8835
723	31.8707
723.5	31.2357
724	29.8824
724.5	27.6679
725	24.8815
725.5	22.1243
726	20.3136
726.5	20
727	20.8542
727.5	23.3916
728	26.6144
728.5	29.4753
729	30.888
729.5	30.4078
730	27.8412
730.5	24.3198
731	21.1919
731.5	20.1001
732	21.3933
732.5	24.9343
733	29.5674
733.5	33.9104
734	36.9406
734.5	38.6785
735	39.6583
735.5	40.4901
736	41.4473
736.5	42.2075
737	42.0452
737.5	40.5111
738	37.2299
738.5	32.677
739	27.619
739.5	23.1821
740	20.3335
740.5	20
741	22.6303
741.5	27.3536
742	32.8835
742.5	37.3535
743	39.6789
743.5	39.4431
744	38.3108
744.5	37.9687
745	39.8148
745.5	43.375
746	47.2768
746.5	49.6694
747	49.7802
747.5	47.6186
748	44.6718
748.5	41.8644
749	39.2782
749.5	36.1641
750	31.8242
750.5	26.6184
751	21.9528
751.5	20
752	21.3308
752.5	26.1058
753	33.3367
753.5	40.8806
754	47.2181
754.5	51.3093
755	53.0477
755.5	52.1656
756	49.4389
756.5	45.8604
757	42.8734
757.5	41.5677
758	42.4505
758.5	44.8967
759	47.4206
759.5	48.7162
760	48.5828
760.5	47.7618
761	47.3828
761.5	47.8554
762	48.7387
762.5	48.9794
763	48.1058
763.5	46.4669
764	45.2323
764.5	45.0565
765	45.4661
765.5	44.6605
766	40.9977
766.5	34.038
767	26.1149
767.5	20.5443
768	20
768.5	23.2948
769	29.9954
769.5	36.2621
770	39.6411
770.5	39.2424
771	37.1852
771.5	35.7615
772	36.6198
772.5	39.4601
773	42.9786
773.5	45.4044
774	45.8328
774.5	44.021
775	41.0878
775.5	37.883
776	35.1096
776.5	32.9514
777	31.393
777.5	30.1389
778	28.9725
778.5	27.7948
779	26.698
779.5	25.9647
780	25.9989
780.5	26.9585
781	28.9379
781.5	31.4808
782	33.9976
782.5	35.7365
783	36.4662
783.5	36.1426
784	35.0619
784.5	33.7586
785	32.5483
785.5	31.5115
786	30.5671
786.5	29.7573
787	29.3776
787.5	29.9798
788	32.1258
788.5	35.4329
789	38.9703
789.5	41.263
790	41.4944
790.5	39.5972
791	37.4362
791.5	36.9661
792	39.793
792.5	44.9218
793	50.2743
793.5	53.098
794	52.2738
794.5	47.9386
795	42.7219
795.5	38.8088
796	37.5776
796.5	37.9815
797	38.5955
797.5	38.2273
798	37.0441
798.5	36.0987
799	36.371
799.5	37.8894
800	39.834
800.5	41.114
801	41.402
801.5	41.3167
802	41.7351
802.5	42.9194
803	43.9883
803.5	43.8708
804	41.849
804.5	39.2726
805	37.9962
805.5	39.6232
806	43.3339
806.5	46.6457
807	46.4011
807.5	41.4081
808	32.4235
808.5	23.9453
809	20
809.5	22.6777
810	30.7303
810.5	40.9963
811	49.25
811.5	53.382
812	52.639
812.5	49.4196
813	45.6765
813.5	42.8707
814	41.1599
814.5	40.2466
815	39.578
815.5	38.7519
816	37.3617
816.5	35.1646
817	32.0461
817.5	28.2345
818	24.6719
818.5	22.5256
819	22.8208
819.5	25.5901
820	30.7181
820.5	37.0143
821	43.378
821.5	48.4816
822	51.5663
822.5	51.8285
823	49.0323
823.5	44.1105
824	38.0792
824.5	32.3469
825	27.6595
825.5	24.3604
826	21.9013
826.5	20.2361
827	20
827.5	21.5291
828	26.3851
828.5	34.0839
829	42.8847
829.5	49.8643
830	52.8499
830.5	50.6718
831	43.792
831.5	35.2312
832	27.9812
832.5	24.339
833	24.4994
833.5	27.5634
834	30.7408
834.5	32.0295
835	30.341
835.5	26.9775
836	23.7996
836.5	22.7437
837	24.327
837.5	28.2849
838	32.9117
838.5	36.8992
839	39.2232
839.5	39.9437
840	38.981
840.5	36.381
841	32.4654
841.5	27.6484
842	23.1086
842.5	20.0667
843	20
843.5	22.5542
844	27.3561
844.5	33.1138
845	38.3687
845.5	41.7511
846	42.6364
846.5	41.0118
847	37.0285
847.5	32.3748
848	28.6773
848.5	27.6536
849	29.5211
849.5	33.8308
850	38.6971
850.5	42.4205
851	43.5592
851.5	42.5951
852	40.2639
852.5	37.4897
853	34.8878
853.5	32.6844
854	31.0827
854.5	30.4429
855	31.5228
855.5	34.0905
856	37.2948
856.5	39.3318
857	38.861
857.5	35.2181
858	29.6618
858.5	24.4328
859	21.8425
859.5	22.1409
860	24.1801
860.5	25.7957
861	25.5284
861.5	23.3218
862	20.8424
862.5	20
863	21.6239
863.5	25.4363
864	29.9233
864.5	33.5433
865	36.0289
865.5	37.828
866	39.565
866.5	41.1782
867	41.7315
867.5	40.5136
868	37.732
868.5	34.562
869	32.6688
869.5	32.9609
870	35.1033
870.5	37.5764
871	39.0457
871.5	39.0966
872	38.1956
872.5	36.939
873	35.7112
873.5	34.4252
874	33.0206
874.5	31.8955
875	31.9169
875.5	33.6511
876	36.764
876.5	40.1908
877	42.4582
877.5	42.6927
878	40.7747
878.5	37.9223
879	35.1799
879.5	33.2637
880	32.1858
880.5	31.8639
881	32.1774
881.5	33.4197
882	36.2248
882.5	40.4059
883	45.328
883.5	49.4366
884	51.2655
884.5	49.3508
885	44.3666
885.5	37.9401
886	32.5626
886.5	29.9012
887	30.5
887.5	33.0591
888	35.1757
888.5	34.6436
889	31.1566
889.5	26.0031
890	21.6222
890.5	20
891	21.5692
891.5	26.4924
892	32.7271
892.5	38.3195
893	41.7194
893.5	42.3746
894	39.7853
894.5	35.1631
895	29.5446
895.5	24.395
896	20.884
896.5	20
897	21.2222
897.5	24.1742
898	27.9217
898.5	31.3336
899	33.8067
899.5	35.0411
900	35.4182
900.5	35.2745
901	35.175
901.5	35.6084
902	37.142
902.5	39.787
903	43.2514
903.5	46.7618
904	49.3109
904.5	49.9156
905	48.171
905.5	44.7068
906	40.4849
906.5	36.9133
907	34.9127
907.5	35.0968
908	36.5749
908.5	38.2962
909	38.9472
909.5	37.9755
910	35.3974
910.5	32.4139
911	30.2969
911.5	30.3284
912	32.0823
912.5	34.62
913	36.388
913.5	36.5003
914	34.778
914.5	32.2925
915	30.1755
915.5	29.1497
916	28.6405
916.5	27.7209
917	25.5974
917.5	22.7445
918	20.571
918.5	20.8066
919	24.1026
919.5	30.2775
920	36.9228
920.5	41.6932
921	42.341
921.5	39.1717
922	33.1554
922.5	26.649
923	21.7088
923.5	20
924	21.0186
924.5	23.9256
925	27.3933
925.5	30.2269
926	31.8918
926.5	32.4997
927	32.5568
927.5	32.3694
928	32.0848
928.5	31.6597
929	31.0296
929.5	30.3135
930	29.6493
930.5	29.1075
931	28.5862
931.5	27.8706
932	26.8453
932.5	25.5889
933	24.3922
933.5	23.6168
934	23.5774
934.5	24.4291
935	25.9272
935.5	27.7827
936	29.5319
936.5	30.8688
937	31.5891
937.5	31.9892
938	32.4667
938.5	33.5243
939	35.2947
939.5	37.6418
940	39.9049
940.5	41.2916
941	40.6487
941.5	37.7871
942	32.8877
942.5	26.9732
943	21.9659
943.5	20
944	21.7591
944.5	27.1754
945	34.6258
945.5	40.9118
946	43.7107
946.5	41.498
947	36.0157
947.5	29.2612
948	23.6736
948.5	20.4334
949	20
949.5	20.9954
950	22.7599
950.5	24.579
951	26.1152
951.5	27.2755
952	28.0616
952.5	28.5643
953	28.8527
953.5	29.1134
954	29.5256
954.5	30.356
955	31.6848
955.5	33.5729
956	35.8603
956.5	38.075
957	39.502
957.5	39.5641
958	38.1128
958.5	35.1187
959	31.4156
959.5	27.5856
960	24.166
960.5	21.4655
961	20
961.5	20
962	21.6077
962.5	24.6155
963	27.5682
963.5	29.0621
964	27.9962
964.5	25.1439
965	21.8986
965.5	20
966	20
966.5	21.5528
967	23.147
967.5	23.6722
968	22.7108
968.5	21.1819
969	20.058
969.5	20
970	20.5717
970.5	21.7141
971	23.0031
971.5	24.3507
972	25.8006
972.5	27.2294
973	28.3005
973.5	28.6193
974	28.1832
974.5	27.218
975	26.2819
975.5	25.8088
976	26.2203
976.5	27.3995
977	29.1973
977.5	31.2221
978	32.9939
978.5	34.1017
979	34.5554
979.5	34.692
980	34.9601
980.5	35.5473
981	36.2356
981.5	36.4855
982	36.0059
982.5	34.7581
983	33.1011
983.5	31.2882
984	29.1604
984.5	26.5226
985	23.4837
985.5	20.9247
986	20
986.5	20.4825
987	23.3966
987.5	27.4452
988	31.2367
988.5	34.0142
989	35.8398
989.5	37.0386
990	37.7668
990.5	37.4026
991	35.2501
991.5	31.5576
992	27.4779
992.5	24.9712
993	25.369
993.5	29.3304
994	35.0693
994.5	40.9626
995	45.7393
995.5	49.5016
996	53.0266
996.5	57.0473
997	61.3231
997.5	64.3938
998	65.1742
998.5	63.2379
999	59.6209
999.5	56.4192
1000	55.5384
1000.5	57.4113
1001	61.1831
1001.5	65.6797
1002	69.9151
1002.5	73.9951
1003	78.8278
1003.5	85.1277
1004	93.2856
1004.5	102.688
1005	112.353
1005.5	121.217
1006	128.761
1006.5	134.83
1007	139.771
1007.5	144.787
1008	151.324
1008.5	160.481
1009	172.219
1009.5	186.244
1010	201.436
1010.5	217.506
1011	234.987
1011.5	253.998
1012	274.182
1012.5	294.241
1013	313.336
1013.5	332.296
1014	353.87
1014.5	380.762
1015	414.977
1015.5	453.166
1016	491.425
1016.5	526.053
1017	557
1017.5	586.751
1018	619.151
1018.5	656.29
1019	700.438
1019.5	751.634
1020	812.976
1020.5	888.838
1021	979.451
1021.5	1085.75
1022	1203.09
1022.5	1326.66
1023	1453.49
1023.5	1580.06
1024	1702.19
1024.5	1811.77
1025	1902.24
1025.5	1963.1
1026	1990.04
1026.5	1982.41
1027	1928.95
1027.5	1831.58
1028	1686.4
1028.5	1493.31
1029	1274.53
1029.5	1053.03
1030	855.043
1030.5	693.397
1031	577.003
1031.5	492.196
1032	428.4
1032.5	379.655
1033	340.692
1033.5	311.441
1034	289.134
1034.5	268.313
1035	243.679
1035.5	213.975
1036	181.957
1036.5	152.776
1037	129.269
1037.5	112.312
1038	100.544
1038.5	91.7999
1039	85.7005
1039.5	81.7028
1040	78.9598
1040.5	75.804
1041	70.7964
1041.5	63.563
1042	55.3421
1042.5	48.1377
1043	43.5453
1043.5	41.4438
1044	40.7045
1044.5	40.0458
1045	38.6839
1045.5	36.4007
1046	33.2294
1046.5	29.5518
1047	25.8615
1047.5	22.979
1048	21.5865
1048.5	22.4088
1049	24.8154
1049.5	27.9816
1050	30.7876
1050.5	32.4859
1051	32.5511
1051.5	31.011
1052	28.3624
1052.5	25.3784
1053	23.1666
1053.5	22.4944
1054	23.6379
1054.5	25.4668
1055	26.6382
1055.5	26.0861
1056	24.0287
1056.5	21.4993
1057	20
1057.5	20.2135
1058	22.2119
1058.5	24.6183
1059	26.1552
1059.5	25.8544
1060	23.9289
1060.5	21.3486
1061	20
1061.5	20
1062	25.0415
1062.5	34.0277
1063	45.127
1063.5	54.8989
1064	60.684
1064.5	60.6819
1065	56.2326
1065.5	49.7977
1066	43.7725
1066.5	39.3814
1067	36.8079
1067.5	35.866
1068	36.1529
1068.5	37.7884
1069	40.2088
1069.5	42.1423
1070	41.4453
1070.5	37.5025
1071	31.1035
1071.5	25.2592
1072	23.4179
1072.5	28.2341
1073	38.6297
1073.5	50.4762
1074	58.6494
1074.5	61.3243
1075	60.8329
1075.5	63.5413
1076	74.2672
1076.5	95.2658
1077	123.746
1077.5	155.02
1078	188.107
1078.5	226.51
1079	276.911
1079.5	350.513
1080	449.503
1080.5	580.864
1081	751.855
1081.5	964.54
1082	1228.77
1082.5	1533.24
1083	1860.82
1083.5	2187.9
1084	2490.24
1084.5	2743.91
1085	2919.7
1085.5	3000
1086	2937.56
1086.5	2718.7
1087	2358.74
1087.5	1882.03
1088	1382.45
1088.5	938.638
1089	616.991
1089.5	410.857
1090	305.45
1090.5	254.208
1091	221.262
1091.5	191.383
1092	162.091
1092.5	136.24
1093	115.428
1093.5	97.7293
1094	82.7677
1094.5	71.7908
1095	65.8845
1095.5	64.607
1096	63.4139
1096.5	58.8327
1097	49.5084
1097.5	38.435
1098	28.8259
1098.5	22.7727
1099	20
1099.5	20
1100	22.0203
1100.5	26.3294
1101	31.939
1101.5	36.1535
1102	36.4766
1102.5	32.8823
1103	28.5219
1103.5	27.5585
1104	31.7057
1104.5	39.3
1105	45.9214
1105.5	47.6698
1106	43.0799
1106.5	34.3431
1107	26.1444
1107.5	22.5638
1108	24.376
1108.5	29.1803
1109	33.3147
1109.5	34.4701
1110	32.5833
1110.5	29.7259
1111	28.3136
1111.5	29.1903
1112	30.6731
1112.5	30.4617
1113	27.0042
1113.5	22.3792
1114	20
1114.5	22.6861
1115	30.1926
1115.5	39.7293
1116	47.1555
1116.5	50.4233
1117	48.9934
1117.5	45.146
1118	40.334
1118.5	35.0414
1119	29.3844
1119.5	23.9551
1120	20.3886
1120.5	20
1121	22.3509
1121.5	26.9915
1122	32.2919
1122.5	37.4229
1123	42.6316
1123.5	48.3171
1124	53.865
1124.5	57.6606
1125	57.4818
1125.5	53.4228
1126	47.4019
1126.5	42.6686
1127	40.8692
1127.5	41.8037
1128	43.655
1128.5	44.8925
1129	45.7619
1129.5	48.0473
1130	53.0623
1130.5	60.9198
1131	68.8171
1131.5	74.0135
1132	74.6687
1132.5	72.4766
1133	69.4226
1133.5	67.1729
1134	65.8664
1134.5	65.114
1135	64.9731
1135.5	66.6424
1136	71.8686
1136.5	80.1969
1137	89.906
1137.5	98.0083
1138	103.232
1138.5	106.317
1139	109.95
1139.5	115.688
1140	123.158
1140.5	129.807
1141	133.282
1141.5	133.184
1142	131.503
1142.5	130.762
1143	132.252
1143.5	135.35
1144	138.494
1144.5	140.807
1145	142.759
1145.5	145.762
1146	150.566
1146.5	156.855
1147	162.674
1147.5	166.15
1148	165.561
1148.5	162.185
1149	157.826
1149.5	154.47
1150	152.481
1150.5	150.628
1151	146.651
1151.5	139.206
1152	127.883
1152.5	115.392
1153	104.19
1153.5	96.0315
1154	90.0607
1154.5	84.617
1155	78.5481
1155.5	72.412
1156	68.3305
1156.5	67.4884
1157	69.7897
1157.5	73.5182
1158	76.3364
1158.5	77.093
1159	76.5366
1159.5	76.3877
1160	78.2019
1160.5	82.0142
1161	87.4867
1161.5	94.5788
1162	103.293
1162.5	114.313
1163	127.93
1163.5	143.7
1164	161.498
1164.5	180.745
1165	200.997
1165.5	221.465
1166	240.714
1166.5	256.935
1167	268.707
1167.5	276.302
1168	279.817
1168.5	280.418
1169	278.498
1169.5	273.099
1170	264.66
1170.5	253.43
1171	240.479
1171.5	227.086
1172	213.501
1172.5	199.051
1173	182.874
1173.5	164.314
1174	144.958
1174.5	127.208
1175	113.818
1175.5	105.118
1176	100.573
1176.5	97.6221
1177	94.0614
1177.5	88.7264
1178	82.6087
1178.5	77.1786
1179	73.6386
1179.5	71.216
1180	68.1813
1180.5	63.1594
1181	56.5334
1181.5	50.2423
1182	46.5628
1182.5	46.5023
1183	49.4352
1183.5	52.6005
1184	53.6217
1184.5	51.6025
1185	47.4777
1185.5	42.2786
1186	37.1927
1186.5	32.9939
1187	30.9028
1187.5	31.4569
1188	34.9209
1188.5	39.6712
1189	42.6288
1189.5	40.6474
1190	34.0464
1190.5	25.6182
1191	20.0886
1191.5	20
1192	24.984
1192.5	32.8561
1193	39.7544
1193.5	43.0513
1194	43.1731
1194.5	41.623
1195	39.2656
1195.5	36.4113
1196	32.9981
1196.5	29.7041
1197	27.8161
1197.5	28.6416
1198	31.7597
1198.5	35.3295
1199	37.3665
1199.5	38.0223
1200	38.9692
1200.5	42.6623
1201	49.247
1201.5	56.8062
1202	61.658
1202.5	61.7215
1203	57.3484
1203.5	53.072
1204	52.2487
1204.5	55.9042
1205	60.4249
1205.5	61.4674
1206	56.6979
1206.5	48.3222
1207	41.1545
1207.5	39.4356
1208	43.3315
1208.5	50.4141
1209	56.8179
1209.5	61.1236
1210	64.1571
