3600	10.0067
3599	10.007
3598	10.0049
3597	10.0036
3596	10.0016
3595	10
3594	10.0029
3593	10.0076
3592	10.008
3591	10.0065
3590	10.0092
3589	10.0131
3588	10.0123
3587	10.0121
3586	10.0192
3585	10.027
3584	10.0277
3583	10.0285
3582	10.0353
3581	10.0367
3580	10.0265
3579	10.0192
3578	10.0243
3577	10.0283
3576	10.0232
3575	10.0235
3574	10.0347
3573	10.0398
3572	10.0345
3571	10.0372
3570	10.049
3569	10.0476
3568	10.0306
3567	10.0197
3566	10.019
3565	10.0157
3564	10.0183
3563	10.0434
3562	10.0712
3561	10.0695
3560	10.0477
3559	10.0384
3558	10.041
3557	10.0366
3556	10.0323
3555	10.0429
3554	10.0556
3553	10.0552
3552	10.0549
3551	10.0666
3550	10.0735
3549	10.0639
3548	10.0557
3547	10.0633
3546	10.0751
3545	10.0832
3544	10.0975
3543	10.1168
3542	10.1227
3541	10.1126
3540	10.1048
3539	10.1059
3538	10.1034
3537	10.0927
3536	10.0848
3535	10.0869
3534	10.0944
3533	10.1028
3532	10.1143
3531	10.1295
3530	10.1399
3529	10.1345
3528	10.1195
3527	10.1158
3526	10.1282
3525	10.1361
3524	10.1293
3523	10.1277
3522	10.1435
3521	10.1585
3520	10.161
3519	10.1671
3518	10.1832
3517	10.1914
3516	10.1902
3515	10.2014
3514	10.2243
3513	10.235
3512	10.2348
3511	10.2462
3510	10.2619
3509	10.2595
3508	10.2542
3507	10.2758
3506	10.3083
3505	10.3172
3504	10.313
3503	10.3266
3502	10.3482
3501	10.3524
3500	10.3506
3499	10.3642
3498	10.3818
3497	10.3873
3496	10.3934
3495	10.4109
3494	10.4221
3493	10.4165
3492	10.4124
3491	10.4232
3490	10.4357
3489	10.4386
3488	10.4422
3487	10.4582
3486	10.4812
3485	10.502
3484	10.5196
3483	10.5376
3482	10.5565
3481	10.574
3480	10.5872
3479	10.5959
3478	10.6033
3477	10.6137
3476	10.6295
3475	10.6521
3474	10.6809
3473	10.7138
3472	10.7526
3471	10.8006
3470	10.8487
3469	10.8817
3468	10.9062
3467	10.948
3466	11.0089
3465	11.0619
3464	11.1024
3463	11.1569
3462	11.2275
3461	11.2823
3460	11.314
3459	11.3504
3458	11.3972
3457	11.4331
3456	11.4611
3455	11.5011
3454	11.5381
3453	11.5461
3452	11.5474
3451	11.5779
3450	11.6194
3449	11.6326
3448	11.6281
3447	11.6406
3446	11.6658
3445	11.6795
3444	11.6865
3443	11.7021
3442	11.7187
3441	11.7285
3440	11.7458
3439	11.7797
3438	11.8155
3437	11.8442
3436	11.8766
3435	11.9175
3434	11.9558
3433	11.9874
3432	12.0222
3431	12.0613
3430	12.0913
3429	12.1049
3428	12.1114
3427	12.1229
3426	12.1385
3425	12.1465
3424	12.1424
3423	12.1381
3422	12.1449
3421	12.157
3420	12.1663
3419	12.177
3418	12.1876
3417	12.1819
3416	12.1621
3415	12.1579
3414	12.1767
3413	12.1849
3412	12.1673
3411	12.1553
3410	12.1693
3409	12.1873
3408	12.1927
3407	12.2005
3406	12.2154
3405	12.2215
3404	12.2221
3403	12.2383
3402	12.2619
3401	12.2676
3400	12.2635
3399	12.2776
3398	12.3043
3397	12.3189
3396	12.3297
3395	12.3601
3394	12.4013
3393	12.432
3392	12.4599
3391	12.4982
3390	12.534
3389	12.5546
3388	12.5766
3387	12.6132
3386	12.6486
3385	12.6717
3384	12.7007
3383	12.751
3382	12.8107
3381	12.8631
3380	12.9061
3379	12.9412
3378	12.9657
3377	12.9843
3376	13.0087
3375	13.0413
3374	13.0683
3373	13.0756
3372	13.0673
3371	13.064
3370	13.0786
3369	13.0997
3368	13.1115
3367	13.1154
3366	13.1183
3365	13.1118
3364	13.0901
3363	13.0666
3362	13.0526
3361	13.0368
3360	13.0127
3359	12.9917
3358	12.9729
3357	12.9338
3356	12.8737
3355	12.8202
3354	12.7792
3353	12.7253
3352	12.6568
3351	12.6013
3350	12.5621
3349	12.5128
3348	12.452
3347	12.4018
3346	12.3576
3345	12.2959
3344	12.2247
3343	12.1673
3342	12.1135
3341	12.0431
3340	11.9722
3339	11.9262
3338	11.8913
3337	11.8405
3336	11.7796
3335	11.7261
3334	11.6758
3333	11.6211
3332	11.5762
3331	11.5535
3330	11.5402
3329	11.5163
3328	11.4773
3327	11.4295
3326	11.3799
3325	11.3364
3324	11.3066
3323	11.2895
3322	11.2759
3321	11.2579
3320	11.2363
3319	11.2182
3318	11.2072
3317	11.1988
3316	11.1888
3315	11.1806
3314	11.1729
3313	11.153
3312	11.1191
3311	11.0929
3310	11.0887
3309	11.0901
3308	11.0797
3307	11.0661
3306	11.056
3305	11.0342
3304	10.9968
3303	10.9685
3302	10.9624
3301	10.9592
3300	10.9458
3299	10.9341
3298	10.9279
3297	10.9163
3296	10.9055
3295	10.913
3294	10.9281
3293	10.9241
3292	10.9061
3291	10.8986
3290	10.8971
3289	10.8808
3288	10.8597
3287	10.8584
3286	10.8697
3285	10.8703
3284	10.8623
3283	10.8605
3282	10.8609
3281	10.8566
3280	10.858
3279	10.8703
3278	10.8784
3277	10.8751
3276	10.8763
3275	10.8874
3274	10.8897
3273	10.8718
3272	10.8502
3271	10.8441
3270	10.854
3269	10.8706
3268	10.8887
3267	10.905
3266	10.9142
3265	10.9126
3264	10.9053
3263	10.9056
3262	10.9192
3261	10.9352
3260	10.943
3259	10.9495
3258	10.9637
3257	10.9782
3256	10.9858
3255	10.9967
3254	11.0148
3253	11.0216
3252	11.0087
3251	10.996
3250	10.9959
3249	10.9962
3248	10.9982
3247	11.0237
3246	11.0673
3245	11.0911
3244	11.0854
3243	11.0809
3242	11.0919
3241	11.1004
3240	11.1035
3239	11.1196
3238	11.1459
3237	11.1597
3236	11.1623
3235	11.1716
3234	11.1847
3233	11.192
3232	11.2079
3231	11.243
3230	11.2728
3229	11.2738
3228	11.2647
3227	11.2739
3226	11.2952
3225	11.3082
3224	11.3137
3223	11.3227
3222	11.3322
3221	11.3338
3220	11.3317
3219	11.3363
3218	11.3507
3217	11.3688
3216	11.3829
3215	11.3894
3214	11.3874
3213	11.3755
3212	11.3556
3211	11.338
3210	11.3348
3209	11.346
3208	11.3604
3207	11.3696
3206	11.3725
3205	11.3698
3204	11.3651
3203	11.3652
3202	11.3666
3201	11.3546
3200	11.3304
3199	11.317
3198	11.3207
3197	11.3182
3196	11.2993
3195	11.2866
3194	11.2898
3193	11.2867
3192	11.2687
3191	11.2561
3190	11.2497
3189	11.2244
3188	11.1805
3187	11.1492
3186	11.139
3185	11.1279
3184	11.1106
3183	11.1043
3182	11.1086
3181	11.1058
3180	11.0943
3179	11.0841
3178	11.0702
3177	11.0449
3176	11.02
3175	11.0088
3174	11.0016
3173	10.9853
3172	10.9675
3171	10.9597
3170	10.9554
3169	10.9435
3168	10.9241
3167	10.9
3166	10.8703
3165	10.8429
3164	10.8314
3163	10.8332
3162	10.8278
3161	10.8027
3160	10.7702
3159	10.7519
3158	10.7537
3157	10.7614
3156	10.7596
3155	10.7503
3154	10.7428
3153	10.7352
3152	10.7212
3151	10.7069
3150	10.6983
3149	10.6875
3148	10.6692
3147	10.6566
3146	10.6557
3145	10.6487
3144	10.6283
3143	10.615
3142	10.6175
3141	10.612
3140	10.5859
3139	10.5618
3138	10.5574
3137	10.5611
3136	10.5639
3135	10.5734
3134	10.5849
3133	10.5793
3132	10.5591
3131	10.546
3130	10.5433
3129	10.5373
3128	10.5304
3127	10.5327
3126	10.5326
3125	10.515
3124	10.4949
3123	10.4958
3122	10.5103
3121	10.5145
3120	10.5049
3119	10.4918
3118	10.4759
3117	10.4568
3116	10.4441
3115	10.4404
3114	10.4333
3113	10.4185
3112	10.4102
3111	10.4192
3110	10.4353
3109	10.4416
3108	10.434
3107	10.4207
3106	10.4095
3105	10.4013
3104	10.3946
3103	10.3906
3102	10.3892
3101	10.3844
3100	10.3747
3099	10.3725
3098	10.3853
3097	10.397
3096	10.3901
3095	10.3725
3094	10.3594
3093	10.3469
3092	10.3307
3091	10.3241
3090	10.3337
3089	10.3421
3088	10.3408
3087	10.3473
3086	10.3675
3085	10.3792
3084	10.3736
3083	10.3709
3082	10.3801
3081	10.3855
3080	10.3839
3079	10.3891
3078	10.3944
3077	10.3771
3076	10.3439
3075	10.3252
3074	10.3284
3073	10.3361
3072	10.3435
3071	10.3576
3070	10.3705
3069	10.3706
3068	10.3668
3067	10.3721
3066	10.3785
3065	10.3722
3064	10.3592
3063	10.3548
3062	10.3613
3061	10.3719
3060	10.3828
3059	10.3905
3058	10.3892
3057	10.3775
3056	10.3636
3055	10.3591
3054	10.3672
3053	10.3801
3052	10.3895
3051	10.3967
3050	10.4061
3049	10.4119
3048	10.4068
3047	10.3986
3046	10.4
3045	10.4064
3044	10.4065
3043	10.4048
3042	10.4123
3041	10.4254
3040	10.4375
3039	10.4555
3038	10.4776
3037	10.483
3036	10.4657
3035	10.4529
3034	10.4621
3033	10.4755
3032	10.4765
3031	10.477
3030	10.486
3029	10.4916
3028	10.4909
3027	10.5008
3026	10.5257
3025	10.5496
3024	10.5682
3023	10.5936
3022	10.6279
3021	10.6619
3020	10.7025
3019	10.7647
3018	10.8479
3017	10.9387
3016	11.0408
3015	11.1689
3014	11.3317
3013	11.5349
3012	11.7883
3011	12.1013
3010	12.4658
3009	12.8773
3008	13.3419
3007	13.8685
3006	14.4395
3005	15.0119
3004	15.5457
3003	16.0302
3002	16.4706
3001	16.836
3000	17.0393
2999	16.975
2998	16.6055
2997	16.0034
2996	15.3347
2995	14.7723
2994	14.4234
2993	14.2984
2992	14.3644
2991	14.5961
2990	15.0047
2989	15.6013
2988	16.3853
2987	17.3186
2986	18.3086
2985	19.1999
2984	19.8151
2983	20.0175
2982	19.7309
2981	18.9932
2980	17.9734
2979	16.9297
2978	16.039
2977	15.3325
2976	14.7575
2975	14.2889
2974	13.9364
2973	13.7253
2972	13.6897
2971	13.8557
2970	14.2045
2969	14.6772
2968	15.2206
2967	15.8094
2966	16.4436
2965	17.1446
2964	17.959
2963	18.9045
2962	19.9275
2961	20.8866
2960	21.6144
2959	21.969
2958	21.89
2957	21.4101
2956	20.6505
2955	19.7827
2954	18.9664
2953	18.3063
2952	17.8374
2951	17.5757
2950	17.5348
2949	17.7233
2948	18.1049
2947	18.6029
2946	19.1054
2945	19.4916
2944	19.6607
2943	19.5741
2942	19.2612
2941	18.8015
2940	18.2982
2939	17.8566
2938	17.5447
2937	17.3715
2936	17.3094
2935	17.3398
2934	17.4601
2933	17.6672
2932	17.9582
2931	18.3296
2930	18.7679
2929	19.2186
2928	19.6131
2927	19.8874
2926	20.0107
2925	19.9989
2924	19.9391
2923	19.9565
2922	20.1398
2921	20.4905
2920	20.9398
2919	21.3671
2918	21.6149
2917	21.5374
2916	21.0802
2915	20.3089
2914	19.3604
2913	18.3754
2912	17.4587
2911	16.6678
2910	16.0129
2909	15.4754
2908	15.0291
2907	14.6563
2906	14.3488
2905	14.1087
2904	13.9345
2903	13.8139
2902	13.7261
2901	13.6605
2900	13.629
2899	13.6469
2898	13.7203
2897	13.8265
2896	13.9392
2895	14.0369
2894	14.1131
2893	14.158
2892	14.1669
2891	14.1531
2890	14.1434
2889	14.1494
2888	14.1682
2887	14.2039
2886	14.2695
2885	14.3635
2884	14.471
2883	14.5822
2882	14.69
2881	14.773
2880	14.8145
2879	14.8219
2878	14.8129
2877	14.7884
2876	14.7453
2875	14.6912
2874	14.6306
2873	14.5483
2872	14.4333
2871	14.2971
2870	14.1588
2869	14.0213
2868	13.8788
2867	13.7288
2866	13.5729
2865	13.4112
2864	13.2469
2863	13.0843
2862	12.9249
2861	12.7657
2860	12.6068
2859	12.456
2858	12.3248
2857	12.2152
2856	12.1172
2855	12.0216
2854	11.9329
2853	11.8583
2852	11.7928
2851	11.7232
2850	11.6482
2849	11.5792
2848	11.5272
2847	11.4874
2846	11.4467
2845	11.395
2844	11.3375
2843	11.2898
2842	11.2627
2841	11.2481
2840	11.2292
2839	11.1993
2838	11.1675
2837	11.1422
2836	11.1226
2835	11.1063
2834	11.0929
2833	11.0791
2832	11.0617
2831	11.0465
2830	11.0407
2829	11.0394
2828	11.033
2827	11.0244
2826	11.0231
2825	11.0276
2824	11.0268
2823	11.015
2822	10.9949
2821	10.9729
2820	10.9563
2819	10.9522
2818	10.9599
2817	10.9686
2816	10.9666
2815	10.952
2814	10.9321
2813	10.9149
2812	10.9029
2811	10.8941
2810	10.8866
2809	10.8833
2808	10.8905
2807	10.9076
2806	10.9221
2805	10.9205
2804	10.9032
2803	10.8799
2802	10.8551
2801	10.8277
2800	10.8014
2799	10.7845
2798	10.7794
2797	10.7829
2796	10.7917
2795	10.8029
2794	10.8107
2793	10.8081
2792	10.7937
2791	10.7758
2790	10.7642
2789	10.7582
2788	10.7471
2787	10.7276
2786	10.709
2785	10.6966
2784	10.6863
2783	10.6765
2782	10.6709
2781	10.6671
2780	10.6584
2779	10.6498
2778	10.6526
2777	10.6629
2776	10.6661
2775	10.6593
2774	10.6525
2773	10.65
2772	10.6491
2771	10.6525
2770	10.6631
2769	10.675
2768	10.6811
2767	10.6839
2766	10.6866
2765	10.6852
2764	10.6795
2763	10.6784
2762	10.6854
2761	10.6898
2760	10.6825
2759	10.6703
2758	10.6683
2757	10.6809
2756	10.6981
2755	10.7077
2754	10.7079
2753	10.7054
2752	10.7034
2751	10.6998
2750	10.6953
2749	10.6941
2748	10.6948
2747	10.6925
2746	10.6875
2745	10.6838
2744	10.6804
2743	10.6751
2742	10.6699
2741	10.664
2740	10.6495
2739	10.6263
2738	10.6082
2737	10.6041
2736	10.6048
2735	10.5996
2734	10.5909
2733	10.5842
2732	10.5796
2731	10.5804
2730	10.5944
2729	10.6176
2728	10.6339
2727	10.6355
2726	10.6295
2725	10.6225
2724	10.6142
2723	10.6075
2722	10.6091
2721	10.6197
2720	10.6323
2719	10.6413
2718	10.6434
2717	10.6368
2716	10.6244
2715	10.6154
2714	10.6152
2713	10.6181
2712	10.6155
2711	10.6074
2710	10.6023
2709	10.6052
2708	10.6134
2707	10.6201
2706	10.6224
2705	10.6234
2704	10.6267
2703	10.6297
2702	10.6241
2701	10.6067
2700	10.5863
2699	10.5771
2698	10.5835
2697	10.5942
2696	10.5928
2695	10.5769
2694	10.5631
2693	10.5677
2692	10.5864
2691	10.6021
2690	10.6058
2689	10.5997
2688	10.5877
2687	10.5781
2686	10.583
2685	10.6009
2684	10.6137
2683	10.6147
2682	10.6205
2681	10.6404
2680	10.6567
2679	10.652
2678	10.6341
2677	10.6211
2676	10.6187
2675	10.624
2674	10.6328
2673	10.6374
2672	10.6309
2671	10.6188
2670	10.6125
2669	10.6134
2668	10.6165
2667	10.6234
2666	10.6371
2665	10.6486
2664	10.6478
2663	10.6397
2662	10.6363
2661	10.6361
2660	10.6287
2659	10.6132
2658	10.6002
2657	10.5978
2656	10.6043
2655	10.6102
2654	10.6068
2653	10.5922
2652	10.5727
2651	10.558
2650	10.5559
2649	10.5634
2648	10.5634
2647	10.5434
2646	10.5164
2645	10.5038
2644	10.502
2643	10.4906
2642	10.4694
2641	10.4585
2640	10.4633
2639	10.4673
2638	10.4606
2637	10.4486
2636	10.4369
2635	10.4257
2634	10.418
2633	10.4173
2632	10.4198
2631	10.419
2630	10.4134
2629	10.4014
2628	10.3812
2627	10.3607
2626	10.3534
2625	10.358
2624	10.3581
2623	10.3484
2622	10.3404
2621	10.339
2620	10.3351
2619	10.3289
2618	10.333
2617	10.3477
2616	10.3567
2615	10.351
2614	10.3391
2613	10.3316
2612	10.3306
2611	10.3358
2610	10.3448
2609	10.3512
2608	10.3482
2607	10.3355
2606	10.3174
2605	10.2988
2604	10.2826
2603	10.2721
2602	10.2722
2601	10.2838
2600	10.2954
2599	10.2907
2598	10.2684
2597	10.2454
2596	10.2336
2595	10.2286
2594	10.2258
2593	10.2284
2592	10.2348
2591	10.2378
2590	10.2406
2589	10.2504
2588	10.2602
2587	10.2583
2586	10.2541
2585	10.2637
2584	10.2794
2583	10.2827
2582	10.2783
2581	10.2827
2580	10.292
2579	10.2928
2578	10.2871
2577	10.2819
2576	10.2731
2575	10.2646
2574	10.2756
2573	10.3068
2572	10.3287
2571	10.3226
2570	10.307
2569	10.3042
2568	10.3095
2567	10.3055
2566	10.2919
2565	10.2828
2564	10.2855
2563	10.2919
2562	10.2892
2561	10.2761
2560	10.2667
2559	10.275
2558	10.2967
2557	10.313
2556	10.3139
2555	10.3087
2554	10.312
2553	10.3238
2552	10.3282
2551	10.3138
2550	10.289
2549	10.2733
2548	10.2715
2547	10.2719
2546	10.2725
2545	10.2857
2544	10.3087
2543	10.3187
2542	10.3114
2541	10.3104
2540	10.3236
2539	10.3297
2538	10.319
2537	10.3123
2536	10.3268
2535	10.3532
2534	10.3746
2533	10.3837
2532	10.3785
2531	10.364
2530	10.3549
2529	10.3567
2528	10.3524
2527	10.3301
2526	10.3071
2525	10.3047
2524	10.3151
2523	10.3179
2522	10.3103
2521	10.3002
2520	10.2887
2519	10.2807
2518	10.2887
2517	10.3066
2516	10.3073
2515	10.2829
2514	10.2576
2513	10.25
2512	10.2516
2511	10.2516
2510	10.2522
2509	10.2527
2508	10.2465
2507	10.2375
2506	10.2373
2505	10.2453
2504	10.2492
2503	10.246
2502	10.2452
2501	10.2524
2500	10.2616
2499	10.2661
2498	10.2708
2497	10.2878
2496	10.3182
2495	10.3451
2494	10.3519
2493	10.3404
2492	10.3239
2491	10.3101
2490	10.3018
2489	10.3018
2488	10.3069
2487	10.3087
2486	10.3075
2485	10.3092
2484	10.3086
2483	10.2973
2482	10.286
2481	10.2902
2480	10.2969
2479	10.283
2478	10.2584
2477	10.2504
2476	10.2557
2475	10.2558
2474	10.261
2473	10.2884
2472	10.3178
2471	10.3217
2470	10.3126
2469	10.3162
2468	10.3248
2467	10.3191
2466	10.3079
2465	10.3067
2464	10.3107
2463	10.3128
2462	10.3192
2461	10.3254
2460	10.3146
2459	10.2913
2458	10.2827
2457	10.2956
2456	10.3077
2455	10.3065
2454	10.3038
2453	10.3081
2452	10.3122
2451	10.3121
2450	10.3157
2449	10.3287
2448	10.3421
2447	10.3421
2446	10.3271
2445	10.3116
2444	10.307
2443	10.3091
2442	10.3118
2441	10.3185
2440	10.3274
2439	10.3218
2438	10.2969
2437	10.2729
2436	10.2635
2435	10.257
2434	10.2448
2433	10.2387
2432	10.2455
2431	10.2543
2430	10.2607
2429	10.2693
2428	10.269
2427	10.2465
2426	10.2228
2425	10.2301
2424	10.2589
2423	10.2733
2422	10.27
2421	10.269
2420	10.2647
2419	10.2423
2418	10.2211
2417	10.2256
2416	10.2387
2415	10.2333
2414	10.2194
2413	10.2175
2412	10.2215
2411	10.2232
2410	10.2359
2409	10.2608
2408	10.2712
2407	10.2556
2406	10.2385
2405	10.2392
2404	10.247
2403	10.2511
2402	10.2597
2401	10.2783
2400	10.294
2399	10.2928
2398	10.2778
2397	10.2643
2396	10.2602
2395	10.2588
2394	10.2546
2393	10.2548
2392	10.2658
2391	10.2764
2390	10.273
2389	10.2632
2388	10.2628
2387	10.2707
2386	10.2753
2385	10.2745
2384	10.2741
2383	10.275
2382	10.2759
2381	10.2759
2380	10.2668
2379	10.242
2378	10.2169
2377	10.2161
2376	10.2363
2375	10.2512
2374	10.2546
2373	10.2587
2372	10.2551
2371	10.2279
2370	10.1996
2369	10.2039
2368	10.2254
2367	10.2285
2366	10.2242
2365	10.2391
2364	10.2516
2363	10.2321
2362	10.2076
2361	10.2157
2360	10.2396
2359	10.2482
2358	10.2531
2357	10.2701
2356	10.2743
2355	10.2439
2354	10.2042
2353	10.1897
2352	10.1993
2351	10.2117
2350	10.2156
2349	10.2105
2348	10.2011
2347	10.2016
2346	10.2231
2345	10.2574
2344	10.2819
2343	10.2824
2342	10.2674
2341	10.2581
2340	10.2643
2339	10.2753
2338	10.2789
2337	10.2774
2336	10.2706
2335	10.2458
2334	10.2105
2333	10.2053
2332	10.2536
2331	10.3233
2330	10.3682
2329	10.3787
2328	10.3641
2327	10.3258
2326	10.277
2325	10.2469
2324	10.2417
2323	10.2379
2322	10.23
2321	10.2366
2320	10.2549
2319	10.2594
2318	10.2509
2317	10.2502
2316	10.2495
2315	10.2287
2314	10.2077
2313	10.2145
2312	10.2261
2311	10.2086
2310	10.1867
2309	10.1988
2308	10.2232
2307	10.2224
2306	10.2132
2305	10.2256
2304	10.242
2303	10.233
2302	10.2116
2301	10.2023
2300	10.2009
2299	10.1973
2298	10.2006
2297	10.2153
2296	10.2238
2295	10.2115
2294	10.1882
2293	10.1736
2292	10.1733
2291	10.1763
2290	10.1715
2289	10.1643
2288	10.1669
2287	10.1788
2286	10.1881
2285	10.1907
2284	10.1895
2283	10.1835
2282	10.1736
2281	10.1705
2280	10.178
2279	10.1821
2278	10.1779
2277	10.1837
2276	10.2057
2275	10.2219
2274	10.2231
2273	10.2313
2272	10.2534
2271	10.2641
2270	10.2589
2269	10.2621
2268	10.268
2267	10.2425
2266	10.196
2265	10.1793
2264	10.1988
2263	10.2121
2262	10.208
2261	10.2103
2260	10.212
2259	10.1894
2258	10.1642
2257	10.1709
2256	10.1884
2255	10.1789
2254	10.158
2253	10.1574
2252	10.1618
2251	10.1485
2250	10.1401
2249	10.161
2248	10.1886
2247	10.1946
2246	10.1897
2245	10.1906
2244	10.1879
2243	10.1754
2242	10.1686
2241	10.1754
2240	10.182
2239	10.1794
2238	10.1763
2237	10.1793
2236	10.1787
2235	10.1613
2234	10.1341
2233	10.1222
2232	10.1374
2231	10.158
2230	10.1621
2229	10.1606
2228	10.17
2227	10.1756
2226	10.1665
2225	10.1698
2224	10.2029
2223	10.234
2222	10.2379
2221	10.2376
2220	10.2449
2219	10.2285
2218	10.1854
2217	10.1646
2216	10.1786
2215	10.1787
2214	10.1489
2213	10.1321
2212	10.1428
2211	10.146
2210	10.1369
2209	10.1499
2208	10.1803
2207	10.1838
2206	10.1551
2205	10.1306
2204	10.1218
2203	10.1153
2202	10.1186
2201	10.1395
2200	10.1514
2199	10.133
2198	10.1126
2197	10.1217
2196	10.1446
2195	10.1546
2194	10.1602
2193	10.1762
2192	10.1884
2191	10.1809
2190	10.1668
2189	10.1672
2188	10.1852
2187	10.2121
2186	10.2408
2185	10.2624
2184	10.2673
2183	10.255
2182	10.241
2181	10.2454
2180	10.2663
2179	10.2726
2178	10.2409
2177	10.1901
2176	10.159
2175	10.1583
2174	10.1741
2173	10.1987
2172	10.225
2171	10.2321
2170	10.2139
2169	10.1962
2168	10.1944
2167	10.1884
2166	10.1718
2165	10.1727
2164	10.1951
2163	10.2018
2162	10.1842
2161	10.1805
2160	10.1983
2159	10.2007
2158	10.1839
2157	10.186
2156	10.2053
2155	10.1987
2154	10.1657
2153	10.149
2152	10.1542
2151	10.1514
2150	10.1448
2149	10.1591
2148	10.1788
2147	10.1766
2146	10.1697
2145	10.1834
2144	10.1965
2143	10.1842
2142	10.1699
2141	10.1825
2140	10.2055
2139	10.2124
2138	10.2126
2137	10.2239
2136	10.2378
2135	10.2385
2134	10.2292
2133	10.2213
2132	10.2169
2131	10.2124
2130	10.2085
2129	10.2097
2128	10.2169
2127	10.2229
2126	10.2228
2125	10.2233
2124	10.2296
2123	10.2306
2122	10.2203
2121	10.2176
2120	10.2361
2119	10.2541
2118	10.2514
2117	10.247
2116	10.2633
2115	10.2841
2114	10.2868
2113	10.2817
2112	10.2828
2111	10.2783
2110	10.2661
2109	10.2691
2108	10.2884
2107	10.2935
2106	10.28
2105	10.2758
2104	10.2795
2103	10.2622
2102	10.235
2101	10.2387
2100	10.2646
2099	10.2655
2098	10.24
2097	10.2269
2096	10.2292
2095	10.2258
2094	10.2317
2093	10.2684
2092	10.3057
2091	10.3063
2090	10.2905
2089	10.2884
2088	10.2803
2087	10.2417
2086	10.198
2085	10.1801
2084	10.1768
2083	10.1736
2082	10.1864
2081	10.2219
2080	10.2524
2079	10.2575
2078	10.2519
2077	10.2574
2076	10.2725
2075	10.2823
2074	10.2801
2073	10.2721
2072	10.2634
2071	10.2491
2070	10.2271
2069	10.2111
2068	10.212
2067	10.2158
2066	10.2106
2065	10.2129
2064	10.2327
2063	10.2429
2062	10.2268
2061	10.2146
2060	10.227
2059	10.2339
2058	10.2156
2057	10.2042
2056	10.2178
2055	10.2227
2054	10.2033
2053	10.1917
2052	10.1947
2051	10.1789
2050	10.1502
2049	10.1549
2048	10.1879
2047	10.1978
2046	10.1857
2045	10.1987
2044	10.2304
2043	10.23
2042	10.1991
2041	10.181
2040	10.1771
2039	10.16
2038	10.1409
2037	10.144
2036	10.1515
2035	10.1448
2034	10.1512
2033	10.1911
2032	10.2293
2031	10.2302
2030	10.2115
2029	10.2019
2028	10.1961
2027	10.1844
2026	10.1805
2025	10.1918
2024	10.1995
2023	10.188
2022	10.1662
2021	10.1498
2020	10.1435
2019	10.1437
2018	10.1486
2017	10.1587
2016	10.1697
2015	10.1714
2014	10.1648
2013	10.1685
2012	10.1862
2011	10.1892
2010	10.1631
2009	10.1425
2008	10.1564
2007	10.1797
2006	10.1844
2005	10.188
2004	10.2004
2003	10.1919
2002	10.1632
2001	10.1662
2000	10.2072
1999	10.225
1998	10.2026
1997	10.1934
1996	10.209
1995	10.2001
1994	10.1663
1993	10.1638
1992	10.1914
1991	10.1912
1990	10.161
1989	10.1546
1988	10.1758
1987	10.1844
1986	10.1825
1985	10.1965
1984	10.2074
1983	10.1886
1982	10.1696
1981	10.183
1980	10.2
1979	10.1856
1978	10.1632
1977	10.1682
1976	10.1865
1975	10.1893
1974	10.1826
1973	10.1842
1972	10.1917
1971	10.1968
1970	10.2015
1969	10.2056
1968	10.2029
1967	10.1959
1966	10.1967
1965	10.2097
1964	10.2221
1963	10.217
1962	10.1949
1961	10.1771
1960	10.176
1959	10.1765
1958	10.167
1957	10.1663
1956	10.1867
1955	10.201
1954	10.1879
1953	10.1744
1952	10.1842
1951	10.1934
1950	10.1838
1949	10.1845
1948	10.2096
1947	10.2252
1946	10.2214
1945	10.2343
1944	10.2644
1943	10.265
1942	10.2395
1941	10.2437
1940	10.2752
1939	10.2746
1938	10.2404
1937	10.2287
1936	10.2393
1935	10.2245
1934	10.1957
1933	10.2017
1932	10.227
1931	10.2266
1930	10.2203
1929	10.2495
1928	10.2889
1927	10.2996
1926	10.3067
1925	10.3411
1924	10.3688
1923	10.3501
1922	10.309
1921	10.283
1920	10.2646
1919	10.2349
1918	10.2063
1917	10.1975
1916	10.204
1915	10.2133
1914	10.223
1913	10.2341
1912	10.2413
1911	10.24
1910	10.2418
1909	10.2713
1908	10.3291
1907	10.3718
1906	10.3645
1905	10.3333
1904	10.3197
1903	10.3141
1902	10.292
1901	10.2753
1900	10.2878
1899	10.2993
1898	10.2817
1897	10.2656
1896	10.2759
1895	10.2793
1894	10.2562
1893	10.2428
1892	10.2524
1891	10.2439
1890	10.2131
1889	10.2122
1888	10.2464
1887	10.2586
1886	10.2407
1885	10.2441
1884	10.2729
1883	10.2784
1882	10.2626
1881	10.2678
1880	10.2796
1879	10.2551
1878	10.2199
1877	10.2229
1876	10.238
1875	10.2192
1874	10.1978
1873	10.2195
1872	10.2519
1871	10.2456
1870	10.2224
1869	10.2249
1868	10.2402
1867	10.2364
1866	10.2225
1865	10.2237
1864	10.2351
1863	10.2353
1862	10.2205
1861	10.2063
1860	10.2034
1859	10.2029
1858	10.191
1857	10.1761
1856	10.1782
1855	10.1953
1854	10.2084
1853	10.2153
1852	10.223
1851	10.219
1850	10.1976
1849	10.1897
1848	10.2156
1847	10.2398
1846	10.2312
1845	10.2182
1844	10.2241
1843	10.2161
1842	10.1819
1841	10.1745
1840	10.2122
1839	10.2311
1838	10.2
1837	10.1769
1836	10.1943
1835	10.2065
1834	10.1955
1833	10.2041
1832	10.2333
1831	10.2325
1830	10.2063
1829	10.2081
1828	10.2284
1827	10.2126
1826	10.1771
1825	10.1819
1824	10.2133
1823	10.2134
1822	10.1901
1821	10.1923
1820	10.2157
1819	10.2258
1818	10.2295
1817	10.2461
1816	10.2563
1815	10.2399
1814	10.2196
1813	10.2188
1812	10.2221
1811	10.2093
1810	10.1905
1809	10.1828
1808	10.1839
1807	10.1839
1806	10.1854
1805	10.198
1804	10.2186
1803	10.2277
1802	10.2122
1801	10.1874
1800	10.1755
1799	10.1723
1798	10.1659
1797	10.1712
1796	10.2002
1795	10.2229
1794	10.2123
1793	10.1962
1792	10.2049
1791	10.2141
1790	10.2028
1789	10.2054
1788	10.2399
1787	10.2578
1786	10.2319
1785	10.2086
1784	10.2157
1783	10.2139
1782	10.1904
1781	10.1913
1780	10.2197
1779	10.2205
1778	10.1932
1777	10.1996
1776	10.2421
1775	10.2598
1774	10.2458
1773	10.2488
1772	10.266
1771	10.2549
1770	10.2315
1769	10.2406
1768	10.2625
1767	10.2548
1766	10.2403
1765	10.2551
1764	10.2696
1763	10.2517
1762	10.2384
1761	10.2636
1760	10.2893
1759	10.2763
1758	10.2505
1757	10.2432
1756	10.238
1755	10.2203
1754	10.2144
1753	10.2363
1752	10.2617
1751	10.2636
1750	10.2524
1749	10.2587
1748	10.2881
1747	10.3078
1746	10.2942
1745	10.2738
1744	10.2793
1743	10.2896
1742	10.2751
1741	10.265
1740	10.2926
1739	10.3183
1738	10.2987
1737	10.2706
1736	10.2777
1735	10.288
1734	10.2735
1733	10.2772
1732	10.3155
1731	10.3237
1730	10.2762
1729	10.2421
1728	10.2541
1727	10.2545
1726	10.2213
1725	10.2119
1724	10.2405
1723	10.2503
1722	10.2303
1721	10.2282
1720	10.2403
1719	10.2205
1718	10.1879
1717	10.1984
1716	10.2311
1715	10.2267
1714	10.2014
1713	10.2101
1712	10.24
1711	10.2441
1710	10.2308
1709	10.2327
1708	10.2382
1707	10.2248
1706	10.2117
1705	10.222
1704	10.2406
1703	10.2466
1702	10.2461
1701	10.246
1700	10.2358
1699	10.212
1698	10.1921
1697	10.1915
1696	10.2
1695	10.1941
1694	10.174
1693	10.174
1692	10.2124
1691	10.2492
1690	10.2376
1689	10.198
1688	10.1817
1687	10.1884
1686	10.191
1685	10.2017
1684	10.2324
1683	10.2433
1682	10.2149
1681	10.2015
1680	10.2344
1679	10.2566
1678	10.2335
1677	10.2206
1676	10.2464
1675	10.2518
1674	10.2156
1673	10.2029
1672	10.2341
1671	10.2461
1670	10.2243
1669	10.2276
1668	10.2593
1667	10.2583
1666	10.2272
1665	10.2277
1664	10.2529
1663	10.2433
1662	10.2099
1661	10.2114
1660	10.2391
1659	10.2419
1658	10.226
1657	10.2276
1656	10.2354
1655	10.2251
1654	10.2189
1653	10.2423
1652	10.2691
1651	10.2664
1650	10.2475
1649	10.2416
1648	10.248
1647	10.2517
1646	10.2525
1645	10.2614
1644	10.2797
1643	10.2944
1642	10.2954
1641	10.2921
1640	10.2942
1639	10.2876
1638	10.2613
1637	10.2444
1636	10.2645
1635	10.2891
1634	10.2743
1633	10.2438
1632	10.2392
1631	10.2401
1630	10.2179
1629	10.2102
1628	10.2464
1627	10.2755
1626	10.2577
1625	10.2419
1624	10.2654
1623	10.2796
1622	10.2559
1621	10.2477
1620	10.2758
1619	10.2824
1618	10.2531
1617	10.2478
1616	10.271
1615	10.2589
1614	10.2151
1613	10.212
1612	10.2483
1611	10.253
1610	10.2269
1609	10.2346
1608	10.2723
1607	10.2818
1606	10.2656
1605	10.2668
1604	10.2732
1603	10.2508
1602	10.2231
1601	10.2251
1600	10.2346
1599	10.2216
1598	10.209
1597	10.2251
1596	10.2482
1595	10.2468
1594	10.231
1593	10.2308
1592	10.2497
1591	10.2655
1590	10.2629
1589	10.2538
1588	10.2562
1587	10.2648
1586	10.265
1585	10.2684
1584	10.29
1583	10.3046
1582	10.284
1581	10.2604
1580	10.274
1579	10.2915
1578	10.269
1577	10.2442
1576	10.2655
1575	10.2946
1574	10.2876
1573	10.2853
1572	10.3173
1571	10.324
1570	10.2767
1569	10.2529
1568	10.2938
1567	10.3246
1566	10.3024
1565	10.2914
1564	10.3223
1563	10.3322
1562	10.2988
1561	10.2824
1560	10.2992
1559	10.2973
1558	10.276
1557	10.2894
1556	10.3317
1555	10.3443
1554	10.3266
1553	10.3254
1552	10.3363
1551	10.3213
1550	10.2916
1549	10.2856
1548	10.2983
1547	10.3016
1546	10.3009
1545	10.3147
1544	10.3336
1543	10.3405
1542	10.3414
1541	10.3496
1540	10.3611
1539	10.3644
1538	10.3602
1537	10.3608
1536	10.3702
1535	10.372
1534	10.3554
1533	10.3447
1532	10.3675
1531	10.403
1530	10.4129
1529	10.4099
1528	10.4271
1527	10.4406
1526	10.4111
1525	10.371
1524	10.3728
1523	10.3932
1522	10.3866
1521	10.378
1520	10.4009
1519	10.4166
1518	10.3942
1517	10.3827
1516	10.4138
1515	10.433
1514	10.4115
1513	10.4071
1512	10.4431
1511	10.4559
1510	10.4235
1509	10.4106
1508	10.4383
1507	10.4487
1506	10.4295
1505	10.4358
1504	10.4717
1503	10.4804
1502	10.4566
1501	10.4477
1500	10.4544
1499	10.4446
1498	10.4386
1497	10.4734
1496	10.5183
1495	10.5218
1494	10.5025
1493	10.5099
1492	10.541
1491	10.5606
1490	10.5661
1489	10.5765
1488	10.5936
1487	10.609
1486	10.6283
1485	10.6626
1484	10.7104
1483	10.7574
1482	10.7961
1481	10.8376
1480	10.8937
1479	10.9507
1478	10.9934
1477	11.0445
1476	11.1373
1475	11.255
1474	11.3593
1473	11.4639
1472	11.6066
1471	11.7784
1470	11.9593
1469	12.2007
1468	12.5652
1467	13.0416
1466	13.591
1465	14.1919
1464	14.7663
1463	15.1526
1462	15.2943
1461	15.3168
1460	15.354
1459	15.4098
1458	15.4974
1457	15.7349
1456	16.2117
1455	16.8577
1454	17.5081
1453	17.9594
1452	17.9729
1451	17.4096
1450	16.4089
1449	15.308
1448	14.3617
1447	13.6382
1446	13.1331
1445	12.8344
1444	12.6814
1443	12.5951
1442	12.5504
1441	12.5632
1440	12.6202
1439	12.6944
1438	12.7823
1437	12.8914
1436	13.004
1435	13.0948
1434	13.1663
1433	13.2313
1432	13.2997
1431	13.3571
1430	13.3918
1429	13.4049
1428	13.406
1427	13.3851
1426	13.3315
1425	13.2698
1424	13.2363
1423	13.221
1422	13.1976
1421	13.1966
1420	13.2679
1419	13.3895
1418	13.5116
1417	13.6574
1416	13.8752
1415	14.131
1414	14.3592
1413	14.5619
1412	14.7541
1411	14.8825
1410	14.9166
1409	14.9264
1408	14.9775
1407	15.0346
1406	15.0616
1405	15.0949
1404	15.1493
1403	15.1653
1402	15.1232
1401	15.0754
1400	15.027
1399	14.9059
1398	14.6904
1397	14.4423
1396	14.196
1395	13.9283
1394	13.6463
1393	13.4016
1392	13.2123
1391	13.0584
1390	12.9444
1389	12.888
1388	12.8723
1387	12.8659
1386	12.8759
1385	12.9163
1384	12.9698
1383	13.0062
1382	13.0338
1381	13.0798
1380	13.1573
1379	13.2541
1378	13.3666
1377	13.5139
1376	13.7228
1375	13.9938
1374	14.3101
1373	14.6734
1372	15.0933
1371	15.5373
1370	15.9438
1369	16.2906
1368	16.5948
1367	16.8489
1366	17.0239
1365	17.1285
1364	17.19
1363	17.1943
1362	17.1242
1361	17.0234
1360	16.9446
1359	16.8696
1358	16.7679
1357	16.663
1356	16.5747
1355	16.4513
1354	16.2618
1353	16.0598
1352	15.9033
1351	15.7806
1350	15.6938
1349	15.6877
1348	15.752
1347	15.8007
1346	15.802
1345	15.8028
1344	15.8034
1343	15.7368
1342	15.5933
1341	15.4358
1340	15.2871
1339	15.1187
1338	14.9508
1337	14.841
1336	14.7952
1335	14.7781
1334	14.7969
1333	14.885
1332	15.0292
1331	15.1936
1330	15.3774
1329	15.6109
1328	15.9042
1327	16.2533
1326	16.666
1325	17.166
1324	17.7581
1323	18.3996
1322	18.9907
1321	19.4079
1320	19.5525
1319	19.3925
1318	18.9928
1317	18.5051
1316	18.0775
1315	17.754
1314	17.4984
1313	17.2881
1312	17.1147
1311	16.9209
1310	16.6488
1309	16.3281
1308	16.0209
1307	15.7119
1306	15.3644
1305	15.0245
1304	14.7582
1303	14.5514
1302	14.3664
1301	14.2388
1300	14.1933
1299	14.188
1298	14.195
1297	14.268
1296	14.4286
1295	14.6172
1294	14.7994
1293	15.0185
1292	15.2886
1291	15.5598
1290	15.8249
1289	16.1453
1288	16.5483
1287	16.9991
1286	17.4702
1285	17.9562
1284	18.3967
1283	18.7055
1282	18.8521
1281	18.8727
1280	18.8014
1279	18.6937
1278	18.6621
1277	18.8622
1276	19.3944
1275	20.2592
1274	21.3041
1273	22.2095
1272	22.5732
1271	22.127
1270	20.91
1269	19.2506
1268	17.5637
1267	16.1311
1266	15.0376
1265	14.256
1264	13.7247
1263	13.3525
1262	13.053
1261	12.8122
1260	12.6614
1259	12.5802
1258	12.5163
1257	12.4783
1256	12.5115
1255	12.6058
1254	12.7236
1253	12.9058
1252	13.198
1251	13.5618
1250	13.9181
1249	14.2546
1248	14.5586
1247	14.7533
1246	14.7839
1245	14.7076
1244	14.6007
1243	14.476
1242	14.3446
1241	14.2594
1240	14.2286
1239	14.1875
1238	14.1068
1237	14.0282
1236	13.9705
1235	13.9014
1234	13.822
1233	13.7818
1232	13.7928
1231	13.8131
1230	13.8139
1229	13.7935
1228	13.7335
1227	13.6092
1226	13.4405
1225	13.2824
1224	13.1738
1223	13.1264
1222	13.1408
1221	13.2018
1220	13.2618
1219	13.2486
1218	13.1092
1217	12.8499
1216	12.5303
1215	12.2092
1214	11.9164
1213	11.6754
1212	11.5113
1211	11.4157
1210	11.3492
1209	11.2924
1208	11.2543
1207	11.2253
1206	11.1822
1205	11.1374
1204	11.1204
1203	11.1167
1202	11.0947
1201	11.0767
1200	11.0967
1199	11.1275
1198	11.126
1197	11.1171
1196	11.1362
1195	11.152
1194	11.1279
1193	11.1021
1192	11.1152
1191	11.139
1190	11.1448
1189	11.1658
1188	11.2184
1187	11.2584
1186	11.2679
1185	11.2954
1184	11.3639
1183	11.4358
1182	11.4972
1181	11.5851
1180	11.7091
1179	11.8344
1178	11.952
1177	12.084
1176	12.223
1175	12.337
1174	12.4319
1173	12.546
1172	12.6892
1171	12.8496
1170	13.0366
1169	13.2864
1168	13.6215
1167	14.0425
1166	14.5417
1165	15.1123
1164	15.7308
1163	16.3343
1162	16.829
1161	17.1318
1160	17.2037
1159	17.0441
1158	16.6949
1157	16.2619
1156	15.8762
1155	15.6141
1154	15.4839
1153	15.4885
1152	15.633
1151	15.8751
1150	16.1388
1149	16.3782
1148	16.5583
1147	16.5951
1146	16.4134
1145	16.0446
1144	15.5953
1143	15.1468
1142	14.7584
1141	14.5091
1140	14.4327
1139	14.4779
1138	14.5925
1137	14.7998
1136	15.1016
1135	15.4116
1134	15.6246
1133	15.7122
1132	15.6753
1131	15.5183
1130	15.2964
1129	15.1231
1128	15.08
1127	15.1875
1126	15.4648
1125	15.9497
1124	16.6462
1123	17.5209
1122	18.5415
1121	19.6579
1120	20.7414
1119	21.6083
1118	22.1096
1117	22.1815
1116	21.8372
1115	21.1447
1114	20.214
1113	19.155
1112	18.0535
1111	16.9734
1110	15.9744
1109	15.1125
1108	14.4168
1107	13.8764
1106	13.4551
1105	13.1374
1104	12.9264
1103	12.8108
1102	12.7575
1101	12.76
1100	12.8368
1099	12.9875
1098	13.1985
1097	13.4978
1096	13.9312
1095	14.4884
1094	15.1081
1093	15.7516
1092	16.3703
1091	16.8717
1090	17.1842
1089	17.3589
1088	17.4932
1087	17.6095
1086	17.6912
1085	17.7521
1084	17.8042
1083	17.8044
1082	17.7565
1081	17.772
1080	17.9974
1079	18.5145
1078	19.3516
1077	20.4367
1076	21.4974
1075	22.1352
1074	22.0857
1073	21.3932
1072	20.3168
1071	19.1654
1070	18.1897
1069	17.5331
1068	17.2104
1067	17.1782
1066	17.4191
1065	17.9666
1064	18.8534
1063	20.0752
1062	21.5437
1061	23.0571
1060	24.2911
1059	24.8979
1058	24.6763
1057	23.7179
1056	22.3778
1055	21.0477
1054	19.982
1053	19.2837
1052	18.9646
1051	18.9389
1050	19.0293
1049	19.068
1048	18.9601
1047	18.6655
1046	18.1856
1045	17.5888
1044	16.9709
1043	16.375
1042	15.801
1041	15.2882
1040	14.9024
1039	14.6638
1038	14.5532
1037	14.5805
1036	14.7715
1035	15.1076
1034	15.5496
1033	16.0771
1032	16.6317
1031	17.0824
1030	17.2985
1029	17.2454
1028	16.937
1027	16.4009
1026	15.7131
1025	15.0218
1024	14.4498
1023	14.0358
1022	13.7846
1021	13.7177
1020	13.8415
1019	14.1143
1018	14.4657
1017	14.816
1016	15.0734
1015	15.1604
1014	15.0615
1013	14.8351
1012	14.5773
1011	14.3733
1010	14.2779
1009	14.3161
1008	14.5019
1007	14.8291
1006	15.2572
1005	15.6985
1004	16.03
1003	16.1212
1002	15.8975
1001	15.4197
1000	14.8521
999	14.3359
998	13.9149
997	13.611
996	13.4804
995	13.5646
994	13.8412
993	14.2572
992	14.7296
991	15.1096
990	15.232
989	15.0392
988	14.6028
987	14.0327
986	13.4216
985	12.8622
984	12.4198
983	12.0891
982	11.8247
981	11.6111
980	11.4573
979	11.3508
978	11.2666
977	11.1959
976	11.1381
975	11.0796
974	11.0168
973	10.9698
972	10.9485
971	10.9391
970	10.9265
969	10.9224
968	10.935
967	10.9586
966	10.9871
965	11.0292
964	11.0884
963	11.1596
962	11.2411
961	11.3375
960	11.4476
959	11.5657
958	11.6942
957	11.844
956	12.0235
955	12.2407
954	12.5039
953	12.816
952	13.15
951	13.4404
950	13.6146
949	13.6585
948	13.631
947	13.6004
946	13.5878
945	13.5816
944	13.567
943	13.5043
942	13.3438
941	13.0799
940	12.7752
939	12.4851
938	12.2411
937	12.0737
936	12.0195
935	12.0652
934	12.1674
933	12.323
932	12.579
931	12.9796
930	13.5714
929	14.4423
928	15.688
927	17.3105
926	19.1697
925	20.9912
924	22.3987
923	23.0376
922	22.7742
921	21.7951
920	20.4724
919	19.1585
918	18.0924
917	17.3922
916	17.0576
915	16.9764
914	16.9984
913	16.9844
912	16.8354
911	16.4979
910	15.9905
909	15.3925
908	14.8043
907	14.2896
906	13.8577
905	13.4909
904	13.1985
903	12.9924
902	12.8732
901	12.8316
900	12.905
899	13.1549
898	13.6374
897	14.4242
896	15.5703
895	17.018
894	18.521
893	19.7705
892	20.5831
891	21.0198
890	21.3599
889	21.9932
888	23.1952
887	24.9004
886	26.6634
885	27.882
884	28.1152
883	27.2768
882	25.6422
881	23.6765
880	21.7839
879	20.1429
878	18.7828
877	17.7328
876	17.061
875	16.7698
874	16.7728
873	16.9424
872	17.1491
871	17.2426
870	17.0941
869	16.6455
868	15.9383
867	15.0884
866	14.2305
865	13.4889
864	12.9126
863	12.4941
862	12.1824
861	11.9361
860	11.7336
859	11.5741
858	11.4533
857	11.3576
856	11.2717
855	11.1891
854	11.1128
853	11.0494
852	11.0091
851	10.9883
850	10.9678
849	10.9366
848	10.9143
847	10.9146
846	10.9148
845	10.8925
844	10.8695
843	10.8664
842	10.8596
841	10.8282
840	10.8042
839	10.8161
838	10.8366
837	10.8325
836	10.8188
835	10.8158
834	10.812
833	10.8043
832	10.817
831	10.8519
830	10.8788
829	10.8922
828	10.9191
827	10.9636
826	11.0047
825	11.0481
824	11.1177
823	11.2019
822	11.2677
821	11.321
820	11.3932
819	11.4855
818	11.5769
817	11.6725
816	11.7963
815	11.9518
814	12.1251
813	12.3098
812	12.5099
811	12.7186
810	12.916
809	13.0858
808	13.2354
807	13.3836
806	13.5295
805	13.6474
804	13.7215
803	13.7556
802	13.7454
801	13.6772
800	13.5607
799	13.4205
798	13.2573
797	13.0665
796	12.8812
795	12.7358
794	12.6036
793	12.4444
792	12.2832
791	12.1683
790	12.0864
789	12.002
788	11.9277
787	11.8829
786	11.8347
785	11.7556
784	11.681
783	11.6421
782	11.6123
781	11.5683
780	11.5367
779	11.5295
778	11.515
777	11.4809
776	11.4586
775	11.4585
774	11.4513
773	11.427
772	11.4132
771	11.423
770	11.4372
769	11.4447
768	11.4577
767	11.4866
766	11.5243
765	11.5599
764	11.5881
763	11.6099
762	11.6269
761	11.6433
760	11.6703
759	11.7188
758	11.7734
757	11.801
756	11.8025
755	11.8199
754	11.8704
753	11.9211
752	11.9542
751	11.9941
750	12.0456
749	12.0801
748	12.1023
747	12.1522
746	12.2267
745	12.2792
744	12.3044
743	12.3379
742	12.3775
741	12.3997
740	12.4314
739	12.512
738	12.6118
737	12.6864
736	12.7637
735	12.8919
734	13.0467
733	13.1907
732	13.3493
731	13.5536
730	13.759
729	13.9001
728	13.9603
727	13.941
726	13.8249
725	13.6201
724	13.3808
723	13.1494
722	12.9243
721	12.7
720	12.4959
719	12.3308
718	12.1992
717	12.0848
716	11.9838
715	11.9064
714	11.8566
713	11.8191
712	11.7784
711	11.7398
710	11.7087
709	11.6702
708	11.6148
707	11.5675
706	11.5449
705	11.5262
704	11.4945
703	11.4739
702	11.4766
701	11.4719
700	11.4441
699	11.4252
698	11.4293
697	11.4244
696	11.3986
695	11.3822
694	11.3796
693	11.3605
692	11.332
691	11.3324
690	11.3512
689	11.3457
688	11.3317
687	11.356
686	11.4011
685	11.419
684	11.4297
683	11.4744
682	11.5239
681	11.5358
680	11.5499
679	11.6172
678	11.7051
677	11.7581
676	11.7938
675	11.8521
674	11.9274
673	12.0091
672	12.1235
671	12.278
670	12.4368
669	12.5828
668	12.7417
667	12.9227
666	13.0962
665	13.2445
664	13.3845
663	13.5313
662	13.6749
661	13.806
660	13.9467
659	14.1351
658	14.3686
657	14.5844
656	14.7209
655	14.7751
654	14.7506
653	14.6128
652	14.3547
651	14.0635
650	13.8232
649	13.6376
648	13.4872
647	13.4092
646	13.4074
645	13.4283
644	13.4623
643	13.577
642	13.7899
641	14.0402
640	14.3327
639	14.7607
638	15.3691
637	16.124
636	17.038
635	18.1653
634	19.4549
633	20.7233
632	21.773
631	22.4296
630	22.5332
629	22.0449
628	21.1357
627	20.0441
626	18.9022
625	17.7878
624	16.8197
623	16.0802
622	15.512
621	15.0329
620	14.6426
619	14.3722
618	14.1849
617	14.0318
616	13.9078
615	13.8228
614	13.7622
613	13.7156
612	13.7035
611	13.7507
610	13.8548
609	13.9858
608	14.1311
607	14.3203
606	14.5931
605	14.9474
604	15.3748
603	15.9063
602	16.5636
601	17.2822
600	17.9683
599	18.5688
598	19.0121
597	19.1654
596	18.9648
595	18.5011
594	17.8801
593	17.1226
592	16.2905
591	15.5411
590	14.9518
589	14.4459
588	13.9826
587	13.6272
586	13.3822
585	13.1433
584	12.8876
583	12.7035
582	12.612
581	12.5418
580	12.4879
579	12.4971
578	12.5278
577	12.4949
576	12.4357
575	12.4358
574	12.474
573	12.4783
572	12.479
571	12.533
570	12.6065
569	12.6357
568	12.6508
567	12.7054
566	12.7903
565	12.8639
564	12.9392
563	13.0399
562	13.1691
561	13.3107
560	13.4813
559	13.7006
558	13.9825
557	14.3051
556	14.6712
555	15.1223
554	15.7239
553	16.4942
552	17.4566
551	18.7006
550	20.3583
549	22.5061
548	25.2346
547	28.6556
546	32.734
545	37.0614
544	40.9723
543	43.793
542	45
541	44.3503
540	42.104
539	38.9937
538	35.8074
537	33.0126
536	30.7962
535	29.1685
534	27.9544
533	26.849
532	25.6894
531	24.4841
530	23.2301
529	21.8843
528	20.5488
527	19.401
526	18.4576
525	17.5996
524	16.8408
523	16.2703
522	15.8507
521	15.4483
520	15.0676
519	14.7771
518	14.5446
517	14.2888
516	14.0482
515	13.8889
514	13.7824
513	13.648
512	13.4886
511	13.3443
510	13.2314
509	13.1432
508	13.0942
507	13.0849
506	13.085
505	13.0494
504	12.9747
503	12.9118
502	12.9099
501	12.9486
500	12.977
499	13.0022
498	13.0679
497	13.1694
496	13.2974
495	13.5196
494	13.8804
493	14.2754
492	14.5747
491	14.7807
490	14.9069
489	14.8517
488	14.5725
487	14.2262
486	13.9412
485	13.6502
484	13.3054
483	13.0349
482	12.9068
481	12.8017
480	12.658
479	12.584
478	12.6134
477	12.6342
476	12.6341
475	12.7311
474	12.9244
473	13.0951
472	13.2638
471	13.5616
470	13.9683
469	14.3482
468	14.6955
467	15.083
466	15.4454
465	15.6557
464	15.7359
463	15.7836
462	15.7998
461	15.754
460	15.716
459	15.7621
458	15.8527
457	15.892
456	15.8502
455	15.7483
454	15.5929
453	15.3795
452	15.1366
451	14.9439
450	14.8747
449	14.9389
448	15.1203
447	15.4596
446	15.9962
445	16.6466
444	17.2586
443	17.768
442	18.1387
441	18.2382
440	17.9635
439	17.4513
438	16.8903
437	16.3078
436	15.6732
435	15.1239
434	14.7621
433	14.4765
432	14.1956
431	14.0601
430	14.1686
429	14.3878
428	14.695
427	15.3184
426	16.4375
425	18.0108
424	20.0469
423	22.5508
422	25.1095
421	26.9243
420	27.4463
419	26.7239
418	25.1463
417	23.1659
416	21.2272
415	19.6133
414	18.2928
413	17.1461
412	16.235
411	15.7076
410	15.5293
409	15.5841
408	15.8574
407	16.3679
406	16.9644
405	17.413
404	17.562
403	17.3912
402	16.9485
401	16.3305
400	15.6997
399	15.2197
398	14.9961
397	15.039
396	15.3285
395	15.871
394	16.6074
393	17.2827
392	17.5687
391	17.3422
390	16.7108
389	15.8162
388	14.8054
387	13.9221
386	13.3337
385	12.9446
384	12.6028
383	12.3766
382	12.3447
381	12.3551
380	12.2754
379	12.2477
378	12.3951
377	12.5652
376	12.653
375	12.8288
374	13.1987
373	13.6013
372	13.9694
371	14.4906
370	15.2225
369	15.9681
368	16.6457
367	17.3542
366	18.0053
365	18.3285
364	18.2823
363	18.0634
362	17.7262
361	17.1835
360	16.5243
359	15.9536
358	15.4791
357	14.9889
356	14.5195
355	14.19
354	13.9679
353	13.7525
352	13.5535
351	13.4423
350	13.4042
349	13.3805
348	13.3654
347	13.3909
346	13.4578
345	13.5212
344	13.5576
343	13.612
342	13.736
341	13.8783
340	13.9551
339	14.0097
338	14.1422
337	14.3025
336	14.3764
335	14.4306
334	14.5938
333	14.7727
332	14.8107
331	14.8048
330	14.9058
329	14.9897
328	14.9099
327	14.8251
326	14.892
325	14.9368
324	14.8192
323	14.7441
322	14.8614
321	14.96
320	14.9076
319	14.9127
318	15.0747
317	15.1632
316	15.0854
315	15.0393
314	15.0492
313	14.8834
312	14.5382
311	14.2687
310	14.102
309	13.8319
308	13.4805
307	13.2677
306	13.1768
305	13.0149
304	12.8079
303	12.7234
302	12.7265
301	12.6598
300	12.5422
299	12.4928
298	12.5073
297	12.4954
296	12.4543
295	12.4407
294	12.4642
293	12.4856
292	12.4956
291	12.5517
290	12.7109
289	12.9417
288	13.1855
287	13.5049
286	13.9993
285	14.5791
284	15.0443
283	15.3691
282	15.6116
281	15.6235
280	15.2398
279	14.6623
278	14.205
277	13.8138
276	13.3144
275	12.8733
274	12.6903
273	12.5476
272	12.2253
271	11.95
270	11.9384
269	11.9477
268	11.7828
267	11.6947
266	11.8434
265	11.9496
264	11.8697
263	11.8672
262	12.0111
261	11.9892
260	11.7358
259	11.5727
258	11.5763
257	11.4816
256	11.267
255	11.1996
254	11.2828
253	11.267
252	11.1589
251	11.1752
250	11.2904
249	11.3162
248	11.2898
247	11.3789
246	11.5523
245	11.6669
244	11.7311
243	11.8345
242	11.9467
241	11.9486
240	11.8089
239	11.6261
238	11.5066
237	11.4336
236	11.3296
235	11.235
234	11.2598
233	11.3442
232	11.3296
231	11.2761
230	11.3665
229	11.5128
228	11.4849
227	11.3755
226	11.4294
225	11.5298
224	11.4359
223	11.3287
222	11.4811
221	11.676
220	11.6197
219	11.5398
218	11.6995
217	11.822
216	11.6597
215	11.5313
214	11.6684
213	11.7177
212	11.4723
211	11.3177
210	11.4458
209	11.4705
208	11.2376
207	11.1303
206	11.2594
205	11.2489
204	11.0306
203	10.9677
202	11.0911
201	11.048
200	10.831
