157.5	156.447
158	144.629
158.5	133.792
159	124.621
159.5	117.514
160	112.975
160.5	110.615
161	110.528
161.5	112.533
162	115.684
162.5	118.589
163	119.879
163.5	118.9
164	115.052
164.5	109.419
165	103.143
165.5	97.6306
166	93.3847
166.5	90.6895
167	89.3905
167.5	89.3162
168	90.9695
168.5	94.128
169	98.6507
169.5	104.098
170	109.641
170.5	114.682
171	119.277
171.5	124.111
172	129.911
172.5	136.627
173	143.596
173.5	149.144
174	152.256
174.5	153.028
175	152.958
175.5	154.095
176	158.776
176.5	167.495
177	178.677
177.5	189.901
178	199.304
178.5	206.063
179	210.818
179.5	215.498
180	221.534
180.5	228.613
181	235.509
181.5	240.253
182	242.179
182.5	241.762
183	241.434
183.5	243.186
184	248.297
184.5	255.973
185	264.189
185.5	269.671
186	271.601
186.5	270.216
187	266.934
187.5	263.874
188	262.618
188.5	263.169
189	264.024
189.5	263.317
190	260.002
190.5	253.598
191	244.244
191.5	233.705
192	223.463
192.5	214.573
193	207.373
193.5	202.049
194	197.739
194.5	193.34
195	187.559
195.5	179.894
196	169.935
196.5	157.985
197	145.015
197.5	132.255
198	120.667
198.5	110.748
199	103.045
199.5	97.1241
200	92.8307
200.5	89.3961
201	85.7867
201.5	80.9058
202	74.0828
202.5	65.2005
203	54.5715
203.5	44.1929
204	35.832
204.5	30.8314
205	28.8887
205.5	29.3237
206	30.1332
206.5	29.6588
207	27.2028
207.5	23.8628
208	20.9527
208.5	20
209	20.5566
209.5	22.9382
210	25.4981
210.5	27.1655
211	27.3495
211.5	26.7339
212	26.299
212.5	27.1047
213	28.8469
213.5	30.7879
214	31.9709
214.5	32.0252
215	31.2437
215.5	31.1445
216	32.9778
216.5	37.4969
217	43.731
217.5	50.4623
218	56.0482
218.5	59.6782
219	61.7089
219.5	63.5945
220	66.4596
220.5	71.1257
221	76.9438
221.5	82.6568
222	86.8083
222.5	89.1396
223	89.878
223.5	90.172
224	91.0038
224.5	93.1756
225	96.0615
225.5	98.8452
226	100.76
226.5	101.665
227	101.697
227.5	101.477
228	101.461
228.5	101.682
229	101.825
229.5	101.608
230	100.879
230.5	99.8418
231	98.7767
231.5	97.8397
232	96.96
232.5	96.0022
233	94.9743
233.5	94.074
234	93.7196
234.5	93.8377
235	93.853
235.5	92.7117
236	89.5498
236.5	83.3523
237	74.803
237.5	65.4448
238	57.3933
238.5	51.7451
239	49.0932
239.5	48.8086
240	49.3995
240.5	49.2409
241	47.6506
241.5	44.7283
242	40.9252
242.5	37.1505
243	34.1333
243.5	32.6029
244	32.6874
244.5	34.7124
245	38.3892
245.5	43.2525
246	48.7138
246.5	53.8891
247	58.3488
247.5	62.4079
248	66.866
248.5	72.7021
249	80.3344
249.5	89.4919
250	99.3616
250.5	108.631
251	116.736
251.5	123.627
252	129.883
252.5	135.838
253	141.371
253.5	145.783
254	147.899
254.5	147.715
255	145.501
255.5	141.973
256	138.165
256.5	134.26
257	129.587
257.5	123.429
258	115.141
258.5	105.584
259	96.1079
259.5	88.8387
260	84.5522
260.5	82.8085
261	82.0552
261.5	80.6781
262	77.4512
262.5	72.6299
263	67.2154
263.5	62.4143
264	58.3568
264.5	54.3968
265	49.4307
265.5	42.9621
266	35.0399
266.5	27.4484
267	22.2133
267.5	20
268	20
268.5	20
269	20
269.5	20
270	20
270.5	20.6352
271	21.9264
271.5	23.6054
272	24.808
272.5	24.6945
273	22.8421
273.5	20.6682
274	20
274.5	20
275	20
275.5	22.3779
276	26.845
276.5	32.1364
277	37.2792
277.5	42.1491
278	47.0469
278.5	52.3372
279	58.0146
279.5	63.5337
280	68.0728
280.5	71.2843
281	73.3634
281.5	75.4288
282	78.7866
282.5	84.5641
283	92.9108
283.5	103.02
284	113.04
284.5	121.543
285	127.094
285.5	129.93
286	130.338
286.5	129.305
287	128.127
287.5	127.684
288	128.531
288.5	131.04
289	135.925
289.5	142.887
290	151.632
290.5	160.836
291	169.034
291.5	174.717
292	177.427
292.5	177.65
293	176.35
293.5	175.538
294	176.346
294.5	178.951
295	182.282
295.5	184.924
296	185.534
296.5	183.578
297	179.012
297.5	173.748
298	169.277
298.5	167.18
299	167.844
299.5	171.562
300	177.604
300.5	184.679
301	191.581
301.5	197.643
302	202.719
302.5	207.048
303	211.335
303.5	216.162
304	221.709
304.5	227.394
305	232.286
305.5	235.708
306	237.425
306.5	237.64
307	237.636
307.5	238.81
308	241.982
308.5	246.749
309	252.212
309.5	256.899
310	259.769
310.5	259.96
311	258.5
311.5	256.684
312	255.662
312.5	255.652
313	256.207
313.5	256.228
314	254.875
314.5	251.533
315	247.565
315.5	244.224
316	242.579
316.5	242.406
317	242.686
317.5	241.533
318	237.181
318.5	228.361
319	216.569
319.5	203.259
320	190.319
320.5	179.112
321	170.581
321.5	164.726
322	160.732
322.5	157.823
323	155.05
323.5	151.801
324	147.618
324.5	142.738
325	137.754
325.5	133.788
326	131.322
326.5	130.278
327	129.316
327.5	126.943
328	121.544
328.5	113.668
329	105.227
329.5	99.9179
330	99.9682
330.5	107.055
331	119.014
331.5	132.572
332	143.397
332.5	148.88
333	148.561
333.5	145.092
334	142.216
334.5	143.432
335	150.277
335.5	162.419
336	179.233
336.5	197.787
337	216.359
337.5	234.051
338	250.934
338.5	267.355
339	283.882
339.5	300.871
340	318.59
340.5	336.811
341	355.359
341.5	374.184
342	393.336
342.5	413.078
343	433.597
343.5	454.802
344	476.192
344.5	496.728
345	515.408
345.5	531.055
346	543.794
346.5	553.544
347	560.92
347.5	566.792
348	571.616
348.5	575.922
349	579.92
349.5	583.716
350	587.317
350.5	590.304
351	591.669
351.5	590.036
352	583.348
352.5	571.405
353	554.82
353.5	534.609
354	513.633
354.5	494.001
355	477.335
355.5	463.346
356	450.74
356.5	437.658
357	422.963
357.5	405.822
358	387.118
358.5	367.736
359	348.814
359.5	330.935
360	314.142
360.5	298.033
361	282.265
361.5	266.824
362	251.901
362.5	237.915
363	225.432
363.5	214.284
364	204.087
364.5	194.017
365	183.268
365.5	170.908
366	156.895
366.5	141.524
367	125.706
367.5	110.881
368	98.3068
368.5	88.6663
369	81.7253
369.5	77.3677
370	74.5758
370.5	72.6746
371	71.1712
371.5	69.6008
372	67.385
372.5	63.6599
373	57.8634
373.5	49.1841
374	38.474
374.5	27.5244
375	20.1127
375.5	20
376	20
376.5	20.3603
377	23.7194
377.5	27.7208
378	29.9584
378.5	29.4062
379	25.9201
379.5	22.0812
380	20
380.5	20
381	20
381.5	23.0327
382	27.9112
382.5	33.0856
383	37.1163
383.5	39.7203
384	41.1107
384.5	41.7009
385	42.0174
385.5	42.193
386	42.204
386.5	42.2242
387	43.0236
387.5	45.9432
388	52.4265
388.5	63.9661
389	79.4468
389.5	97.1883
390	113.89
390.5	126.686
391	132.729
391.5	133.218
392	131.45
392.5	131.377
393	135.456
393.5	144.749
394	157.894
394.5	171.931
395	183.882
395.5	192.121
396	196.955
396.5	199.093
397	200.057
397.5	200.376
398	200.316
398.5	200.192
399	200.72
399.5	202.982
400	207.667
400.5	214.917
401	222.999
401.5	230.14
402	234.443
402.5	235.58
403	233.796
403.5	230.937
404	229.068
404.5	230.205
405	234.464
405.5	241.756
406	251.564
406.5	262.587
407	273.869
407.5	284.468
408	293.916
408.5	302.305
409	310.868
409.5	321.021
410	334.546
410.5	351.669
411	372.49
411.5	395.83
412	420.059
412.5	443.923
413	467.104
413.5	489.974
414	513.119
414.5	536.74
415	560.567
415.5	583.828
416	605.796
416.5	625.567
417	643.061
417.5	658.62
418	672.179
418.5	684.27
419	694.94
419.5	704.341
420	712.843
420.5	720.482
421	727.184
421.5	732.52
422	735.337
422.5	735.462
423	732.572
423.5	726.948
424	719.867
424.5	712.387
425	705.486
425.5	699.458
426	693.919
426.5	687.946
427	680.879
427.5	672.448
428	663.328
428.5	654.481
429	646.945
429.5	641.064
430	636.594
430.5	631.845
431	625.267
431.5	615.609
432	603.651
432.5	590.923
433	580.058
433.5	573.104
434	572.198
434.5	576.399
435	583.694
435.5	591.393
436	597.48
436.5	601.001
437	602.27
437.5	602.527
438	602.845
438.5	603.781
439	605.057
439.5	605.471
440	604.049
440.5	599.937
441	592.883
441.5	583.669
442	572.888
442.5	561.511
443	550.064
443.5	538.542
444	526.447
444.5	513.057
445	497.694
445.5	480.435
446	461.248
446.5	440.718
447	419.497
447.5	398.308
448	378.067
448.5	360.191
449	346.521
449.5	337.543
450	334.097
450.5	335.224
451	339.099
451.5	344.285
452	349.619
452.5	355.314
453	362.881
453.5	373.488
454	387.533
454.5	403.713
455	419.929
455.5	434.089
456	445.655
456.5	455.138
457	463.658
457.5	472.317
458	480.861
458.5	487.745
459	491.669
459.5	491.333
460	487.538
460.5	481.485
461	474.216
461.5	466.634
462	458.799
462.5	450.683
463	442.79
463.5	436.391
464	432.396
464.5	430.797
465	430.73
465.5	429.965
466	426.579
466.5	419.345
467	409.184
467.5	397.505
468	386.436
468.5	376.963
469	369.432
469.5	362.937
470	356.85
470.5	350.713
471	344.381
471.5	337.76
472	330.686
472.5	322.92
473	314.131
473.5	304.64
474	294.843
474.5	285.291
475	276.396
475.5	268.605
476	262.311
476.5	257.809
477	256.045
477.5	257.273
478	261.745
478.5	269.869
479	281.099
479.5	295.884
480	314.451
480.5	336.254
481	360.835
481.5	386.283
482	410.722
482.5	431.932
483	449.703
483.5	464.569
484	477.667
484.5	489.959
485	501.08
485.5	509.924
486	515.191
486.5	514.731
487	509.313
487.5	499.377
488	486.029
488.5	471.005
489	454.698
489.5	437.225
490	418.483
490.5	397.963
491	375.839
491.5	351.991
492	326.261
492.5	299.045
493	270.682
493.5	242.28
494	214.979
494.5	190.098
495	167.641
495.5	147.294
496	128.441
496.5	110.269
497	92.9228
497.5	77.2437
498	64.1568
498.5	55.1423
499	49.1381
499.5	44.7357
500	40.1983
500.5	34.5651
501	28.142
501.5	22.6614
502	20
502.5	20.8001
503	25.7683
503.5	33.0566
504	39.6533
504.5	43.5762
505	44.3946
505.5	43.5651
506	43.4671
506.5	46.3127
507	52.4188
507.5	60.6065
508	68.617
508.5	74.2416
509	76.1203
509.5	74.4907
510	71.7084
510.5	70.0639
511	71.2898
511.5	75.7686
512	83.36
512.5	91.9777
513	99.8557
513.5	105.269
514	107.997
514.5	108.325
515	107.885
515.5	108.398
516	111.611
516.5	117.949
517	127.822
517.5	141.928
518	160.009
518.5	183.059
519	211.558
519.5	245.176
520	284.479
520.5	328.143
521	375.263
521.5	425.757
522	479.063
522.5	535.778
523	596.431
523.5	660.975
524	730.244
524.5	803.657
525	880.681
525.5	960.945
526	1042.68
526.5	1124.26
527	1203.64
527.5	1279.28
528	1348.56
528.5	1410.15
529	1463.09
529.5	1504.26
530	1535.12
530.5	1554.84
531	1562.73
531.5	1560.07
532	1543.93
532.5	1514.35
533	1471.84
533.5	1414.88
534	1348.46
534.5	1275.72
535	1200.21
535.5	1124.65
536	1049.63
536.5	974.402
537	898.252
537.5	821.543
538	746.658
538.5	676.679
539	615.128
539.5	561.897
540	517.383
540.5	480.078
541	448.082
541.5	421.491
542	399.365
542.5	381.411
543	367.345
543.5	355.462
544	345.072
544.5	336.189
545	329.586
545.5	327.062
546	328.795
546.5	334.054
547	341.388
547.5	348.525
548	354.37
548.5	359.214
549	364.568
549.5	372.33
550	382.906
550.5	394.889
551	405.28
551.5	411.671
552	412.32
552.5	407.023
553	397.872
553.5	386.232
554	373.383
554.5	359.485
555	343.578
555.5	325.529
556	305.625
556.5	285.261
557	266.097
557.5	249.216
558	234.391
558.5	220.635
559	206.997
559.5	192.997
560	178.843
560.5	165.173
561	152.36
561.5	140.528
562	129.418
562.5	118.865
563	109.358
563.5	101.329
564	95.0553
564.5	90.4001
565	86.2576
565.5	81.7025
566	76.2297
566.5	70.167
567	64.2603
567.5	59.137
568	54.7877
568.5	50.5192
569	45.373
569.5	38.8556
570	31.5977
570.5	24.993
571	20.8421
571.5	20
572	21.8802
572.5	26.9415
573	33.6064
573.5	40.9744
574	48.2109
574.5	54.8262
575	60.3561
575.5	64.6145
576	67.5803
576.5	69.2377
577	70.2074
577.5	70.8556
578	71.3915
578.5	71.7301
579	71.473
579.5	70.343
580	68.4621
580.5	66.3048
581	64.6616
581.5	64.0018
582	64.1643
582.5	64.008
583	61.9486
583.5	57.1669
584	50.3019
584.5	42.9671
585	37.4797
585.5	35.427
586	37.6041
586.5	42.1698
587	47.2007
587.5	50.7628
588	52.4082
588.5	52.8228
589	53.9123
589.5	57.1891
590	63.8042
590.5	72.5729
591	82.624
591.5	93.295
592	104.713
592.5	118.132
593	134.659
593.5	154.909
594	179.67
594.5	207.59
595	238.087
595.5	270.61
596	304.601
596.5	339.959
597	375.89
597.5	411.067
598	443.048
598.5	470.55
599	492.158
599.5	506.873
600	515.703
600.5	517.966
601	513.522
601.5	502.184
602	481.809
602.5	453.948
603	419.856
603.5	381.75
604	342.878
604.5	304.924
605	267.914
605.5	230.744
606	192.032
606.5	151.75
607	110.847
607.5	72.16
608	38.1424
608.5	20
609	20
609.5	20
610	20
610.5	20
611	20
611.5	20
612	20.006
612.5	22.321
613	23.508
613.5	20
614	20.9899
614.5	20
615	20
615.5	20
616	20
616.5	23.6856
617	34.7814
617.5	49.4903
618	63.7765
618.5	73.2626
619	75.2232
619.5	66.5157
620	50.7662
620.5	32.7668
621	20
621.5	20
622	20
622.5	20
623	20.6863
623.5	22.6333
624	23.8762
624.5	24.0729
625	23.6563
625.5	23.2125
626	22.7535
626.5	22.0114
627	20.9632
627.5	20.0745
628	20
628.5	20
629	20.1647
629.5	20.8148
630	22.1601
630.5	25.3469
631	31.6613
631.5	42.6907
632	57.2506
632.5	72.9686
633	86.107
633.5	94.43
634	96.8424
634.5	94.6964
635	91.0298
635.5	88.4419
636	88.2887
636.5	90.6074
637	95.1885
637.5	101.169
638	108.635
638.5	117.836
639	128.599
639.5	140.982
640	154.784
640.5	170.051
641	187.427
641.5	206.43
642	225.986
642.5	243.417
643	255.981
643.5	260.285
644	255.925
644.5	245.249
645	231.826
645.5	220.747
646	214.825
646.5	214.277
647	215.568
647.5	215.074
648	210.622
648.5	203.265
649	196.3
649.5	193.281
650	195.511
650.5	201.3
651	205.746
651.5	204.446
652	196.162
652.5	184.126
653	173.44
653.5	167.985
654	167.844
654.5	169.182
655	166.082
655.5	154.854
656	136.211
656.5	115.005
657	96.4078
657.5	83.2407
658	75.2109
658.5	70.6593
659	66.6623
659.5	62.2234
660	57.5766
660.5	53.4071
661	50.0094
661.5	46.9773
662	43.9352
662.5	41.0061
663	38.6394
663.5	36.975
664	35.3226
664.5	32.7056
665	28.9772
665.5	25.9481
666	26.1058
666.5	32.3035
667	42.9424
667.5	54.556
668	61.4882
668.5	60.8342
669	51.7575
669.5	38.389
670	25.9584
670.5	20
671	20
671.5	20.651
672	23.9058
672.5	27.012
673	29.342
673.5	31.7886
674	35.4612
674.5	41.0461
675	47.6783
675.5	54.3138
676	60.1609
676.5	65.4351
677	70.8387
677.5	77.348
678	85.4518
678.5	95.5325
679	107.018
679.5	119.119
680	130.749
680.5	141.072
681	149.487
681.5	155.969
682	161.277
682.5	165.949
683	170.226
683.5	173.644
684	174.631
684.5	172.464
685	166.522
685.5	157.094
686	145.958
686.5	134.326
687	122.935
687.5	111.672
688	99.9248
688.5	87.4798
689	74.7745
689.5	63.1498
690	53.8257
690.5	47.9285
691	45.1188
691.5	43.9494
692	42.7373
692.5	40.1955
693	36.0545
693.5	30.931
694	26.1244
694.5	22.6229
695	20.7264
695.5	20
696	20
696.5	20.207
697	21.2754
697.5	23.7808
698	27.6395
698.5	32.7783
699	38.9076
699.5	45.7996
700	53.7603
700.5	62.9462
701	73.3227
701.5	84.6377
702	96.0967
702.5	107.196
703	117.787
703.5	128.192
704	138.795
704.5	149.706
705	160.659
705.5	171.011
706	180.395
706.5	188.6
707	195.754
707.5	202.403
708	208.959
708.5	215.719
709	222.65
709.5	229.265
710	234.861
710.5	238.686
711	240.144
711.5	239.766
712	237.974
712.5	235.245
713	231.464
713.5	225.504
714	217.117
714.5	207.019
715	197.922
715.5	193.143
716	195.913
716.5	206.352
717	220.892
717.5	234.392
718	242.244
718.5	242.676
719	236.325
719.5	228.153
720	222.329
720.5	221.856
721	226.636
721.5	236.06
722	247.89
722.5	260.846
723	274.772
723.5	290.101
724	308.055
724.5	329.921
725	355.593
725.5	384.548
726	414.22
726.5	441.987
727	464.998
727.5	483.988
728	500.686
728.5	518.205
729	538.599
729.5	562.422
730	587.756
730.5	612.305
731	634.118
731.5	653.681
732	672.207
732.5	691.441
733	712.483
733.5	736.297
734	763.438
734.5	794.264
735	830.188
735.5	870.746
736	915.796
736.5	965.785
737	1020.54
737.5	1081.97
738	1151.42
738.5	1228.11
739	1310.9
739.5	1395.18
740	1477.1
740.5	1552.13
741	1618.38
741.5	1671.7
742	1707.45
742.5	1723.48
743	1713.17
743.5	1678.34
744	1621.9
744.5	1544.47
745	1453.59
745.5	1351.47
746	1240.77
746.5	1125.75
747	1010.57
747.5	899.841
748	796.113
748.5	701.416
749	612.427
749.5	527.332
750	445.584
750.5	368.268
751	299.451
751.5	241.728
752	195.207
752.5	160.419
753	132.684
753.5	109.545
754	89.3424
754.5	70.961
755	54.7087
755.5	40.9652
756	30.0004
756.5	23.0444
757	20
757.5	20.0246
758	23.2776
758.5	27.8262
759	32.218
759.5	35.4572
760	37.6628
760.5	39.7511
761	43.2001
761.5	49.3334
762	59.686
762.5	73.8356
763	91.5222
763.5	111.529
764	132.302
764.5	152.822
765	172.815
765.5	192.738
766	213.756
766.5	236.86
767	263.392
767.5	294.647
768	330.595
768.5	371.092
769	413.076
769.5	452.378
770	482.313
770.5	501.152
771	508.56
771.5	508.368
772	507.408
772.5	510.684
773	519.01
773.5	529.376
774	536.677
774.5	538.146
775	533.54
775.5	525.149
776	516.538
776.5	509.621
777	504.771
777.5	501.832
778	502.059
778.5	506.221
779	514.458
779.5	524.571
780	532.103
780.5	532.998
781	526.759
781.5	517.005
782	508.476
782.5	503.618
783	500.655
783.5	493.483
784	477.177
784.5	448.888
785	411.526
785.5	371.921
786	336.494
786.5	307.904
787	285.334
787.5	266.767
788	249.339
788.5	232.619
789	217.441
789.5	204.454
790	193.985
790.5	185.044
791	176.663
791.5	168.233
792	159.508
792.5	150.134
793	139.36
793.5	126.756
794	112.068
794.5	96.3913
795	81.3024
795.5	68.7588
796	59.1062
796.5	52.1462
797	47.0497
797.5	42.6495
798	38.5362
798.5	34.7442
799	31.4869
799.5	28.9526
800	26.8767
800.5	24.9362
801	22.8832
801.5	20.9735
802	20
802.5	20
803	20
803.5	22.238
804	26.7129
804.5	31.9015
805	35.6189
805.5	36.6277
806	34.3994
806.5	29.9167
807	25.0258
807.5	21.4673
808	20
808.5	20
809	20
809.5	20
810	20
810.5	20
811	20
811.5	20.1146
812	20.1025
812.5	20
813	20
813.5	20
814	20
814.5	20
815	20
815.5	20
816	20
816.5	22.8746
817	28.9597
817.5	38.8916
818	52.0448
818.5	67.3727
819	83.5984
819.5	100.329
820	117.933
820.5	137.133
821	158.91
821.5	182.631
822	206.981
822.5	229.683
823	249.22
823.5	264.427
824	275.661
824.5	284.121
825	290.052
825.5	293.881
826	295.679
826.5	296.4
827	298.927
827.5	307.583
828	326.33
828.5	355.149
829	392.378
829.5	431.101
830	465.088
830.5	488.351
831	502.259
831.5	509.381
832	514.47
832.5	520.986
833	529.513
833.5	537.491
834	541.625
834.5	537.215
835	523.904
835.5	500.906
836	468.867
836.5	431.099
837	390.237
837.5	349.954
838	312.62
838.5	279.766
839	249.486
839.5	219.727
840	188.809
840.5	157.347
841	128.132
841.5	104.587
842	88.2482
842.5	80.162
843	76.9972
843.5	76.4207
844	77.0012
844.5	78.3855
845	81.0594
845.5	84.8593
846	88.7536
846.5	91.3065
847	92.1092
847.5	91.6346
848	90.7634
848.5	89.8654
849	88.0031
849.5	83.5691
850	76.065
850.5	66.1557
851	56.7209
851.5	50.3137
852	48.7372
852.5	49.8146
853	50.484
853.5	47.385
854	40.018
854.5	30.1258
855	22.1908
855.5	20
856	26.511
856.5	40.8386
857	61.4931
857.5	86.4558
858	114.132
858.5	145.146
859	179.902
859.5	218.021
860	258.716
860.5	300.075
861	341.599
861.5	384.198
862	428.93
862.5	475.776
863	521.384
863.5	560.562
864	584.794
864.5	592.464
865	583.81
865.5	561.931
866	534.328
866.5	504.661
867	474.177
867.5	441.823
868	405.541
868.5	366.123
869	326.258
869.5	291.017
870	263.772
870.5	247.381
871	241.336
871.5	241.995
872	246.558
872.5	252.159
873	258.497
873.5	267.968
874	282.917
874.5	305.773
875	336.493
875.5	371.67
876	408.093
876.5	443.578
877	478.958
877.5	518.379
878	564.845
878.5	620.106
879	682.314
879.5	746.093
880	806.34
880.5	860.256
881	907.97
881.5	949.657
882	987.362
882.5	1020.93
883	1049.57
883.5	1074.24
884	1096.14
884.5	1117.56
885	1139.54
885.5	1160.75
886	1178.09
886.5	1188.18
887	1188.31
887.5	1181.12
888	1169.65
888.5	1158.4
889	1150
889.5	1145.48
890	1142.97
890.5	1140.64
891	1137.01
891.5	1132.07
892	1126.17
892.5	1119.63
893	1112.37
893.5	1103.88
894	1094.54
894.5	1085.66
895	1080.08
895.5	1079.36
896	1084.38
896.5	1093.32
897	1102.26
897.5	1106.85
898	1105.11
898.5	1097.53
899	1085.54
899.5	1072.21
900	1058.26
900.5	1042.37
901	1022.62
901.5	996.562
902	964.636
902.5	929.086
903	892.839
903.5	858.626
904	827.554
904.5	799.225
905	771.763
905.5	743.797
906	715.126
906.5	687.081
907	662.997
907.5	645.264
908	635.775
908.5	635.215
909	640.26
909.5	648.615
910	658.405
910.5	669.818
911	685.642
911.5	707.541
912	735.881
912.5	769.17
913	803.327
913.5	835.904
914	866.943
914.5	898.851
915	935.048
915.5	976.179
916	1020.37
916.5	1063.24
917	1100.78
917.5	1130.34
918	1152.26
918.5	1169.97
919	1186.27
919.5	1203.04
920	1219.7
920.5	1232.8
921	1239.11
921.5	1234.84
922	1217.61
922.5	1189.56
923	1151.8
923.5	1107.8
924	1059.81
924.5	1007.55
925	951.167
925.5	889.968
926	824.309
926.5	756.897
927	690.958
927.5	629.691
928	574.698
928.5	528.183
929	488.961
929.5	457.218
930	434.298
930.5	419.788
931	415.403
931.5	420.81
932	433.689
932.5	452.084
933	472.091
933.5	491.596
934	509.975
934.5	528.385
935	547.976
935.5	568.182
936	586.094
936.5	595.9
937	594.108
937.5	579.463
938	552.071
938.5	518.275
939	482.168
939.5	446.876
940	412.877
940.5	379.002
941	343.613
941.5	305.985
942	266.145
942.5	225.951
943	187.572
943.5	153.735
944	125.698
944.5	104.984
945	90.258
945.5	79.2445
946	69.8863
946.5	60.3158
947	50.2741
947.5	40.523
948	31.9866
948.5	25.5525
949	21.5168
949.5	20
950	20
950.5	20
951	20
951.5	20
952	20
952.5	20
953	20
953.5	20
954	20
954.5	20
955	30.578
955.5	58.0189
956	93.1049
956.5	136.611
957	187.21
957.5	240.677
958	291.172
958.5	334.135
959	367.795
959.5	392.202
960	412.299
960.5	430.997
961	449.94
961.5	468.163
962	482.513
962.5	490.513
963	491.092
963.5	483.408
964	471.095
964.5	456.923
965	444.003
965.5	433.859
966	426.944
966.5	421.941
967	417.533
967.5	413.147
968	409.2
968.5	406.679
969	406.647
969.5	409.288
970	415.522
970.5	426.194
971	442.103
971.5	465.167
972	493.831
972.5	526.41
973	560.296
973.5	592.932
974	622.432
974.5	647.576
975	667.523
975.5	679.41
976	682.92
976.5	677.914
977	664.971
977.5	647.622
978	627.268
978.5	604.093
979	577.098
979.5	543.635
980	503.798
980.5	459.002
981	412.042
981.5	366.798
982	325.98
982.5	290.341
983	258.059
983.5	226.87
984	194.467
984.5	160.457
985	126.858
985.5	97.1638
986	74.9799
986.5	61.994
987	55.3921
987.5	51.8465
988	47.4897
988.5	41.0876
989	33.6326
989.5	27.5063
990	24.0024
990.5	22.7616
991	21.9981
991.5	20.8043
992	20
992.5	20
993	20
993.5	20
994	20
994.5	20.0679
995	21.277
995.5	20.9363
996	20
996.5	20
997	20
997.5	20
998	20
998.5	20
999	20.2442
999.5	20
1000	20
1000.5	20
1001	20
1001.5	20
1002	20
1002.5	20
1003	20
1003.5	20
1004	20
1004.5	20
1005	20
1005.5	20
1006	20
1006.5	20
1007	20
1007.5	20.2299
1008	20
1008.5	20
1009	20
1009.5	20
1010	24.4186
1010.5	29.0249
1011	33.8957
1011.5	38.7949
1012	43.0182
1012.5	46.0911
1013	47.7883
1013.5	48.9456
1014	50.6394
1014.5	53.9203
1015	58.7577
1015.5	64.8723
1016	71.9467
1016.5	79.9127
1017	89.4927
1017.5	101.47
1018	116.021
1018.5	132.958
1019	150.345
1019.5	166.044
1020	177.588
1020.5	184.898
1021	188.519
1021.5	190.49
1022	192.597
1022.5	195.218
1023	197.066
1023.5	196.298
1024	190.801
1024.5	181.259
1025	168.66
1025.5	154.988
1026	141.86
1026.5	130.148
1027	119.87
1027.5	110.997
1028	104.235
1028.5	100.097
1029	100.002
1029.5	105.4
1030	116.121
1030.5	132.237
1031	151.676
1031.5	172.315
1032	192.546
1032.5	212.236
1033	232.681
1033.5	256.515
1034	285.572
1034.5	322.106
1035	365.268
1035.5	412.099
1036	457.837
1036.5	497.312
1037	526.537
1037.5	543.846
1038	554.17
1038.5	562.726
1039	574.39
1039.5	589.629
1040	604.869
1040.5	614.847
1041	616.328
1041.5	608.523
1042	595.449
1042.5	578.951
1043	559.451
1043.5	536.887
1044	513.16
1044.5	493.962
1045	485.26
1045.5	491.965
1046	508.174
1046.5	526.126
1047	537.425
1047.5	540.681
1048	540.235
1048.5	544.501
1049	558.126
1049.5	581.538
1050	607.24
1050.5	629.223
1051	644.564
1051.5	655.938
1052	667.427
1052.5	681.876
1053	698.995
1053.5	716.963
1054	733.892
1054.5	749.557
1055	765.242
1055.5	782.663
1056	803.474
1056.5	827.839
1057	854.719
1057.5	882.563
1058	909.534
1058.5	935.215
1059	961.341
1059.5	991.035
1060	1028.23
1060.5	1073.41
1061	1123.64
1061.5	1174.88
1062	1223.35
1062.5	1267.86
1063	1309.03
1063.5	1348.86
1064	1387.62
1064.5	1424.1
1065	1456.85
1065.5	1483.65
1066	1504.52
1066.5	1519.16
1067	1525.62
1067.5	1524.22
1068	1514.15
1068.5	1497.23
1069	1477.06
1069.5	1456.77
1070	1438.73
1070.5	1423.86
1071	1413.05
1071.5	1405.49
1072	1401.04
1072.5	1398.97
1073	1398.06
1073.5	1398.16
1074	1400.14
1074.5	1405.51
1075	1416.4
1075.5	1430.74
1076	1445.27
1076.5	1456.3
1077	1463.66
1077.5	1470.49
1078	1482.16
1078.5	1501.49
1079	1528.38
1079.5	1556.13
1080	1578.9
1080.5	1593.48
1081	1603.66
1081.5	1615.22
1082	1633.04
1082.5	1657.14
1083	1684.75
1083.5	1712.41
1084	1740.83
1084.5	1774.84
1085	1817.84
1085.5	1871.5
1086	1931.79
1086.5	1992.26
1087	2047.01
1087.5	2094.39
1088	2134.43
1088.5	2165.88
1089	2188.72
1089.5	2200
1090	2199.09
1090.5	2189.22
1091	2171.65
1091.5	2147.68
1092	2115.54
1092.5	2070.1
1093	2012.6
1093.5	1945.09
1094	1873.14
1094.5	1801.94
1095	1733.02
1095.5	1664.06
1096	1592.46
1096.5	1517.59
1097	1444.24
1097.5	1378.66
1098	1326.84
1098.5	1288.16
1099	1261.19
1099.5	1240.28
1100	1221.06
1100.5	1201.83
1101	1183.5
1101.5	1168.56
1102	1160.05
1102.5	1158.12
1103	1162.87
1103.5	1172.08
1104	1183.63
1104.5	1196.99
1105	1212.07
1105.5	1229.59
1106	1250.54
1106.5	1274.68
1107	1302.38
1107.5	1333.58
1108	1367.77
1108.5	1404.85
1109	1443.55
1109.5	1482.98
1110	1523.02
1110.5	1564.41
1111	1608.9
1111.5	1658.25
1112	1712.8
1112.5	1773.21
1113	1837.71
1113.5	1904.14
1114	1969.01
1114.5	2028.67
1115	2078.91
1115.5	2116.3
1116	2141.35
1116.5	2153.76
1117	2156.52
1117.5	2151.88
1118	2140.41
1118.5	2125.41
1119	2109.26
1119.5	2094.69
1120	2082.55
1120.5	2071.49
1121	2057.91
1121.5	2038.93
1122	2012.55
1122.5	1982.96
1123	1954.9
1123.5	1932.91
1124	1916.98
1124.5	1905.26
1125	1893.86
1125.5	1880.4
1126	1864.15
1126.5	1846.44
1127	1827.62
1127.5	1806.26
1128	1780.55
1128.5	1748.74
1129	1711.73
1129.5	1672.05
1130	1631.64
1130.5	1591.64
1131	1552.27
1131.5	1514.09
1132	1477.66
1132.5	1443.12
1133	1408.2
1133.5	1369.04
1134	1320.81
1134.5	1265.36
1135	1208.36
1135.5	1158.16
1136	1117.41
1136.5	1083.92
1137	1050.13
1137.5	1010.05
1138	962.373
1138.5	913.248
1139	869.08
1139.5	834.578
1140	805.798
1140.5	778.759
1141	752.365
1141.5	729.432
1142	714.8
1142.5	708.59
1143	706.12
1143.5	699.968
1144	686.428
1144.5	666.483
1145	645.786
1145.5	630.282
1146	622.752
1146.5	620.932
1147	620.841
1147.5	618.756
1148	612.904
1148.5	602.728
1149	588.656
1149.5	573.193
1150	558.582
1150.5	545.81
1151	532.802
1151.5	513.931
1152	485.5
1152.5	446.966
1153	401.759
1153.5	357.759
1154	320.685
1154.5	291.811
1155	267.062
1155.5	241.012
1156	209.91
1156.5	173.58
1157	134.707
1157.5	97.7417
1158	65.9701
1158.5	41.2533
1159	23.1343
1159.5	20
1160	20
1160.5	20
1161	20
1161.5	20
1162	20
1162.5	20
1163	20.9149
1163.5	20
1164	20
1164.5	20
1165	20
1165.5	20
1166	25.056
1166.5	32.2433
1167	36.4743
1167.5	36.1091
1168	33.8016
1168.5	32.8871
1169	35.6219
1169.5	40.7517
1170	46.4109
1170.5	50.9737
1171	54.2882
1171.5	56.437
1172	57.2279
1172.5	56.263
1173	53.2864
1173.5	49.5616
1174	46.3943
1174.5	44.5199
1175	43.0743
1175.5	40.9648
1176	38.0836
1176.5	35.8673
1177	36.6434
1177.5	40.4636
1178	44.9517
1178.5	45.9691
1179	41.8577
1179.5	33.3468
1180	24.604
1180.5	20
1181	20
1181.5	22.8194
1182	27.2791
1182.5	28.2771
1183	25.2874
1183.5	20.694
1184	20
1184.5	20
1185	20
1185.5	20
1186	38.1664
1186.5	60.7264
1187	97.1318
1187.5	138.126
1188	185.066
1188.5	238.327
1189	298.928
1189.5	366.589
1190	440.701
1190.5	521.518
1191	605.267
1191.5	686.816
1192	758.419
1192.5	818.684
1193	869.94
1193.5	920.943
1194	980.086
1194.5	1053.95
1195	1138.57
1195.5	1226.75
1196	1308.3
1196.5	1376.38
1197	1424.49
1197.5	1449.69
1198	1452.97
1198.5	1431.3
1199	1390.9
1199.5	1338.86
1200	1284.45
1200.5	1237.76
1201	1207.32
1201.5	1198.82
1202	1207.9
1202.5	1228.74
1203	1248.62
1203.5	1256.52
1204	1240.5
1204.5	1203.95
1205	1151.9
1205.5	1094.36
1206	1040.79
1206.5	996.359
1207	960.534
1207.5	930.848
1208	905.182
1208.5	879.357
1209	849.025
1209.5	808.729
1210	757.468
1210.5	695.805
1211	630.46
1211.5	568.018
1212	513.16
1212.5	463.974
1213	416.853
1213.5	367.688
1214	315.637
1214.5	262.931
1215	214.523
1215.5	174.35
1216	146.684
1216.5	130.853
1217	126.784
1217.5	135.835
1218	155.379
1218.5	184.522
1219	219.418
1219.5	254.527
1220	284.262
1220.5	306.772
1221	322.751
1221.5	333.669
1222	342.23
1222.5	348.722
1223	352.867
1223.5	355.403
1224	358.23
1224.5	363.132
1225	369.477
1225.5	373.551
1226	371.946
1226.5	363.291
1227	350.615
1227.5	339.771
1228	335.483
1228.5	337.035
1229	339.648
1229.5	338.083
1230	331.679
1230.5	322.357
1231	313.357
1231.5	305.858
1232	298.281
1232.5	287.801
1233	273.725
1233.5	257.891
1234	243.901
1234.5	233.957
1235	228.328
1235.5	224.335
1236	219.619
1236.5	212.895
1237	204.612
1237.5	195.424
1238	185.149
1238.5	172.045
1239	152.839
1239.5	127.119
1240	95.8131
1240.5	63.7042
1241	37.0131
1241.5	22.3498
1242	20
1242.5	27.7706
1243	43.7634
1243.5	63.7688
1244	86.7321
1244.5	112.173
1245	138.941
1245.5	164.602
1246	186.297
1246.5	202.423
1247	211.949
1247.5	217.888
1248	222.54
1248.5	227.861
1249	234.009
1249.5	239.625
1250	243.321
1250.5	245.343
1251	248.351
1251.5	256.174
1252	272.224
1252.5	297.373
1253	326.705
1253.5	353.672
1254	373.529
1254.5	386.964
1255	398.005
1255.5	411.868
1256	429.378
1256.5	445.437
1257	452.366
1257.5	442.18
1258	416.115
1258.5	381.389
1259	345.527
1259.5	314.148
1260	288.57
1260.5	268.179
1261	250.655
1261.5	235.417
1262	221.253
1262.5	206.025
1263	186.436
1263.5	161.424
1264	132.212
1264.5	102.263
1265	75.637
1265.5	54.9261
1266	40.1604
1266.5	29.7652
1267	23.5826
1267.5	20.6724
1268	20
1268.5	20
1269	20
1269.5	20
1270	20
1270.5	22.5835
1271	40.103
1271.5	77.0443
1272	115.623
1272.5	146.446
1273	167.303
1273.5	179.4
1274	186.921
1274.5	194.806
1275	206.795
1275.5	225.124
1276	250.075
1276.5	281.412
1277	314.667
1277.5	345.327
1278	369.129
1278.5	385.923
1279	396.09
1279.5	401.811
1280	405.016
1280.5	406.612
1281	408.541
1281.5	413.183
1282	423.546
1282.5	439.16
1283	457.612
1283.5	473.32
1284	481.444
1284.5	477.264
1285	464.564
1285.5	448.301
1286	433.738
1286.5	422.345
1287	411.138
1287.5	393.152
1288	363.01
1288.5	318.6
1289	267.911
1289.5	220.331
1290	186.23
1290.5	165.795
1291	156.179
1291.5	150.744
1292	144.086
1292.5	135.29
1293	126.221
1293.5	117.963
1294	109.617
1294.5	99.4291
1295	86.8587
1295.5	73.8387
1296	63.2378
1296.5	56.457
1297	51.7382
1297.5	46.2853
1298	37.9911
1298.5	28.3637
1299	20.9177
1299.5	20
1300	20
1300.5	20
1301	20
1301.5	20
1302	20
1302.5	20
1303	20
1303.5	20
1304	20
1304.5	20
1305	20
1305.5	20
1306	20
1306.5	20
1307	20
1307.5	42.6906
1308	66.2855
1308.5	96.2011
1309	130.965
1309.5	170.787
1310	214.418
1310.5	258.807
1311	302.329
1311.5	344.283
1312	384.874
1312.5	422.913
1313	455.98
1313.5	483.282
1314	505.233
1314.5	524.415
1315	542.048
1315.5	555.187
1316	559.609
1316.5	549.217
1317	520.079
1317.5	477.119
1318	423.641
1318.5	365.445
1319	306.991
1319.5	252.7
1320	205.517
1320.5	167.322
1321	137.658
1321.5	112.27
1322	88.4338
1322.5	65.4848
1323	45.4379
1323.5	32.627
1324	26.4417
1324.5	24.0621
1325	22.1331
1325.5	20
1326	20
1326.5	20
1327	21.8069
1327.5	45.8647
1328	75.6218
1328.5	105.48
1329	132.954
1329.5	159.324
1330	184.804
1330.5	207.877
1331	226.529
1331.5	238.059
1332	243.362
1332.5	244.728
1333	244.932
1333.5	246.557
1334	249.975
1334.5	252.969
1335	252.04
1335.5	242.571
1336	223.971
1336.5	199.786
1337	178.643
1337.5	168.41
1338	172.937
1338.5	189.823
1339	209.797
1339.5	224.595
1340	230.493
1340.5	230.419
1341	230.773
1341.5	236.617
1342	249.587
1342.5	268.149
1343	287.72
1343.5	304.243
1344	315.986
1344.5	324.121
1345	331.183
1345.5	340.691
1346	354.974
1346.5	375.422
1347	400.042
1347.5	427.037
1348	454.521
1348.5	480.706
1349	502.51
1349.5	517.586
1350	524.498
1350.5	525.04
1351	525.518
1351.5	531.151
1352	543.805
1352.5	559.65
1353	572.003
1353.5	576.464
1354	574.236
1354.5	569.785
1355	568.595
1355.5	573.115
1356	582.547
1356.5	593.872
1357	605.42
1357.5	616.72
1358	627.497
1358.5	636.597
1359	643.861
1359.5	651.049
1360	663.154
1360.5	683.91
1361	716.014
1361.5	756.032
1362	797.887
1362.5	833.864
1363	859.927
1363.5	873.812
1364	873.826
1364.5	863.845
1365	848.994
1365.5	839.947
1366	846.012
1366.5	872.885
1367	910.648
1367.5	945.808
1368	962.415
1368.5	957.821
1369	936.491
1369.5	911.514
1370	890.48
1370.5	873.52
1371	854.873
1371.5	830.635
1372	800.687
1372.5	770.249
1373	741.455
1373.5	713.174
1374	683.615
1374.5	654.294
1375	631.047
1375.5	618.319
1376	617.387
1376.5	620.636
1377	622.046
1377.5	619.3
1378	616.242
1378.5	617.801
1379	623.472
1379.5	628.444
1380	625.996
1380.5	616.657
1381	605.571
1381.5	600.835
1382	604.252
1382.5	612.844
1383	619.605
1383.5	620.739
1384	617.141
1384.5	616.173
1385	623.314
1385.5	640.684
1386	663.292
1386.5	685.09
1387	700.351
1387.5	708.37
1388	710.278
1388.5	709.863
1389	708.899
1389.5	707.672
1390	705.985
1390.5	704.674
1391	705.696
1391.5	710.033
1392	716.782
1392.5	721.577
1393	719.767
1393.5	708.506
1394	691.539
1394.5	672.785
1395	655.696
1395.5	640.367
1396	624.711
1396.5	607.597
1397	590.47
1397.5	576.771
1398	567.314
1398.5	559.973
1399	548.684
1399.5	529.436
1400	500.457
1400.5	466.311
1401	433.007
1401.5	408.108
1402	392.751
1402.5	385.712
1403	382.733
1403.5	377.914
1404	365.685
1404.5	343.555
1405	313.907
1405.5	281.202
1406	251.754
1406.5	229.66
1407	216.324
1407.5	207.245
1408	197.055
1408.5	182.077
1409	162.693
1409.5	141.87
1410	123.66
1410.5	108.847
1411	94.2378
1411.5	76.049
1412	53.5489
1412.5	32.0731
1413	20
1413.5	24.895
1414	42.6389
1414.5	65.4421
1415	83.8844
1415.5	94.4742
1416	98.7069
1416.5	101.026
1417	102.777
1417.5	101.753
1418	97.0955
1418.5	91.8281
1419	93.2991
1419.5	103.569
1420	120.092
1420.5	135.381
1421	144.27
1421.5	146.639
1422	148.453
1422.5	152.129
1423	154.094
1423.5	148.872
1424	134.16
1424.5	116.265
1425	104.432
1425.5	103.148
1426	107.015
1426.5	107.66
1427	98.933
1427.5	87.7993
1428	82.2623
1428.5	86.3313
1429	93.117
1429.5	91.4483
1430	76.7464
1430.5	57.4234
1431	49.9368
1431.5	64.5643
1432	102.667
1432.5	156.461
1433	210.463
1433.5	259.32
1434	306.083
1434.5	357.731
1435	422.919
1435.5	502.273
1436	594.56
1436.5	699.204
1437	809.754
1437.5	916.693
1438	1003.35
1438.5	1060.67
1439	1081.58
1439.5	1079.6
1440	1071.47
1440.5	1073.87
1441	1086.99
1441.5	1102.42
1442	1108.68
1442.5	1102.82
1443	1088.98
1443.5	1078.2
1444	1076.12
1444.5	1084.09
1445	1096.04
1445.5	1108.13
1446	1118.61
1446.5	1128.62
1447	1139.52
1447.5	1151.87
1448	1165.31
1448.5	1178.82
1449	1191.2
1449.5	1201.83
1450	1210.74
1450.5	1218.56
1451	1224.37
1451.5	1226.23
1452	1223.27
1452.5	1216.16
1453	1208.98
1453.5	1203.95
1454	1198.21
1454.5	1186.35
1455	1166.24
1455.5	1145.8
1456	1138.7
1456.5	1159.95
1457	1200.28
1457.5	1242.63
1458	1265.39
1458.5	1264.16
1459	1246.34
1459.5	1230.8
1460	1227.8
1460.5	1239.04
1461	1255.87
1461.5	1270.93
1462	1280.01
1462.5	1284.45
1463	1286.39
1463.5	1291.18
1464	1306.04
1464.5	1337.35
1465	1379.2
1465.5	1418.29
1466	1432.88
1466.5	1415.19
1467	1367.6
1467.5	1303.83
1468	1237.91
1468.5	1174.69
1469	1112.24
1469.5	1048.08
1470	983.754
1470.5	923.39
1471	869.775
1471.5	822.843
1472	778.745
1472.5	735.533
1473	693.48
1473.5	654.018
1474	619.722
1474.5	590.771
1475	566.569
1475.5	545.74
1476	525.267
1476.5	502.563
1477	476.834
1477.5	449.697
1478	422.249
1478.5	393.534
1479	359.723
1479.5	314.312
1480	257.442
1480.5	189.498
1481	114.476
1481.5	46.4486
1482	20
1482.5	20
1483	20
1483.5	20
1484	20
1484.5	20
1485	20
1485.5	20
1486	20
1486.5	20
1487	20
1487.5	20
1488	20
1488.5	20
1489	20
1489.5	20
1490	20
1490.5	20
1491	20
1491.5	20
1492	20
1492.5	20
1493	20
1493.5	20
1494	20
1494.5	21.7349
1495	20
1495.5	20
1496	20
1496.5	20
1497	20
1497.5	20
1498	20
1498.5	20
1499	20
1499.5	20
1500	20
1500.5	20
1501	20
1501.5	20
1502	20
1502.5	20
1503	21.5338
1503.5	24.1439
1504	26.0011
1504.5	25.9803
1505	23.3453
1505.5	20
1506	20
1506.5	22.6117
1507	33.7131
1507.5	49.9009
1508	62.7541
1508.5	65.6348
1509	55.9738
1509.5	40.9539
1510	26.9611
1510.5	20
1511	20
1511.5	24.8003
1512	32.1369
1512.5	39.5383
1513	44.1552
1513.5	44.4919
1514	40.1217
1514.5	32.2785
1515	24.3496
1515.5	20
1516	20
1516.5	23.4212
1517	28.7888
1517.5	33.5104
1518	35.8815
1518.5	34.9673
1519	31.5854
1519.5	26.7418
1520	22.3802
1520.5	20
1521	20
1521.5	21.6515
1522	24.2879
1522.5	25.8218
1523	25.6403
1523.5	23.8631
1524	21.5485
1524.5	20
1525	21.6022
1525.5	26.7681
1526	34.5488
1526.5	42.2622
1527	46.6409
1527.5	46.2937
1528	42.9319
1528.5	39.4096
1529	37.8101
1529.5	37.7094
1530	37.2583
1530.5	34.5696
1531	30.7062
1531.5	26.979
1532	25.4569
1532.5	26.2232
1533	28.2507
1533.5	29.5608
1534	29.6677
1534.5	29.1647
1535	29.0317
1535.5	29.7351
1536	29.5611
1536.5	27.9872
1537	26.1839
1537.5	27.0807
1538	31.7201
1538.5	38.9104
1539	43.7524
1539.5	42.5467
1540	35.1521
1540.5	26.4292
1541	20.5645
1541.5	20
1542	24.2614
1542.5	32.2511
1543	42.2091
1543.5	52.1444
1544	58.9779
1544.5	59.931
1545	56.1775
1545.5	51.207
1546	49.6175
1546.5	54.613
1547	62.2273
1547.5	66.2706
1548	61.7323
1548.5	47.6654
1549	32.9038
1549.5	26.0213
1550	31.2267
1550.5	47.7939
1551	67.8926
1551.5	82.3186
1552	85.9329
1552.5	77.8147
1553	62.6517
1553.5	48.7113
1554	41.3714
1554.5	41.8054
1555	47.5857
1555.5	53.7821
1556	57.1836
1556.5	56.673
1557	51.748
1557.5	42.818
1558	31.6972
1558.5	22.4654
1559	20
1559.5	26.7361
1560	40.9323
1560.5	55.986
1561	65.623
1561.5	67.0481
1562	62.9722
1562.5	57.5346
1563	53.1228
1563.5	48.76
1564	42.4114
1564.5	34.0947
1565	27.3359
1565.5	27.1607
1566	35.7501
1566.5	50.1402
1567	63.431
1567.5	68.0202
1568	60.9527
1568.5	46.4972
1569	31.5278
1569.5	23.2973
1570	23.9043
1570.5	29.2414
1571	34.237
1571.5	34.964
1572	30.7918
1572.5	24.914
1573	20.5319
1573.5	20
1574	23.0903
1574.5	31.3505
1575	42.235
1575.5	52.7925
1576	60.2016
1576.5	62.9124
1577	63.9347
1577.5	65.9485
1578	69.7484
1578.5	72.8118
1579	70.0135
1579.5	60.1989
1580	46.0584
1580.5	32.9316
1581	26.4866
1581.5	26.3721
1582	29.0591
1582.5	31.6483
1583	33.876
1583.5	38.8229
1584	48.1475
1584.5	60.3475
1585	71.5099
1585.5	77.7673
1586	78.3148
1586.5	74.8812
1587	68.3615
1587.5	58.096
1588	43.9429
1588.5	29.0901
1589	20
1589.5	22.491
1590	36.1539
1590.5	54.0076
1591	65.8352
1591.5	66.142
1592	58.3845
1592.5	49.9676
1593	47.0044
1593.5	49.5264
1594	52.4855
1594.5	52.4444
1595	49.7486
1595.5	47.8402
1596	50.1236
1596.5	55.8151
1597	63.0492
1597.5	70.4685
1598	77.9134
1598.5	84.5932
1599	87.8215
1599.5	84.6619
1600	74.2245
1600.5	61.4145
1601	53.9223
1601.5	55.1405
1602	63.3353
1602.5	71.9385
1603	74.7294
1603.5	72.3734
1604	68.971
1604.5	68.5607
1605	70.8079
1605.5	71.305
1606	66.9125
1606.5	58.5229
1607	50.8381
1607.5	47.9212
1608	49.7003
1608.5	51.6152
1609	48.8729
1609.5	40.8554
1610	30.4614
1610.5	22.4923
1611	20
1611.5	21.9284
1612	26.8813
1612.5	33.3707
1613	40.626
1613.5	47.3423
1614	51.2105
1614.5	49.7849
1615	41.9379
1615.5	30.484
1616	21.81
1616.5	20
1617	24.4486
1617.5	32.9263
1618	38.7626
1618.5	39.215
1619	35.533
1619.5	31.373
1620	30.2473
1620.5	32.4737
1621	35.8019
1621.5	38.3205
1622	39.7003
1622.5	41.209
1623	44.0196
1623.5	48.0951
1624	52.6552
1624.5	57.0218
1625	60.9821
1625.5	64.2966
1626	66.3901
1626.5	66.854
1627	65.9984
1627.5	64.482
1628	62.6279
1628.5	59.5448
1629	54.3836
1629.5	47.6082
1630	41.3345
1630.5	39.1787
1631	42.1969
1631.5	48.0705
1632	53.5231
1632.5	56.0885
1633	56.5769
1633.5	58.6575
1634	65.0853
1634.5	76.0985
1635	88.8871
1635.5	99.1702
1636	103.638
1636.5	102.063
1637	96.5507
1637.5	91.1904
1638	89.2266
1638.5	92.1255
1639	97.7056
1639.5	101.764
1640	102.005
1640.5	99.4524
1641	99.1052
1641.5	107.597
1642	125.543
1642.5	149.235
1643	172.546
1643.5	189.579
1644	200.549
1644.5	209.311
1645	218.598
1645.5	228.236
1646	235.396
1646.5	238.599
1647	240.811
1647.5	247.553
1648	263.485
1648.5	288.171
1649	318.103
1649.5	348.923
1650	379.421
1650.5	411.385
1651	446.659
1651.5	485.842
1652	528.825
1652.5	576.421
1653	631.452
1653.5	696.479
1654	771.711
1654.5	852.86
1655	934.02
1655.5	1014.06
1656	1096.27
1656.5	1187.2
1657	1290.09
1657.5	1402.8
1658	1518.66
1658.5	1631.34
1659	1737.36
1659.5	1835.5
1660	1923.24
1660.5	1995.52
1661	2046.29
1661.5	2073.89
1662	2080.71
1662.5	2072.93
1663	2058.17
1663.5	2039.59
1664	2014.53
1664.5	1978.83
1665	1929.16
1665.5	1866.71
1666	1794.16
1666.5	1710.6
1667	1611.98
1667.5	1496.61
1668	1371.34
1668.5	1251.03
1669	1150.32
1669.5	1074.24
1670	1010.9
1670.5	944.133
1671	861.193
1671.5	764.677
1672	671.954
1672.5	596.739
1673	543.408
1673.5	505.812
1674	470.154
1674.5	429.496
1675	385.744
1675.5	344.486
1676	310.197
1676.5	281.411
1677	253.913
1677.5	224.965
1678	195.675
1678.5	169.745
1679	150.031
1679.5	137.266
1680	129.229
1680.5	123.159
1681	118.366
1681.5	115.448
1682	114.545
1682.5	112.549
1683	104.593
1683.5	88.9408
1684	69.0078
1684.5	53.8931
1685	52.0169
1685.5	63.9433
1686	80.8058
1686.5	91.6297
1687	91.1638
1687.5	82.9692
1688	74.0115
1688.5	68.8858
1689	64.6254
1689.5	56.2918
1690	42.8063
1690.5	28.0593
1691	20
1691.5	22.1115
1692	31.039
1692.5	40.5945
1693	44.5175
1693.5	40.6038
1694	31.605
1694.5	23.1571
1695	20.2034
1695.5	23.9723
1696	30.4896
1696.5	34.2308
1697	31.1632
1697.5	23.7717
1698	20
1698.5	24.809
1699	38.0652
1699.5	53.41
1700	62.1774
1700.5	63.0478
1701	60.6688
1701.5	60.6403
1702	64.2543
1702.5	66.7194
1703	62.1369
1703.5	50.2641
1704	38.9782
1704.5	38.1047
1705	51.9381
1705.5	77.0113
1706	101.938
1706.5	114.961
1707	114.876
1707.5	107.876
1708	103.823
1708.5	109.982
1709	124.555
1709.5	139.405
1710	146.724
1710.5	143.399
1711	134.509
1711.5	127.487
1712	129.37
1712.5	143.016
1713	163.007
1713.5	181.989
1714	193.656
1714.5	194.791
1715	187.516
1715.5	177.833
1716	170.872
1716.5	170.021
1717	178.223
1717.5	196.363
1718	223.488
1718.5	253.978
1719	276.49
1719.5	282.768
1720	273.182
1720.5	256.031
1721	244.279
1721.5	248.112
1722	264.207
1722.5	283.955
1723	298.841
1723.5	303.832
1724	300.279
1724.5	291.653
1725	282.794
1725.5	278.801
1726	282.292
1726.5	292.425
1727	305.455
1727.5	316.353
1728	322.539
1728.5	326.203
1729	329.754
1729.5	333.772
1730	336.387
1730.5	335.78
1731	331.939
1731.5	326.774
1732	322.499
1732.5	320.94
1733	323.91
1733.5	332.887
1734	347.696
1734.5	363.71
1735	375.694
1735.5	381.785
1736	383.846
1736.5	385.543
1737	387.732
1737.5	387.712
1738	383.304
1738.5	376.676
1739	373.091
1739.5	374.824
1740	379.372
1740.5	380.639
1741	375.397
1741.5	368.052
1742	364.472
1742.5	367.592
1743	374.202
1743.5	377.627
1744	373.421
1744.5	362.284
1745	348.6
1745.5	336.387
1746	326.592
1746.5	317.813
1747	307.231
1747.5	292.61
1748	275.109
1748.5	257.727
1749	243.746
1749.5	234.063
1750	225.617
1750.5	214.367
1751	198.273
1751.5	180.261
1752	165.079
1752.5	154.687
1753	147.824
1753.5	141.585
1754	134.989
1754.5	130.327
1755	129.161
1755.5	129.254
1756	123.986
1756.5	108.425
1757	83.3159
1757.5	56.4295
1758	40.8459
1758.5	41.4925
1759	54.873
1759.5	71.8268
1760	81.8767
1760.5	80.5247
1761	70.3293
1761.5	56.9564
1762	44.4639
1762.5	34.1492
1763	26.1675
1763.5	21.1904
1764	20
1764.5	21.6913
1765	24.6994
1765.5	28.7022
1766	35.3105
1766.5	46.267
1767	59.0489
1767.5	67.5011
1768	65.4387
1768.5	52.6233
1769	36.5796
1769.5	24.8173
1770	20
1770.5	20
1771	20.7703
1771.5	22.9603
1772	28.3637
1772.5	36.8633
1773	45.1949
1773.5	49.6385
1774	49.6565
1774.5	47.29
1775	45.0774
1775.5	43.8548
1776	43.7471
1776.5	46.0227
1777	52.0794
1777.5	60.939
1778	68.3153
1778.5	70.8543
1779	69.1825
1779.5	68.2594
1780	70.454
1780.5	72.9768
1781	71.4853
1781.5	64.7906
1782	58.2935
1782.5	58.0484
1783	62.7922
1783.5	64.9603
1784	57.3468
1784.5	42.7839
1785	30.293
1785.5	28.4249
1786	38.3579
1786.5	48.8439
1787	50.0307
1787.5	39.9726
1788	25.7468
1788.5	20
1789	28.7394
1789.5	52.1008
1790	79.3625
1790.5	94.5069
1791	91.954
1791.5	77.3452
1792	63.6758
1792.5	64.0901
1793	77.8046
1793.5	92.967
1794	95.9785
1794.5	83.4807
1795	65.6715
1795.5	53.8956
1796	52.1587
1796.5	56.3416
1797	58.8324
1797.5	57.8691
1798	57.6764
1798.5	62.0323
1799	70.1447
1799.5	76.9284
1800	78.8871
1800.5	75.6656
1801	69.2653
1801.5	61.9793
1802	54.867
1802.5	48.9663
1803	45.9588
1803.5	47.3464
1804	52.7904
