0.000000	   490.180228 
1.000000	   492.013140 
2.000000	   341.161139 
3.000000	   152.218643 
4.000000	   33.008468  
5.000000	   -0.316980  
6.000000	   1.484468   
7.000000	   -0.591755  
8.000000	   -3.485377  
9.000000	   1.230842   
10.000000	  3.610832   
11.000000	  -1.396000  
12.000000	  -3.120302  
13.000000	  1.548066   
14.000000	  2.555524   
15.000000	  -1.682127  
16.000000	  -1.899774  
17.000000	  1.763424   
18.000000	  1.229011   
19.000000	  -1.637481  
20.000000	  -0.954907  
21.000000	  1.541261   
22.000000	  0.775467   
23.000000	  -1.328618  
24.000000	  -0.562458  
25.000000	  1.156258   
26.000000	  0.435172   
27.000000	  -0.932599  
28.000000	  -0.287103  
29.000000	  0.787704   
30.000000	  0.249506   
31.000000	  -0.594562  
32.000000	  -0.195675  
33.000000	  0.458578   
34.000000	  0.190120   
35.000000	  -0.348137  
36.000000	  -0.221095  
37.000000	  0.259547   
38.000000	  0.294611   
39.000000	  -0.139737  
40.000000	  -0.300104  
41.000000	  0.136014   
42.000000	  0.406364   
43.000000	  -0.064635  
44.000000	  -0.426475  
45.000000	  0.100614   
46.000000	  0.524953   
47.000000	  -0.085751  
48.000000	  -0.568867  
49.000000	  0.106901   
50.000000	  0.606098   
51.000000	  -0.137479  
52.000000	  -0.622790  
53.000000	  0.192104   
54.000000	  0.639422   
55.000000	  -0.238185  
56.000000	  -0.623462  
57.000000	  0.308160   
58.000000	  0.617450   
59.000000	  -0.361962  
60.000000	  -0.613605  
61.000000	  0.352746   
62.000000	  0.499105   
63.000000	  -0.470846  
64.000000	  -0.538106  
65.000000	  0.408439   
66.000000	  0.398033   
67.000000	  -0.501638  
68.000000	  -0.395439  
69.000000	  0.473105   
70.000000	  0.315973   
71.000000	  -0.471335  
72.000000	  -0.242915  
73.000000	  0.478170   
74.000000	  0.205257   
75.000000	  -0.449515  
76.000000	  -0.165981  
77.000000	  0.408653   
78.000000	  0.133176   
79.000000	  -0.357933  
80.000000	  -0.106626  
81.000000	  0.287683   
82.000000	  0.047026   
83.000000	  -0.280237  
84.000000	  -0.066527  
85.000000	  0.220546   
86.000000	  0.072538   
87.000000	  -0.154416  
88.000000	  -0.047087  
89.000000	  0.159298   
90.000000	  0.107145   
91.000000	  -0.103116  
92.000000	  -0.135648  
93.000000	  0.059935   
94.000000	  0.160214   
95.000000	  -0.018981  
96.000000	  -0.150357  
97.000000	  0.048430   
98.000000	  0.206844   
99.000000	  -0.029021  
100.000000	 -0.203029  
101.000000	 0.102689   
102.000000	 0.325860   
103.000000	 -0.012695  
104.000000	 -0.261317  
105.000000	 0.084684   
106.000000	 0.294489   
107.000000	 -0.116239  
108.000000	 -0.315942  
109.000000	 0.139493   
110.000000	 0.320245   
111.000000	 -0.165615  
112.000000	 -0.313745  
113.000000	 0.196773   
114.000000	 0.311120   
115.000000	 -0.206386  
116.000000	 -0.277094  
117.000000	 0.239222   
118.000000	 0.265070   
119.000000	 -0.242762  
120.000000	 -0.224879  
121.000000	 0.263605   
122.000000	 0.191829   
123.000000	 -0.286920  
124.000000	 -0.185787  
125.000000	 0.260432   
126.000000	 0.134396   
127.000000	 -0.257929  
128.000000	 -0.082884  
129.000000	 0.295496   
130.000000	 0.123319   
131.000000	 -0.217220  
132.000000	 -0.065855  
133.000000	 0.206050   
134.000000	 0.044493   
135.000000	 -0.194240  
136.000000	 -0.054839  
137.000000	 0.136838   
138.000000	 0.016509   
139.000000	 -0.131039  
140.000000	 -0.013976  
141.000000	 0.135617   
142.000000	 0.070036   
143.000000	 -0.055785  
144.000000	 -0.028533  
145.000000	 0.080564   
146.000000	 0.081601   
147.000000	 -0.033110  
148.000000	 -0.078703  
149.000000	 0.025542   
150.000000	 0.083189   
151.000000	 -0.042845  
152.000000	 -0.111264  
153.000000	 0.072233   
154.000000	 0.200923   
155.000000	 0.011993   
156.000000	 -0.141110  
157.000000	 0.041991   
158.000000	 0.162075   
159.000000	 -0.076506  
160.000000	 -0.198268  
161.000000	 0.088163   
162.000000	 0.225215   
163.000000	 -0.074369  
164.000000	 -0.194057  
165.000000	 0.126157   
166.000000	 0.223720   
167.000000	 -0.113523  
168.000000	 -0.187740  
169.000000	 0.156094   
170.000000	 0.203914   
171.000000	 -0.126706  
172.000000	 -0.112973  
173.000000	 0.255610   
174.000000	 0.249415   
175.000000	 -0.085844  
176.000000	 -0.037139  
177.000000	 0.289057   
178.000000	 0.218288   
179.000000	 -0.067106  
180.000000	 0.077665   
181.000000	 0.424705   
182.000000	 0.373131   
183.000000	 0.179531   
184.000000	 0.379936   
185.000000	 0.702348   
186.000000	 0.678881   
187.000000	 0.587176   
188.000000	 0.837600   
189.000000	 1.174873   
190.000000	 1.257910   
191.000000	 1.307500   
192.000000	 1.591675   
193.000000	 1.924340   
194.000000	 2.107809   
195.000000	 2.300737   
196.000000	 2.655101   
197.000000	 3.025821   
198.000000	 3.231689   
199.000000	 3.303800   
200.000000	 3.365933   
201.000000	 3.424282   
202.000000	 3.365018   
203.000000	 3.159241   
204.000000	 2.971989   
205.000000	 2.917272   
206.000000	 2.835029   
207.000000	 2.601360   
208.000000	 2.447677   
209.000000	 2.554669   
210.000000	 2.650004   
211.000000	 2.520307   
212.000000	 2.490095   
213.000000	 2.792122   
214.000000	 3.051913   
215.000000	 3.009708   
216.000000	 3.050235   
217.000000	 3.385647   
218.000000	 3.570916   
219.000000	 3.436916   
220.000000	 3.513147   
221.000000	 3.996842   
222.000000	 4.394966   
223.000000	 4.603916   
224.000000	 5.149499   
225.000000	 6.053474   
226.000000	 6.696833   
227.000000	 6.973958   
228.000000	 7.337843   
229.000000	 7.693152   
230.000000	 7.508494   
231.000000	 6.948537   
232.000000	 6.652339   
233.000000	 6.592892   
234.000000	 6.325319   
235.000000	 5.995766   
236.000000	 5.991036   
237.000000	 6.037269   
238.000000	 5.668471   
239.000000	 5.082118   
240.000000	 4.688631   
241.000000	 4.364541   
242.000000	 3.871234   
243.000000	 3.425197   
244.000000	 3.275786   
245.000000	 3.235168   
246.000000	 3.094606   
247.000000	 2.999882   
248.000000	 3.103914   
249.000000	 3.274565   
250.000000	 3.369839   
251.000000	 3.469630   
252.000000	 3.685293   
253.000000	 3.959061   
254.000000	 4.150342   
255.000000	 4.216839   
256.000000	 4.244853   
257.000000	 4.277079   
258.000000	 4.201122   
259.000000	 3.950181   
260.000000	 3.700979   
261.000000	 3.603020   
262.000000	 3.484186   
263.000000	 3.175141   
264.000000	 2.881415   
265.000000	 2.796120   
266.000000	 2.699594   
267.000000	 2.419662   
268.000000	 2.239551   
269.000000	 2.333573   
270.000000	 2.365220   
271.000000	 2.153554   
272.000000	 2.064078   
273.000000	 2.267992   
274.000000	 2.389633   
275.000000	 2.313768   
276.000000	 2.456801   
277.000000	 2.899603   
278.000000	 3.206268   
279.000000	 3.342984   
280.000000	 3.768788   
281.000000	 4.471381   
282.000000	 4.920439   
283.000000	 5.018551   
284.000000	 5.113275   
285.000000	 5.142633   
286.000000	 4.780488   
287.000000	 4.258769   
288.000000	 4.078047   
289.000000	 4.148297   
290.000000	 4.088576   
291.000000	 4.008438   
292.000000	 4.198071   
293.000000	 4.468268   
294.000000	 4.521307   
295.000000	 4.512640   
296.000000	 4.669497   
297.000000	 4.805206   
298.000000	 4.701967   
299.000000	 4.520391   
300.000000	 4.463263   
301.000000	 4.436591   
302.000000	 4.323648   
303.000000	 4.237163   
304.000000	 4.301859   
305.000000	 4.451758   
306.000000	 4.565617   
307.000000	 4.638095   
308.000000	 4.739259   
309.000000	 4.875853   
310.000000	 4.959195   
311.000000	 4.945340   
312.000000	 4.939237   
313.000000	 5.020626   
314.000000	 5.056911   
315.000000	 4.917417   
316.000000	 4.733339   
317.000000	 4.633213   
318.000000	 4.442390   
319.000000	 4.019851   
320.000000	 3.601829   
321.000000	 3.391171   
322.000000	 3.184509   
323.000000	 2.833991   
324.000000	 2.600475   
325.000000	 2.617259   
326.000000	 2.569195   
327.000000	 2.321000   
328.000000	 2.207508   
329.000000	 2.339799   
330.000000	 2.359818   
331.000000	 2.174824   
332.000000	 2.141255   
333.000000	 2.307909   
334.000000	 2.315690   
335.000000	 2.164509   
336.000000	 2.225940   
337.000000	 2.467635   
338.000000	 2.512922   
339.000000	 2.419601   
340.000000	 2.549420   
341.000000	 2.811500   
342.000000	 2.855140   
343.000000	 2.788216   
344.000000	 2.928228   
345.000000	 3.145265   
346.000000	 3.137483   
347.000000	 3.023960   
348.000000	 3.048343   
349.000000	 3.092897   
350.000000	 2.967961   
351.000000	 2.818733   
352.000000	 2.822273   
353.000000	 2.858344   
354.000000	 2.791145   
355.000000	 2.735757   
356.000000	 2.822303   
357.000000	 2.978916   
358.000000	 3.116396   
359.000000	 3.297148   
360.000000	 3.623680   
361.000000	 4.083662   
362.000000	 4.574681   
363.000000	 5.017238   
364.000000	 5.398365   
365.000000	 5.671889   
366.000000	 5.698561   
367.000000	 5.421497   
368.000000	 5.025448   
369.000000	 4.700747   
370.000000	 4.371743   
371.000000	 3.926500   
372.000000	 3.519678   
373.000000	 3.302763   
374.000000	 3.113283   
375.000000	 2.816993   
376.000000	 2.617870   
377.000000	 2.647807   
378.000000	 2.655955   
379.000000	 2.495130   
380.000000	 2.425094   
381.000000	 2.567456   
382.000000	 2.640361   
383.000000	 2.541913   
384.000000	 2.577954   
385.000000	 2.818611   
386.000000	 2.953221   
387.000000	 2.931493   
388.000000	 3.078127   
389.000000	 3.415218   
390.000000	 3.650382   
391.000000	 3.826007   
392.000000	 4.281535   
393.000000	 4.983700   
394.000000	 5.654189   
395.000000	 6.419495   
396.000000	 7.657447   
397.000000	 9.351049   
398.000000	 11.260834  
399.000000	 13.399862  
400.000000	 15.717323  
401.000000	 17.623048  
402.000000	 18.414995  
403.000000	 17.956477  
404.000000	 16.536338  
405.000000	 14.455811  
406.000000	 12.071975  
407.000000	 9.888392   
408.000000	 8.233912   
409.000000	 7.045490   
410.000000	 6.155767   
411.000000	 5.541490   
412.000000	 5.235435   
413.000000	 5.167992   
414.000000	 5.241905   
415.000000	 5.419208   
416.000000	 5.695296   
417.000000	 5.985299   
418.000000	 6.113592   
419.000000	 5.953195   
420.000000	 5.580704   
421.000000	 5.130945   
422.000000	 4.623111   
423.000000	 4.054610   
424.000000	 3.594078   
425.000000	 3.348203   
426.000000	 3.156068   
427.000000	 2.879095   
428.000000	 2.701700   
429.000000	 2.772835   
430.000000	 2.886755   
431.000000	 2.875708   
432.000000	 2.932073   
433.000000	 3.201874   
434.000000	 3.477259   
435.000000	 3.667319   
436.000000	 4.034286   
437.000000	 4.684451   
438.000000	 5.362294   
439.000000	 5.990365   
440.000000	 6.786523   
441.000000	 7.673102   
442.000000	 8.209683   
443.000000	 8.237942   
444.000000	 7.979768   
445.000000	 7.487223   
446.000000	 6.635311   
447.000000	 5.623672   
448.000000	 4.841552   
449.000000	 4.290537   
450.000000	 3.725637   
451.000000	 3.194641   
452.000000	 2.902014   
453.000000	 2.738046   
454.000000	 2.485762   
455.000000	 2.228503   
456.000000	 2.141042   
457.000000	 2.121938   
458.000000	 2.018577   
459.000000	 1.920251   
460.000000	 1.937798   
461.000000	 1.967430   
462.000000	 1.900812   
463.000000	 1.832423   
464.000000	 1.858088   
465.000000	 1.911859   
466.000000	 1.903162   
467.000000	 1.866877   
468.000000	 1.881861   
469.000000	 1.957665   
470.000000	 2.049918   
471.000000	 2.146596   
472.000000	 2.289934   
473.000000	 2.480421   
474.000000	 2.609539   
475.000000	 2.592113   
476.000000	 2.512983   
477.000000	 2.477186   
478.000000	 2.416793   
479.000000	 2.260272   
480.000000	 2.146443   
481.000000	 2.189320   
482.000000	 2.237781   
483.000000	 2.169178   
484.000000	 2.152364   
485.000000	 2.306230   
486.000000	 2.433761   
487.000000	 2.420150   
488.000000	 2.483778   
489.000000	 2.733316   
490.000000	 2.932897   
491.000000	 2.989506   
492.000000	 3.138124   
493.000000	 3.428249   
494.000000	 3.588646   
495.000000	 3.572960   
496.000000	 3.646018   
497.000000	 3.827106   
498.000000	 3.843982   
499.000000	 3.679434   
500.000000	 3.581200   
501.000000	 3.545037   
502.000000	 3.357114   
503.000000	 3.079623   
504.000000	 2.942876   
505.000000	 2.893072   
506.000000	 2.729898   
507.000000	 2.538190   
508.000000	 2.498731   
509.000000	 2.535565   
510.000000	 2.485548   
511.000000	 2.432876   
512.000000	 2.514997   
513.000000	 2.654246   
514.000000	 2.749734   
515.000000	 2.888586   
516.000000	 3.180603   
517.000000	 3.581444   
518.000000	 4.056838   
519.000000	 4.730226   
520.000000	 5.767865   
521.000000	 7.215775   
522.000000	 8.973858   
523.000000	 10.796670  
524.000000	 12.296886  
525.000000	 13.051968  
526.000000	 12.830933  
527.000000	 11.812642  
528.000000	 10.537428  
529.000000	 9.508456   
530.000000	 8.849684   
531.000000	 8.467460   
532.000000	 8.373590   
533.000000	 8.613575   
534.000000	 9.024975   
535.000000	 9.433842   
536.000000	 9.884914   
537.000000	 10.410630  
538.000000	 10.777200  
539.000000	 10.825051  
540.000000	 10.726756  
541.000000	 10.662914  
542.000000	 10.546034  
543.000000	 10.369310  
544.000000	 10.370225  
545.000000	 10.599927  
546.000000	 10.792031  
547.000000	 10.853462  
548.000000	 10.996129  
549.000000	 11.245575  
550.000000	 11.347654  
551.000000	 11.263977  
552.000000	 11.214600  
553.000000	 11.191285  
554.000000	 10.941778  
555.000000	 10.439804  
556.000000	 9.864894   
557.000000	 9.190835   
558.000000	 8.280146   
559.000000	 7.278273   
560.000000	 6.456603   
561.000000	 5.807293   
562.000000	 5.184990   
563.000000	 4.646243   
564.000000	 4.305582   
565.000000	 4.067183   
566.000000	 3.799702   
567.000000	 3.572350   
568.000000	 3.473719   
569.000000	 3.421016   
570.000000	 3.311308   
571.000000	 3.200928   
572.000000	 3.173615   
573.000000	 3.201691   
574.000000	 3.221130   
575.000000	 3.245696   
576.000000	 3.335233   
577.000000	 3.509973   
578.000000	 3.733968   
579.000000	 3.997025   
580.000000	 4.370309   
581.000000	 4.906767   
582.000000	 5.506121   
583.000000	 5.994210   
584.000000	 6.294253   
585.000000	 6.365754   
586.000000	 6.091895   
587.000000	 5.460040   
588.000000	 4.730440   
589.000000	 4.151288   
590.000000	 3.671317   
591.000000	 3.190704   
592.000000	 2.835517   
593.000000	 2.698618   
594.000000	 2.596386   
595.000000	 2.400314   
596.000000	 2.266985   
597.000000	 2.287432   
598.000000	 2.272631   
599.000000	 2.139363   
600.000000	 2.075308   
601.000000	 2.137624   
602.000000	 2.124990   
603.000000	 1.999138   
604.000000	 1.965722   
605.000000	 2.050284   
606.000000	 2.057089   
607.000000	 1.978539   
608.000000	 1.997001   
609.000000	 2.087667   
610.000000	 2.067130   
611.000000	 1.981163   
612.000000	 2.016899   
613.000000	 2.127980   
614.000000	 2.136128   
615.000000	 2.080099   
616.000000	 2.107870   
617.000000	 2.184559   
618.000000	 2.197010   
619.000000	 2.195423   
620.000000	 2.270373   
621.000000	 2.373062   
622.000000	 2.425948   
623.000000	 2.479292   
624.000000	 2.590069   
625.000000	 2.711404   
626.000000	 2.784523   
627.000000	 2.851386   
628.000000	 2.986241   
629.000000	 3.202881   
630.000000	 3.464778   
631.000000	 3.757253   
632.000000	 4.116102   
633.000000	 4.572911   
634.000000	 5.095850   
635.000000	 5.644302   
636.000000	 6.250491   
637.000000	 6.944051   
638.000000	 7.628487   
639.000000	 8.177548   
640.000000	 8.582875   
641.000000	 8.839461   
642.000000	 8.802903   
643.000000	 8.389488   
644.000000	 7.769292   
645.000000	 7.129351   
646.000000	 6.430999   
647.000000	 5.642654   
648.000000	 4.938779   
649.000000	 4.431648   
650.000000	 3.971634   
651.000000	 3.475031   
652.000000	 3.095888   
653.000000	 2.895513   
654.000000	 2.689524   
655.000000	 2.418258   
656.000000	 2.252825   
657.000000	 2.221301   
658.000000	 2.127889   
659.000000	 1.939324   
660.000000	 1.831660   
661.000000	 1.824153   
662.000000	 1.755917   
663.000000	 1.632537   
664.000000	 1.601349   
665.000000	 1.629058   
666.000000	 1.568055   
667.000000	 1.467379   
668.000000	 1.470766   
669.000000	 1.529603   
670.000000	 1.519746   
671.000000	 1.498872   
672.000000	 1.574951   
673.000000	 1.686979   
674.000000	 1.746060   
675.000000	 1.825435   
676.000000	 2.015342   
677.000000	 2.245135   
678.000000	 2.397934   
679.000000	 2.467909   
680.000000	 2.494001   
681.000000	 2.464461   
682.000000	 2.361191   
683.000000	 2.222370   
684.000000	 2.105215   
685.000000	 2.026267   
686.000000	 1.958489   
687.000000	 1.891138   
688.000000	 1.865504   
689.000000	 1.909967   
690.000000	 1.967827   
691.000000	 1.984093   
692.000000	 2.016349   
693.000000	 2.126638   
694.000000	 2.231616   
695.000000	 2.241961   
696.000000	 2.244738   
697.000000	 2.340775   
698.000000	 2.439406   
699.000000	 2.440200   
700.000000	 2.437240   
701.000000	 2.507490   
702.000000	 2.526655   
703.000000	 2.422744   
704.000000	 2.347367   
705.000000	 2.376358   
706.000000	 2.349656   
707.000000	 2.202839   
708.000000	 2.107687   
709.000000	 2.123800   
710.000000	 2.082937   
711.000000	 1.945062   
712.000000	 1.881830   
713.000000	 1.924035   
714.000000	 1.910638   
715.000000	 1.826564   
716.000000	 1.818050   
717.000000	 1.872126   
718.000000	 1.839137   
719.000000	 1.745389   
720.000000	 1.737790   
721.000000	 1.793117   
722.000000	 1.784695   
723.000000	 1.745755   
724.000000	 1.784206   
725.000000	 1.858851   
726.000000	 1.876948   
727.000000	 1.884028   
728.000000	 1.965508   
729.000000	 2.089193   
730.000000	 2.203754   
731.000000	 2.358597   
732.000000	 2.611766   
733.000000	 2.920629   
734.000000	 3.215576   
735.000000	 3.480952   
736.000000	 3.712209   
737.000000	 3.859210   
738.000000	 3.863116   
739.000000	 3.727956   
740.000000	 3.529870   
741.000000	 3.338834   
742.000000	 3.147553   
743.000000	 2.925481   
744.000000	 2.711160   
745.000000	 2.557568   
746.000000	 2.421676   
747.000000	 2.248095   
748.000000	 2.098226   
749.000000	 2.038688   
750.000000	 1.984703   
751.000000	 1.852412   
752.000000	 1.732297   
753.000000	 1.713163   
754.000000	 1.693052   
755.000000	 1.580383   
756.000000	 1.481508   
757.000000	 1.476198   
758.000000	 1.449588   
759.000000	 1.339177   
760.000000	 1.280035   
761.000000	 1.321630   
762.000000	 1.311956   
763.000000	 1.204444   
764.000000	 1.152566   
765.000000	 1.188606   
766.000000	 1.159829   
767.000000	 1.052500   
768.000000	 1.026164   
769.000000	 1.089792   
770.000000	 1.085184   
771.000000	 0.998943   
772.000000	 0.963665   
773.000000	 0.977214   
774.000000	 0.930280   
775.000000	 0.856307   
776.000000	 0.869734   
777.000000	 0.934949   
778.000000	 0.938886   
779.000000	 0.898573   
780.000000	 0.893080   
781.000000	 0.900159   
782.000000	 0.865094   
783.000000	 0.824508   
784.000000	 0.831038   
785.000000	 0.851424   
786.000000	 0.834731   
787.000000	 0.799270   
788.000000	 0.785660   
789.000000	 0.790268   
790.000000	 0.787399   
791.000000	 0.777695   
792.000000	 0.784714   
793.000000	 0.812454   
794.000000	 0.826095   
795.000000	 0.799759   
796.000000	 0.768234   
797.000000	 0.773636   
798.000000	 0.783371   
799.000000	 0.751694   
800.000000	 0.726762   
801.000000	 0.767441   
802.000000	 0.810928   
803.000000	 0.777359   
804.000000	 0.729508   
805.000000	 0.751999   
806.000000	 0.783798   
807.000000	 0.754960   
808.000000	 0.745560   
809.000000	 0.816604   
810.000000	 0.860945   
811.000000	 0.807968   
812.000000	 0.773087   
813.000000	 0.829543   
814.000000	 0.865858   
815.000000	 0.823897   
816.000000	 0.818130   
817.000000	 0.887342   
818.000000	 0.910139   
819.000000	 0.864179   
820.000000	 0.879804   
821.000000	 0.971478   
822.000000	 1.010356   
823.000000	 0.991527   
824.000000	 1.034861   
825.000000	 1.125009   
826.000000	 1.136666   
827.000000	 1.098001   
828.000000	 1.137154   
829.000000	 1.242133   
830.000000	 1.303838   
831.000000	 1.356053   
832.000000	 1.478151   
833.000000	 1.640624   
834.000000	 1.749753   
835.000000	 1.851618   
836.000000	 2.037406   
837.000000	 2.292864   
838.000000	 2.575909   
839.000000	 2.909246   
840.000000	 3.368252   
841.000000	 3.979447   
842.000000	 4.780213   
843.000000	 5.854961   
844.000000	 7.352491   
845.000000	 9.431827   
846.000000	 12.180006  
847.000000	 15.402357  
848.000000	 18.480606  
849.000000	 20.476845  
850.000000	 20.587256  
851.000000	 18.690838  
852.000000	 15.512065  
853.000000	 12.117537  
854.000000	 9.225197   
855.000000	 7.036518   
856.000000	 5.508928   
857.000000	 4.529882   
858.000000	 3.874438   
859.000000	 3.370694   
860.000000	 3.023715   
861.000000	 2.880652   
862.000000	 2.827216   
863.000000	 2.791908   
864.000000	 2.869940   
865.000000	 3.143189   
866.000000	 3.486445   
867.000000	 3.786091   
868.000000	 4.082075   
869.000000	 4.340432   
870.000000	 4.410591   
871.000000	 4.272990   
872.000000	 4.139478   
873.000000	 4.125928   
874.000000	 4.130628   
875.000000	 4.063796   
876.000000	 3.948167   
877.000000	 3.750966   
878.000000	 3.392635   
879.000000	 2.939275   
880.000000	 2.555096   
881.000000	 2.267931   
882.000000	 1.995598   
883.000000	 1.746548   
884.000000	 1.595154   
885.000000	 1.513002   
886.000000	 1.416629   
887.000000	 1.314336   
888.000000	 1.256140   
889.000000	 1.221198   
890.000000	 1.164162   
891.000000	 1.115182   
892.000000	 1.120950   
893.000000	 1.166024   
894.000000	 1.196724   
895.000000	 1.205024   
896.000000	 1.216956   
897.000000	 1.252081   
898.000000	 1.298620   
899.000000	 1.343297   
900.000000	 1.401310   
901.000000	 1.502504   
902.000000	 1.646971   
903.000000	 1.825313   
904.000000	 2.075094   
905.000000	 2.446578   
906.000000	 2.919012   
907.000000	 3.424282   
908.000000	 3.929124   
909.000000	 4.388741   
910.000000	 4.674105   
911.000000	 4.709413   
912.000000	 4.613468   
913.000000	 4.566411   
914.000000	 4.595219   
915.000000	 4.653781   
916.000000	 4.766145   
917.000000	 4.950193   
918.000000	 5.132867   
919.000000	 5.323232   
920.000000	 5.652450   
921.000000	 6.100012   
922.000000	 6.378541   
923.000000	 6.260074   
924.000000	 5.799572   
925.000000	 5.140252   
926.000000	 4.353463   
927.000000	 3.563348   
928.000000	 2.959721   
929.000000	 2.580517   
930.000000	 2.306871   
931.000000	 2.093069   
932.000000	 2.000541   
933.000000	 2.005180   
934.000000	 2.008567   
935.000000	 2.023887   
936.000000	 2.151601   
937.000000	 2.396072   
938.000000	 2.691111   
939.000000	 3.045718   
940.000000	 3.500238   
941.000000	 3.986161   
942.000000	 4.344705   
943.000000	 4.473273   
944.000000	 4.345956   
945.000000	 3.985306   
946.000000	 3.460292   
947.000000	 2.893835   
948.000000	 2.395859   
949.000000	 2.010093   
950.000000	 1.727018   
951.000000	 1.524690   
952.000000	 1.388889   
953.000000	 1.300787   
954.000000	 1.229377   
955.000000	 1.153145   
956.000000	 1.090677   
957.000000	 1.066050   
958.000000	 1.053843   
959.000000	 1.012004   
960.000000	 0.961651   
961.000000	 0.945325   
962.000000	 0.939923   
963.000000	 0.901990   
964.000000	 0.871260   
965.000000	 0.895918   
966.000000	 0.923352   
967.000000	 0.894300   
968.000000	 0.869032   
969.000000	 0.909223   
970.000000	 0.947186   
971.000000	 0.914380   
972.000000	 0.877119   
973.000000	 0.895673   
974.000000	 0.905560   
975.000000	 0.865034   
976.000000	 0.858382   
977.000000	 0.925031   
978.000000	 0.974102   
979.000000	 0.963513   
980.000000	 0.976940   
981.000000	 1.046244   
982.000000	 1.095926   
983.000000	 1.114999   
984.000000	 1.188026   
985.000000	 1.327672   
986.000000	 1.461123   
987.000000	 1.587494   
988.000000	 1.766812   
989.000000	 1.967644   
990.000000	 2.095693   
991.000000	 2.148915   
992.000000	 2.183857   
993.000000	 2.182087   
994.000000	 2.088308   
995.000000	 1.938531   
996.000000	 1.816646   
997.000000	 1.747586   
998.000000	 1.712461   
999.000000	 1.723935   
1000.000000	1.804348   
1001.000000	1.936028   
1002.000000	2.088400   
1003.000000	2.254229   
1004.000000	2.442367   
1005.000000	2.644267   
1006.000000	2.843268   
1007.000000	3.043582   
1008.000000	3.291319   
1009.000000	3.624900   
1010.000000	4.014816   
1011.000000	4.386696   
1012.000000	4.699556   
1013.000000	4.927702   
1014.000000	4.995785   
1015.000000	4.840606   
1016.000000	4.523656   
1017.000000	4.156293   
1018.000000	3.757344   
1019.000000	3.301084   
1020.000000	2.862006   
1021.000000	2.531629   
1022.000000	2.295244   
1023.000000	2.102499   
1024.000000	1.995201   
1025.000000	2.012535   
1026.000000	2.078604   
1027.000000	2.133901   
1028.000000	2.236987   
1029.000000	2.450881   
1030.000000	2.742959   
1031.000000	3.134706   
1032.000000	3.766713   
1033.000000	4.742189   
1034.000000	6.019051   
1035.000000	7.493266   
1036.000000	8.982495   
1037.000000	10.131338  
1038.000000	10.578321  
1039.000000	10.293323  
1040.000000	9.589143   
1041.000000	8.780900   
1042.000000	7.987122   
1043.000000	7.231186   
1044.000000	6.557187   
1045.000000	5.998879   
1046.000000	5.569962   
1047.000000	5.273123   
1048.000000	5.085993   
1049.000000	4.939237   
1050.000000	4.796784   
1051.000000	4.682558   
1052.000000	4.628147   
1053.000000	4.593174   
1054.000000	4.509802   
1055.000000	4.348367   
1056.000000	4.125654   
1057.000000	3.873278   
1058.000000	3.604973   
1059.000000	3.345243   
1060.000000	3.142701   
1061.000000	3.047732   
1062.000000	3.053683   
1063.000000	3.113435   
1064.000000	3.204162   
1065.000000	3.330564   
1066.000000	3.463526   
1067.000000	3.558923   
1068.000000	3.631126   
1069.000000	3.715933   
1070.000000	3.778981   
1071.000000	3.766652   
1072.000000	3.722402   
1073.000000	3.731557   
1074.000000	3.801807   
1075.000000	3.907091   
1076.000000	4.085829   
1077.000000	4.363168   
1078.000000	4.650638   
1079.000000	4.853118   
1080.000000	4.982724   
1081.000000	5.081263   
1082.000000	5.124719   
1083.000000	5.116327   
1084.000000	5.143213   
1085.000000	5.256705   
1086.000000	5.401875   
1087.000000	5.532243   
1088.000000	5.659896   
1089.000000	5.743879   
1090.000000	5.681746   
1091.000000	5.451770   
1092.000000	5.143884   
1093.000000	4.824402   
1094.000000	4.501410   
1095.000000	4.216472   
1096.000000	4.038497   
1097.000000	3.965409   
1098.000000	3.951798   
1099.000000	4.020431   
1100.000000	4.233379   
1101.000000	4.580021   
1102.000000	4.970608   
1103.000000	5.320547   
1104.000000	5.557359   
1105.000000	5.612442   
1106.000000	5.461719   
1107.000000	5.184563   
1108.000000	4.903685   
1109.000000	4.716615   
1110.000000	4.656222   
1111.000000	4.734437   
1112.000000	4.964688   
1113.000000	5.352437   
1114.000000	5.857768   
1115.000000	6.401734   
1116.000000	6.930136   
1117.000000	7.429455   
1118.000000	7.897311   
1119.000000	8.352167   
1120.000000	8.872389   
1121.000000	9.527468   
1122.000000	10.268909  
1123.000000	10.965032  
1124.000000	11.527216  
1125.000000	11.899402  
1126.000000	11.973924  
1127.000000	11.666679  
1128.000000	11.045628  
1129.000000	10.274372  
1130.000000	9.454075   
1131.000000	8.634327   
1132.000000	7.873813   
1133.000000	7.197129   
1134.000000	6.539030   
1135.000000	5.863048   
1136.000000	5.227165   
1137.000000	4.685336   
1138.000000	4.198223   
1139.000000	3.735189   
1140.000000	3.335996   
1141.000000	3.026126   
1142.000000	2.761910   
1143.000000	2.518445   
1144.000000	2.328935   
1145.000000	2.204029   
1146.000000	2.110220   
1147.000000	2.036979   
1148.000000	2.013053   
1149.000000	2.033622   
1150.000000	2.063223   
1151.000000	2.103170   
1152.000000	2.188984   
1153.000000	2.335069   
1154.000000	2.546033   
1155.000000	2.863318   
1156.000000	3.331357   
1157.000000	3.937486   
1158.000000	4.622287   
1159.000000	5.312643   
1160.000000	5.895121   
1161.000000	6.212681   
1162.000000	6.152288   
1163.000000	5.743207   
1164.000000	5.147027   
1165.000000	4.556157   
1166.000000	4.101149   
1167.000000	3.824268   
1168.000000	3.713064   
1169.000000	3.723226   
1170.000000	3.783314   
1171.000000	3.815021   
1172.000000	3.781025   
1173.000000	3.676779   
1174.000000	3.485712   
1175.000000	3.192444   
1176.000000	2.838172   
1177.000000	2.492903   
1178.000000	2.182087   
1179.000000	1.900720   
1180.000000	1.683470   
1181.000000	1.561402   
1182.000000	1.494448   
1183.000000	1.421634   
1184.000000	1.353032   
1185.000000	1.320867   
1186.000000	1.300817   
1187.000000	1.261298   
1188.000000	1.233161   
1189.000000	1.243476   
1190.000000	1.261176   
1191.000000	1.264563   
1192.000000	1.292455   
1193.000000	1.353123   
1194.000000	1.397037   
1195.000000	1.414920   
1196.000000	1.472719   
1197.000000	1.595184   
1198.000000	1.728055   
1199.000000	1.841914   
1200.000000	1.971978   
1201.000000	2.131948   
1202.000000	2.288164   
1203.000000	2.431777   
1204.000000	2.591412   
1205.000000	2.770058   
1206.000000	2.940251   
1207.000000	3.091860   
1208.000000	3.217407   
1209.000000	3.272673   
1210.000000	3.213012   
1211.000000	3.060855   
1212.000000	2.886236   
1213.000000	2.740060   
1214.000000	2.625713   
1215.000000	2.525098   
1216.000000	2.419967   
1217.000000	2.304643   
1218.000000	2.188038   
1219.000000	2.092855   
1220.000000	2.042746   
1221.000000	2.050223   
1222.000000	2.103170   
1223.000000	2.188190   
1224.000000	2.317033   
1225.000000	2.512250   
1226.000000	2.758980   
1227.000000	3.020786   
1228.000000	3.296965   
1229.000000	3.612175   
1230.000000	3.953263   
1231.000000	4.291666   
1232.000000	4.653811   
1233.000000	5.097773   
1234.000000	5.622482   
1235.000000	6.178990   
1236.000000	6.730737   
1237.000000	7.224564   
1238.000000	7.545053   
1239.000000	7.599465   
1240.000000	7.409252   
1241.000000	7.047412   
1242.000000	6.549314   
1243.000000	5.953775   
1244.000000	5.350362   
1245.000000	4.807556   
1246.000000	4.318124   
1247.000000	3.877184   
1248.000000	3.525842   
1249.000000	3.281615   
1250.000000	3.098024   
1251.000000	2.946629   
1252.000000	2.849585   
1253.000000	2.819160   
1254.000000	2.829170   
1255.000000	2.874182   
1256.000000	2.979161   
1257.000000	3.147736   
1258.000000	3.344876   
1259.000000	3.540918   
1260.000000	3.716116   
1261.000000	3.839282   
1262.000000	3.873400   
1263.000000	3.814960   
1264.000000	3.690634   
1265.000000	3.531335   
1266.000000	3.356564   
1267.000000	3.183686   
1268.000000	3.035587   
1269.000000	2.930364   
1270.000000	2.868109   
1271.000000	2.833076   
1272.000000	2.824623   
1273.000000	2.855902   
1274.000000	2.921941   
1275.000000	2.987583   
1276.000000	3.031375   
1277.000000	3.055972   
1278.000000	3.050204   
1279.000000	2.983494   
1280.000000	2.856604   
1281.000000	2.705667   
1282.000000	2.550183   
1283.000000	2.389542   
1284.000000	2.245776   
1285.000000	2.145497   
1286.000000	2.065939   
1287.000000	1.965661   
1288.000000	1.856867   
1289.000000	1.780056   
1290.000000	1.730252   
1291.000000	1.677122   
1292.000000	1.627959   
1293.000000	1.607849   
1294.000000	1.606567   
1295.000000	1.603881   
1296.000000	1.613616   
1297.000000	1.652556   
1298.000000	1.704984   
1299.000000	1.753140   
1300.000000	1.809169   
1301.000000	1.878046   
1302.000000	1.934136   
1303.000000	1.955407   
1304.000000	1.949670   
1305.000000	1.926172   
1306.000000	1.883295   
1307.000000	1.830928   
1308.000000	1.791653   
1309.000000	1.768246   
1310.000000	1.748318   
1311.000000	1.736203   
1312.000000	1.750729   
1313.000000	1.790859   
1314.000000	1.838710   
1315.000000	1.891687   
1316.000000	1.969628   
1317.000000	2.088400   
1318.000000	2.255358   
1319.000000	2.480025   
1320.000000	2.777626   
1321.000000	3.142884   
1322.000000	3.526666   
1323.000000	3.850055   
1324.000000	4.056044   
1325.000000	4.149304   
1326.000000	4.172162   
1327.000000	4.162610   
1328.000000	4.131788   
1329.000000	4.070021   
1330.000000	3.949266   
1331.000000	3.754384   
1332.000000	3.514490   
1333.000000	3.292845   
1334.000000	3.128602   
1335.000000	3.029300   
1336.000000	3.006199   
1337.000000	3.080172   
1338.000000	3.243285   
1339.000000	3.464350   
1340.000000	3.728200   
1341.000000	4.033187   
1342.000000	4.364968   
1343.000000	4.724092   
1344.000000	5.154809   
1345.000000	5.680464   
1346.000000	6.229740   
1347.000000	6.669765   
1348.000000	6.907278   
1349.000000	6.903464   
1350.000000	6.665217   
1351.000000	6.247257   
1352.000000	5.758985   
1353.000000	5.295645   
1354.000000	4.895231   
1355.000000	4.572697   
1356.000000	4.347848   
1357.000000	4.228832   
1358.000000	4.198315   
1359.000000	4.255839   
1360.000000	4.421119   
1361.000000	4.699404   
1362.000000	5.066462   
1363.000000	5.496172   
1364.000000	5.953256   
1365.000000	6.361451   
1366.000000	6.612881   
1367.000000	6.638240   
1368.000000	6.452667   
1369.000000	6.140844   
1370.000000	5.803021   
1371.000000	5.514238   
1372.000000	5.319082   
1373.000000	5.239707   
1374.000000	5.276236   
1375.000000	5.394215   
1376.000000	5.541307   
1377.000000	5.658126   
1378.000000	5.684157   
1379.000000	5.569077   
1380.000000	5.320211   
1381.000000	4.999142   
1382.000000	4.663455   
1383.000000	4.331796   
1384.000000	4.024246   
1385.000000	3.778126   
1386.000000	3.602043   
1387.000000	3.463282   
1388.000000	3.336972   
1389.000000	3.227111   
1390.000000	3.129243   
1391.000000	3.027866   
1392.000000	2.932622   
1393.000000	2.867682   
1394.000000	2.825172   
1395.000000	2.774819   
1396.000000	2.716775   
1397.000000	2.674021   
1398.000000	2.652354   
1399.000000	2.643321   
1400.000000	2.660166   
1401.000000	2.720010   
1402.000000	2.815559   
1403.000000	2.928350   
1404.000000	3.058230   
1405.000000	3.204132   
1406.000000	3.345700   
1407.000000	3.459895   
1408.000000	3.543115   
1409.000000	3.593895   
1410.000000	3.604118   
1411.000000	3.577599   
1412.000000	3.539544   
1413.000000	3.514063   
1414.000000	3.509699   
1415.000000	3.531305   
1416.000000	3.589287   
1417.000000	3.688650   
1418.000000	3.816761   
1419.000000	3.947251   
1420.000000	4.058150   
1421.000000	4.142072   
1422.000000	4.196148   
1423.000000	4.210430   
1424.000000	4.183667   
1425.000000	4.137342   
1426.000000	4.097090   
1427.000000	4.067885   
1428.000000	4.050460   
1429.000000	4.060225   
1430.000000	4.104475   
1431.000000	4.154126   
1432.000000	4.170972   
1433.000000	4.144879   
1434.000000	4.091353   
1435.000000	4.023941   
1436.000000	3.952195   
1437.000000	3.883532   
1438.000000	3.815235   
1439.000000	3.740956   
1440.000000	3.670706   
1441.000000	3.621330   
1442.000000	3.581871   
1443.000000	3.522485   
1444.000000	3.438289   
1445.000000	3.350583   
1446.000000	3.266478   
1447.000000	3.185944   
1448.000000	3.132509   
1449.000000	3.146241   
1450.000000	3.230468   
1451.000000	3.376004   
1452.000000	3.599632   
1453.000000	3.941636   
1454.000000	4.416572   
1455.000000	5.046046   
1456.000000	5.880015   
1457.000000	6.964803   
1458.000000	8.263515   
1459.000000	9.643096   
1460.000000	10.888740  
1461.000000	11.727225  
1462.000000	11.911944  
1463.000000	11.355619  
1464.000000	10.209523  
1465.000000	8.787614   
1466.000000	7.405438   
1467.000000	6.253207   
1468.000000	5.380330   
1469.000000	4.761689   
1470.000000	4.357980   
1471.000000	4.129865   
1472.000000	4.030013   
1473.000000	4.004532   
1474.000000	3.991379   
1475.000000	3.918779   
1476.000000	3.734121   
1477.000000	3.437129   
1478.000000	3.064883   
1479.000000	2.661936   
1480.000000	2.266589   
1481.000000	1.930688   
1482.000000	1.673704   
1483.000000	1.477694   
1484.000000	1.315008   
1485.000000	1.192634   
1486.000000	1.112771   
1487.000000	1.048625   
1488.000000	0.980145   
1489.000000	0.926923   
1490.000000	0.907270   
1491.000000	0.904279   
1492.000000	0.896436   
1493.000000	0.885206   
1494.000000	0.870405   
1495.000000	0.840773   
1496.000000	0.800582   
1497.000000	0.774246   
1498.000000	0.769364   
1499.000000	0.769913   
1500.000000	0.765854   
1501.000000	0.760910   
1502.000000	0.751053   
1503.000000	0.727128   
1504.000000	0.696611   
1505.000000	0.677660   
1506.000000	0.674090   
1507.000000	0.676104   
1508.000000	0.678270   
1509.000000	0.678301   
1510.000000	0.668963   
1511.000000	0.649188   
1512.000000	0.632525   
1513.000000	0.630206   
1514.000000	0.635333   
1515.000000	0.634143   
1516.000000	0.623218   
1517.000000	0.608203   
1518.000000	0.593952   
1519.000000	0.582294   
1520.000000	0.576160   
1521.000000	0.580311   
1522.000000	0.593280   
1523.000000	0.601550   
1524.000000	0.594745   
1525.000000	0.583698   
1526.000000	0.583851   
1527.000000	0.586414   
1528.000000	0.573872   
1529.000000	0.557301   
1530.000000	0.559742   
1531.000000	0.572071   
1532.000000	0.570271   
1533.000000	0.562062   
1534.000000	0.569325   
1535.000000	0.583546   
1536.000000	0.584644   
1537.000000	0.580830   
1538.000000	0.585285   
1539.000000	0.583698   
1540.000000	0.565266   
1541.000000	0.552083   
1542.000000	0.559864   
1543.000000	0.566944   
1544.000000	0.553424   
1545.000000	0.533437   
1546.000000	0.523702   
1547.000000	0.517842   
1548.000000	0.510457   
1549.000000	0.511648   
1550.000000	0.522237   
1551.000000	0.527242   
1552.000000	0.523854   
1553.000000	0.527791   
1554.000000	0.546010   
1555.000000	0.564472   
1556.000000	0.566975   
1557.000000	0.550892   
1558.000000	0.524770   
1559.000000	0.501180   
1560.000000	0.491445   
1561.000000	0.498922   
1562.000000	0.515615   
1563.000000	0.525533   
1564.000000	0.517202   
1565.000000	0.497945   
1566.000000	0.488302   
1567.000000	0.494558   
1568.000000	0.500112   
1569.000000	0.493673   
1570.000000	0.486105   
1571.000000	0.486776   
1572.000000	0.488119   
1573.000000	0.488333   
1574.000000	0.498891   
1575.000000	0.516683   
1576.000000	0.519948   
1577.000000	0.503804   
1578.000000	0.489004   
1579.000000	0.486410   
1580.000000	0.485678   
1581.000000	0.482656   
1582.000000	0.486044   
1583.000000	0.494833   
1584.000000	0.500783   
1585.000000	0.508382   
1586.000000	0.522328   
1587.000000	0.526784   
1588.000000	0.508474   
1589.000000	0.485678   
1590.000000	0.481131   
1591.000000	0.486349   
1592.000000	0.484640   
1593.000000	0.484487   
1594.000000	0.496816   
1595.000000	0.507711   
1596.000000	0.503499   
1597.000000	0.496206   
1598.000000	0.497457   
1599.000000	0.497701   
1600.000000	0.492178   
1601.000000	0.493734   
1602.000000	0.504018   
1603.000000	0.505269   
1604.000000	0.493307   
1605.000000	0.484609   
1606.000000	0.485586   
1607.000000	0.484701   
1608.000000	0.479757   
1609.000000	0.483175   
1610.000000	0.498128   
1611.000000	0.511648   
1612.000000	0.514364   
1613.000000	0.511098   
1614.000000	0.510152   
1615.000000	0.509908   
1616.000000	0.501119   
1617.000000	0.482992   
1618.000000	0.468130   
1619.000000	0.464438   
1620.000000	0.463736   
1621.000000	0.461966   
1622.000000	0.469870   
1623.000000	0.486959   
1624.000000	0.492056   
1625.000000	0.481253   
1626.000000	0.479910   
1627.000000	0.496450   
1628.000000	0.506246   
1629.000000	0.500204   
1630.000000	0.499624   
1631.000000	0.507375   
1632.000000	0.501302   
1633.000000	0.485311   
1634.000000	0.485739   
1635.000000	0.494222   
1636.000000	0.478720   
1637.000000	0.447531   
1638.000000	0.437308   
1639.000000	0.445609   
1640.000000	0.442710   
1641.000000	0.433616   
1642.000000	0.442649   
1643.000000	0.458212   
1644.000000	0.454642   
1645.000000	0.443167   
1646.000000	0.446951   
1647.000000	0.456839   
1648.000000	0.456046   
1649.000000	0.455344   
1650.000000	0.464895   
1651.000000	0.467428   
1652.000000	0.451010   
1653.000000	0.434928   
1654.000000	0.437857   
1655.000000	0.450461   
1656.000000	0.457816   
1657.000000	0.461630   
1658.000000	0.466971   
1659.000000	0.469259   
1660.000000	0.464285   
1661.000000	0.455771   
1662.000000	0.449149   
1663.000000	0.446158   
1664.000000	0.445914   
1665.000000	0.447623   
1666.000000	0.450583   
1667.000000	0.449362   
1668.000000	0.436484   
1669.000000	0.418174   
1670.000000	0.416709   
1671.000000	0.438742   
1672.000000	0.459341   
1673.000000	0.459555   
1674.000000	0.454520   
1675.000000	0.457663   
1676.000000	0.450766   
1677.000000	0.423026   
1678.000000	0.400779   
1679.000000	0.403495   
1680.000000	0.413718   
1681.000000	0.419212   
1682.000000	0.435202   
1683.000000	0.459799   
1684.000000	0.464804   
1685.000000	0.451041   
1686.000000	0.450949   
1687.000000	0.464346   
1688.000000	0.458701   
1689.000000	0.435935   
1690.000000	0.429709   
1691.000000	0.439322   
1692.000000	0.436911   
1693.000000	0.430503   
1694.000000	0.446097   
1695.000000	0.466757   
1696.000000	0.460989   
1697.000000	0.446463   
1698.000000	0.457877   
1699.000000	0.481344   
1700.000000	0.483084   
1701.000000	0.469626   
1702.000000	0.465567   
1703.000000	0.467520   
1704.000000	0.462393   
1705.000000	0.458731   
1706.000000	0.465719   
1707.000000	0.472860   
1708.000000	0.473166   
1709.000000	0.476553   
1710.000000	0.484518   
1711.000000	0.480276   
1712.000000	0.456656   
1713.000000	0.432853   
1714.000000	0.433799   
1715.000000	0.460654   
1716.000000	0.489523   
1717.000000	0.500173   
1718.000000	0.497793   
1719.000000	0.497579   
1720.000000	0.497701   
1721.000000	0.488760   
1722.000000	0.479086   
1723.000000	0.482351   
1724.000000	0.490713   
1725.000000	0.490225   
1726.000000	0.488485   
1727.000000	0.496206   
1728.000000	0.501089   
1729.000000	0.491506   
1730.000000	0.480612   
1731.000000	0.478231   
1732.000000	0.471335   
1733.000000	0.459463   
1734.000000	0.465964   
1735.000000	0.489279   
1736.000000	0.495321   
1737.000000	0.480856   
1738.000000	0.480642   
1739.000000	0.495687   
1740.000000	0.489370   
1741.000000	0.464682   
1742.000000	0.461325   
1743.000000	0.474173   
1744.000000	0.462485   
1745.000000	0.437308   
1746.000000	0.445517   
1747.000000	0.477224   
1748.000000	0.480703   
1749.000000	0.456259   
1750.000000	0.448111   
1751.000000	0.463370   
1752.000000	0.474905   
1753.000000	0.478659   
1754.000000	0.484060   
1755.000000	0.480520   
1756.000000	0.464560   
1757.000000	0.462851   
1758.000000	0.488272   
1759.000000	0.510915   
1760.000000	0.506185   
1761.000000	0.491384   
1762.000000	0.488210   
1763.000000	0.487875   
1764.000000	0.476126   
1765.000000	0.459769   
1766.000000	0.451407   
1767.000000	0.451102   
1768.000000	0.453177   
1769.000000	0.457846   
1770.000000	0.467550   
1771.000000	0.476431   
1772.000000	0.470541   
1773.000000	0.446951   
1774.000000	0.424857   
1775.000000	0.421531   
1776.000000	0.426902   
1777.000000	0.427451   
1778.000000	0.435355   
1779.000000	0.457114   
1780.000000	0.463400   
1781.000000	0.436423   
1782.000000	0.410392   
1783.000000	0.416557   
1784.000000	0.432700   
1785.000000	0.434378   
1786.000000	0.440177   
1787.000000	0.456870   
1788.000000	0.449271   
1789.000000	0.411277   
1790.000000	0.390648   
1791.000000	0.404502   
1792.000000	0.413566   
1793.000000	0.406577   
1794.000000	0.417472   
1795.000000	0.440360   
1796.000000	0.428153   
1797.000000	0.386680   
1798.000000	0.373406   
1799.000000	0.398948   
1800.000000	0.418815   
1801.000000	0.419150   
1802.000000	0.422538   
1803.000000	0.424277   
1804.000000	0.404319   
1805.000000	0.382072   
1806.000000	0.388328   
1807.000000	0.409141   
1808.000000	0.416190   
1809.000000	0.418052   
1810.000000	0.432242   
1811.000000	0.444297   
1812.000000	0.437491   
1813.000000	0.426993   
1814.000000	0.430411   
1815.000000	0.437033   
1816.000000	0.432486   
1817.000000	0.426475   
1818.000000	0.435904   
1819.000000	0.457205   
1820.000000	0.470328   
1821.000000	0.463125   
1822.000000	0.444174   
1823.000000	0.430594   
1824.000000	0.426597   
1825.000000	0.425437   
1826.000000	0.427390   
1827.000000	0.434806   
1828.000000	0.435111   
1829.000000	0.417991   
1830.000000	0.400810   
1831.000000	0.402336   
1832.000000	0.408195   
1833.000000	0.402030   
1834.000000	0.402000   
1835.000000	0.418601   
1836.000000	0.421226   
1837.000000	0.396659   
1838.000000	0.386558   
1839.000000	0.413230   
1840.000000	0.433280   
1841.000000	0.418479   
1842.000000	0.408103   
1843.000000	0.428519   
1844.000000	0.441825   
1845.000000	0.422385   
1846.000000	0.403007   
1847.000000	0.407707   
1848.000000	0.416526   
1849.000000	0.420432   
1850.000000	0.434226   
1851.000000	0.444876   
1852.000000	0.424430   
1853.000000	0.394188   
1854.000000	0.398674   
1855.000000	0.425864   
1856.000000	0.430381   
1857.000000	0.415641   
1858.000000	0.416740   
1859.000000	0.428946   
1860.000000	0.426536   
1861.000000	0.422263   
1862.000000	0.439872   
1863.000000	0.461020   
1864.000000	0.456778   
1865.000000	0.437888   
1866.000000	0.428916   
1867.000000	0.427939   
1868.000000	0.426475   
1869.000000	0.432303   
1870.000000	0.445212   
1871.000000	0.443961   
1872.000000	0.418571   
1873.000000	0.389793   
1874.000000	0.382286   
1875.000000	0.395744   
1876.000000	0.410514   
1877.000000	0.412986   
1878.000000	0.407829   
1879.000000	0.405845   
1880.000000	0.406700   
1881.000000	0.405448   
1882.000000	0.409538   
1883.000000	0.424216   
1884.000000	0.433341   
1885.000000	0.425925   
1886.000000	0.423362   
1887.000000	0.441123   
1888.000000	0.453360   
1889.000000	0.440360   
1890.000000	0.431357   
1891.000000	0.445548   
1892.000000	0.446158   
1893.000000	0.409873   
1894.000000	0.379387   
1895.000000	0.390220   
1896.000000	0.413902   
1897.000000	0.424338   
1898.000000	0.440390   
1899.000000	0.461325   
1900.000000	0.450217   
1901.000000	0.416282   
1902.000000	0.416770   
1903.000000	0.454092   
1904.000000	0.469290   
1905.000000	0.447684   
1906.000000	0.433677   
1907.000000	0.437339   
1908.000000	0.426780   
1909.000000	0.407127   
1910.000000	0.411063   
1911.000000	0.425834   
1912.000000	0.417777   
1913.000000	0.402427   
1914.000000	0.410331   
1915.000000	0.420585   
1916.000000	0.404411   
1917.000000	0.389335   
1918.000000	0.412620   
1919.000000	0.455374   
1920.000000	0.478537   
1921.000000	0.482107   
1922.000000	0.484182   
1923.000000	0.481466   
1924.000000	0.466788   
1925.000000	0.451926   
1926.000000	0.448447   
1927.000000	0.449423   
1928.000000	0.443961   
1929.000000	0.433860   
1930.000000	0.428611   
1931.000000	0.430900   
1932.000000	0.432731   
1933.000000	0.428763   
1934.000000	0.428397   
1935.000000	0.438071   
1936.000000	0.441794   
1937.000000	0.428336   
1938.000000	0.420829   
1939.000000	0.437522   
1940.000000	0.450461   
1941.000000	0.434409   
1942.000000	0.420219   
1943.000000	0.437003   
1944.000000	0.451041   
1945.000000	0.429191   
1946.000000	0.404167   
1947.000000	0.408531   
1948.000000	0.413169   
1949.000000	0.396293   
1950.000000	0.393119   
1951.000000	0.417228   
1952.000000	0.423789   
1953.000000	0.401237   
1954.000000	0.398277   
1955.000000	0.422935   
1956.000000	0.424735   
1957.000000	0.400199   
1958.000000	0.402122   
1959.000000	0.430655   
1960.000000	0.432517   
1961.000000	0.409629   
1962.000000	0.412895   
1963.000000	0.435874   
1964.000000	0.425773   
1965.000000	0.387016   
1966.000000	0.370934   
1967.000000	0.384056   
1968.000000	0.395897   
1969.000000	0.406089   
1970.000000	0.428122   
1971.000000	0.442343   
1972.000000	0.427329   
1973.000000	0.403099   
1974.000000	0.396446   
1975.000000	0.398765   
1976.000000	0.393272   
1977.000000	0.388939   
1978.000000	0.400474   
1979.000000	0.421287   
1980.000000	0.435019   
1981.000000	0.438193   
1982.000000	0.438742   
1983.000000	0.440024   
1984.000000	0.434440   
1985.000000	0.419028   
1986.000000	0.409538   
1987.000000	0.419608   
1988.000000	0.432547   
1989.000000	0.426078   
1990.000000	0.414359   
1991.000000	0.422202   
1992.000000	0.435080   
1993.000000	0.427604   
1994.000000	0.417228   
1995.000000	0.428031   
1996.000000	0.435660   
1997.000000	0.415977   
1998.000000	0.400566   
1999.000000	0.415641   
2000.000000	0.424888   
2001.000000	0.399253   
2002.000000	0.375206   
2003.000000	0.379051   
2004.000000	0.376823   
2005.000000	0.357170   
2006.000000	0.366356   
2007.000000	0.409019   
2008.000000	0.422813   
2009.000000	0.392265   
2010.000000	0.373985   
2011.000000	0.382591   
2012.000000	0.370628   
2013.000000	0.338891   
2014.000000	0.343255   
2015.000000	0.384086   
2016.000000	0.403831   
2017.000000	0.392753   
2018.000000	0.391258   
2019.000000	0.401573   
2020.000000	0.396843   
2021.000000	0.392082   
2022.000000	0.415275   
2023.000000	0.440879   
2024.000000	0.429587   
2025.000000	0.396415   
2026.000000	0.376732   
2027.000000	0.368279   
2028.000000	0.356102   
2029.000000	0.352654   
2030.000000	0.368920   
2031.000000	0.383903   
2032.000000	0.375298   
2033.000000	0.354821   
2034.000000	0.350029   
2035.000000	0.364189   
2036.000000	0.370110   
2037.000000	0.348260   
2038.000000	0.318627   
2039.000000	0.315606   
2040.000000	0.337060   
2041.000000	0.353173   
2042.000000	0.359825   
2043.000000	0.373283   
2044.000000	0.381737   
2045.000000	0.362664   
2046.000000	0.335625   
2047.000000	0.331536   
2048.000000	0.332421   
2049.000000	0.312799   
2050.000000	0.299951   
2051.000000	0.318566   
2052.000000	0.330712   
2053.000000	0.309137   
2054.000000	0.299036   
2055.000000	0.331353   
2056.000000	0.356865   
2057.000000	0.341942   
2058.000000	0.333886   
2059.000000	0.361779   
2060.000000	0.377892   
2061.000000	0.358330   
2062.000000	0.350548   
2063.000000	0.371666   
2064.000000	0.373985   
2065.000000	0.345849   
2066.000000	0.335046   
2067.000000	0.350976   
2068.000000	0.350914   
2069.000000	0.331445   
2070.000000	0.332635   
2071.000000	0.354210   
2072.000000	0.360833   
2073.000000	0.356774   
2074.000000	0.371819   
2075.000000	0.393913   
2076.000000	0.392082   
2077.000000	0.378685   
2078.000000	0.383110   
2079.000000	0.394096   
2080.000000	0.382316   
2081.000000	0.352623   
2082.000000	0.332238   
2083.000000	0.329705   
2084.000000	0.333794   
2085.000000	0.336297   
2086.000000	0.337518   
2087.000000	0.339532   
2088.000000	0.344445   
2089.000000	0.353936   
2090.000000	0.367302   
2091.000000	0.378136   
2092.000000	0.374779   
2093.000000	0.354607   
2094.000000	0.336724   
2095.000000	0.341088   
2096.000000	0.358147   
2097.000000	0.366783   
2098.000000	0.372154   
2099.000000	0.385979   
2100.000000	0.388237   
2101.000000	0.362267   
2102.000000	0.341088   
2103.000000	0.356743   
2104.000000	0.379112   
2105.000000	0.371910   
2106.000000	0.361321   
2107.000000	0.377525   
2108.000000	0.390220   
2109.000000	0.374291   
2110.000000	0.367211   
2111.000000	0.390342   
2112.000000	0.397972   
2113.000000	0.367760   
2114.000000	0.347497   
2115.000000	0.358178   
2116.000000	0.355462   
2117.000000	0.330193   
2118.000000	0.331780   
2119.000000	0.362297   
2120.000000	0.365410   
2121.000000	0.337853   
2122.000000	0.334313   
2123.000000	0.357506   
2124.000000	0.357628   
2125.000000	0.337151   
2126.000000	0.343682   
2127.000000	0.371910   
2128.000000	0.374748   
2129.000000	0.352257   
2130.000000	0.341088   
2131.000000	0.343072   
2132.000000	0.338464   
2133.000000	0.336907   
2134.000000	0.356224   
2135.000000	0.380760   
2136.000000	0.386192   
2137.000000	0.378075   
2138.000000	0.375511   
2139.000000	0.379112   
2140.000000	0.377403   
2141.000000	0.369103   
2142.000000	0.364617   
2143.000000	0.368767   
2144.000000	0.370781   
2145.000000	0.359215   
2146.000000	0.342736   
2147.000000	0.337914   
2148.000000	0.339226   
2149.000000	0.328423   
2150.000000	0.312555   
2151.000000	0.314660   
2152.000000	0.330895   
2153.000000	0.341973   
2154.000000	0.354363   
2155.000000	0.379875   
2156.000000	0.395500   
2157.000000	0.381950   
2158.000000	0.367760   
2159.000000	0.371910   
2160.000000	0.356011   
2161.000000	0.302423   
2162.000000	0.271753   
2163.000000	0.306543   
2164.000000	0.355645   
2165.000000	0.366570   
2166.000000	0.366356   
2167.000000	0.380974   
2168.000000	0.376945   
2169.000000	0.343712   
2170.000000	0.329614   
2171.000000	0.345971   
2172.000000	0.344079   
2173.000000	0.318750   
2174.000000	0.321984   
2175.000000	0.356987   
2176.000000	0.371880   
2177.000000	0.362664   
2178.000000	0.373283   
2179.000000	0.397850   
2180.000000	0.392845   
2181.000000	0.370476   
2182.000000	0.377830   
2183.000000	0.405265   
2184.000000	0.406852   
2185.000000	0.383659   
2186.000000	0.367577   
2187.000000	0.358086   
2188.000000	0.339989   
2189.000000	0.327325   
2190.000000	0.338830   
2191.000000	0.360253   
2192.000000	0.369652   
2193.000000	0.371941   
2194.000000	0.383263   
2195.000000	0.401573   
2196.000000	0.411369   
2197.000000	0.404716   
2198.000000	0.390342   
2199.000000	0.380058   
2200.000000	0.373039   
2201.000000	0.364372   
2202.000000	0.363060   
2203.000000	0.377983   
2204.000000	0.391777   
2205.000000	0.384025   
2206.000000	0.373009   
2207.000000	0.386680   
2208.000000	0.406913   
2209.000000	0.400260   
2210.000000	0.379875   
2211.000000	0.373680   
2212.000000	0.365044   
2213.000000	0.336602   
2214.000000	0.323541   
2215.000000	0.349755   
2216.000000	0.371300   
2217.000000	0.356438   
2218.000000	0.348534   
2219.000000	0.378258   
2220.000000	0.401145   
2221.000000	0.389244   
2222.000000	0.383293   
2223.000000	0.395500   
2224.000000	0.376945   
2225.000000	0.327783   
2226.000000	0.315057   
2227.000000	0.345788   
2228.000000	0.353295   
2229.000000	0.328546   
2230.000000	0.331719   
2231.000000	0.365288   
2232.000000	0.370659   
2233.000000	0.348382   
2234.000000	0.355278   
2235.000000	0.393181   
2236.000000	0.414756   
2237.000000	0.417838   
2238.000000	0.433097   
2239.000000	0.449362   
2240.000000	0.436972   
2241.000000	0.411063   
2242.000000	0.404075   
2243.000000	0.410850   
2244.000000	0.409660   
2245.000000	0.404960   
2246.000000	0.410575   
2247.000000	0.417381   
2248.000000	0.405815   
2249.000000	0.377708   
2250.000000	0.357842   
2251.000000	0.364189   
2252.000000	0.381767   
2253.000000	0.381889   
2254.000000	0.363549   
2255.000000	0.350945   
2256.000000	0.350365   
2257.000000	0.349267   
2258.000000	0.352837   
2259.000000	0.372612   
2260.000000	0.384880   
2261.000000	0.363793   
2262.000000	0.339196   
2263.000000	0.352959   
2264.000000	0.383049   
2265.000000	0.387169   
2266.000000	0.381493   
2267.000000	0.395256   
2268.000000	0.400383   
2269.000000	0.370659   
2270.000000	0.346978   
2271.000000	0.361901   
2272.000000	0.374168   
2273.000000	0.352349   
2274.000000	0.336083   
2275.000000	0.345513   
2276.000000	0.334893   
2277.000000	0.296198   
2278.000000	0.290918   
2279.000000	0.330621   
2280.000000	0.349694   
2281.000000	0.332147   
2282.000000	0.337029   
2283.000000	0.373650   
2284.000000	0.383385   
2285.000000	0.356499   
2286.000000	0.343682   
2287.000000	0.351769   
2288.000000	0.342065   
2289.000000	0.322656   
2290.000000	0.332147   
2291.000000	0.354607   
2292.000000	0.348168   
2293.000000	0.327020   
2294.000000	0.331353   
2295.000000	0.353173   
2296.000000	0.359612   
2297.000000	0.351922   
2298.000000	0.348229   
2299.000000	0.344658   
2300.000000	0.333550   
2301.000000	0.329278   
2302.000000	0.345635   
2303.000000	0.369072   
2304.000000	0.373406   
2305.000000	0.355034   
2306.000000	0.341546   
2307.000000	0.355431   
2308.000000	0.376976   
2309.000000	0.374107   
2310.000000	0.360375   
2311.000000	0.370506   
2312.000000	0.389244   
2313.000000	0.376823   
2314.000000	0.351830   
2315.000000	0.358391   
2316.000000	0.374352   
2317.000000	0.354821   
2318.000000	0.330193   
2319.000000	0.351220   
2320.000000	0.384849   
2321.000000	0.376671   
2322.000000	0.355339   
2323.000000	0.368004   
2324.000000	0.387169   
2325.000000	0.380669   
2326.000000	0.389793   
2327.000000	0.446066   
2328.000000	0.498342   
2329.000000	0.499715   
2330.000000	0.478292   
2331.000000	0.461661   
2332.000000	0.429038   
2333.000000	0.382896   
2334.000000	0.368370   
2335.000000	0.386345   
2336.000000	0.386741   
2337.000000	0.364128   
2338.000000	0.362389   
2339.000000	0.381004   
2340.000000	0.377342   
2341.000000	0.356347   
2342.000000	0.359886   
2343.000000	0.378563   
2344.000000	0.369347   
2345.000000	0.339715   
2346.000000	0.329736   
2347.000000	0.337182   
2348.000000	0.333062   
2349.000000	0.321984   
2350.000000	0.325616   
2351.000000	0.335290   
2352.000000	0.328057   
2353.000000	0.307245   
2354.000000	0.295557   
2355.000000	0.301385   
2356.000000	0.310968   
2357.000000	0.310998   
2358.000000	0.309259   
2359.000000	0.321099   
2360.000000	0.339013   
2361.000000	0.341180   
2362.000000	0.331933   
2363.000000	0.335229   
2364.000000	0.345452   
2365.000000	0.336694   
2366.000000	0.318383   
2367.000000	0.321221   
2368.000000	0.333367   
2369.000000	0.321191   
2370.000000	0.298669   
2371.000000	0.300043   
2372.000000	0.308221   
2373.000000	0.292963   
2374.000000	0.281427   
2375.000000	0.307580   
2376.000000	0.339379   
2377.000000	0.339104   
2378.000000	0.335198   
2379.000000	0.356957   
2380.000000	0.369377   
2381.000000	0.345879   
2382.000000	0.327386   
2383.000000	0.341302   
2384.000000	0.348809   
2385.000000	0.329186   
2386.000000	0.321405   
2387.000000	0.337823   
2388.000000	0.337365   
2389.000000	0.315881   
2390.000000	0.318353   
2391.000000	0.342919   
2392.000000	0.340020   
2393.000000	0.313043   
2394.000000	0.313379   
2395.000000	0.339043   
2396.000000	0.342278   
2397.000000	0.325036   
2398.000000	0.327935   
2399.000000	0.344689   
2400.000000	0.338403   
2401.000000	0.317224   
2402.000000	0.316125   
2403.000000	0.330834   
2404.000000	0.331475   
2405.000000	0.316156   
2406.000000	0.305627   
2407.000000	0.305353   
2408.000000	0.305536   
2409.000000	0.301630   
2410.000000	0.297082   
2411.000000	0.293573   
2412.000000	0.287897   
2413.000000	0.278498   
2414.000000	0.273493   
2415.000000	0.282526   
2416.000000	0.297632   
2417.000000	0.303216   
2418.000000	0.304223   
2419.000000	0.313928   
2420.000000	0.319146   
2421.000000	0.303400   
2422.000000	0.291589   
2423.000000	0.309717   
2424.000000	0.322473   
2425.000000	0.290094   
2426.000000	0.251093   
2427.000000	0.257777   
2428.000000	0.277826   
2429.000000	0.260493   
2430.000000	0.237666   
2431.000000	0.254603   
2432.000000	0.275721   
2433.000000	0.261164   
2434.000000	0.250086   
2435.000000	0.275202   
2436.000000	0.289972   
2437.000000	0.263300   
2438.000000	0.244380   
2439.000000	0.263453   
2440.000000	0.275293   
2441.000000	0.254755   
2442.000000	0.242762   
2443.000000	0.257288   
2444.000000	0.260981   
2445.000000	0.243342   
2446.000000	0.239924   
2447.000000	0.256831   
2448.000000	0.263056   
2449.000000	0.258906   
2450.000000	0.273005   
2451.000000	0.297479   
2452.000000	0.299707   
2453.000000	0.284052   
2454.000000	0.278650   
2455.000000	0.281366   
2456.000000	0.273035   
2457.000000	0.262385   
2458.000000	0.270411   
2459.000000	0.290949   
2460.000000	0.300928   
2461.000000	0.294214   
2462.000000	0.284143   
2463.000000	0.282099   
2464.000000	0.287775   
2465.000000	0.295862   
2466.000000	0.305108   
2467.000000	0.315149   
2468.000000	0.316735   
2469.000000	0.304010   
2470.000000	0.295740   
2471.000000	0.314508   
2472.000000	0.344536   
2473.000000	0.350487   
2474.000000	0.336114   
2475.000000	0.332757   
2476.000000	0.337182   
2477.000000	0.321832   
2478.000000	0.295740   
2479.000000	0.287134   
2480.000000	0.284967   
2481.000000	0.268915   
2482.000000	0.265436   
2483.000000	0.300195   
2484.000000	0.336755   
2485.000000	0.338677   
2486.000000	0.335900   
2487.000000	0.358269   
2488.000000	0.371849   
2489.000000	0.351677   
2490.000000	0.338311   
2491.000000	0.355553   
2492.000000	0.362358   
2493.000000	0.342827   
2494.000000	0.343011   
2495.000000	0.371910   
2496.000000	0.374748   
2497.000000	0.341729   
2498.000000	0.328546   
2499.000000	0.346734   
2500.000000	0.347069   
2501.000000	0.323052   
2502.000000	0.319818   
2503.000000	0.338677   
2504.000000	0.337701   
2505.000000	0.319665   
2506.000000	0.324914   
2507.000000	0.349968   
2508.000000	0.354943   
2509.000000	0.335961   
2510.000000	0.324456   
2511.000000	0.331933   
2512.000000	0.343224   
2513.000000	0.349419   
2514.000000	0.354271   
2515.000000	0.358666   
2516.000000	0.356652   
2517.000000	0.345086   
2518.000000	0.331170   
2519.000000	0.326745   
2520.000000	0.332360   
2521.000000	0.338586   
2522.000000	0.346367   
2523.000000	0.364983   
2524.000000	0.385643   
2525.000000	0.389396   
2526.000000	0.383140   
2527.000000	0.388359   
2528.000000	0.395897   
2529.000000	0.382072   
2530.000000	0.361626   
2531.000000	0.365715   
2532.000000	0.379234   
2533.000000	0.370049   
2534.000000	0.356743   
2535.000000	0.372582   
2536.000000	0.395256   
2537.000000	0.391441   
2538.000000	0.385643   
2539.000000	0.404838   
2540.000000	0.414481   
2541.000000	0.388817   
2542.000000	0.372429   
2543.000000	0.397087   
2544.000000	0.419517   
2545.000000	0.410728   
2546.000000	0.411887   
2547.000000	0.440818   
2548.000000	0.447592   
2549.000000	0.415488   
2550.000000	0.398460   
2551.000000	0.418357   
2552.000000	0.430228   
2553.000000	0.416373   
2554.000000	0.410972   
2555.000000	0.418754   
2556.000000	0.404624   
2557.000000	0.370537   
2558.000000	0.355034   
2559.000000	0.359673   
2560.000000	0.353203   
2561.000000	0.336327   
2562.000000	0.335412   
2563.000000	0.348900   
2564.000000	0.354790   
2565.000000	0.353478   
2566.000000	0.360161   
2567.000000	0.372490   
2568.000000	0.376274   
2569.000000	0.369957   
2570.000000	0.363945   
2571.000000	0.362847   
2572.000000	0.358635   
2573.000000	0.343316   
2574.000000	0.324395   
2575.000000	0.317346   
2576.000000	0.321374   
2577.000000	0.323907   
2578.000000	0.330621   
2579.000000	0.355400   
2580.000000	0.380150   
2581.000000	0.373344   
2582.000000	0.347985   
2583.000000	0.343957   
2584.000000	0.358178   
2585.000000	0.358361   
2586.000000	0.351647   
2587.000000	0.364220   
2588.000000	0.376488   
2589.000000	0.361565   
2590.000000	0.352532   
2591.000000	0.384453   
2592.000000	0.418632   
2593.000000	0.408866   
2594.000000	0.385032   
2595.000000	0.388939   
2596.000000	0.396263   
2597.000000	0.379387   
2598.000000	0.369835   
2599.000000	0.388908   
2600.000000	0.399070   
2601.000000	0.381859   
2602.000000	0.377373   
2603.000000	0.400688   
2604.000000	0.410117   
2605.000000	0.391960   
2606.000000	0.385429   
2607.000000	0.401237   
2608.000000	0.404075   
2609.000000	0.387413   
2610.000000	0.384147   
2611.000000	0.398094   
2612.000000	0.400474   
2613.000000	0.392235   
2614.000000	0.401878   
2615.000000	0.429221   
2616.000000	0.448691   
2617.000000	0.455100   
2618.000000	0.460501   
2619.000000	0.463156   
2620.000000	0.457053   
2621.000000	0.454672   
2622.000000	0.471914   
2623.000000	0.504445   
2624.000000	0.535756   
2625.000000	0.558277   
2626.000000	0.576344   
2627.000000	0.591236   
2628.000000	0.591755   
2629.000000	0.570515   
2630.000000	0.546405   
2631.000000	0.544880   
2632.000000	0.555684   
2633.000000	0.546986   
2634.000000	0.523274   
2635.000000	0.516500   
2636.000000	0.522664   
2637.000000	0.509908   
2638.000000	0.484945   
2639.000000	0.484060   
2640.000000	0.503652   
2641.000000	0.513479   
2642.000000	0.520344   
2643.000000	0.544026   
2644.000000	0.558918   
2645.000000	0.535939   
2646.000000	0.505758   
2647.000000	0.505575   
2648.000000	0.512929   
2649.000000	0.498861   
2650.000000	0.487173   
2651.000000	0.497732   
2652.000000	0.499105   
2653.000000	0.476919   
2654.000000	0.472616   
2655.000000	0.502370   
2656.000000	0.519307   
2657.000000	0.500173   
2658.000000	0.483908   
2659.000000	0.491781   
2660.000000	0.494985   
2661.000000	0.483602   
2662.000000	0.484640   
2663.000000	0.498617   
2664.000000	0.497060   
2665.000000	0.485861   
2666.000000	0.498159   
2667.000000	0.528309   
2668.000000	0.540211   
2669.000000	0.531972   
2670.000000	0.531728   
2671.000000	0.545552   
2672.000000	0.559590   
2673.000000	0.575031   
2674.000000	0.599689   
2675.000000	0.623675   
2676.000000	0.634845   
2677.000000	0.641009   
2678.000000	0.655444   
2679.000000	0.672381   
2680.000000	0.673418   
2681.000000	0.654559   
2682.000000	0.637683   
2683.000000	0.645800   
2684.000000	0.668810   
2685.000000	0.676134   
2686.000000	0.665240   
2687.000000	0.660815   
2688.000000	0.665179   
2689.000000	0.658892   
2690.000000	0.649035   
2691.000000	0.657397   
2692.000000	0.665606   
2693.000000	0.642230   
2694.000000	0.611957   
2695.000000	0.618731   
2696.000000	0.643176   
2697.000000	0.639697   
2698.000000	0.623035   
2699.000000	0.629474   
2700.000000	0.638995   
2701.000000	0.621081   
2702.000000	0.605304   
2703.000000	0.624957   
2704.000000	0.651965   
2705.000000	0.656146   
2706.000000	0.664080   
2707.000000	0.695116   
2708.000000	0.714525   
2709.000000	0.704027   
2710.000000	0.702043   
2711.000000	0.730851   
2712.000000	0.762284   
2713.000000	0.783249   
2714.000000	0.818618   
2715.000000	0.869032   
2716.000000	0.902204   
2717.000000	0.917310   
2718.000000	0.949139   
2719.000000	1.002117   
2720.000000	1.042033   
2721.000000	1.054087   
2722.000000	1.056986   
2723.000000	1.063090   
2724.000000	1.066813   
2725.000000	1.066569   
2726.000000	1.066416   
2727.000000	1.060740   
2728.000000	1.040019   
2729.000000	1.005352   
2730.000000	0.967999   
2731.000000	0.936871   
2732.000000	0.913373   
2733.000000	0.894849   
2734.000000	0.882978   
2735.000000	0.879773   
2736.000000	0.877211   
2737.000000	0.862013   
2738.000000	0.837661   
2739.000000	0.819747   
2740.000000	0.806258   
2741.000000	0.780716   
2742.000000	0.748154   
2743.000000	0.731217   
2744.000000	0.729783   
2745.000000	0.726090   
2746.000000	0.726060   
2747.000000	0.745011   
2748.000000	0.763199   
2749.000000	0.754197   
2750.000000	0.738908   
2751.000000	0.749252   
2752.000000	0.764298   
2753.000000	0.749893   
2754.000000	0.724716   
2755.000000	0.719163   
2756.000000	0.714158   
2757.000000	0.686998   
2758.000000	0.666277   
2759.000000	0.678514   
2760.000000	0.696336   
2761.000000	0.694414   
2762.000000	0.693590   
2763.000000	0.705064   
2764.000000	0.700609   
2765.000000	0.675890   
2766.000000	0.668810   
2767.000000	0.686693   
2768.000000	0.691820   
2769.000000	0.675768   
2770.000000	0.672747   
2771.000000	0.689043   
2772.000000	0.691087   
2773.000000	0.670092   
2774.000000	0.653460   
2775.000000	0.651263   
2776.000000	0.648730   
2777.000000	0.646136   
2778.000000	0.657977   
2779.000000	0.679766   
2780.000000	0.694536   
2781.000000	0.702348   
2782.000000	0.715959   
2783.000000	0.737595   
2784.000000	0.756394   
2785.000000	0.764939   
2786.000000	0.766892   
2787.000000	0.769364   
2788.000000	0.770920   
2789.000000	0.766342   
2790.000000	0.763535   
2791.000000	0.777969   
2792.000000	0.803421   
2793.000000	0.816879   
2794.000000	0.817703   
2795.000000	0.828139   
2796.000000	0.849623   
2797.000000	0.861159   
2798.000000	0.863692   
2799.000000	0.877852   
2800.000000	0.897932   
2801.000000	0.901960   
2802.000000	0.899793   
2803.000000	0.916456   
2804.000000	0.939862   
2805.000000	0.943677   
2806.000000	0.941693   
2807.000000	0.959881   
2808.000000	0.983288   
2809.000000	0.988964   
2810.000000	0.992839   
2811.000000	1.010387   
2812.000000	1.016124   
2813.000000	0.995678   
2814.000000	0.984020   
2815.000000	1.004741   
2816.000000	1.029338   
2817.000000	1.038218   
2818.000000	1.056284   
2819.000000	1.092142   
2820.000000	1.112771   
2821.000000	1.107431   
2822.000000	1.107339   
2823.000000	1.121926   
2824.000000	1.123727   
2825.000000	1.107736   
2826.000000	1.101450   
2827.000000	1.111459   
2828.000000	1.115884   
2829.000000	1.110666   
2830.000000	1.112253   
2831.000000	1.119577   
2832.000000	1.118264   
2833.000000	1.113199   
2834.000000	1.121652   
2835.000000	1.142709   
2836.000000	1.161019   
2837.000000	1.170510   
2838.000000	1.174843   
2839.000000	1.176582   
2840.000000	1.177956   
2841.000000	1.185066   
2842.000000	1.202308   
2843.000000	1.224464   
2844.000000	1.238105   
2845.000000	1.236945   
2846.000000	1.235328   
2847.000000	1.250952   
2848.000000	1.273962   
2849.000000	1.281927   
2850.000000	1.283148   
2851.000000	1.304845   
2852.000000	1.340337   
2853.000000	1.358494   
2854.000000	1.361943   
2855.000000	1.377445   
2856.000000	1.398411   
2857.000000	1.401218   
2858.000000	1.405155   
2859.000000	1.445285   
2860.000000	1.507143   
2861.000000	1.553406   
2862.000000	1.589722   
2863.000000	1.636657   
2864.000000	1.681639   
2865.000000	1.714658   
2866.000000	1.767422   
2867.000000	1.853724   
2868.000000	1.934503   
2869.000000	1.987053   
2870.000000	2.048514   
2871.000000	2.139791   
2872.000000	2.226581   
2873.000000	2.288805   
2874.000000	2.361405   
2875.000000	2.465621   
2876.000000	2.579571   
2877.000000	2.694315   
2878.000000	2.834693   
2879.000000	3.005863   
2880.000000	3.180603   
2881.000000	3.348325   
2882.000000	3.528680   
2883.000000	3.732534   
2884.000000	3.954789   
2885.000000	4.198010   
2886.000000	4.474524   
2887.000000	4.782349   
2888.000000	5.112299   
2889.000000	5.463519   
2890.000000	5.843700   
2891.000000	6.253757   
2892.000000	6.686518   
2893.000000	7.131609   
2894.000000	7.568002   
2895.000000	7.957826   
2896.000000	8.233027   
2897.000000	8.340387   
2898.000000	8.274623   
2899.000000	8.093657   
2900.000000	7.857089   
2901.000000	7.606728   
2902.000000	7.395947   
2903.000000	7.282821   
2904.000000	7.287093   
2905.000000	7.397625   
2906.000000	7.641975   
2907.000000	8.088652   
2908.000000	8.791550   
2909.000000	9.777555   
2910.000000	11.045872  
2911.000000	12.465584  
2912.000000	13.695632  
2913.000000	14.316775  
2914.000000	14.105994  
2915.000000	13.158869  
2916.000000	11.801595  
2917.000000	10.407548  
2918.000000	9.257026   
2919.000000	8.457663   
2920.000000	7.975465   
2921.000000	7.754735   
2922.000000	7.766332   
2923.000000	7.960908   
2924.000000	8.227993   
2925.000000	8.461448   
2926.000000	8.605641   
2927.000000	8.630267   
2928.000000	8.525869   
2929.000000	8.352380   
2930.000000	8.209530   
2931.000000	8.135007   
2932.000000	8.086516   
2933.000000	8.041869   
2934.000000	8.058897   
2935.000000	8.220242   
2936.000000	8.576161   
2937.000000	9.129892   
2938.000000	9.840510   
2939.000000	10.621808  
2940.000000	11.370481  
2941.000000	11.993882  
2942.000000	12.399270  
2943.000000	12.478035  
2944.000000	12.116591  
2945.000000	11.272064  
2946.000000	10.036705  
2947.000000	8.634846   
2948.000000	7.322462   
2949.000000	6.272586   
2950.000000	5.543840   
2951.000000	5.107538   
2952.000000	4.903196   
2953.000000	4.869872   
2954.000000	4.978879   
2955.000000	5.206383   
2956.000000	5.494494   
2957.000000	5.743421   
2958.000000	5.857371   
2959.000000	5.791882   
2960.000000	5.562119   
2961.000000	5.226982   
2962.000000	4.874510   
2963.000000	4.574864   
2964.000000	4.348428   
2965.000000	4.188061   
2966.000000	4.123212   
2967.000000	4.222515   
2968.000000	4.557866   
2969.000000	5.162560   
2970.000000	5.964822   
2971.000000	6.689326   
2972.000000	6.947530   
2973.000000	6.563932   
2974.000000	5.751477   
2975.000000	4.896483   
2976.000000	4.245982   
2977.000000	3.865679   
2978.000000	3.775654   
2979.000000	3.982071   
2980.000000	4.470099   
2981.000000	5.221184   
2982.000000	6.171727   
2983.000000	7.126329   
2984.000000	7.770696   
2985.000000	7.856937   
2986.000000	7.379712   
2987.000000	6.588009   
2988.000000	5.829174   
2989.000000	5.380299   
2990.000000	5.378621   
2991.000000	5.833355   
2992.000000	6.591061   
2993.000000	7.315260   
2994.000000	7.607888   
2995.000000	7.245407   
2996.000000	6.312990   
2997.000000	5.126917   
2998.000000	4.018356   
2999.000000	3.168152   
3000.000000	2.590435   
3001.000000	2.212757   
3002.000000	1.971855   
3003.000000	1.829127   
3004.000000	1.756131   
3005.000000	1.730039   
3006.000000	1.752286   
3007.000000	1.846431   
3008.000000	2.041984   
3009.000000	2.366776   
3010.000000	2.857672   
3011.000000	3.499201   
3012.000000	4.155011   
3013.000000	4.592839   
3014.000000	4.633426   
3015.000000	4.269389   
3016.000000	3.644736   
3017.000000	2.957188   
3018.000000	2.359299   
3019.000000	1.909723   
3020.000000	1.583862   
3021.000000	1.339543   
3022.000000	1.159005   
3023.000000	1.033366   
3024.000000	0.932538   
3025.000000	0.837233   
3026.000000	0.761307   
3027.000000	0.720475   
3028.000000	0.692919   
3029.000000	0.658831   
3030.000000	0.628528   
3031.000000	0.609393   
3032.000000	0.583149   
3033.000000	0.544239   
3034.000000	0.525136   
3035.000000	0.535542   
3036.000000	0.545643   
3037.000000	0.536427   
3038.000000	0.526662   
3039.000000	0.525838   
3040.000000	0.517965   
3041.000000	0.499685   
3042.000000	0.489156   
3043.000000	0.488790   
3044.000000	0.482717   
3045.000000	0.470389   
3046.000000	0.464621   
3047.000000	0.461356   
3048.000000	0.445700   
3049.000000	0.421622   
3050.000000	0.408103   
3051.000000	0.411491   
3052.000000	0.420310   
3053.000000	0.424735   
3054.000000	0.427787   
3055.000000	0.436148   
3056.000000	0.444876   
3057.000000	0.441153   
3058.000000	0.425559   
3059.000000	0.415305   
3060.000000	0.417381   
3061.000000	0.418357   
3062.000000	0.410697   
3063.000000	0.404441   
3064.000000	0.402458   
3065.000000	0.394493   
3066.000000	0.384880   
3067.000000	0.390861   
3068.000000	0.408439   
3069.000000	0.417045   
3070.000000	0.417197   
3071.000000	0.422355   
3072.000000	0.420737   
3073.000000	0.393242   
3074.000000	0.359520   
3075.000000	0.355492   
3076.000000	0.377281   
3077.000000	0.393058   
3078.000000	0.393913   
3079.000000	0.390495   
3080.000000	0.382683   
3081.000000	0.372551   
3082.000000	0.378563   
3083.000000	0.400901   
3084.000000	0.406089   
3085.000000	0.378471   
3086.000000	0.348595   
3087.000000	0.343468   
3088.000000	0.348443   
3089.000000	0.343804   
3090.000000	0.337334   
3091.000000	0.339654   
3092.000000	0.344933   
3093.000000	0.350396   
3094.000000	0.362694   
3095.000000	0.376671   
3096.000000	0.376060   
3097.000000	0.360680   
3098.000000	0.348534   
3099.000000	0.349480   
3100.000000	0.355370   
3101.000000	0.357293   
3102.000000	0.356560   
3103.000000	0.358605   
3104.000000	0.364037   
3105.000000	0.368920   
3106.000000	0.370842   
3107.000000	0.372490   
3108.000000	0.377190   
3109.000000	0.382744   
3110.000000	0.383385   
3111.000000	0.376274   
3112.000000	0.362877   
3113.000000	0.347619   
3114.000000	0.339104   
3115.000000	0.344231   
3116.000000	0.358086   
3117.000000	0.368340   
3118.000000	0.372337   
3119.000000	0.377098   
3120.000000	0.381309   
3121.000000	0.376945   
3122.000000	0.369743   
3123.000000	0.373131   
3124.000000	0.382561   
3125.000000	0.383263   
3126.000000	0.379661   
3127.000000	0.384453   
3128.000000	0.388756   
3129.000000	0.380913   
3130.000000	0.377586   
3131.000000	0.394920   
3132.000000	0.411369   
3133.000000	0.404075   
3134.000000	0.393303   
3135.000000	0.406425   
3136.000000	0.428367   
3137.000000	0.429587   
3138.000000	0.413474   
3139.000000	0.401268   
3140.000000	0.397422   
3141.000000	0.399345   
3142.000000	0.413017   
3143.000000	0.437308   
3144.000000	0.456229   
3145.000000	0.461264   
3146.000000	0.461050   
3147.000000	0.462729   
3148.000000	0.463858   
3149.000000	0.464468   
3150.000000	0.466482   
3151.000000	0.461630   
3152.000000	0.439475   
3153.000000	0.407798   
3154.000000	0.389366   
3155.000000	0.395988   
3156.000000	0.418143   
3157.000000	0.439048   
3158.000000	0.449423   
3159.000000	0.450919   
3160.000000	0.451804   
3161.000000	0.459219   
3162.000000	0.472403   
3163.000000	0.484182   
3164.000000	0.488973   
3165.000000	0.487905   
3166.000000	0.487753   
3167.000000	0.492788   
3168.000000	0.497793   
3169.000000	0.496359   
3170.000000	0.496359   
3171.000000	0.511739   
3172.000000	0.536183   
3173.000000	0.549153   
3174.000000	0.550557   
3175.000000	0.558827   
3176.000000	0.574543   
3177.000000	0.580738   
3178.000000	0.579700   
3179.000000	0.589466   
3180.000000	0.606403   
3181.000000	0.612262   
3182.000000	0.612964   
3183.000000	0.627246   
3184.000000	0.648089   
3185.000000	0.655138   
3186.000000	0.652728   
3187.000000	0.658007   
3188.000000	0.669237   
3189.000000	0.676316   
3190.000000	0.684191   
3191.000000	0.698320   
3192.000000	0.707841   
3193.000000	0.704179   
3194.000000	0.699663   
3195.000000	0.708848   
3196.000000	0.727677   
3197.000000	0.742814   
3198.000000	0.750626   
3199.000000	0.756669   
3200.000000	0.766159   
3201.000000	0.780228   
3202.000000	0.796554   
3203.000000	0.810592   
3204.000000	0.821700   
3205.000000	0.834945   
3206.000000	0.851363   
3207.000000	0.861464   
3208.000000	0.859663   
3209.000000	0.858107   
3210.000000	0.872084   
3211.000000	0.898145   
3212.000000	0.920301   
3213.000000	0.933911   
3214.000000	0.949444   
3215.000000	0.974712   
3216.000000	1.003887   
3217.000000	1.025889   
3218.000000	1.038676   
3219.000000	1.050059   
3220.000000	1.063578   
3221.000000	1.073527   
3222.000000	1.078653   
3223.000000	1.087717   
3224.000000	1.103159   
3225.000000	1.117746   
3226.000000	1.133431   
3227.000000	1.160134   
3228.000000	1.191597   
3229.000000	1.209327   
3230.000000	1.214851   
3231.000000	1.228400   
3232.000000	1.253668   
3233.000000	1.273169   
3234.000000	1.279699   
3235.000000	1.284399   
3236.000000	1.293402   
3237.000000	1.302343   
3238.000000	1.311437   
3239.000000	1.324285   
3240.000000	1.337346   
3241.000000	1.348424   
3242.000000	1.364323   
3243.000000	1.384891   
3244.000000	1.394687   
3245.000000	1.388462   
3246.000000	1.383549   
3247.000000	1.391758   
3248.000000	1.399204   
3249.000000	1.392460   
3250.000000	1.380283   
3251.000000	1.374180   
3252.000000	1.371433   
3253.000000	1.369297   
3254.000000	1.372776   
3255.000000	1.378971   
3256.000000	1.376255   
3257.000000	1.365269   
3258.000000	1.359379   
3259.000000	1.362736   
3260.000000	1.364933   
3261.000000	1.359501   
3262.000000	1.354497   
3263.000000	1.359929   
3264.000000	1.373753   
3265.000000	1.383121   
3266.000000	1.379063   
3267.000000	1.365879   
3268.000000	1.354100   
3269.000000	1.347813   
3270.000000	1.344670   
3271.000000	1.344243   
3272.000000	1.347783   
3273.000000	1.353795   
3274.000000	1.361027   
3275.000000	1.369450   
3276.000000	1.373295   
3277.000000	1.365452   
3278.000000	1.353093   
3279.000000	1.351872   
3280.000000	1.359288   
3281.000000	1.357945   
3282.000000	1.347813   
3283.000000	1.347050   
3284.000000	1.357823   
3285.000000	1.361973   
3286.000000	1.353825   
3287.000000	1.346837   
3288.000000	1.347386   
3289.000000	1.350468   
3290.000000	1.358891   
3291.000000	1.376804   
3292.000000	1.391239   
3293.000000	1.387638   
3294.000000	1.375340   
3295.000000	1.374516   
3296.000000	1.386661   
3297.000000	1.397892   
3298.000000	1.402073   
3299.000000	1.403354   
3300.000000	1.405948   
3301.000000	1.413852   
3302.000000	1.431399   
3303.000000	1.454745   
3304.000000	1.473910   
3305.000000	1.486666   
3306.000000	1.499666   
3307.000000	1.511690   
3308.000000	1.513154   
3309.000000	1.505098   
3310.000000	1.502138   
3311.000000	1.512636   
3312.000000	1.528413   
3313.000000	1.538423   
3314.000000	1.542909   
3315.000000	1.550324   
3316.000000	1.567353   
3317.000000	1.593262   
3318.000000	1.621490   
3319.000000	1.644439   
3320.000000	1.657347   
3321.000000	1.660948   
3322.000000	1.664793   
3323.000000	1.681730   
3324.000000	1.712003   
3325.000000	1.740750   
3326.000000	1.758053   
3327.000000	1.772305   
3328.000000	1.793239   
3329.000000	1.815425   
3330.000000	1.829860   
3331.000000	1.840083   
3332.000000	1.855372   
3333.000000	1.878626   
3334.000000	1.908319   
3335.000000	1.939691   
3336.000000	1.961358   
3337.000000	1.965355   
3338.000000	1.963067   
3339.000000	1.973290   
3340.000000	1.994896   
3341.000000	2.010673   
3342.000000	2.015373   
3343.000000	2.017509   
3344.000000	2.018607   
3345.000000	2.015800   
3346.000000	2.016227   
3347.000000	2.024650   
3348.000000	2.026298   
3349.000000	2.007713   
3350.000000	1.981712   
3351.000000	1.969902   
3352.000000	1.972252   
3353.000000	1.974907   
3354.000000	1.972710   
3355.000000	1.968102   
3356.000000	1.958489   
3357.000000	1.940545   
3358.000000	1.917840   
3359.000000	1.896478   
3360.000000	1.879725   
3361.000000	1.869776   
3362.000000	1.867426   
3363.000000	1.869105   
3364.000000	1.868220   
3365.000000	1.861903   
3366.000000	1.854121   
3367.000000	1.850703   
3368.000000	1.849940   
3369.000000	1.843837   
3370.000000	1.832210   
3371.000000	1.829982   
3372.000000	1.848780   
3373.000000	1.878046   
3374.000000	1.896753   
3375.000000	1.900720   
3376.000000	1.904840   
3377.000000	1.921502   
3378.000000	1.947686   
3379.000000	1.972679   
3380.000000	1.991051   
3381.000000	2.005882   
3382.000000	2.024741   
3383.000000	2.051291   
3384.000000	2.082571   
3385.000000	2.112936   
3386.000000	2.140370   
3387.000000	2.164296   
3388.000000	2.180317   
3389.000000	2.182331   
3390.000000	2.172108   
3391.000000	2.157063   
3392.000000	2.138753   
3393.000000	2.114889   
3394.000000	2.089987   
3395.000000	2.069510   
3396.000000	2.045554   
3397.000000	2.009147   
3398.000000	1.969933   
3399.000000	1.942559   
3400.000000	1.920007   
3401.000000	1.886683   
3402.000000	1.846766   
3403.000000	1.816860   
3404.000000	1.799251   
3405.000000	1.785763   
3406.000000	1.776364   
3407.000000	1.773220   
3408.000000	1.768887   
3409.000000	1.756375   
3410.000000	1.740384   
3411.000000	1.727292   
3412.000000	1.716977   
3413.000000	1.711393   
3414.000000	1.714750   
3415.000000	1.719297   
3416.000000	1.709348   
3417.000000	1.684813   
3418.000000	1.664030   
3419.000000	1.659728   
3420.000000	1.664641   
3421.000000	1.664946   
3422.000000	1.654936   
3423.000000	1.637084   
3424.000000	1.615631   
3425.000000	1.594024   
3426.000000	1.575562   
3427.000000	1.561402   
3428.000000	1.544312   
3429.000000	1.511720   
3430.000000	1.464785   
3431.000000	1.423404   
3432.000000	1.399906   
3433.000000	1.380161   
3434.000000	1.347600   
3435.000000	1.307714   
3436.000000	1.272162   
3437.000000	1.237586   
3438.000000	1.200233   
3439.000000	1.167427   
3440.000000	1.140023   
3441.000000	1.106790   
3442.000000	1.068674   
3443.000000	1.042460   
3444.000000	1.030864   
3445.000000	1.014751   
3446.000000	0.982586   
3447.000000	0.942792   
3448.000000	0.903547   
3449.000000	0.865370   
3450.000000	0.832992   
3451.000000	0.811324   
3452.000000	0.791092   
3453.000000	0.760788   
3454.000000	0.727403   
3455.000000	0.704942   
3456.000000	0.691210   
3457.000000	0.673510   
3458.000000	0.649828   
3459.000000	0.626300   
3460.000000	0.602770   
3461.000000	0.574299   
3462.000000	0.543904   
3463.000000	0.522634   
3464.000000	0.517232   
3465.000000	0.521321   
3466.000000	0.522176   
3467.000000	0.515035   
3468.000000	0.506185   
3469.000000	0.499990   
3470.000000	0.492666   
3471.000000	0.480520   
3472.000000	0.466726   
3473.000000	0.454581   
3474.000000	0.442679   
3475.000000	0.429313   
3476.000000	0.414329   
3477.000000	0.396568   
3478.000000	0.375877   
3479.000000	0.358635   
3480.000000	0.351922   
3481.000000	0.354271   
3482.000000	0.360131   
3483.000000	0.367546   
3484.000000	0.372246   
3485.000000	0.364189   
3486.000000	0.342614   
3487.000000	0.323541   
3488.000000	0.317773   
3489.000000	0.316034   
3490.000000	0.308343   
3491.000000	0.301416   
3492.000000	0.302026   
3493.000000	0.302484   
3494.000000	0.297601   
3495.000000	0.294763   
3496.000000	0.296777   
3497.000000	0.295068   
3498.000000	0.287348   
3499.000000	0.282007   
3500.000000	0.280268   
3501.000000	0.272974   
3502.000000	0.259211   
3503.000000	0.250391   
3504.000000	0.252009   
3505.000000	0.253840   
3506.000000	0.242549   
3507.000000	0.218562   
3508.000000	0.196590   
3509.000000	0.189724   
3510.000000	0.196559   
3511.000000	0.205867   
3512.000000	0.210109   
3513.000000	0.208400   
3514.000000	0.200710   
3515.000000	0.186641   
3516.000000	0.169705   
3517.000000	0.156002   
3518.000000	0.149136   
3519.000000	0.147976   
3520.000000	0.149594   
3521.000000	0.151089   
3522.000000	0.151852   
3523.000000	0.153988   
3524.000000	0.157528   
3525.000000	0.156765   
3526.000000	0.149350   
3527.000000	0.144620   
3528.000000	0.152707   
3529.000000	0.166866   
3530.000000	0.170559   
3531.000000	0.160824   
3532.000000	0.151242   
3533.000000	0.150357   
3534.000000	0.150357   
3535.000000	0.140988   
3536.000000	0.125577   
3537.000000	0.117917   
3538.000000	0.126706   
3539.000000	0.145138   
3540.000000	0.156796   
3541.000000	0.152310   
3542.000000	0.138211   
3543.000000	0.128903   
3544.000000	0.129849   
3545.000000	0.135159   
3546.000000	0.140713   
3547.000000	0.150174   
3548.000000	0.164273   
3549.000000	0.175747   
3550.000000	0.180447   
3551.000000	0.181728   
3552.000000	0.180752   
3553.000000	0.175198   
3554.000000	0.171536   
3555.000000	0.183040   
3556.000000	0.211391   
3557.000000	0.242091   
3558.000000	0.261072   
3559.000000	0.266993   
3560.000000	0.266993   
3561.000000	0.268366   
3562.000000	0.274164   
3563.000000	0.281977   
3564.000000	0.285120   
3565.000000	0.279352   
3566.000000	0.266047   
3567.000000	0.248011   
3568.000000	0.226100   
3569.000000	0.202266   
3570.000000	0.181179   
3571.000000	0.165402   
3572.000000	0.152737   
3573.000000	0.140134   
3574.000000	0.128201   
3575.000000	0.119657   
3576.000000	0.114011   
3577.000000	0.106809   
3578.000000	0.097257   
3579.000000	0.093015   
3580.000000	0.100187   
3581.000000	0.109708   
3582.000000	0.106260   
3583.000000	0.090299   
3584.000000	0.076567   
3585.000000	0.071623   
3586.000000	0.068570   
3587.000000	0.062559   
3588.000000	0.055083   
3589.000000	0.045165   
3590.000000	0.032744   
3591.000000	0.025664   
3592.000000	0.028075   
3593.000000	0.029540   
3594.000000	0.020446   
3595.000000	0.008392   
3596.000000	0.006194   
3597.000000	0.013641   
3598.000000	0.022216   
3599.000000	0.028167   
3600.000000	0.031371   

