250.5	31.5687
251	25.9401
251.5	21.443
252	20
252.5	20
253	22.2635
253.5	25.4184
254	28.4985
254.5	31.2508
255	33.7478
255.5	36.0562
256	37.6849
256.5	37.8209
257	35.9414
257.5	31.8266
258	26.7483
258.5	22.2167
259	20
259.5	20.5144
260	23.5739
260.5	27.1154
261	29.5306
261.5	29.5531
262	27.9086
262.5	25.9085
263	25.5195
263.5	27.0986
264	30.1273
264.5	33.1428
265	35.1072
265.5	35.5073
266	35.4431
266.5	36.0646
267	37.6431
267.5	39.1276
268	38.8139
268.5	35.5995
269	29.8494
269.5	23.6142
270	20
270.5	20.0914
271	24.4358
271.5	30.4364
272	35.3627
272.5	37.0685
273	35.8573
273.5	33.9596
274	33.785
274.5	36.2769
275	40.782
275.5	44.7176
276	45.038
276.5	40.2923
277	32.4261
277.5	24.4449
278	20
278.5	20.3948
279	29.3495
279.5	44.8299
280	63.9064
280.5	82.2685
281	96.7108
281.5	104.102
282	104.503
282.5	99.3805
283	91.0907
283.5	83.6493
284	78.8438
284.5	76.7011
285	75.3881
285.5	72.4132
286	65.8896
286.5	55.7008
287	43.881
287.5	33.8104
288	28.1683
288.5	28.8027
289	34.5036
289.5	43.5577
290	52.1936
290.5	57.4277
291	56.5227
291.5	50.2406
292	39.9134
292.5	28.5497
293	20.2539
293.5	20
294	27.8616
294.5	44.0716
295	66.6995
295.5	90.4536
296	110.959
296.5	123.6
297	128.129
297.5	126.063
298	120.794
298.5	115.732
299	113.687
299.5	115.447
300	120.599
300.5	127.746
301	134.393
301.5	139.108
302	141.41
302.5	142.283
303	143.482
303.5	147.309
304	155.466
304.5	168.492
305	183.559
305.5	197.502
306	206.22
306.5	207.661
307	199.989
307.5	185.826
308	170.257
308.5	158.93
309	154.525
309.5	158.08
310	167.78
310.5	178.586
311	184.732
311.5	183.491
312	176.257
312.5	166.336
313	159.077
313.5	158.356
314	166.372
314.5	179.969
315	194.3
315.5	204.635
316	209.497
316.5	208.973
317	206.68
317.5	205.793
318	209.118
318.5	215.942
319	224.105
319.5	230.956
320	234.864
320.5	234.452
321	230.373
321.5	223.503
322	215.05
322.5	207.384
323	202.923
323.5	204.196
324	211.884
324.5	226.453
325	244.697
325.5	262.13
326	273.069
326.5	276.503
327	272.766
327.5	265.067
328	258.173
328.5	256.507
329	262.09
329.5	273.906
330	289.727
330.5	306.165
331	321.432
331.5	334.522
332	345.742
332.5	355.102
333	362.409
333.5	367.266
334	368.473
334.5	366.537
335	362.248
335.5	357.328
336	353.914
336.5	354.14
337	358.597
337.5	365.971
338	374.954
338.5	383.763
339	391.493
339.5	397.868
340	403.673
340.5	409.728
341	416.457
341.5	423.614
342	430.739
342.5	437.483
343	443.858
343.5	450.217
344	457.035
344.5	464.552
345	472.589
345.5	480.856
346	489.371
346.5	498.405
347	508.29
347.5	519.306
348	530.639
348.5	540.91
349	548.583
349.5	553.373
350	555.359
350.5	555.997
351	556.687
351.5	558.268
352	559.835
352.5	559.369
353	554.475
353.5	544.858
354	530.827
354.5	514.98
355	500.279
355.5	490.029
356	484.615
356.5	482.503
357	481.241
357.5	478.348
358	472.203
358.5	462.806
359	451.466
359.5	439.587
360	428.281
360.5	417.48
361	406.548
361.5	395.024
362	383.009
362.5	371.376
363	361.092
363.5	352.961
364	345.631
364.5	336.817
365	323.157
365.5	303.81
366	278.752
366.5	250.74
367	224.335
367.5	205.595
368	196.783
368.5	196.595
369	202.469
369.5	208.438
370	210.18
370.5	204.817
371	193.604
371.5	178.836
372	164.544
372.5	152.484
373	142.864
373.5	133.835
374	124.096
374.5	113.465
375	103.574
375.5	97.5599
376	97.1484
376.5	101.206
377	107.335
377.5	111.801
378	112.279
378.5	108.022
379	101.602
379.5	96.0809
380	93.7989
380.5	94.1807
381	95.3131
381.5	94.6504
382	90.79
382.5	83.3553
383	74.2374
383.5	65.0502
384	56.9444
384.5	49.7878
385	43.4572
385.5	38.1195
386	34.5662
386.5	34.3707
387	37.4325
387.5	43.112
388	48.9463
388.5	52.3399
389	51.284
389.5	46.1517
390	38.4503
390.5	30.2236
391	23.6049
391.5	20
392	20
392.5	22.3319
393	26.5058
393.5	30.9353
394	34.2571
394.5	34.9918
395	33.3784
395.5	30.2647
396	27.7337
396.5	27.7937
397	31.3098
397.5	36.9012
398	42.0687
398.5	43.5717
399	40.4168
399.5	33.2004
400	24.8478
400.5	20
401	20
401.5	25.6651
402	37.8138
402.5	53.5164
403	68.0706
403.5	78.3711
404	81.9812
404.5	80.5435
405	76.5465
405.5	73.6241
406	73.9292
406.5	78.8022
407	86.9707
407.5	96.6234
408	105.69
408.5	112.97
409	117.853
409.5	120.575
410	121.553
410.5	120.359
411	117.205
411.5	113.02
412	110.254
412.5	111.766
413	120.573
413.5	138.3
414	160.697
414.5	182.804
415	199.278
415.5	207.721
416	207.24
416.5	203.147
417	200.673
417.5	205.649
418	219.257
418.5	240.042
419	263.652
419.5	286.029
420	303.748
420.5	316.733
421	326.026
421.5	333.633
422	341.864
422.5	351.599
423	361.8
423.5	370.505
424	374.97
424.5	374.514
425	369.813
425.5	363.229
426	358.71
426.5	360.089
427	369.028
427.5	383.055
428	399.003
428.5	412.648
429	421.265
429.5	422.448
430	417.963
430.5	409.238
431	398.867
431.5	389.757
432	384.644
432.5	384.762
433	389.963
433.5	399.425
434	409.379
434.5	416.383
435	417.264
435.5	412.277
436	403.521
436.5	395.723
437	392.058
437.5	394.846
438	401.861
438.5	410.44
439	417.278
439.5	420.825
440	420.804
440.5	418.931
441	417.132
441.5	416.234
442	415.642
442.5	414.204
443	410.445
443.5	404.187
444	395.624
444.5	386.005
445	376.822
445.5	369.217
446	362.998
446.5	357.456
447	351.587
447.5	344.899
448	337.628
448.5	330.925
449	326.027
449.5	324.213
450	324.968
450.5	326.75
451	327.878
451.5	327.562
452	325.84
452.5	323.571
453	321.66
453.5	320.372
454	319.074
454.5	316.916
455	313.504
455.5	309.941
456	307.532
456.5	307.338
457	308.83
457.5	310.667
458	310.993
458.5	308.964
459	304.751
459.5	300.653
460	298.575
460.5	299.256
461	301.126
461.5	301.934
462	299.703
462.5	294.341
463	287.274
463.5	281.849
464	281.133
464.5	287.748
465	299.394
465.5	313.559
466	326.492
466.5	335.583
467	338.706
467.5	337.058
468	332.61
468.5	328.038
469	325.646
469.5	326.242
470	328.204
470.5	328.668
471	324.1
471.5	313.334
472	297.297
472.5	278.596
473	261.646
473.5	249.503
474	242.803
474.5	238.122
475	230.948
475.5	218.735
476	202.146
476.5	184.073
477	168.495
477.5	157.083
478	148.006
478.5	136.396
479	116.823
479.5	88.5027
480	57.1246
480.5	32.0937
481	20
481.5	22.9778
482	40.5489
482.5	64.0568
483	86.5653
483.5	103.533
484	115.29
484.5	124.257
485	133.736
485.5	144.103
486	153.938
486.5	162.067
487	168.649
487.5	175.636
488	184.899
488.5	197.263
489	210.561
489.5	221.908
490	229.011
490.5	234.088
491	240.682
491.5	252.432
492	269.539
492.5	289.86
493	308.45
493.5	321.688
494	327.16
494.5	328.274
495	328.818
495.5	332.391
496	339.253
496.5	348.149
497	356.75
497.5	363.866
498	369.406
498.5	374.883
499	381.682
499.5	390.916
500	402.451
500.5	416.134
501	430.909
501.5	445.573
502	458.3
502.5	468.009
503	474.194
503.5	477.656
504	481.086
504.5	487.32
505	497.95
505.5	511.996
506	526.385
506.5	537.295
507	542.614
507.5	541.594
508	536.989
508.5	530.961
509	525.483
509.5	521.25
510	518.484
510.5	516.99
511	516.939
511.5	518.584
512	520.575
512.5	520.847
513	517.104
513.5	509.086
514	497.883
514.5	487.131
515	479.967
515.5	478.973
516	481.913
516.5	485.718
517	486.625
517.5	484.162
518	480.261
518.5	478.281
519	479.805
519.5	484.187
520	487.386
520.5	485.612
521	476.715
521.5	463.608
522	451.043
522.5	444.211
523	444.096
523.5	447.565
524	447.951
524.5	440.075
525	420.994
525.5	394.739
526	366.203
526.5	341.045
527	321.542
527.5	307.542
528	294.823
528.5	279.629
529	259.597
529.5	236.193
530	211.222
530.5	186.711
531	163.444
531.5	141.383
532	119.862
532.5	98.7604
533	78.8897
533.5	61.1239
534	46.6046
534.5	35.9992
535	28.5977
535.5	24.4508
536	22.9398
536.5	23.542
537	25.7514
537.5	28.1549
538	29.5454
538.5	28.9864
539	26.7883
539.5	23.7332
540	21.2199
540.5	20
541	20
541.5	20
542	20
542.5	20.0967
543	21.1971
543.5	23.9171
544	27.741
544.5	31.3057
545	32.6631
545.5	31.4217
546	28.4383
546.5	26.0648
547	26.2458
547.5	29.3626
548	33.4896
548.5	36.0726
549	34.7925
549.5	30.3347
550	24.6913
550.5	20.79
551	20
551.5	21.3027
552	23.5963
552.5	24.7504
553	23.602
553.5	21.4397
554	20
554.5	20
555	22.1819
555.5	26.9887
556	33.8572
556.5	42.1035
557	51.4827
557.5	61.1109
558	69.6834
558.5	74.8101
559	75.6544
559.5	71.9762
560	65.3803
560.5	58.4253
561	53.0385
561.5	49.8861
562	48.52
562.5	48.3864
563	48.7836
563.5	49.7899
564	51.8386
564.5	54.9387
565	58.7873
565.5	62.4613
566	65.1298
566.5	66.1902
567	66.1646
567.5	65.7842
568	66.1217
568.5	67.8866
569	71.5851
569.5	76.8639
570	82.7042
570.5	87.8275
571	91.5336
571.5	94.0647
572	96.8848
572.5	101.854
573	109.995
573.5	120.038
574	129.031
574.5	133.149
575	131.17
575.5	124.205
576	115.28
576.5	108.45
577	105.858
577.5	106.744
578	107.677
578.5	104.715
579	96.3522
579.5	84.0388
580	71.3255
580.5	61.5969
581	56.359
581.5	54.9398
582	54.6718
582.5	53.2289
583	49.3915
583.5	43.392
584	36.0058
584.5	28.7917
585	22.9863
585.5	20
586	20
586.5	24.3939
587	32.6541
587.5	43.2433
588	54.4378
588.5	64.5509
589	72.9285
589.5	79.8026
590	86.3859
590.5	93.5923
591	101.699
591.5	110.186
592	118.104
592.5	124.72
593	129.672
593.5	132.698
594	134.471
594.5	135.603
595	137.2
595.5	140.378
596	146.359
596.5	154.642
597	163.478
597.5	169.221
598	169.108
598.5	160.952
599	145.495
599.5	127.213
600	111.576
600.5	102.998
601	102.715
601.5	109.305
602	116.794
602.5	120.755
603	118.128
603.5	109.982
604	98.2592
604.5	86.2678
605	76.0005
605.5	68.4353
606	62.4622
606.5	57.097
607	51.5675
607.5	45.7842
608	40.0596
608.5	34.8117
609	30.3411
609.5	27.2891
610	26.0427
610.5	27.0667
611	30.5195
611.5	35.1488
612	39.4665
612.5	41.9446
613	42.208
613.5	40.6014
614	38.6977
614.5	37.5223
615	37.1763
615.5	36.4411
616	33.8819
616.5	29.0454
617	23.5025
617.5	20
618	20
618.5	22.1434
619	27.1077
619.5	31.8089
620	34.3049
620.5	34.3329
621	33.6867
621.5	34.6105
622	38.1662
622.5	43.6715
623	49.3079
623.5	53.4511
624	56.0595
624.5	59.1739
625	65.4725
625.5	77.1158
626	93.3384
626.5	111.652
627	128.956
627.5	143.321
628	154.248
628.5	162.449
629	169.607
629.5	176.382
630	182.549
630.5	187.311
631	189.36
631.5	188.862
632	186.58
632.5	184.267
633	184.078
633.5	188.191
634	197.315
634.5	210.174
635	224.601
635.5	237.149
636	245.247
636.5	246.99
637	244.586
637.5	240.797
638	239.333
638.5	242.148
639	249.984
639.5	260.487
640	271.106
640.5	279.565
641	285.91
641.5	291.245
642	297.523
642.5	305.712
643	315.568
643.5	325.298
644	333.144
644.5	337.355
645	338.927
645.5	339.488
646	341.651
646.5	346.964
647	355.892
647.5	366.382
648	375.63
648.5	380.397
649	380.596
649.5	377.436
650	373.518
650.5	371.007
651	370.046
651.5	368.202
652	362.688
652.5	350.773
653	333.872
653.5	314.422
654	295.741
654.5	279.903
655	267.669
655.5	258.129
656	249.752
656.5	241.463
657	232.549
657.5	222.677
658	211.655
658.5	200.229
659	189.792
659.5	182.331
660	178.672
660.5	178.69
661	179.355
661.5	177.46
662	170.132
662.5	158.77
663	145.61
663.5	133.509
664	123.381
664.5	114.235
665	103.927
665.5	91.5958
666	78.3654
666.5	67.3442
667	61.3216
667.5	61.4773
668	65.3468
668.5	70.0241
669	72.7567
669.5	72.8827
670	70.8948
670.5	68.5346
671	66.7218
671.5	65.9067
672	66.1341
672.5	67.8656
673	71.0841
673.5	74.7659
674	76.5606
674.5	74.5898
675	68.3683
675.5	59.7702
676	53.1153
676.5	52.4917
677	59.1839
677.5	70.2718
678	80.9678
678.5	86.7173
679	85.942
679.5	79.5349
680	71.9923
680.5	66.3474
681	63.5132
681.5	61.6315
682	57.811
682.5	50.659
683	40.9239
683.5	30.9384
684	23.399
684.5	20
685	20
685.5	20.1667
686	20.99
686.5	21.1239
687	20.4685
687.5	20
688	20.4326
688.5	23.4573
689	29.2347
689.5	36.2639
690	42.6552
690.5	46.5965
691	47.4516
691.5	45.0141
692	41.0005
692.5	36.7898
693	33.6953
693.5	32.2098
694	32.682
694.5	35.017
695	38.8738
695.5	44.0049
696	49.4717
696.5	54.3568
697	57.6455
697.5	59.3531
698	59.9632
698.5	60.8554
699	63.4293
699.5	69.1972
700	78.0116
700.5	88.9971
701	100.62
701.5	111.121
702	119.416
702.5	125.532
703	130.721
703.5	136.424
704	143.562
704.5	152.019
705	160.849
705.5	168.725
706	174.819
706.5	179.212
707	182.938
707.5	186.934
708	191.786
708.5	197.573
709	204.386
709.5	211.944
710	220.079
710.5	228.234
711	235.519
711.5	240.77
712	243.598
712.5	244.649
713	245.171
713.5	246.686
714	249.817
714.5	254.06
715	257.794
715.5	259.3
716	257.68
716.5	253.29
717	246.5
717.5	238.49
718	229.931
718.5	221.481
719	213.824
719.5	207.661
720	202.997
720.5	198.61
721	192.275
721.5	182.381
722	168.75
722.5	153.003
723	138.875
723.5	129.745
724	127.11
724.5	128.726
725	130.987
725.5	129.806
726	123.453
726.5	111.986
727	99.4318
727.5	89.347
728	84.5467
728.5	84.6304
729	88.4107
729.5	93.2154
730	97.2258
730.5	99.2937
731	99.8133
731.5	99.1927
732	97.9791
732.5	96.8845
733	96.8372
733.5	98.7939
734	103.158
734.5	109.977
735	117.462
735.5	123.639
736	126.476
736.5	126.036
737	123.004
737.5	119.25
738	116.348
738.5	115.396
739	116.219
739.5	118.454
740	121.669
740.5	124.9
741	126.623
741.5	124.546
742	117.123
742.5	102.736
743	83.8014
743.5	64.0916
744	48.9497
744.5	40.779
745	39.9407
745.5	43.0957
746	45.342
746.5	42.897
747	35.9597
747.5	27.3531
748	21.389
748.5	20
749	22.5821
749.5	26.8188
750	29.7777
750.5	30.3457
751	30.1325
751.5	31.4141
752	35.9503
752.5	42.0013
753	46.5476
753.5	45.977
754	40.2544
754.5	31.2695
755	23.3982
755.5	20
756	22.7053
756.5	30.3087
757	40.145
757.5	48.8322
758	54.2285
758.5	55.0668
759	51.9893
759.5	47.0429
760	42.935
760.5	42.1802
761	46.0367
761.5	54.1865
762	62.9777
762.5	68.3062
763	66.8362
763.5	58.8343
764	46.14
764.5	33.3694
765	23.8472
765.5	20
766	20
766.5	22.424
767	26.7374
767.5	31.8497
768	36.7272
768.5	39.6996
769	39.1829
769.5	33.6867
770	25.8869
770.5	20
771	20
771.5	20
772	22.8589
772.5	35.9419
773	51.0821
773.5	61.7212
774	66.8748
774.5	67.7496
775	67.552
775.5	69.503
776	75.5765
776.5	85.9044
777	99.4734
777.5	115.243
778	131.061
778.5	144.84
779	154.292
779.5	159.784
780	162.881
780.5	167.236
781	175.726
781.5	189.767
782	205.797
782.5	218.968
783	222.962
783.5	217.05
784	202.409
784.5	184.186
785	167.693
785.5	156.153
786	148.316
786.5	141.188
787	131.353
787.5	118.438
788	104.057
788.5	91.4987
789	82.7614
789.5	78.3051
790	75.517
790.5	71.5652
791	64.0049
791.5	53.9018
792	43.4946
792.5	36.019
793	32.8297
793.5	33.9332
794	36.6386
794.5	38.0922
795	35.7759
795.5	30.4548
796	24.1096
796.5	20
797	20
797.5	22.1886
798	27.9568
798.5	34.6218
799	39.5361
799.5	41.7846
800	41.6622
800.5	40.3586
801	39.4075
801.5	39.5014
802	40.4076
802.5	41.3825
803	41.7673
803.5	41.7024
804	41.9031
804.5	43.6389
805	47.487
805.5	53.7717
806	62.0106
806.5	71.2812
807	81.1762
807.5	91.6958
808	103.278
808.5	116.615
809	131.463
809.5	147.214
810	162.695
810.5	177.034
811	189.718
811.5	201.235
812	212.249
812.5	223.131
813	233.808
813.5	243.839
814	252.925
814.5	261.584
815	270.949
815.5	282.241
816	295.782
816.5	310.857
817	324.877
817.5	334.992
818	338.436
818.5	336.01
819	329.46
819.5	322.722
820	318.845
820.5	319.501
821	322.298
821.5	323.837
822	320.158
822.5	310.949
823	297.578
823.5	283.827
824	272.736
824.5	265.785
825	260.884
825.5	255.258
826	246.112
826.5	233.667
827	219.396
827.5	205.963
828	195.011
828.5	187.036
829	180.376
829.5	173.26
830	164.265
830.5	154.009
831	144.017
831.5	136.43
832	131.999
832.5	130.327
833	128.735
833.5	124.489
834	114.763
834.5	100.941
835	85.5212
835.5	72.5523
836	64.4333
836.5	62.1366
837	63.3539
837.5	65.1067
838	64.9917
838.5	63.0133
839	60.3981
839.5	58.9889
840	59.4163
840.5	61.1259
841	62.1764
841.5	60.7256
842	54.8641
842.5	45.3933
843	34.1233
843.5	24.5917
844	20
844.5	21.6297
845	30.068
845.5	41.0315
846	48.5475
846.5	48.5604
847	40.7296
847.5	28.7656
848	20
848.5	20
849	24.6868
849.5	34.7093
850	42.971
850.5	44.1512
851	37.9142
851.5	27.9386
852	21.1094
852.5	21.8286
853	30.4259
853.5	42.2013
854	51.8302
854.5	56.004
855	55.1265
855.5	51.7148
856	49.9229
856.5	52.1191
857	58.9953
857.5	68.8821
858	80.6227
858.5	93.1848
859	106.161
859.5	119.26
860	131.955
860.5	143.769
861	154.803
861.5	166.332
862	180.375
862.5	198.403
863	219.999
863.5	243.33
864	264.911
864.5	282.207
865	294.12
865.5	303.635
866	314.569
866.5	330.632
867	352.403
867.5	378.579
868	404.84
868.5	427.936
869	445.883
869.5	460.796
870	475.117
870.5	491.04
871	508.541
871.5	525.934
872	541.088
872.5	553.197
873	562.613
873.5	571.604
874	581.586
874.5	592.715
875	603.554
875.5	611.79
876	615.881
876.5	615.681
877	611.715
877.5	607.216
878	605.443
878.5	609.989
879	621.294
879.5	638.543
880	657.422
880.5	673.628
881	683.618
881.5	689.177
882	693.805
882.5	702.096
883	715.423
883.5	732.907
884	751.385
884.5	768.925
885	786.257
885.5	805.988
886	829.851
886.5	857.196
887	883.903
887.5	905.921
888	921.757
888.5	933.84
889	945.706
889.5	960.038
890	976.869
890.5	994.669
891	1011.99
891.5	1029.22
892	1047.85
892.5	1068.07
893	1087.67
893.5	1102.62
894	1109.94
894.5	1107.5
895	1099.6
895.5	1089.97
896	1082.07
896.5	1076.64
897	1072.83
897.5	1068.81
898	1063.34
898.5	1054.78
899	1042.48
899.5	1025.11
900	1002
900.5	975.272
901	947.502
901.5	921.433
902	897.616
902.5	874.573
903	849.829
903.5	822.609
904	795.017
904.5	771.054
905	754.64
905.5	745.888
906	740.784
906.5	733.226
907	718.338
907.5	694.09
908	660.599
908.5	622.541
909	583.099
909.5	544.917
910	508.99
910.5	476.092
911	446.123
911.5	419.187
912	395.671
912.5	374.329
913	354.049
913.5	333.391
914	311.641
914.5	288.918
915	266.447
915.5	245.48
916	227.353
916.5	211.578
917	197.572
917.5	184.418
918	171.431
918.5	158.637
919	146.603
919.5	136.212
920	129.471
920.5	127.171
921	130.039
921.5	137.049
922	144.235
922.5	146.484
923	140.196
923.5	126.009
924	107.757
924.5	92.9011
925	86.4625
925.5	89.6276
926	96.0791
926.5	98.4716
927	91.6744
927.5	77.0074
928	59.7894
928.5	47.6808
929	45.0181
929.5	52.9724
930	65.9716
930.5	79.0272
931	87.6909
931.5	90.6443
932	87.3596
932.5	80.3917
933	72.3192
933.5	65.9231
934	62.2843
934.5	60.9557
935	59.6242
935.5	56.2872
936	50.758
936.5	46.0266
937	45.5237
937.5	52.2291
938	62.8164
938.5	72.3755
939	75.2677
939.5	70.716
940	60.8396
940.5	51.0947
941	45.0211
941.5	44.1468
942	46.0614
942.5	49.5592
943	55.179
943.5	63.9066
944	75.8668
944.5	87.4609
945	93.6083
945.5	88.0558
946	72.2427
946.5	50.6343
947	31.1931
947.5	20
948	20
948.5	22.8036
949	31.0461
949.5	41.2476
950	51.1134
950.5	60.4909
951	70.0196
951.5	80.0141
952	89.8008
952.5	97.7499
953	102.517
953.5	102.761
954	99.7879
954.5	96.0499
955	94.6663
955.5	96.8339
956	102.219
956.5	108.642
957	114.033
957.5	117.849
958	121.632
958.5	126.952
959	134.155
959.5	140.723
960	143.456
960.5	140.061
961	132.299
961.5	123.436
962	117.368
962.5	115.453
963	117.23
963.5	119.786
964	121.72
964.5	123.369
965	126.203
965.5	131.02
966	136.328
966.5	139.433
967	136.855
967.5	128.759
968	116.843
968.5	104.449
969	94.6867
969.5	89.4268
970	88.5787
970.5	90.9105
971	96.2526
971.5	104.3
972	115.293
972.5	129.091
973	143.415
973.5	155.285
974	161.85
974.5	163.003
975	160.191
975.5	157.543
976	158.002
976.5	162.865
977	169.334
977.5	174.32
978	175.613
978.5	174.039
979	171.172
979.5	167.755
980	162.249
980.5	150.613
981	132.603
981.5	110.391
982	90.0285
982.5	76.686
983	73.0781
983.5	75.5483
984	78.6123
984.5	77.6375
985	72.9433
985.5	66.7534
986	61.2996
986.5	56.2819
987	49.7584
987.5	41.0937
988	32.6688
988.5	29.5668
989	33.5165
989.5	42.2503
990	48.8533
990.5	47.5803
991	37.5496
991.5	25.5702
992	20
992.5	22.7122
993	34.4847
993.5	47.5424
994	52.5265
994.5	47.6704
995	35.776
995.5	24.5918
996	20
996.5	20
997	20
997.5	20
998	22.2989
998.5	29.0441
999	37.5393
999.5	46.4465
1000	54.9811
1000.5	62.3967
1001	68.8635
1001.5	74.6555
1002	79.2533
1002.5	82.0705
1003	81.7953
1003.5	77.2489
1004	69.0168
1004.5	57.7134
1005	45.3819
1005.5	33.9201
1006	25.8379
1006.5	21.3787
1007	20
1007.5	20
1008	20
1008.5	20
1009	20
1009.5	20
1010	20.9758
1010.5	26.9911
1011	32.8717
1011.5	33.5002
1012	28.6695
1012.5	21.9899
1013	20
1013.5	20
1014	20
1014.5	20
1015	20
1015.5	20
1016	20
1016.5	21.9925
1017	23.6956
1017.5	24.5546
1018	22.7528
1018.5	20
1019	20
1019.5	20
1020	20
1020.5	20
1021	20
1021.5	20
1022	20
1022.5	20
1023	21.2965
1023.5	20
1024	20.6862
1024.5	20
1025	20
1025.5	23.5542
1026	32.6469
1026.5	45.5124
1027	58.934
1027.5	69.1682
1028	75.6138
1028.5	79.2208
1029	81.9845
1029.5	85.3511
1030	89.1139
1030.5	92.3759
1031	95.0256
1031.5	98.3986
1032	104.282
1032.5	113.569
1033	125.673
1033.5	137.917
1034	147.772
1034.5	154.123
1035	158.347
1035.5	163.342
1036	172.006
1036.5	185.274
1037	201.574
1037.5	216.33
1038	225.444
1038.5	227.831
1039	227.298
1039.5	229.817
1040	239.527
1040.5	255.441
1041	271.775
1041.5	281.688
1042	281.371
1042.5	272.329
1043	260.934
1043.5	252.916
1044	250.793
1044.5	253.83
1045	261.273
1045.5	271.62
1046	285.042
1046.5	300.817
1047	315.965
1047.5	326.049
1048	328.203
1048.5	322.931
1049	312.725
1049.5	302.428
1050	294.597
1050.5	290.293
1051	288.596
1051.5	289.434
1052	293.08
1052.5	299.911
1053	310.944
1053.5	325.355
1054	342.176
1054.5	359.683
1055	375.485
1055.5	386.962
1056	392.647
1056.5	393.742
1057	393.37
1057.5	396.415
1058	406.506
1058.5	426.805
1059	454.811
1059.5	488.193
1060	523.027
1060.5	555.885
1061	584.064
1061.5	607.553
1062	627.744
1062.5	646.535
1063	665.692
1063.5	684.923
1064	701.969
1064.5	714.679
1065	721.891
1065.5	726.461
1066	732.902
1066.5	747.73
1067	772.352
1067.5	805.772
1068	842.015
1068.5	872.682
1069	890.3
1069.5	895.228
1070	895.168
1070.5	902.574
1071	924.218
1071.5	958.623
1072	995.317
1072.5	1025.37
1073	1054.66
1073.5	1106.57
1074	1203.35
1074.5	1361.98
1075	1549.74
1075.5	1716.81
1076	1796.25
1076.5	1773.9
1077	1659.37
1077.5	1509.58
1078	1384.97
1078.5	1328.85
1079	1331.58
1079.5	1363.57
1080	1393.46
1080.5	1410.64
1081	1423.49
1081.5	1448.67
1082	1492.71
1082.5	1552.7
1083	1614.47
1083.5	1667.96
1084	1708.06
1084.5	1740.81
1085	1771.06
1085.5	1801.64
1086	1831.83
1086.5	1859.61
1087	1885.34
1087.5	1911.66
1088	1943.47
1088.5	1982.91
1089	2030.69
1089.5	2084.51
1090	2138.81
1090.5	2188.13
1091	2229.42
1091.5	2263.8
1092	2294.91
1092.5	2328.92
1093	2369.93
1093.5	2418.76
1094	2470.2
1094.5	2517.93
1095	2555.86
1095.5	2581.66
1096	2592.81
1096.5	2593.12
1097	2585.62
1097.5	2573.46
1098	2561.26
1098.5	2553.31
1099	2553.6
1099.5	2562.95
1100	2579.65
1100.5	2595.05
1101	2600
1101.5	2583.82
1102	2548.86
1102.5	2500.63
1103	2450.94
1103.5	2409.15
1104	2378.91
1104.5	2353.66
1105	2324.99
1105.5	2285.78
1106	2240.07
1106.5	2196.49
1107	2165.08
1107.5	2147.06
1108	2138.49
1108.5	2129.17
1109	2112.03
1109.5	2083.41
1110	2049.09
1110.5	2014.45
1111	1983.36
1111.5	1954.92
1112	1926.52
1112.5	1896.8
1113	1868.2
1113.5	1846.98
1114	1835.94
1114.5	1834.66
1115	1838.28
1115.5	1839.49
1116	1834.13
1116.5	1823.71
1117	1813.65
1117.5	1810
1118	1813.41
1118.5	1820.85
1119	1826.69
1119.5	1827.87
1120	1824.21
1120.5	1817.98
1121	1811.02
1121.5	1802.8
1122	1792.14
1122.5	1778.75
1123	1764.06
1123.5	1750.8
1124	1740.51
1124.5	1732.44
1125	1724.02
1125.5	1713.2
1126	1700.41
1126.5	1687.58
1127	1677.72
1127.5	1671.83
1128	1669.75
1128.5	1668.78
1129	1664.25
1129.5	1649.56
1130	1621.19
1130.5	1580.42
1131	1533.56
1131.5	1492.3
1132	1464.97
1132.5	1454.89
1133	1454.68
1133.5	1456.04
1134	1451.27
1134.5	1438.07
1135	1415.64
1135.5	1387.18
1136	1354.56
1136.5	1321.31
1137	1292.86
1137.5	1274.16
1138	1263.43
1138.5	1251.17
1139	1221.7
1139.5	1169.05
1140	1098.39
1140.5	1028.59
1141	981.383
1141.5	971.931
1142	997.342
1142.5	1036.81
1143	1069.89
1143.5	1085.65
1144	1084.51
1144.5	1072.13
1145	1058.43
1145.5	1047.57
1146	1039.18
1146.5	1029.31
1147	1012.19
1147.5	984.787
1148	948.933
1148.5	912.028
1149	884.769
1149.5	875.732
1150	886.654
1150.5	906.923
1151	923.309
1151.5	925.253
1152	911.971
1152.5	888.895
1153	868.433
1153.5	857.459
1154	856.045
1154.5	856.153
1155	847.604
1155.5	822.156
1156	778.203
1156.5	716.702
1157	649.898
1157.5	589.196
1158	545.488
1158.5	517.567
1159	499.204
1159.5	481.129
1160	459.697
1160.5	438.086
1161	422.196
1161.5	413.478
1162	405.94
1162.5	389.713
1163	358.779
1163.5	318.788
1164	284.566
1164.5	271.151
1165	278.041
1165.5	294.55
1166	303.389
1166.5	294.868
1167	267.773
1167.5	230.705
1168	194.667
1168.5	165.287
1169	140.3
1169.5	115.632
1170	89.4789
1170.5	64.4609
1171	44.5181
1171.5	32.488
1172	26.613
1172.5	24.0156
1173	21.6363
1173.5	20
1174	20
1174.5	20
1175	20
1175.5	20
1176	20
1176.5	20
1177	20
1177.5	20
1178	20.8504
1178.5	20.5665
1179	20
1179.5	20
1180	20
1180.5	20
1181	29.8141
1181.5	46.074
1182	58.6086
1182.5	59.6114
1183	48.152
1183.5	30.8565
1184	20
1184.5	22.4119
1185	37.8796
1185.5	57.6213
1186	72.5648
1186.5	79.2395
1187	80.2764
1187.5	81.4922
1188	87.0036
1188.5	97.0373
1189	108.595
1189.5	119.558
1190	130.611
1190.5	143.542
1191	158.446
1191.5	172.365
1192	181.201
1192.5	181.754
1193	173.656
1193.5	161.281
1194	149.337
1194.5	141.748
1195	139.86
1195.5	143.767
1196	149.12
1196.5	151.095
1197	144.755
1197.5	131.2
1198	115.778
1198.5	107.663
1199	110.91
1199.5	124.029
1200	136.24
1200.5	138.49
1201	126.495
1201.5	108.435
1202	94.6744
1202.5	92.6075
1203	98.9374
1203.5	103.588
1204	97.8139
1204.5	80.3256
1205	56.0771
1205.5	34.7087
1206	22.3499
1206.5	20
1207	22.186
1207.5	26.9844
1208	31.6325
1208.5	34.9426
1209	35.2854
1209.5	32.5152
1210	27.1981
1210.5	22.0877
1211	20
1211.5	20
1212	20
1212.5	20
1213	20
1213.5	20
1214	20
1214.5	20.1855
1215	20.3153
1215.5	20
1216	20
1216.5	20
1217	20
1217.5	20
1218	20
1218.5	25.0077
1219	27.3568
1219.5	23.5448
1220	20
1220.5	20
1221	21.2218
1221.5	21.6702
1222	20.8332
1222.5	20
1223	20
1223.5	20
1224	20
1224.5	20
1225	20
1225.5	20
1226	20
1226.5	20
1227	20
1227.5	20
1228	20
1228.5	20
1229	20
1229.5	20
1230	20
1230.5	20
1231	20
1231.5	20
1232	20
1232.5	20
1233	23.0039
1233.5	23.9277
1234	24.8159
1234.5	23.0914
1235	20.8088
1235.5	20
1236	21.8979
1236.5	27.8382
1237	37.6446
1237.5	49.7066
1238	61.7728
1238.5	70.4963
1239	74.2361
1239.5	72.5045
1240	67.0397
1240.5	61.6839
1241	59.4414
1241.5	60.042
1242	60.3909
1242.5	56.8318
1243	49.7546
1243.5	42.0415
1244	37.9286
1244.5	38.2102
1245	40.5918
1245.5	40.2609
1246	34.7429
1246.5	25.8911
1247	20
1247.5	20
1248	20
1248.5	24.9748
1249	32.2162
1249.5	40.4663
1250	45.4915
1250.5	46.425
1251	45.3305
1251.5	43.4307
1252	40.6723
1252.5	36.9587
1253	32.0926
1253.5	26.7114
1254	22.17
1254.5	20
1255	20
1255.5	20
1256	20
1256.5	20.8197
1257	27.3571
1257.5	35.469
1258	40.3947
1258.5	38.91
1259	32.7902
1259.5	26.5654
1260	25.7122
1260.5	31.2185
1261	40.6635
1261.5	48.7956
1262	52.2897
1262.5	51.6873
1263	50.9651
1263.5	53.0971
1264	59.1716
1264.5	67.6228
1265	78.1543
1265.5	92.7964
1266	112.251
1266.5	133.934
1267	150.796
1267.5	157.198
1268	150.241
1268.5	137.253
1269	126.674
1269.5	124.875
1270	127.243
1270.5	125.166
1271	112.244
1271.5	91.5059
1272	71.9336
1272.5	63.3081
1273	68.629
1273.5	85.4088
1274	102.523
1274.5	113.809
1275	117.84
1275.5	118.408
1276	119.053
1276.5	121.485
1277	124.819
1277.5	126.551
1278	125.353
1278.5	120.792
1279	113.452
1279.5	104.986
1280	96.4791
1280.5	88.4688
1281	80.8796
1281.5	74.1372
1282	69.6644
1282.5	69.8785
1283	77.1127
1283.5	89.1588
1284	101.475
1284.5	107.279
1285	103.137
1285.5	88.9828
1286	71.0243
1286.5	54.241
1287	41.9518
1287.5	33.2214
1288	26.7744
1288.5	22.0637
1289	20
1289.5	20.2885
1290	26.7531
1290.5	39.154
1291	56.2415
1291.5	73.4354
1292	84.5995
1292.5	83.6313
1293	70.7479
1293.5	49.6392
1294	30.2864
1294.5	20
1295	20
1295.5	24.3918
1296	26.382
1296.5	23.0318
1297	20
1297.5	20
1298	28.6632
1298.5	43.0675
1299	50.6283
1299.5	46.5838
1300	34.5862
1300.5	23.5954
1301	20
1301.5	20
1302	20
1302.5	20
1303	20
1303.5	20.4202
1304	29.9951
1304.5	39.1914
1305	42.3067
1305.5	36.2981
1306	25.9964
1306.5	20
1307	20
1307.5	20
1308	20
1308.5	20
1309	20
1309.5	20.2585
1310	21.4726
1310.5	26.0004
1311	28.7155
1311.5	28.5199
1312	27.6602
1312.5	31.4335
1313	43.3549
1313.5	64.5993
1314	91.2691
1314.5	117.75
1315	139.671
1315.5	156.793
1316	171.677
1316.5	187.995
1317	207.123
1317.5	227.332
1318	245.334
1318.5	259.633
1319	270.277
1319.5	279.178
1320	287.251
1320.5	293.62
1321	298.359
1321.5	302.886
1322	309.884
1322.5	319.916
1323	330.986
1323.5	339.5
1324	345.215
1324.5	352.558
1325	366.268
1325.5	386.941
1326	408.739
1326.5	423.217
1327	424.852
1327.5	418.767
1328	413.409
1328.5	414.385
1329	418.971
1329.5	421.499
1330	417.671
1330.5	411.914
1331	412.469
1331.5	425.3
1332	448.485
1332.5	476.707
1333	502.384
1333.5	521.653
1334	533.839
1334.5	542.371
1335	548.622
1335.5	552.828
1336	554.34
1336.5	551.254
1337	543.72
1337.5	534.828
1338	531.179
1338.5	537.436
1339	555.365
1339.5	579.712
1340	599.489
1340.5	605.169
1341	598.3
1341.5	587.706
1342	585.207
1342.5	594.226
1343	610.451
1343.5	621.781
1344	621.214
1344.5	609.906
1345	599.303
1345.5	600.463
1346	620.758
1346.5	650.593
1347	675.836
1347.5	683.684
1348	677.235
1348.5	667.308
1349	669.415
1349.5	690.421
1350	729.489
1350.5	773.403
1351	815.19
1351.5	853.751
1352	891.947
1352.5	928.012
1353	952.125
1353.5	956.579
1354	938.792
1354.5	914.087
1355	901.19
1355.5	920.373
1356	968.853
1356.5	1034.3
1357	1096.28
1357.5	1142.68
1358	1169.31
1358.5	1185.59
1359	1202.8
1359.5	1229.76
1360	1260.85
1360.5	1284.45
1361	1287.28
1361.5	1270.89
1362	1249.11
1362.5	1247.61
1363	1277.28
1363.5	1332.79
1364	1383.5
1364.5	1404.76
1365	1386.98
1365.5	1352.87
1366	1329.18
1366.5	1327.16
1367	1336.92
1367.5	1342.77
1368	1342.23
1368.5	1351.89
1369	1395.9
1369.5	1469.31
1370	1547.74
1370.5	1593.06
1371	1587.89
1371.5	1532.92
1372	1467.71
1372.5	1419.69
1373	1401.2
1373.5	1399.44
1374	1405.24
1374.5	1418.33
1375	1445.07
1375.5	1488.09
1376	1531.68
1376.5	1554.74
1377	1535.26
1377.5	1485.32
1378	1432.08
1378.5	1409.7
1379	1428
1379.5	1479.68
1380	1532.44
1380.5	1557.04
1381	1532.05
1381.5	1476.03
1382	1407.24
1382.5	1346.22
1383	1301.74
1383.5	1277.6
1384	1271.16
1384.5	1282.04
1385	1316.07
1385.5	1365.8
1386	1419.05
1386.5	1455.08
1387	1465.52
1387.5	1453.64
1388	1436.35
1388.5	1427.56
1389	1432.07
1389.5	1439.88
1390	1442.98
1390.5	1443.08
1391	1449.22
1391.5	1465.56
1392	1480.83
1392.5	1475.03
1393	1433.76
1393.5	1375.66
1394	1330.97
1394.5	1333.63
1395	1377.14
1395.5	1430.07
1396	1446.13
1396.5	1411.36
1397	1339.49
1397.5	1277.61
1398	1262.61
1398.5	1312.08
1399	1386.58
1399.5	1452.47
1400	1486.06
1400.5	1492.93
1401	1487.57
1401.5	1483.03
1402	1475.04
1402.5	1446.79
1403	1395.89
1403.5	1332.69
1404	1285.72
1404.5	1273.73
1405	1301.33
1405.5	1347.55
1406	1387.29
1406.5	1397.65
1407	1379.97
1407.5	1345.22
1408	1305.42
1408.5	1268.74
1409	1238.12
1409.5	1213.47
1410	1192.97
1410.5	1173.54
1411	1150.61
1411.5	1120.97
1412	1084.12
1412.5	1045.23
1413	1008.55
1413.5	974.247
1414	938.902
1414.5	898.99
1415	856.446
1415.5	816.839
1416	786.05
1416.5	761.879
1417	738.733
1417.5	709.231
1418	670.703
1418.5	624.852
1419	577.112
1419.5	530.635
1420	487.464
1420.5	448.527
1421	417.125
1421.5	396.669
1422	386.438
1422.5	384.251
1423	383.431
1423.5	378.05
1424	363.653
1424.5	342.048
1425	314.267
1425.5	281.362
1426	245.29
1426.5	208.726
1427	176.426
1427.5	152.101
1428	139.157
1428.5	133.349
1429	129.391
1429.5	121.653
1430	109.411
1430.5	94.2264
1431	78.7635
1431.5	64.1157
1432	50.7934
1432.5	40.3988
1433	36.2544
1433.5	41.6381
1434	52.3591
1434.5	59.605
1435	54.9436
1435.5	39.7495
1436	23.6537
1436.5	20
1437	34.2419
1437.5	61.3578
1438	83.9228
1438.5	89.7352
1439	77.1474
1439.5	57.3229
1440	45.1327
1440.5	48.7607
1441	68.5674
1441.5	103.105
1442	144.237
1442.5	185.851
1443	220.634
1443.5	245.126
1444	258.024
1444.5	265.191
1445	273.792
1445.5	288.849
1446	307.543
1446.5	325.884
1447	341.137
1447.5	354.952
1448	370.005
1448.5	385.594
1449	397.726
1449.5	400.587
1450	395.289
1450.5	386.606
1451	381.078
1451.5	380.044
1452	381.02
1452.5	380.073
1453	376.751
1453.5	374.528
1454	376.137
1454.5	380.686
1455	383.638
1455.5	381.41
1456	375.093
1456.5	370.373
1457	371.317
1457.5	378.084
1458	384.138
1458.5	383.616
1459	374.485
1459.5	362.22
1460	351.518
1460.5	343.487
1461	333.859
1461.5	317.428
1462	295.114
1462.5	272.36
1463	257.894
1463.5	254.068
1464	258.64
1464.5	267.189
1465	276.036
1465.5	282.894
1466	284.001
1466.5	274.73
1467	247.757
1467.5	207.916
1468	164.008
1468.5	130.789
1469	113.516
1469.5	110.946
1470	113.549
1470.5	113.454
1471	106.503
1471.5	95.668
1472	82.0616
1472.5	64.7305
1473	43.3649
1473.5	20
1474	20
1474.5	20
1475	20
1475.5	21.1149
1476	20
1476.5	25.1211
1477	20
1477.5	20
1478	20
1478.5	20
1479	20
1479.5	20
1480	29.5055
1480.5	20
1481	20
1481.5	20
1482	20
1482.5	20
1483	20
1483.5	25.3188
1484	20
1484.5	20
1485	20
1485.5	20
1486	20
1486.5	20
1487	20
1487.5	20
1488	20
1488.5	20
1489	20
1489.5	20
1490	20
1490.5	20
1491	33.4755
1491.5	47.8809
1492	49.9001
1492.5	35.5952
1493	20
1493.5	20
1494	20
1494.5	25.6758
1495	30.2853
1495.5	27.7113
1496	20
1496.5	20
1497	20
1497.5	20
1498	35.4458
1498.5	55.8916
1499	71.3564
1499.5	73.8428
1500	63.27
1500.5	44.6926
1501	28.6636
1501.5	20.8225
1502	22.9359
1502.5	29.0666
1503	34.1082
1503.5	35.5896
1504	34.7362
1504.5	33.3322
1505	33.0131
1505.5	34.6093
1506	39.3469
1506.5	46.5171
1507	53.8467
1507.5	55.9742
1508	50.4782
1508.5	38.1178
1509	25.6303
1509.5	20
1510	23.8034
1510.5	34.7055
1511	47.3272
1511.5	56.5558
1512	61.2202
1512.5	62.1061
1513	60.719
1513.5	57.6728
1514	53.2001
1514.5	48.5664
1515	44.5026
1515.5	40.2545
1516	34.3114
1516.5	26.3132
1517	20
1517.5	20
1518	32.4696
1518.5	55.7941
1519	82.9872
1519.5	101.909
1520	106.964
1520.5	97.6098
1521	81.8875
1521.5	70.984
1522	72.9256
1522.5	85.1992
1523	101.309
1523.5	113.243
1524	118.679
1524.5	120.598
1525	124.002
1525.5	131.115
1526	140.332
1526.5	146.604
1527	146.864
1527.5	139.357
1528	127.802
1528.5	115.975
1529	108.08
1529.5	105.903
1530	110.646
1530.5	119.836
1531	128.738
1531.5	131.184
1532	125.741
1532.5	114.479
1533	105.454
1533.5	105.844
1534	118.406
1534.5	136.505
1535	149.138
1535.5	146.353
1536	132.54
1536.5	116.376
1537	108.137
1537.5	108.791
1538	111.683
1538.5	108.886
1539	99.2784
1539.5	87.8888
1540	81.9182
1540.5	82.3505
1541	84.6644
1541.5	82.123
1542	70.9879
1542.5	54.632
1543	39.757
1543.5	34.2122
1544	41.5563
1544.5	59.5623
1545	81.4598
1545.5	98.7179
1546	106.424
1546.5	104.943
1547	99.2762
1547.5	89.3707
1548	73.1687
1548.5	50.8913
1549	32.2688
