200.000000 0.000000
200.500000 0.000000
201.000000 0.000000
201.500000 -0.767430
202.000000 -1.534861
202.500000 -2.302291
203.000000 -3.069721
203.500000 -3.837152
204.000000 -4.604582
204.500000 -5.372012
205.000000 -6.139442
205.500000 -6.906873
206.000000 -7.674303
206.500000 -5.958965
207.000000 -4.389931
207.500000 -3.065857
208.000000 -2.011570
208.500000 -1.160637
209.000000 -0.528016
209.500000 -0.099058
210.000000 0.114935
210.500000 0.098224
211.000000 -0.049749
211.500000 -0.189804
212.000000 -0.167446
212.500000 0.152616
213.000000 0.864986
213.500000 1.983741
214.000000 3.494354
214.500000 5.383799
215.000000 7.604153
215.500000 10.062564
216.000000 12.647957
216.500000 15.252274
217.000000 17.780479
217.500000 20.178551
218.000000 22.448120
218.500000 24.619041
219.000000 26.694315
219.500000 28.628273
220.000000 30.316406
220.500000 31.681040
221.000000 32.675232
221.500000 33.317852
222.000000 33.660286
222.500000 33.804527
223.000000 33.828671
223.500000 33.740978
224.000000 33.608894
224.500000 33.573624
225.000000 33.855850
225.500000 34.721420
226.000000 36.477192
226.500000 39.335106
227.000000 43.314705
227.500000 48.291161
228.000000 54.021954
228.500000 60.233986
229.000000 66.658134
229.500000 73.188171
230.000000 79.806747
230.500000 86.551849
231.000000 93.422401
231.500000 100.358719
232.000000 107.128693
232.500000 113.346115
233.000000 118.507683
233.500000 122.214294
234.000000 124.215546
234.500000 124.550552
235.000000 123.583527
235.500000 121.952042
236.000000 120.365723
236.500000 119.357544
237.000000 119.225060
237.500000 119.947685
238.000000 121.268417
238.500000 122.771996
239.000000 124.164368
239.500000 125.320862
240.000000 126.279465
240.500000 127.229347
241.000000 128.452576
241.500000 130.229797
242.000000 132.669403
242.500000 135.693207
243.000000 139.053360
243.500000 142.352188
244.000000 145.164856
244.500000 147.221832
245.000000 148.582306
245.500000 149.703629
246.000000 151.218384
246.500000 153.802246
247.000000 157.830170
247.500000 163.272583
248.000000 169.567734
248.500000 175.918930
249.000000 181.539383
249.500000 185.932938
250.000000 188.952805
250.500000 190.765747
251.000000 191.696198
251.500000 191.976395
252.000000 191.641830
252.500000 190.549942
253.000000 188.437836
253.500000 185.023819
254.000000 180.101135
254.500000 173.565002
255.000000 165.573441
255.500000 156.543793
256.000000 147.222977
256.500000 138.535568
257.000000 131.485199
257.500000 126.775803
258.000000 124.646713
258.500000 124.771591
259.000000 126.291153
259.500000 128.246140
260.000000 129.811722
260.500000 130.580093
261.000000 130.494919
261.500000 129.781982
262.000000 128.632019
262.500000 127.048225
263.000000 124.836548
263.500000 121.742294
264.000000 117.583801
264.500000 112.394646
265.000000 106.404694
265.500000 99.953789
266.000000 93.318489
266.500000 86.722404
267.000000 80.442467
267.500000 74.809425
268.000000 70.245575
268.500000 67.228767
269.000000 66.174316
269.500000 67.105148
270.000000 69.658211
270.500000 73.123474
271.000000 76.602615
271.500000 79.318008
272.000000 80.753403
272.500000 80.868294
273.000000 79.896873
273.500000 78.271454
274.000000 76.416672
274.500000 74.701073
275.000000 73.380791
275.500000 72.607147
276.000000 72.505562
276.500000 73.148239
277.000000 74.505585
277.500000 76.376411
278.000000 78.442207
278.500000 80.360229
279.000000 81.927750
279.500000 83.160179
280.000000 84.339310
280.500000 85.903221
281.000000 88.197006
281.500000 91.248116
282.000000 94.695343
282.500000 97.915184
283.000000 100.156921
283.500000 100.892395
284.000000 99.951035
284.500000 97.707024
285.000000 94.745651
285.500000 91.798904
286.000000 89.488159
286.500000 88.271088
287.000000 88.274109
287.500000 89.395996
288.000000 91.375221
288.500000 93.762955
289.000000 96.057205
289.500000 97.802155
290.000000 98.788712
290.500000 99.087700
291.000000 99.099663
291.500000 99.359108
292.000000 100.411865
292.500000 102.413139
293.000000 105.152046
293.500000 108.065834
294.000000 110.492653
294.500000 111.896172
295.000000 112.049103
295.500000 111.060036
296.000000 109.240700
296.500000 106.984680
297.000000 104.575645
297.500000 102.189583
298.000000 99.897827
298.500000 97.704849
299.000000 95.529648
299.500000 93.207848
300.000000 90.519394
300.500000 87.238655
301.000000 83.308594
301.500000 78.912415
302.000000 74.527519
302.500000 70.736404
303.000000 68.068771
303.500000 66.733154
304.000000 66.600540
304.500000 67.096619
305.000000 67.637535
305.500000 67.703651
306.000000 67.131500
306.500000 66.009590
307.000000 64.655777
307.500000 63.406265
308.000000 62.509731
308.500000 62.056602
309.000000 62.069374
309.500000 62.591949
310.000000 63.646065
310.500000 65.236656
311.000000 67.300438
311.500000 69.629631
312.000000 71.912628
312.500000 73.822739
313.000000 75.139984
313.500000 75.781448
314.000000 75.910339
314.500000 75.791786
315.000000 75.727699
315.500000 75.904800
316.000000 76.397766
316.500000 77.094315
317.000000 77.831718
317.500000 78.432182
318.000000 78.851173
318.500000 79.164848
319.000000 79.602623
319.500000 80.455536
320.000000 81.982147
320.500000 84.298424
321.000000 87.307770
321.500000 90.690865
322.000000 93.913948
322.500000 96.439903
323.000000 97.753876
323.500000 97.555634
324.000000 95.767082
324.500000 92.589630
325.000000 88.413185
325.500000 83.726059
326.000000 79.001137
326.500000 74.572411
327.000000 70.620605
327.500000 67.109055
328.000000 63.841930
328.500000 60.526379
329.000000 56.938755
329.500000 52.956924
330.000000 48.645470
330.500000 44.226776
331.000000 40.019516
331.500000 36.286953
332.000000 33.147835
332.500000 30.502480
333.000000 28.063652
333.500000 25.444578
334.000000 22.311504
334.500000 18.531221
335.000000 14.189785
335.500000 9.697263
336.000000 5.578113
336.500000 2.388409
337.000000 0.489394
337.500000 0.000000
338.000000 1.322871
338.500000 3.508974
339.000000 6.139776
339.500000 8.830978
340.000000 11.298692
340.500000 13.408130
341.000000 15.185015
341.500000 16.709545
342.000000 18.169632
342.500000 19.808479
343.000000 21.944717
343.500000 24.791224
344.000000 28.378233
344.500000 32.493011
345.000000 36.657471
345.500000 40.273090
346.000000 42.836048
346.500000 44.173882
347.000000 44.454384
347.500000 44.273174
348.000000 44.285278
348.500000 45.031124
349.000000 46.630566
349.500000 48.873615
350.000000 51.271404
350.500000 53.331436
351.000000 54.647804
351.500000 55.194168
352.000000 55.245255
352.500000 55.304455
353.000000 55.969284
353.500000 57.833324
354.000000 61.422455
354.500000 67.046799
355.000000 74.773949
355.500000 84.289719
356.000000 95.005608
356.500000 106.196213
357.000000 117.163742
357.500000 127.449509
358.000000 136.900085
358.500000 145.625641
359.000000 153.803528
359.500000 161.591766
360.000000 168.922775
360.500000 175.573730
361.000000 181.207306
361.500000 185.593094
362.000000 188.640182
362.500000 190.390549
363.000000 190.976929
363.500000 190.702057
364.000000 189.853958
364.500000 188.705078
365.000000 187.517700
365.500000 186.482910
366.000000 185.632492
366.500000 184.790756
367.000000 183.677292
367.500000 182.022156
368.000000 179.762741
368.500000 177.063828
369.000000 174.276276
369.500000 171.768082
370.000000 169.822418
370.500000 168.466003
371.000000 167.572418
371.500000 166.964920
372.000000 166.521790
372.500000 166.194794
373.000000 165.950912
373.500000 165.663361
374.000000 165.054611
374.500000 163.786255
375.000000 161.629028
375.500000 158.576782
376.000000 154.812973
376.500000 150.592270
377.000000 146.016785
377.500000 140.909912
378.000000 134.832550
378.500000 127.398010
379.000000 118.478546
379.500000 108.460625
380.000000 98.138672
380.500000 88.436417
381.000000 80.075020
381.500000 73.376778
382.000000 68.296204
382.500000 64.488663
383.000000 61.628304
383.500000 59.493145
384.000000 57.942902
384.500000 56.786785
385.000000 55.701920
385.500000 54.314484
386.000000 52.273888
386.500000 49.624763
387.000000 46.722633
387.500000 44.192360
388.000000 42.532646
388.500000 41.956383
389.000000 42.188263
389.500000 42.690968
390.000000 42.899052
390.500000 42.647911
391.000000 42.135574
391.500000 41.931278
392.000000 42.642212
392.500000 44.673496
393.000000 48.107529
393.500000 52.769753
394.000000 58.399807
394.500000 64.660706
395.000000 71.215546
395.500000 77.612907
396.000000 83.293755
396.500000 87.675179
397.000000 90.369499
397.500000 91.401649
398.000000 91.230095
398.500000 90.664078
399.000000 90.402985
399.500000 90.841507
400.000000 91.694138
400.500000 92.258606
401.000000 91.656754
401.500000 89.311584
402.000000 85.030792
402.500000 79.087639
403.000000 71.960411
403.500000 64.129425
404.000000 55.893093
404.500000 47.345890
405.000000 38.543564
405.500000 29.678097
406.000000 21.117220
406.500000 13.272934
407.000000 6.496926
407.500000 1.026795
408.000000 -3.123158
408.500000 -6.077188
409.000000 -8.022815
409.500000 -8.971595
410.000000 -8.982039
410.500000 -8.130614
411.000000 -6.534398
411.500000 -4.343991
412.000000 -1.793469
412.500000 1.013311
413.000000 4.114630
413.500000 7.548504
414.000000 11.263503
414.500000 15.110052
415.000000 18.796326
415.500000 21.954128
416.000000 24.318439
416.500000 25.859999
417.000000 26.862078
417.500000 27.850842
418.000000 29.350956
418.500000 31.706169
419.000000 34.931656
419.500000 38.772793
420.000000 42.652275
420.500000 46.006493
421.000000 48.422363
421.500000 49.827103
422.000000 50.301701
422.500000 50.241577
423.000000 50.157734
423.500000 50.521000
424.000000 51.566872
424.500000 53.274094
425.000000 55.365364
425.500000 57.298161
426.000000 58.522568
426.500000 58.559174
427.000000 57.233986
427.500000 54.650509
428.000000 51.204704
428.500000 47.390007
429.000000 43.704044
429.500000 40.436691
430.000000 37.639542
430.500000 35.128124
431.000000 32.657650
431.500000 30.037273
432.000000 27.279043
432.500000 24.631741
433.000000 22.524553
433.500000 21.333811
434.000000 21.311138
434.500000 22.489658
435.000000 24.685957
435.500000 27.535858
436.000000 30.744453
436.500000 34.238811
437.000000 38.182430
437.500000 42.753345
438.000000 48.083282
438.500000 54.174000
439.000000 60.814674
439.500000 67.567368
440.000000 73.956528
440.500000 79.634026
441.000000 84.467834
441.500000 88.469391
442.000000 91.791473
442.500000 94.665390
443.000000 97.297791
443.500000 99.863922
444.000000 102.478882
444.500000 105.127548
445.000000 107.607239
445.500000 109.631256
446.000000 110.955269
446.500000 111.504852
447.000000 111.466942
447.500000 111.313934
448.000000 111.754372
448.500000 113.385017
449.000000 116.497742
449.500000 120.855148
450.000000 125.877365
450.500000 130.804749
451.000000 134.874054
451.500000 137.599792
452.000000 138.860062
452.500000 138.856720
453.000000 137.845581
453.500000 136.040115
454.000000 133.486481
454.500000 130.069443
455.000000 125.650444
455.500000 120.264557
456.000000 114.132385
456.500000 107.651627
457.000000 101.351669
457.500000 95.755409
458.000000 91.114975
458.500000 87.407211
459.000000 84.300819
459.500000 81.308624
460.000000 77.941246
460.500000 73.997993
461.000000 69.532288
461.500000 64.759811
462.000000 59.947628
462.500000 55.272354
463.000000 50.682957
463.500000 45.969727
464.000000 40.849442
464.500000 35.132824
465.000000 28.805258
465.500000 22.091915
466.000000 15.382620
466.500000 9.183580
467.000000 4.168283
467.500000 0.945179
468.000000 0.000000
468.500000 1.914352
469.000000 6.079982
469.500000 11.835791
470.000000 18.258083
470.500000 24.342216
471.000000 29.331898
471.500000 32.885662
472.000000 35.135372
472.500000 36.585690
473.000000 37.714561
473.500000 38.876801
474.000000 40.187355
474.500000 41.586788
475.000000 42.928295
475.500000 44.125103
476.000000 45.176395
476.500000 46.189087
477.000000 47.330555
477.500000 48.799164
478.000000 50.812347
478.500000 53.608479
479.000000 57.375893
479.500000 62.099892
480.000000 67.505707
480.500000 73.064980
481.000000 78.186371
481.500000 82.346230
482.000000 85.379585
482.500000 87.436676
483.000000 88.957260
483.500000 90.420670
484.000000 92.206009
484.500000 94.451797
485.000000 97.105560
485.500000 100.032318
486.000000 103.155441
486.500000 106.510887
487.000000 110.256714
487.500000 114.632957
488.000000 119.921135
488.500000 126.405937
489.000000 134.348663
489.500000 143.942505
490.000000 155.088974
490.500000 167.405502
491.000000 180.210327
491.500000 192.735764
492.000000 204.310089
492.500000 214.625122
493.000000 223.729858
493.500000 231.940842
494.000000 239.635147
494.500000 247.025604
495.000000 254.095352
495.500000 260.696716
496.000000 266.646698
496.500000 271.812805
497.000000 276.176697
497.500000 279.837219
498.000000 283.005219
498.500000 285.983490
499.000000 289.190491
499.500000 293.106781
500.000000 298.197205
500.500000 304.687744
501.000000 312.465912
501.500000 321.050873
502.000000 329.723907
502.500000 337.862549
503.000000 345.117188
503.500000 351.527405
504.000000 357.358093
504.500000 362.947632
505.000000 368.478516
505.500000 373.954102
506.000000 379.260010
506.500000 384.305786
507.000000 389.100769
507.500000 393.797913
508.000000 398.602539
508.500000 403.701691
509.000000 409.221649
509.500000 415.293762
510.000000 421.968445
510.500000 429.212006
511.000000 436.834198
511.500000 444.450562
512.000000 451.533386
512.500000 457.532806
513.000000 462.120392
513.500000 465.237549
514.000000 467.040131
514.500000 467.733093
515.000000 467.452789
515.500000 466.190033
516.000000 463.834442
516.500000 460.346405
517.000000 455.899628
517.500000 450.910858
518.000000 445.856842
518.500000 441.068359
519.000000 436.638092
519.500000 432.396057
520.000000 428.056213
520.500000 423.336945
521.000000 418.132111
521.500000 412.422150
522.000000 406.210541
522.500000 399.475433
523.000000 392.174683
523.500000 384.323456
524.000000 376.113708
524.500000 367.961304
525.000000 360.418060
525.500000 353.933075
526.000000 348.699249
526.500000 344.679504
527.000000 341.733490
527.500000 339.689117
528.000000 338.496674
528.500000 338.229187
529.000000 338.958771
529.500000 340.547424
530.000000 342.576508
530.500000 344.474487
531.000000 345.693268
531.500000 345.959229
532.000000 345.371460
532.500000 344.338959
533.000000 343.399536
533.500000 342.999268
534.000000 343.417450
534.500000 344.687408
535.000000 346.734406
535.500000 349.467621
536.000000 352.867554
536.500000 356.956848
537.000000 361.797882
537.500000 367.418640
538.000000 373.825867
538.500000 381.014160
539.000000 388.980499
539.500000 397.502716
540.000000 406.168793
540.500000 414.343170
541.000000 421.262634
541.500000 426.241089
542.000000 429.001587
542.500000 429.800049
543.000000 429.318970
543.500000 428.355347
544.000000 427.456726
544.500000 426.771942
545.000000 426.033234
545.500000 424.810608
546.000000 422.720520
546.500000 419.649384
547.000000 415.718140
547.500000 411.164734
548.000000 406.228149
548.500000 401.113922
549.000000 396.128448
549.500000 391.726135
550.000000 388.488617
550.500000 386.842316
551.000000 386.889801
551.500000 388.196259
552.000000 390.071655
552.500000 391.825226
553.000000 393.187927
553.500000 394.404083
554.000000 396.132385
554.500000 398.891785
555.000000 402.684448
555.500000 406.833893
556.000000 410.414398
556.500000 412.601379
557.000000 413.193939
557.500000 412.625336
558.000000 411.804871
558.500000 411.555634
559.000000 412.354584
559.500000 414.165741
560.000000 416.557098
560.500000 418.944946
561.000000 420.890137
561.500000 422.122803
562.000000 422.464996
562.500000 421.817383
563.000000 420.143921
563.500000 417.468323
564.000000 413.972229
564.500000 409.952972
565.000000 405.755127
565.500000 401.534485
566.000000 397.233398
566.500000 392.494598
567.000000 386.936371
567.500000 380.293610
568.000000 372.653870
568.500000 364.384460
569.000000 356.162689
569.500000 348.664551
570.000000 342.446930
570.500000 337.733856
571.000000 334.514832
571.500000 332.516388
572.000000 331.311066
572.500000 330.548492
573.000000 330.036560
573.500000 329.749786
574.000000 329.763092
574.500000 330.214233
575.000000 331.111359
575.500000 332.376373
576.000000 333.962524
576.500000 335.917786
577.000000 338.359955
577.500000 341.388275
578.000000 345.003204
578.500000 348.840179
579.000000 352.249603
579.500000 354.400116
580.000000 354.710968
580.500000 353.003540
581.000000 349.660461
581.500000 345.458923
582.000000 341.237946
582.500000 337.497437
583.000000 334.282593
583.500000 331.301605
584.000000 328.207764
584.500000 324.868927
585.000000 321.380737
585.500000 318.033844
586.000000 315.106567
586.500000 312.731812
587.000000 310.943451
587.500000 309.847656
588.000000 309.780182
588.500000 311.203461
589.000000 314.491089
589.500000 319.523499
590.000000 325.625031
590.500000 331.620636
591.000000 336.374176
591.500000 339.083527
592.000000 339.770386
592.500000 338.934052
593.000000 337.284485
593.500000 335.288910
594.000000 332.992828
594.500000 330.111023
595.000000 326.483215
595.500000 322.338623
596.000000 318.374969
596.500000 315.402069
597.000000 314.018951
597.500000 314.306549
598.000000 315.946533
598.500000 318.513855
599.000000 321.845673
599.500000 326.148376
600.000000 331.788635
600.500000 338.948883
601.000000 347.292786
601.500000 355.885773
602.000000 363.585022
602.500000 369.473907
603.000000 373.186066
603.500000 374.875916
604.000000 375.093201
604.500000 374.254089
605.000000 372.549133
605.500000 370.021423
606.000000 366.752747
606.500000 363.062469
607.000000 359.482605
607.500000 356.579865
608.000000 354.635101
608.500000 353.522400
609.000000 352.761749
609.500000 351.852234
610.000000 350.595337
610.500000 349.182953
611.000000 348.038910
611.500000 347.549561
612.000000 347.793427
612.500000 348.569733
613.000000 349.477112
613.500000 350.177887
614.000000 350.556976
614.500000 350.760315
615.000000 350.973572
615.500000 351.264862
616.000000 351.504333
616.500000 351.422302
617.000000 350.763336
617.500000 349.529816
618.000000 347.934265
618.500000 346.322266
619.000000 344.941895
619.500000 343.845886
620.000000 342.770599
620.500000 341.322754
621.000000 339.132019
621.500000 336.185699
622.000000 332.732361
622.500000 329.227264
623.000000 326.068207
623.500000 323.455444
624.000000 321.311157
624.500000 319.417999
625.000000 317.520203
625.500000 315.580780
626.000000 313.750336
626.500000 312.273560
627.000000 311.259735
627.500000 310.620148
628.000000 310.075500
628.500000 309.288086
629.000000 308.074951
629.500000 306.592346
630.000000 305.159973
630.500000 304.103546
631.000000 303.492188
631.500000 303.134521
632.000000 302.636322
632.500000 301.724518
633.000000 300.412476
633.500000 299.041107
634.000000 297.948517
634.500000 297.314972
635.000000 296.876953
635.500000 296.095734
636.000000 294.398682
636.500000 291.589355
637.000000 287.944214
637.500000 284.160278
638.000000 280.930145
638.500000 278.685455
639.000000 277.316345
639.500000 276.404144
640.000000 275.466156
640.500000 274.205200
641.000000 272.582153
641.500000 270.720734
642.000000 268.656250
642.500000 266.223511
643.000000 263.164917
643.500000 259.345428
644.000000 254.864655
644.500000 250.155273
645.000000 245.756317
645.500000 242.074738
646.000000 239.125595
646.500000 236.617935
647.000000 233.988083
647.500000 230.836823
648.000000 226.999619
648.500000 222.745880
649.000000 218.488281
649.500000 214.684921
650.000000 211.636154
650.500000 209.502686
651.000000 208.180161
651.500000 207.502899
652.000000 207.217224
652.500000 206.954834
653.000000 206.280548
653.500000 204.789108
654.000000 202.211624
654.500000 198.467392
655.000000 193.720520
655.500000 188.236542
656.000000 182.272980
656.500000 176.077194
657.000000 169.800568
657.500000 163.564362
658.000000 157.438538
658.500000 151.515045
659.000000 145.730728
659.500000 139.968124
660.000000 134.057983
660.500000 128.034439
661.000000 122.111557
661.500000 116.765091
662.000000 112.499336
662.500000 109.659683
663.000000 108.104019
663.500000 107.321220
664.000000 106.564041
664.500000 105.219177
665.000000 103.030693
665.500000 100.141106
666.000000 96.913795
666.500000 93.653824
667.000000 90.385536
667.500000 86.850052
668.000000 82.690826
668.500000 77.808441
669.000000 72.402885
669.500000 66.959320
670.000000 62.056229
670.500000 58.137070
671.000000 55.346527
671.500000 53.637413
672.000000 52.939800
672.500000 53.252296
673.000000 54.676044
673.500000 57.309902
674.000000 60.985947
674.500000 65.183136
675.000000 69.051956
675.500000 71.831879
676.000000 73.080513
676.500000 73.082352
677.000000 72.608566
677.500000 72.689476
678.000000 73.859497
678.500000 76.020340
679.000000 78.426918
679.500000 80.140884
680.000000 80.461395
680.500000 79.311203
681.000000 77.024582
681.500000 74.122581
682.000000 71.097076
682.500000 68.262337
683.000000 65.920349
683.500000 64.452805
684.000000 64.403412
684.500000 66.059875
685.000000 69.258110
685.500000 73.194817
686.000000 76.647552
686.500000 78.467186
687.000000 78.079468
687.500000 75.841644
688.000000 72.731438
688.500000 70.000137
689.000000 68.525528
689.500000 68.635857
690.000000 69.989632
690.500000 72.112488
691.000000 74.541634
691.500000 76.930397
692.000000 79.027405
692.500000 80.723442
693.000000 81.993362
693.500000 83.046890
694.000000 84.423714
694.500000 86.851189
695.000000 90.990692
695.500000 96.983063
696.000000 104.338234
696.500000 111.939857
697.000000 118.586952
697.500000 123.367111
698.000000 126.116013
698.500000 127.329491
699.000000 127.942383
699.500000 128.872559
700.000000 130.675934
700.500000 133.526520
701.000000 137.346359
701.500000 142.035202
702.000000 147.479141
702.500000 153.490341
703.000000 159.708832
703.500000 165.636490
704.000000 170.870285
704.500000 175.274841
705.000000 179.092819
705.500000 182.753891
706.000000 186.638107
706.500000 190.783218
707.000000 194.880402
707.500000 198.424194
708.000000 201.087082
708.500000 202.853241
709.000000 204.005737
709.500000 204.900314
710.000000 205.894135
710.500000 207.211868
711.000000 209.053268
711.500000 211.606491
712.000000 215.085297
712.500000 219.548004
713.000000 224.700424
713.500000 229.956406
714.000000 234.615479
714.500000 238.129166
715.000000 240.245834
715.500000 241.016068
716.000000 240.573593
716.500000 238.950623
717.000000 236.137177
717.500000 232.122055
718.000000 227.108475
718.500000 221.421921
719.000000 215.444244
719.500000 209.271210
720.000000 202.736923
720.500000 195.440689
721.000000 187.190674
721.500000 178.140640
722.000000 168.922745
722.500000 160.314102
723.000000 152.929459
723.500000 146.827286
724.000000 141.582291
724.500000 136.395706
725.000000 130.748199
725.500000 124.630226
726.000000 118.631897
726.500000 113.541573
727.000000 110.025764
727.500000 108.271576
728.000000 107.977608
728.500000 108.585106
729.000000 109.745697
729.500000 111.407135
730.000000 113.720604
730.500000 116.762016
731.000000 120.342651
731.500000 124.025116
732.000000 127.462318
732.500000 130.643707
733.000000 134.030609
733.500000 138.222290
734.000000 143.597595
734.500000 149.917206
735.000000 156.449738
735.500000 162.254181
736.000000 166.737305
736.500000 169.881805
737.000000 172.375412
737.500000 174.974716
738.000000 178.183960
738.500000 181.848282
739.000000 185.333130
739.500000 187.707352
740.000000 188.217804
740.500000 186.436554
741.000000 182.444366
741.500000 176.541992
742.000000 169.158401
742.500000 160.757584
743.000000 151.809158
743.500000 142.802368
744.000000 134.143829
744.500000 126.099464
745.000000 118.687340
745.500000 111.719894
746.000000 104.853989
746.500000 97.913620
747.000000 90.994400
747.500000 84.490219
748.000000 78.874268
748.500000 74.522285
749.000000 71.433098
749.500000 69.196457
750.000000 67.025681
750.500000 64.198006
751.000000 60.246044
751.500000 55.169315
752.000000 49.494190
752.500000 44.096798
753.000000 39.968044
753.500000 37.802124
754.000000 37.917599
754.500000 40.030403
755.000000 43.483692
755.500000 47.333496
756.000000 50.731628
756.500000 52.958397
757.000000 53.658081
757.500000 52.776012
758.000000 50.508995
758.500000 47.372303
759.000000 43.986755
759.500000 40.987221
760.000000 38.804695
760.500000 37.619534
761.000000 37.120522
761.500000 36.665791
762.000000 35.481228
762.500000 33.246361
763.000000 30.110500
763.500000 26.849241
764.000000 24.634748
764.500000 24.547050
765.000000 27.041557
765.500000 31.729597
766.000000 37.538254
766.500000 43.065071
767.000000 47.196022
767.500000 49.322392
768.000000 49.654594
768.500000 48.799706
769.000000 47.639584
769.500000 46.891239
770.000000 47.148441
770.500000 48.818214
771.000000 52.139343
771.500000 57.201694
772.000000 63.844276
772.500000 71.622665
773.000000 79.742691
773.500000 87.341904
774.000000 93.751740
774.500000 98.716873
775.000000 102.304672
775.500000 104.778847
776.000000 106.399994
776.500000 107.143669
777.000000 106.701004
777.500000 104.668221
778.000000 100.808815
778.500000 95.187775
779.000000 88.167084
779.500000 80.335892
780.000000 72.398766
780.500000 64.891251
781.000000 58.140213
781.500000 52.252544
782.000000 47.191784
782.500000 42.720474
783.000000 38.620106
783.500000 34.732578
784.000000 31.012657
784.500000 27.522861
785.000000 24.381077
785.500000 21.632156
786.000000 19.189064
786.500000 16.764725
787.000000 14.041980
787.500000 10.794485
788.000000 7.125401
788.500000 3.397566
789.000000 0.172358
789.500000 -2.087685
790.000000 -3.172672
790.500000 -3.263187
791.000000 -2.658347
791.500000 -1.582903
792.000000 0.000000
792.500000 2.079922
793.000000 5.140840
793.500000 9.064394
794.000000 13.320356
794.500000 17.103371
795.000000 19.808983
795.500000 21.225117
796.000000 21.771393
796.500000 22.201221
797.000000 23.346081
797.500000 25.504734
798.000000 28.500431
798.500000 31.780785
799.000000 34.778088
799.500000 37.146057
800.000000 38.928879
800.500000 40.327610
801.000000 41.510406
801.500000 42.501167
802.000000 43.236095
802.500000 43.710018
803.000000 44.181595
803.500000 45.080383
804.000000 46.802532
804.500000 49.376373
805.000000 52.415272
805.500000 55.115532
806.000000 56.805058
806.500000 57.248337
807.000000 56.887817
807.500000 56.553001
808.000000 57.167606
808.500000 59.299641
809.000000 63.041763
809.500000 68.012291
810.000000 73.795677
810.500000 80.137085
811.000000 86.869431
811.500000 93.903976
812.000000 101.003723
812.500000 107.760452
813.000000 113.635742
813.500000 118.274208
814.000000 121.545280
814.500000 123.634758
815.000000 124.953590
815.500000 125.973701
816.000000 127.039902
816.500000 128.306671
817.000000 129.807739
817.500000 131.486694
818.000000 133.320023
818.500000 135.400253
819.000000 137.884003
819.500000 140.894852
820.000000 144.402176
820.500000 148.282135
821.000000 152.296967
821.500000 156.255142
822.000000 160.017761
822.500000 163.492523
823.000000 166.580856
823.500000 169.231827
824.000000 171.405853
824.500000 173.204697
825.000000 174.883560
825.500000 176.812561
826.000000 179.222107
826.500000 182.150909
827.000000 185.494202
827.500000 189.103729
828.000000 192.899033
828.500000 197.124054
829.000000 202.192871
829.500000 208.509018
830.000000 216.258987
830.500000 225.407166
831.000000 235.625748
831.500000 246.510681
832.000000 257.650696
832.500000 268.837463
833.000000 280.017426
833.500000 291.315582
834.000000 302.918732
834.500000 315.062103
835.000000 327.995453
835.500000 341.899811
836.000000 356.872864
836.500000 372.865021
837.000000 389.640747
837.500000 406.653564
838.000000 423.126831
838.500000 438.266785
839.000000 451.555481
839.500000 462.931122
840.000000 472.829010
840.500000 481.966919
841.000000 490.852905
841.500000 499.485809
842.000000 507.296661
842.500000 513.478699
843.000000 517.402527
843.500000 518.987488
844.000000 518.704956
844.500000 517.270081
845.000000 515.205933
845.500000 512.573914
846.000000 509.043091
846.500000 504.161835
847.000000 497.844025
847.500000 490.569366
848.000000 483.313232
848.500000 477.128601
849.000000 472.788910
849.500000 470.522339
850.000000 469.988281
850.500000 470.621826
851.000000 472.016876
851.500000 474.157379
852.000000 477.293579
852.500000 481.608459
853.000000 486.956085
853.500000 492.752655
854.000000 498.199219
854.500000 502.684875
855.000000 506.135651
855.500000 508.979858
856.000000 511.822174
856.500000 514.923706
857.000000 518.046326
857.500000 520.591919
858.000000 521.959778
858.500000 521.947937
859.000000 520.962036
859.500000 519.622192
860.000000 518.321899
860.500000 516.928040
861.000000 514.902283
861.500000 511.592834
862.000000 506.852051
862.500000 501.278412
863.000000 496.082764
863.500000 492.476776
864.000000 491.236267
864.500000 492.227570
865.000000 494.645935
865.500000 497.399689
866.000000 499.730377
866.500000 501.466644
867.000000 503.049988
867.500000 505.169800
868.000000 508.358093
868.500000 512.615723
869.000000 517.451172
869.500000 522.063416
870.000000 525.536499
870.500000 527.129028
871.000000 526.304626
871.500000 522.914490
872.000000 517.126526
872.500000 509.549896
873.000000 501.081207
873.500000 492.858032
874.000000 485.966736
874.500000 481.091705
875.000000 478.352295
875.500000 477.316254
876.000000 477.248840
876.500000 477.355347
877.000000 477.251312
877.500000 477.052399
878.000000 477.400177
878.500000 479.080017
879.000000 482.816742
879.500000 488.686279
880.000000 496.116638
880.500000 503.896973
881.000000 510.716919
881.500000 515.459290
882.000000 517.751648
882.500000 517.908325
883.000000 516.765076
883.500000 515.271484
884.000000 514.096130
884.500000 513.537476
885.000000 513.534851
885.500000 513.884338
886.000000 514.264526
886.500000 514.419495
887.000000 514.144043
887.500000 513.382813
888.000000 512.263611
888.500000 511.214752
889.000000 510.798309
889.500000 511.542969
890.000000 513.585022
890.500000 516.598816
891.000000 519.845825
891.500000 522.391541
892.000000 523.555298
892.500000 523.053345
893.000000 520.978516
893.500000 517.583435
894.000000 513.247803
894.500000 508.243164
895.000000 502.788147
895.500000 497.121399
896.000000 491.575256
896.500000 486.515625
897.000000 482.111816
897.500000 478.343658
898.000000 474.961639
898.500000 471.597748
899.000000 467.842346
899.500000 463.416656
900.000000 458.217285
900.500000 452.331329
901.000000 446.072540
901.500000 439.872284
902.000000 434.137817
902.500000 429.190582
903.000000 425.159302
903.500000 421.928497
904.000000 419.148621
904.500000 416.410126
905.000000 413.457550
905.500000 410.337891
906.000000 407.413086
906.500000 405.313507
907.000000 404.743225
907.500000 406.177338
908.000000 409.606628
908.500000 414.534760
909.000000 419.972534
909.500000 424.843811
910.000000 428.162262
910.500000 429.311310
911.000000 428.020111
911.500000 424.497803
912.000000 419.242462
912.500000 413.042847
913.000000 406.704803
913.500000 400.824982
914.000000 395.491821
914.500000 390.241241
915.000000 384.197632
915.500000 376.542908
916.000000 366.990204
916.500000 355.995178
917.000000 344.717285
917.500000 334.431091
918.000000 326.105896
918.500000 320.055725
919.000000 316.048584
919.500000 313.455261
920.000000 311.749908
920.500000 310.645538
921.000000 310.140900
921.500000 310.427124
922.000000 311.833557
922.500000 314.541260
923.000000 318.559448
923.500000 323.712311
924.000000 329.572021
924.500000 335.505432
925.000000 340.766663
925.500000 344.683594
926.000000 346.652008
926.500000 346.375824
927.000000 343.834198
927.500000 339.357513
928.000000 333.423035
928.500000 326.543549
929.000000 319.122284
929.500000 311.311859
930.000000 303.083801
930.500000 294.392944
931.000000 285.370880
931.500000 276.375488
932.000000 268.028259
932.500000 260.993958
933.000000 255.954086
933.500000 253.425842
934.000000 253.841675
934.500000 257.082642
935.000000 262.773529
935.500000 269.986938
936.000000 277.531342
936.500000 284.144226
937.000000 289.093231
937.500000 292.216858
938.000000 293.956116
938.500000 294.944153
939.000000 295.568268
939.500000 295.761505
940.000000 295.043762
940.500000 292.879181
941.000000 288.999146
941.500000 283.617981
942.000000 277.233307
942.500000 270.432617
943.000000 263.627167
943.500000 257.141541
944.000000 251.370361
944.500000 246.951096
945.000000 244.672241
945.500000 245.070435
946.000000 248.112625
946.500000 252.940369
947.000000 258.349487
947.500000 263.212280
948.000000 267.164703
948.500000 270.661804
949.000000 274.661652
949.500000 279.861267
950.000000 286.342377
950.500000 293.338806
951.000000 299.732697
951.500000 304.543762
952.000000 307.318939
952.500000 308.112518
953.000000 307.247833
953.500000 305.027802
954.000000 301.554840
954.500000 296.829315
955.000000 290.840942
955.500000 283.664154
956.000000 275.308075
956.500000 265.641541
957.000000 254.298935
957.500000 241.035141
958.000000 225.929581
958.500000 209.772446
959.000000 193.966064
959.500000 180.394470
960.000000 170.500244
960.500000 164.908218
961.000000 163.111649
961.500000 163.850052
962.000000 165.701874
962.500000 167.709290
963.000000 169.664902
963.500000 171.875916
964.000000 174.697296
964.500000 178.144547
965.000000 181.805069
965.500000 185.184479
966.000000 187.969971
966.500000 190.167831
967.000000 191.859375
967.500000 193.038223
968.000000 193.269363
968.500000 191.970581
969.000000 188.675842
969.500000 183.516968
970.000000 177.070618
970.500000 170.320313
971.000000 164.185150
971.500000 159.238220
972.000000 155.225693
972.500000 151.473755
973.000000 147.046173
973.500000 141.233444
974.000000 133.837112
974.500000 125.335091
975.000000 116.501427
975.500000 108.034821
976.000000 100.114227
976.500000 92.472961
977.000000 84.575119
977.500000 76.171913
978.000000 67.320740
978.500000 58.446648
979.000000 49.982330
979.500000 42.244904
980.000000 35.227028
980.500000 28.949265
981.000000 23.510885
981.500000 19.173019
982.000000 16.175293
982.500000 14.742938
983.000000 14.941252
983.500000 16.686535
984.000000 19.719353
984.500000 23.741638
985.000000 28.440626
985.500000 33.563969
986.000000 39.027004
986.500000 44.889915
987.000000 51.177921
987.500000 57.625343
988.000000 63.574402
988.500000 68.292213
989.000000 71.350540
989.500000 73.031761
990.000000 74.205513
990.500000 76.057144
991.000000 79.324303
991.500000 84.052170
992.000000 89.570953
992.500000 95.065826
993.000000 99.911453
993.500000 104.126984
994.000000 108.212349
994.500000 112.901917
995.000000 118.589493
995.500000 125.298271
996.000000 132.674377
996.500000 140.306320
997.000000 147.934494
997.500000 155.577301
998.000000 163.435181
998.500000 171.661331
999.000000 180.095078
999.500000 188.243927
1000.000000 195.621338
1000.500000 202.130920
1001.000000 208.239426
1001.500000 214.813812
1002.000000 222.607330
1002.500000 231.821487
1003.000000 241.873184
1003.500000 251.969223
1004.000000 261.594543
1004.500000 270.971741
1005.000000 280.855591
1005.500000 292.010681
1006.000000 304.489105
1006.500000 317.492432
1007.000000 329.856232
1007.500000 340.774506
1008.000000 350.259583
1008.500000 359.031586
1009.000000 367.993134
1009.500000 377.603302
1010.000000 387.674438
1010.500000 397.604736
1011.000000 406.772949
1011.500000 414.955566
1012.000000 422.300751
1012.500000 429.089935
1013.000000 435.464355
1013.500000 441.425690
1014.000000 446.890167
1014.500000 451.850769
1015.000000 456.442413
1015.500000 460.959290
1016.000000 465.556732
1016.500000 470.168701
1017.000000 474.445129
1017.500000 477.973755
1018.000000 480.558899
1018.500000 482.511353
1019.000000 484.582886
1019.500000 487.611023
1020.000000 492.108917
1020.500000 497.875885
1021.000000 504.095917
1021.500000 509.804047
1022.000000 514.482422
1022.500000 518.209778
1023.000000 521.596313
1023.500000 525.262390
1024.000000 529.461853
1024.500000 534.000061
1025.000000 538.648010
1025.500000 543.485229
1026.000000 548.910950
1026.500000 555.431519
1027.000000 563.146240
1027.500000 571.565369
1028.000000 579.734314
1028.500000 586.923035
1029.000000 592.909973
1029.500000 598.248413
1030.000000 603.935425
1030.500000 610.991028
1031.000000 619.774048
1031.500000 629.946777
1032.000000 640.532715
1032.500000 650.275330
1033.000000 658.208557
1033.500000 664.090271
1034.000000 668.432739
1034.500000 672.134338
1035.000000 675.976074
1035.500000 680.102234
1036.000000 683.984009
1036.500000 686.970154
1037.000000 688.789673
1037.500000 689.784668
1038.000000 690.702515
1038.500000 692.243286
1039.000000 694.406372
1039.500000 696.618591
1040.000000 698.083862
1040.500000 698.481628
1041.000000 698.069031
1041.500000 697.819275
1042.000000 698.869263
1042.500000 702.072266
1043.000000 707.595276
1043.500000 714.940247
1044.000000 723.188965
1044.500000 731.179626
1045.000000 737.987366
1045.500000 742.961731
1046.000000 745.969788
1046.500000 747.036011
1047.000000 746.256042
1047.500000 743.724487
1048.000000 739.748474
1048.500000 735.019653
1049.000000 730.549072
1049.500000 727.492126
1050.000000 726.749756
1050.500000 728.613220
1051.000000 732.656921
1051.500000 738.110107
1052.000000 744.291931
1052.500000 750.967224
1053.000000 758.286133
1053.500000 766.695313
1054.000000 776.449707
1054.500000 787.537537
1055.000000 799.455017
1055.500000 811.407104
1056.000000 822.418823
1056.500000 831.512390
1057.000000 838.007385
1057.500000 841.731750
1058.000000 843.289856
1058.500000 843.752197
1059.000000 844.467407
1059.500000 846.552063
1060.000000 850.664063
1060.500000 856.581848
1061.000000 863.480469
1061.500000 870.232605
1062.000000 875.832031
1062.500000 879.552307
1063.000000 880.985535
1063.500000 880.203857
1064.000000 877.560242
1064.500000 873.628723
1065.000000 869.084229
1065.500000 864.705872
1066.000000 860.996338
1066.500000 858.146362
1067.000000 855.898621
1067.500000 853.800537
1068.000000 851.384460
1068.500000 848.593201
1069.000000 845.927185
1069.500000 844.428223
1070.000000 845.276978
1070.500000 849.416199
1071.000000 857.198059
1071.500000 868.208618
1072.000000 881.352844
1072.500000 894.968506
1073.000000 907.465942
1073.500000 917.711853
1074.000000 925.356567
1074.500000 930.790222
1075.000000 934.955688
1075.500000 938.892883
1076.000000 943.220032
1076.500000 947.952271
1077.000000 952.568787
1077.500000 956.276489
1078.000000 958.218994
1078.500000 957.797668
1079.000000 954.770569
1079.500000 949.414368
1080.000000 942.409607
1080.500000 934.687744
1081.000000 926.942444
1081.500000 919.397400
1082.000000 911.684448
1082.500000 903.227539
1083.000000 893.446472
1083.500000 882.176941
1084.000000 869.602844
1084.500000 856.144409
1085.000000 842.313354
1085.500000 828.700684
1086.000000 816.118225
1086.500000 805.479065
1087.000000 797.605103
1087.500000 792.680481
1088.000000 790.234070
1088.500000 789.148071
1089.000000 788.166077
1089.500000 786.308960
1090.000000 783.163025
1090.500000 778.859192
1091.000000 773.828857
1091.500000 768.786499
1092.000000 764.380615
1092.500000 761.129395
1093.000000 758.983459
1093.500000 757.503235
1094.000000 755.884949
1094.500000 753.470459
1095.000000 749.924988
1095.500000 745.683594
1096.000000 741.477844
1096.500000 738.185730
1097.000000 736.353271
1097.500000 736.277161
1098.000000 737.910034
1098.500000 740.979736
1099.000000 744.938477
1099.500000 749.060547
1100.000000 752.762634
1100.500000 755.877319
1101.000000 758.782410
1101.500000 762.261169
1102.000000 767.082397
1102.500000 773.552734
1103.000000 781.529358
1103.500000 790.668396
1104.000000 800.516724
1104.500000 810.600220
1105.000000 820.176636
1105.500000 828.359741
1106.000000 834.234619
1106.500000 837.471680
1107.000000 838.470398
1107.500000 838.339905
1108.000000 838.079041
1108.500000 838.089355
1109.000000 837.731323
1109.500000 835.928406
1110.000000 831.689453
1110.500000 824.984741
1111.000000 816.685120
1111.500000 808.374634
1112.000000 801.615417
1112.500000 797.512390
1113.000000 796.364075
1113.500000 797.799988
1114.000000 801.089417
1114.500000 805.552734
1115.000000 810.915405
1115.500000 817.119446
1116.000000 824.089661
1116.500000 831.512695
1117.000000 838.629333
1117.500000 844.385071
1118.000000 847.794373
1118.500000 848.436462
1119.000000 846.381836
1119.500000 842.175659
1120.000000 836.532837
1120.500000 830.147461
1121.000000 823.269226
1121.500000 816.052246
1122.000000 808.607727
1122.500000 801.113525
1123.000000 793.559814
1123.500000 785.768677
1124.000000 777.211426
1124.500000 767.203491
1125.000000 755.196350
1125.500000 741.226440
1126.000000 726.028687
1126.500000 710.966064
1127.000000 697.383179
1127.500000 686.098083
1128.000000 677.032104
1128.500000 669.572571
1129.000000 662.718140
1129.500000 655.676086
1130.000000 647.994995
1130.500000 639.675598
1131.000000 630.913086
1131.500000 622.143555
1132.000000 613.987976
1132.500000 606.958191
1133.000000 601.255371
1133.500000 596.789246
1134.000000 593.233826
1134.500000 590.013184
1135.000000 586.599304
1135.500000 582.515991
1136.000000 577.229309
1136.500000 570.199463
1137.000000 561.123047
1137.500000 550.279907
1138.000000 538.570251
1138.500000 527.457458
1139.000000 518.210938
1139.500000 511.618469
1140.000000 507.623260
1140.500000 505.798309
1141.000000 505.411133
1141.500000 505.849518
1142.000000 506.575165
1142.500000 507.113251
1143.000000 506.994690
1143.500000 505.889069
1144.000000 503.756134
1144.500000 500.751068
1145.000000 497.208923
1145.500000 493.444885
1146.000000 489.690460
1146.500000 485.783997
1147.000000 481.288239
1147.500000 475.512604
1148.000000 467.777771
1148.500000 457.785095
1149.000000 445.914124
1149.500000 433.064301
1150.000000 420.179596
1150.500000 407.784119
1151.000000 395.800812
1151.500000 383.855194
1152.000000 371.821075
1152.500000 360.127808
1153.000000 349.565918
1153.500000 340.727295
1154.000000 333.604950
1154.500000 327.457611
1155.000000 321.270294
1155.500000 314.177368
1156.000000 305.890594
1156.500000 296.626648
1157.000000 286.933777
1157.500000 277.296509
1158.000000 267.839630
1158.500000 258.312927
1159.000000 248.344971
1159.500000 237.777863
1160.000000 226.772049
1160.500000 215.811813
1161.000000 205.284607
1161.500000 195.053146
1162.000000 184.406464
1162.500000 172.501099
1163.000000 159.091080
1163.500000 144.878815
1164.000000 131.306091
1164.500000 119.635651
1165.000000 110.284706
1165.500000 102.589310
1166.000000 95.463303
1166.500000 88.059692
1167.000000 80.260880
1167.500000 72.363541
1168.000000 64.819344
1168.500000 57.870728
1169.000000 51.707054
1169.500000 46.549442
1170.000000 42.758217
1170.500000 40.781105
1171.000000 40.672806
1171.500000 42.056557
1172.000000 44.302223
1172.500000 46.878288
1173.000000 49.346352
1173.500000 51.456894
1174.000000 53.035332
1174.500000 54.055984
1175.000000 54.642914
1175.500000 55.070435
1176.000000 55.517723
1176.500000 55.782070
1177.000000 55.201065
1177.500000 52.964813
1178.000000 48.620068
1178.500000 42.210266
1179.000000 34.494156
1179.500000 26.552990
1180.000000 19.372440
1180.500000 13.475104
1181.000000 8.893740
1181.500000 5.288105
1182.000000 2.257736
1182.500000 -0.341599
1183.000000 -2.188307
1183.500000 -2.392087
1184.000000 0.000000
1184.500000 5.147050
1185.000000 12.531266
1185.500000 20.820366
1186.000000 28.573864
1186.500000 34.816540
1187.000000 39.629108
1187.500000 43.678146
1188.000000 47.647945
1188.500000 51.714073
1189.000000 55.713734
1189.500000 59.594963
1190.000000 63.730370
1190.500000 68.769730
1191.000000 75.194260
1191.500000 82.760445
1192.000000 90.388199
1192.500000 96.869835
1193.000000 101.478287
1193.500000 104.535561
1194.000000 107.179855
1194.500000 110.954865
1195.000000 117.091789
1195.500000 125.993362
1196.000000 137.009430
1196.500000 148.659592
1197.000000 159.363632
1197.500000 167.795868
1198.000000 173.351395
1198.500000 176.107956
1199.000000 176.922791
1199.500000 176.545456
1200.000000 175.550552
1200.500000 174.137497
1201.000000 172.413116
1201.500000 170.411057
1202.000000 168.152283
1202.500000 165.493393
1203.000000 162.066742
1203.500000 157.557083
1204.000000 152.087952
1204.500000 146.217087
1205.000000 140.668793
1205.500000 136.052490
1206.000000 132.575409
1206.500000 130.223434
1207.000000 129.073318
1207.500000 129.570801
1208.000000 132.277115
1208.500000 137.197845
1209.000000 143.636612
1209.500000 150.205643
1210.000000 155.533005
1210.500000 158.820969
1211.000000 160.351791
1211.500000 161.029007
1212.000000 161.884247
1212.500000 163.464752
1213.000000 165.920456
1213.500000 169.170853
1214.000000 173.211670
1214.500000 178.123444
1215.000000 183.913803
1215.500000 190.273956
1216.000000 196.614883
1216.500000 202.129593
1217.000000 206.215149
1217.500000 208.640594
1218.000000 209.821518
1218.500000 210.596802
1219.000000 212.029404
1219.500000 214.807251
1220.000000 218.938370
1220.500000 223.589188
1221.000000 227.741135
1221.500000 230.412201
1222.000000 231.487976
1222.500000 231.674545
1223.000000 232.204819
1223.500000 234.068390
1224.000000 237.554871
1224.500000 242.349899
1225.000000 248.027649
1225.500000 254.327377
1226.000000 261.207092
1226.500000 268.607269
1227.000000 276.144135
1227.500000 283.204193
1228.000000 289.315918
1228.500000 294.768341
1229.000000 300.066406
1229.500000 305.943726
1230.000000 312.860443
1230.500000 320.730988
1231.000000 329.040741
1231.500000 337.269928
1232.000000 345.210693
1232.500000 353.094971
1233.000000 361.315765
1233.500000 369.969788
1234.000000 378.842133
1234.500000 387.317749
1235.000000 394.747711
1235.500000 400.815918
1236.000000 405.760101
1236.500000 410.396576
1237.000000 415.812653
1237.500000 422.790619
1238.000000 431.357208
1238.500000 440.982697
1239.000000 451.147003
1239.500000 461.859222
1240.000000 473.774200
1240.500000 487.641785
1241.000000 503.364258
1241.500000 520.084839
1242.000000 536.438293
1242.500000 551.415039
1243.000000 564.965454
1243.500000 577.924622
1244.000000 591.248657
1244.500000 605.115723
1245.000000 618.623657
1245.500000 630.256042
1246.000000 638.890381
1246.500000 644.482910
1247.000000 648.042114
1247.500000 651.025757
1248.000000 654.632507
1248.500000 659.362244
1249.000000 664.991211
1249.500000 670.859131
1250.000000 676.480896
1250.500000 681.934631
1251.000000 687.809631
1251.500000 694.905334
1252.000000 703.901917
1252.500000 715.044800
1253.000000 728.150757
1253.500000 742.832581
1254.000000 758.755188
1254.500000 775.725403
1255.000000 793.775940
1255.500000 812.812683
1256.000000 832.457581
1256.500000 851.865295
1257.000000 869.986267
1257.500000 885.802063
1258.000000 898.972290
1258.500000 909.779602
1259.000000 919.077576
1259.500000 927.656921
1260.000000 935.864319
1260.500000 943.325928
1261.000000 949.196594
1261.500000 952.770081
1262.000000 954.336365
1262.500000 954.934387
1263.000000 955.973206
1263.500000 958.431946
1264.000000 962.586914
1264.500000 967.887878
1265.000000 973.309937
1265.500000 977.853210
1266.000000 980.914612
1266.500000 982.382385
1267.000000 982.598145
1267.500000 981.792786
1268.000000 979.944641
1268.500000 976.598389
1269.000000 971.081116
1269.500000 962.865479
1270.000000 952.057922
1270.500000 939.349304
1271.000000 925.637695
1271.500000 911.499695
1272.000000 896.985901
1272.500000 881.836121
1273.000000 865.975281
1273.500000 850.132996
1274.000000 835.680481
1274.500000 823.633728
1275.000000 813.883606
1275.500000 805.245178
1276.000000 796.284851
1276.500000 786.461426
1277.000000 776.589783
1277.500000 768.410400
1278.000000 763.337646
1278.500000 761.462524
1279.000000 761.612732
1279.500000 762.221191
1280.000000 762.327454
1280.500000 761.860657
1281.000000 760.974121
1281.500000 759.331604
1282.000000 755.979248
1282.500000 750.103455
1283.000000 741.634766
1283.500000 731.840698
1284.000000 722.518677
1284.500000 715.340820
1285.000000 710.801025
1285.500000 708.594116
1286.000000 707.830505
1286.500000 707.687378
1287.000000 707.536560
1287.500000 707.365051
1288.000000 707.701538
1288.500000 709.654846
1289.000000 714.487000
1289.500000 723.092651
1290.000000 735.622314
1290.500000 751.562134
1291.000000 770.286865
1291.500000 791.258667
1292.000000 813.870667
1292.500000 837.052917
1293.000000 859.195984
1293.500000 878.701965
1294.000000 894.883240
1294.500000 908.802551
1295.000000 922.740967
1295.500000 938.917358
1296.000000 958.055786
1296.500000 979.340698
1297.000000 1000.776550
1297.500000 1020.677307
1298.000000 1038.132813
1298.500000 1053.262329
1299.000000 1066.400635
1299.500000 1077.614746
1300.000000 1086.676636
1300.500000 1093.371704
1301.000000 1098.225830
1301.500000 1102.385498
1302.000000 1107.426636
1302.500000 1114.181274
1303.000000 1122.444336
1303.500000 1130.721924
1304.000000 1137.184204
1304.500000 1140.610352
1305.000000 1141.257080
1305.500000 1140.400024
1306.000000 1139.564697
1306.500000 1139.388062
1307.000000 1139.222412
1307.500000 1137.553589
1308.000000 1133.221680
1308.500000 1126.125732
1309.000000 1116.897095
1309.500000 1106.371216
1310.000000 1094.929321
1310.500000 1082.411011
1311.000000 1068.136475
1311.500000 1051.562500
1312.000000 1032.893433
1312.500000 1013.136963
1313.000000 993.834595
1313.500000 976.420227
1314.000000 961.801819
1314.500000 949.830444
1315.000000 939.828552
1315.500000 930.984497
1316.000000 922.872925
1316.500000 915.466736
1317.000000 908.936218
1317.500000 903.097595
1318.000000 897.388550
1318.500000 891.095215
1319.000000 884.061584
1319.500000 876.649597
1320.000000 869.578003
1320.500000 863.389038
1321.000000 858.277283
1321.500000 854.162109
1322.000000 851.052856
1322.500000 849.033569
1323.000000 848.312622
1323.500000 848.963623
1324.000000 850.924438
1324.500000 853.915588
1325.000000 857.487732
1325.500000 861.204041
1326.000000 864.546692
1326.500000 866.969360
1327.000000 867.830627
1327.500000 866.446960
1328.000000 862.283386
1328.500000 855.124634
1329.000000 845.350647
1329.500000 833.768250
1330.000000 821.315063
1330.500000 808.620483
1331.000000 795.869568
1331.500000 782.912231
1332.000000 769.826904
1332.500000 757.158325
1333.000000 745.763245
1333.500000 736.204712
1334.000000 728.442688
1334.500000 721.795898
1335.000000 715.550659
1335.500000 709.352966
1336.000000 703.378052
1336.500000 697.958130
1337.000000 693.215332
1337.500000 688.776184
1338.000000 683.939270
1338.500000 677.940552
1339.000000 670.204224
1339.500000 660.454346
1340.000000 649.048767
1340.500000 636.837585
1341.000000 625.091370
1341.500000 614.766235
1342.000000 606.125244
1342.500000 598.550171
1343.000000 591.216553
1343.500000 583.641907
1344.000000 576.249268
1344.500000 569.870239
1345.000000 565.096497
1345.500000 561.571045
1346.000000 558.380371
1346.500000 554.749634
1347.000000 550.612976
1347.500000 546.543701
1348.000000 543.341187
1348.500000 541.488586
1349.000000 541.069763
1349.500000 541.649475
1350.000000 542.605347
1350.500000 543.011230
1351.000000 542.024719
1351.500000 538.902466
1352.000000 533.797058
1352.500000 527.419189
1353.000000 520.670166
1353.500000 513.798950
1354.000000 506.464478
1354.500000 498.228088
1355.000000 489.671417
1355.500000 482.445953
1356.000000 478.635651
1356.500000 479.249268
1357.000000 483.704407
1357.500000 490.028198
1358.000000 496.648193
1358.500000 503.210510
1359.000000 510.717194
1359.500000 520.360168
1360.000000 532.701965
1360.500000 547.043823
1361.000000 562.105103
1361.500000 576.613464
1362.000000 589.895020
1362.500000 601.553345
1363.000000 611.350708
1363.500000 618.888489
1364.000000 623.944275
1364.500000 626.484863
1365.000000 626.937439
1365.500000 626.132202
1366.000000 625.124451
1366.500000 624.967346
1367.000000 626.343506
1367.500000 629.403015
1368.000000 633.935120
1368.500000 639.682983
1369.000000 646.765503
1369.500000 655.501343
1370.000000 666.296387
1370.500000 679.112183
1371.000000 693.326416
1371.500000 707.798401
1372.000000 721.474976
1372.500000 733.696350
1373.000000 744.470764
1373.500000 753.839539
1374.000000 761.469543
1374.500000 766.233521
1375.000000 766.710144
1375.500000 761.588623
1376.000000 750.692749
1376.500000 735.390747
1377.000000 718.155945
1377.500000 701.457825
1378.000000 686.705322
1378.500000 673.971069
1379.000000 662.371033
1379.500000 651.335266
1380.000000 641.217102
1380.500000 633.120300
1381.000000 628.004211
1381.500000 625.841064
1382.000000 625.575745
1382.500000 625.742554
1383.000000 625.178650
1383.500000 623.441284
1384.000000 620.575073
1384.500000 616.603455
1385.000000 611.128052
1385.500000 603.229858
1386.000000 592.067017
1386.500000 577.374634
1387.000000 559.940918
1387.500000 541.385803
1388.000000 523.911133
1388.500000 509.243805
1389.000000 497.859650
1389.500000 488.819946
1390.000000 480.479736
1390.500000 471.507233
1391.000000 461.883026
1391.500000 452.806427
1392.000000 445.851105
1392.500000 441.741577
1393.000000 439.972382
1393.500000 439.262665
1394.000000 438.426086
1394.500000 436.997589
1395.000000 434.965393
1395.500000 432.344025
1396.000000 428.670868
1396.500000 423.533020
1397.000000 416.917725
1397.500000 409.578278
1398.000000 402.654205
1398.500000 397.254150
1399.000000 393.676392
1399.500000 391.656555
1400.000000 390.535187
1400.500000 389.877533
1401.000000 389.482056
1401.500000 389.373779
1402.000000 389.472351
1402.500000 389.731110
1403.000000 390.375488
1403.500000 391.590668
1404.000000 393.399170
1404.500000 395.520416
1405.000000 397.671509
1405.500000 399.591919
1406.000000 401.269714
1406.500000 402.791962
1407.000000 404.258057
1407.500000 405.878143
1408.000000 408.162872
1408.500000 412.083710
1409.000000 418.619415
1409.500000 428.350739
1410.000000 441.067596
1410.500000 456.134094
1411.000000 472.777954
1411.500000 490.720245
1412.000000 509.859863
1412.500000 529.980103
1413.000000 550.017639
1413.500000 568.398560
1414.000000 583.555603
1414.500000 594.773254
1415.000000 602.412537
1415.500000 607.452087
1416.000000 610.778442
1416.500000 612.938293
1417.000000 613.921448
1417.500000 613.410034
1418.000000 611.405090
1418.500000 608.448730
1419.000000 605.660645
1419.500000 604.190857
1420.000000 604.776062
1420.500000 607.277344
1421.000000 611.109436
1421.500000 615.552979
1422.000000 620.498718
1422.500000 626.328125
1423.000000 633.682312
1423.500000 642.997681
1424.000000 654.564636
1424.500000 668.584106
1425.000000 685.316528
1425.500000 705.235657
1426.000000 728.585083
1426.500000 755.260681
1427.000000 784.886719
1427.500000 817.080933
1428.000000 851.403564
1428.500000 887.383545
1429.000000 924.463867
1429.500000 962.173584
1430.000000 1000.660522
1430.500000 1040.556396
1431.000000 1082.821045
1431.500000 1127.640015
1432.000000 1174.218506
1432.500000 1220.885010
1433.000000 1266.256226
1433.500000 1309.657959
1434.000000 1351.722168
1434.500000 1393.638184
1435.000000 1436.563477
1435.500000 1480.465942
1436.000000 1524.320801
1436.500000 1566.173584
1437.000000 1603.989014
1437.500000 1636.160278
1438.000000 1662.051636
1438.500000 1681.968018
1439.000000 1697.022461
1439.500000 1708.333374
1440.000000 1716.607666
1440.500000 1721.746704
1441.000000 1723.269043
1441.500000 1720.707031
1442.000000 1714.492920
1442.500000 1705.694092
1443.000000 1695.825928
1443.500000 1685.719849
1444.000000 1675.676636
1444.500000 1665.579102
1445.000000 1655.875488
1445.500000 1647.684204
1446.000000 1642.738159
1446.500000 1642.017700
1447.000000 1645.206421
1447.500000 1650.033325
1448.000000 1653.764648
1448.500000 1654.403687
1449.000000 1652.007935
1449.500000 1648.243286
1450.000000 1645.711670
1450.500000 1646.416382
1451.000000 1650.934937
1451.500000 1657.694092
1452.000000 1664.125854
1452.500000 1667.505127
1453.000000 1666.688477
1453.500000 1662.568848
1454.000000 1657.432129
1454.500000 1653.329224
1455.000000 1651.190063
1455.500000 1650.218384
1456.000000 1648.958740
1456.500000 1646.317749
1457.000000 1642.090820
1457.500000 1636.404297
1458.000000 1628.848877
1458.500000 1618.192993
1459.000000 1603.022583
1459.500000 1582.484253
1460.000000 1557.051392
1460.500000 1528.293457
1461.000000 1497.818237
1461.500000 1466.253052
1462.000000 1433.387085
1462.500000 1398.511963
1463.000000 1360.912720
1463.500000 1320.495605
1464.000000 1278.149536
1464.500000 1235.207397
1465.000000 1193.223267
1465.500000 1153.318481
1466.000000 1116.134399
1466.500000 1082.302002
1467.000000 1052.633667
1467.500000 1027.352539
1468.000000 1005.981934
1468.500000 986.873779
1469.000000 967.780334
1469.500000 946.771606
1470.000000 923.209229
1470.500000 897.917358
1471.000000 872.360107
1471.500000 847.672546
1472.000000 824.157288
1472.500000 801.599243
1473.000000 779.880127
1473.500000 759.403687
1474.000000 740.801208
1474.500000 724.176575
1475.000000 708.919067
1475.500000 694.025757
1476.000000 678.621460
1476.500000 662.375732
1477.000000 645.832336
1477.500000 630.201660
1478.000000 617.010742
1478.500000 607.042114
1479.000000 599.593262
1479.500000 592.516602
1480.000000 583.425903
1480.500000 570.667725
1481.000000 554.522278
1481.500000 536.651184
1482.000000 518.898193
1482.500000 502.084839
1483.000000 485.871002
1483.500000 469.802094
1484.000000 454.376099
1484.500000 441.225494
1485.000000 431.931366
1485.500000 426.781708
1486.000000 424.037659
1486.500000 420.811768
1487.000000 414.777588
1487.500000 405.544373
1488.000000 394.900177
1488.500000 385.583710
1489.000000 379.488129
1489.500000 376.692719
1490.000000 375.656830
1490.500000 374.177795
1491.000000 370.861725
1491.500000 365.799805
1492.000000 359.896118
1492.500000 353.815338
1493.000000 347.610046
1493.500000 340.820862
1494.000000 332.982208
1494.500000 324.314056
1495.000000 315.779449
1495.500000 308.601563
1496.000000 303.362213
1496.500000 299.678192
1497.000000 296.017944
1497.500000 290.336151
1498.000000 280.746674
1498.500000 267.131653
1499.000000 251.383438
1499.500000 237.146469
1500.000000 227.879120
1500.500000 225.150970
1501.000000 227.709473
1501.500000 232.758438
1502.000000 237.350876
1502.500000 240.160858
1503.000000 241.438660
1503.500000 242.134644
1504.000000 242.751785
1504.500000 243.369934
1505.000000 244.105362
1505.500000 245.489410
1506.000000 248.105713
1506.500000 252.058960
1507.000000 256.528137
1507.500000 260.017334
1508.000000 261.334717
1508.500000 260.136353
1509.000000 257.007751
1509.500000 252.968307
1510.000000 249.221725
1510.500000 247.072800
1511.000000 247.397217
1511.500000 250.470001
1512.000000 255.468506
1512.500000 260.905487
1513.000000 265.080139
1513.500000 267.168610
1514.000000 267.360535
1514.500000 266.699707
1515.000000 265.863129
1515.500000 264.563934
1516.000000 262.497131
1516.500000 259.826630
1517.000000 256.832092
1517.500000 253.607117
1518.000000 250.327728
1518.500000 247.678680
1519.000000 246.127930
1519.500000 246.056717
1520.000000 247.230484
1520.500000 249.199997
1521.000000 251.865646
1521.500000 255.200653
1522.000000 258.994415
1522.500000 262.898010
1523.000000 266.821075
1523.500000 271.143463
1524.000000 276.525360
1524.500000 283.283295
1525.000000 291.170837
1525.500000 299.884552
1526.000000 309.101563
1526.500000 318.277130
1527.000000 326.325012
1527.500000 331.835022
1528.000000 334.259308
1528.500000 333.652924
1529.000000 330.594482
1529.500000 326.023621
1530.000000 321.005219
1530.500000 316.307953
1531.000000 311.631683
1531.500000 306.206268
1532.000000 299.063477
1532.500000 290.144989
1533.000000 280.123291
1533.500000 269.788452
1534.000000 259.616791
1534.500000 249.625031
1535.000000 239.646561
1535.500000 229.670761
1536.000000 220.166077
1536.500000 211.903427
1537.000000 205.755203
1537.500000 202.162857
1538.000000 200.438370
1538.500000 198.950729
1539.000000 195.602829
1539.500000 188.961319
1540.000000 178.903137
1540.500000 166.429428
1541.000000 153.315826
1541.500000 141.191345
1542.000000 130.982803
1542.500000 122.903824
1543.000000 116.548714
1543.500000 111.396118
1544.000000 107.324631
1544.500000 104.541618
1545.000000 103.201187
1545.500000 102.829964
1546.000000 102.211090
1546.500000 100.213470
1547.000000 96.665771
1547.500000 92.909042
1548.000000 91.226059
1548.500000 93.285469
1549.000000 99.150856
1549.500000 107.085709
1550.000000 114.464699
1550.500000 119.225533
1551.000000 120.668602
1551.500000 119.625153
1552.000000 117.680222
1552.500000 116.200821
1553.000000 115.715736
1553.500000 115.594391
1554.000000 114.677063
1554.500000 112.018150
1555.000000 107.493057
1555.500000 101.989830
1556.000000 96.715271
1556.500000 92.545197
1557.000000 89.564865
1557.500000 86.986588
1558.000000 83.810600
1558.500000 79.312004
1559.000000 73.421265
1559.500000 67.045769
1560.000000 61.460953
1560.500000 57.644005
1561.000000 55.850128
1561.500000 55.197441
1562.000000 54.374069
1562.500000 52.598698
1563.000000 49.937717
1563.500000 47.048370
1564.000000 44.478100
1564.500000 42.105835
1565.000000 39.178722
1565.500000 35.204487
1566.000000 30.566975
1566.500000 26.304913
1567.000000 23.661507
1567.500000 23.480114
1568.000000 25.856018
1568.500000 30.387470
1569.000000 36.195045
1569.500000 41.913925
1570.000000 46.041924
1570.500000 47.258808
1571.000000 45.360405
1571.500000 41.474197
1572.000000 37.451897
1572.500000 35.042286
1573.000000 34.890430
1573.500000 36.400658
1574.000000 38.639229
1574.500000 40.974922
1575.000000 43.119534
1575.500000 44.944794
1576.000000 46.084492
1576.500000 45.941849
1577.000000 44.260296
1577.500000 41.521698
1578.000000 38.598259
1578.500000 36.184967
1579.000000 34.409225
1579.500000 32.933933
1580.000000 31.348682
1580.500000 29.450356
1581.000000 26.934366
1581.500000 23.149059
1582.000000 17.460939
1582.500000 9.827435
1583.000000 1.488787
1583.500000 -5.444771
1584.000000 -9.050799
1584.500000 -8.624332
1585.000000 -5.055284
1585.500000 0.000000
1586.000000 5.260018
1586.500000 9.870159
1587.000000 13.624512
1587.500000 16.525362
1588.000000 18.570995
1588.500000 19.969349
1589.000000 21.201382
1589.500000 22.486240
1590.000000 23.546230
1590.500000 23.567137
1591.000000 21.774067
1591.500000 18.150692
1592.000000 13.505905
1592.500000 8.995865
1593.000000 5.443693
1593.500000 3.123870
1594.000000 2.158391
1594.500000 2.719850
1595.000000 5.053990
1595.500000 9.029050
1596.000000 13.875793
1596.500000 18.546665
1597.000000 22.232155
1597.500000 24.882864
1598.000000 27.014818
1598.500000 29.064896
1599.000000 31.160398
1599.500000 33.071438
1600.000000 34.519154
1600.500000 35.430977
1601.000000 35.759823
1601.500000 35.336868
1602.000000 34.129585
1602.500000 32.656784
1603.000000 32.085651
1603.500000 33.735455
1604.000000 38.342815
1604.500000 45.326679
1605.000000 53.141521
1605.500000 60.217064
1606.000000 65.718254
1606.500000 69.650375
1607.000000 72.479881
1607.500000 74.476257
1608.000000 75.775459
1608.500000 76.655525
1609.000000 77.620277
1609.500000 79.062904
1610.000000 80.638100
1610.500000 81.311066
1611.000000 80.023193
1611.500000 76.528061
1612.000000 71.694580
1612.500000 67.016953
1613.000000 63.708759
1613.500000 62.206581
1614.000000 62.498276
1614.500000 64.584038
1615.000000 68.457993
1615.500000 73.916862
1616.000000 80.033684
1616.500000 85.293228
1617.000000 88.389771
1617.500000 88.611244
1618.000000 86.081078
1618.500000 81.398438
1619.000000 75.208008
1619.500000 68.226723
1620.000000 61.563168
1620.500000 56.403130
1621.000000 53.609238
1621.500000 53.219662
1622.000000 54.427338
1622.500000 56.189632
1623.000000 57.929115
1623.500000 59.631226
1624.000000 61.408890
1624.500000 63.237133
1625.000000 64.955711
1625.500000 66.696960
1626.000000 69.383522
1626.500000 74.161240
1627.000000 81.523575
1627.500000 90.764458
1628.000000 99.905655
1628.500000 106.797661
1629.000000 110.141953
1629.500000 109.824211
1630.000000 106.995811
1630.500000 103.246994
1631.000000 99.940056
1631.500000 98.088676
1632.000000 98.159668
1632.500000 100.037209
1633.000000 103.435020
1633.500000 108.027275
1634.000000 113.490723
1634.500000 119.550354
1635.000000 125.975182
1635.500000 132.657471
1636.000000 139.811920
1636.500000 148.123123
1637.000000 158.347549
1637.500000 170.774963
1638.000000 185.026367
1638.500000 200.075851
1639.000000 214.967178
1639.500000 229.342667
1640.000000 243.125458
1640.500000 256.384918
1641.000000 269.123932
1641.500000 281.378784
1642.000000 294.046844
1642.500000 308.434448
1643.000000 325.544678
1643.500000 345.565033
1644.000000 367.526489
1644.500000 390.126007
1645.000000 412.769653
1645.500000 435.607422
1646.000000 459.080292
1646.500000 483.390106
1647.000000 508.571320
1647.500000 534.732666
1648.000000 562.122498
1648.500000 590.859009
1649.000000 620.492676
1649.500000 650.164063
1650.000000 679.515442
1650.500000 708.976563
1651.000000 739.351318
1651.500000 770.690063
1652.000000 801.418701
1652.500000 829.366882
1653.000000 853.200195
1653.500000 873.265381
1654.000000 891.154541
1654.500000 907.641968
1655.000000 921.854309
1655.500000 931.819214
1656.000000 935.799255
1656.500000 933.536194
1657.000000 925.763855
1657.500000 913.056641
1658.000000 895.205444
1658.500000 871.771545
1659.000000 843.270081
1659.500000 811.136047
1660.000000 777.071655
1660.500000 742.055847
1661.000000 705.978516
1661.500000 668.429199
1662.000000 629.671387
1662.500000 590.675842
1663.000000 552.607971
1663.500000 515.969360
1664.000000 480.507416
1664.500000 446.013458
1665.000000 412.746918
1665.500000 381.356323
1666.000000 352.444153
1666.500000 326.036804
1667.000000 301.800018
1667.500000 279.503204
1668.000000 259.163940
1668.500000 240.837112
1669.000000 224.234863
1669.500000 208.989838
1670.000000 195.035248
1670.500000 183.055115
1671.000000 174.236786
1671.500000 169.127151
1672.000000 166.793228
1672.500000 165.131729
1673.000000 161.845001
1673.500000 155.733932
1674.000000 147.297302
1674.500000 138.189850
1675.000000 130.081436
1675.500000 123.810387
1676.000000 119.274055
1676.500000 115.928780
1677.000000 113.076164
1677.500000 109.805923
1678.000000 105.041290
1678.500000 97.932800
1679.000000 88.173943
1679.500000 76.434303
1680.000000 64.224060
1680.500000 53.030060
1681.000000 43.914700
1681.500000 37.539154
1682.000000 34.357224
1682.500000 34.707962
1683.000000 38.338467
1683.500000 43.831085
1684.000000 48.721733
1684.500000 50.903469
1685.000000 49.795815
1685.500000 46.746864
1686.000000 44.385780
1686.500000 44.816860
1687.000000 48.359077
1687.500000 53.717377
1688.000000 58.665001
1688.500000 61.104866
1689.000000 59.628178
1689.500000 53.669022
1690.000000 43.818924
1690.500000 31.764317
1691.000000 19.759991
1691.500000 9.914278
1692.000000 3.369923
1692.500000 0.000000
1693.000000 -0.953144
1693.500000 0.038893
1694.000000 2.794838
1694.500000 7.018423
1695.000000 11.872583
1695.500000 16.179901
1696.000000 19.319363
1696.500000 21.962231
1697.000000 25.690466
1697.500000 31.844822
1698.000000 40.366920
1698.500000 49.537445
1699.000000 56.866196
1699.500000 60.465019
1700.000000 59.668961
1700.500000 54.977455
1701.000000 47.483315
1701.500000 38.345493
1702.000000 28.744556
1702.500000 19.821983
1703.000000 12.692552
1703.500000 8.133615
1704.000000 6.378007
1704.500000 6.911589
1705.000000 8.564611
1705.500000 9.974106
1706.000000 9.961042
1706.500000 8.032122
1707.000000 4.630071
1707.500000 1.044072
1708.000000 -0.996579
1708.500000 -0.324104
1709.000000 3.130262
1709.500000 8.375385
1710.000000 13.856954
1710.500000 18.536053
1711.000000 22.188541
1711.500000 25.150677
1712.000000 27.714069
1712.500000 29.623728
1713.000000 30.418869
1713.500000 30.278053
1714.000000 30.261343
1714.500000 31.820765
1715.000000 35.683434
1715.500000 41.317451
1716.000000 47.268787
1716.500000 52.052910
1717.000000 55.320412
1717.500000 57.406586
1718.000000 58.709923
1718.500000 59.366863
1719.000000 59.171246
1719.500000 58.281178
1720.000000 57.257095
1720.500000 56.478821
1721.000000 55.778614
1721.500000 54.523613
1722.000000 52.473320
1722.500000 50.249374
1723.000000 48.843571
1723.500000 48.830856
1724.000000 49.491127
1724.500000 49.583595
1725.000000 48.521782
1725.500000 46.931496
1726.000000 46.061016
1726.500000 46.674896
1727.000000 48.355015
1727.500000 50.240135
1728.000000 52.178619
1728.500000 54.994732
1729.000000 59.796486
1729.500000 66.565437
1730.000000 74.142395
1730.500000 80.716034
1731.000000 85.191414
1731.500000 87.994202
1732.000000 90.479652
1732.500000 93.984230
1733.000000 99.032661
1733.500000 105.375427
1734.000000 112.440628
1734.500000 119.616364
1735.000000 126.823708
1735.500000 134.250244
1736.000000 141.901657
1736.500000 149.989639
1737.000000 158.447510
1737.500000 167.113541
1738.000000 175.712280
1738.500000 183.646500
1739.000000 190.036911
1739.500000 194.063126
1740.000000 195.618683
1740.500000 195.588440
1741.000000 195.532684
1741.500000 196.800629
1742.000000 199.634628
1742.500000 203.092987
1743.000000 206.300430
1743.500000 209.437958
1744.000000 213.629990
1744.500000 219.796158
1745.000000 227.402679
1745.500000 234.441620
1746.000000 238.885071
1746.500000 240.336517
1747.000000 240.479630
1747.500000 241.639389
1748.000000 245.145645
1748.500000 250.680466
1749.000000 256.721466
1749.500000 261.977509
1750.000000 265.845795
1750.500000 268.054199
1751.000000 268.326477
1751.500000 266.398987
1752.000000 262.611969
1752.500000 258.191284
1753.000000 254.590134
1753.500000 252.516373
1754.000000 251.399017
1754.500000 249.882553
1755.000000 246.746689
1755.500000 241.463470
1756.000000 234.031250
1756.500000 224.544586
1757.000000 212.988739
1757.500000 199.694000
1758.000000 185.859039
1758.500000 172.878784
1759.000000 161.732422
1759.500000 152.478210
1760.000000 144.395081
1760.500000 136.784409
1761.000000 129.728882
1761.500000 124.003990
1762.000000 120.267525
1762.500000 118.327995
1763.000000 117.228859
1763.500000 116.021507
1764.000000 114.477020
1764.500000 112.977844
1765.000000 111.783081
1765.500000 110.337387
1766.000000 107.483154
1766.500000 102.621887
1767.000000 96.507660
1767.500000 90.930885
1768.000000 87.786560
1768.500000 87.747963
1769.000000 89.917549
1769.500000 92.904770
1770.000000 95.667274
1770.500000 97.845757
1771.000000 99.673347
1771.500000 101.284592
1772.000000 102.589905
1772.500000 103.498840
1773.000000 104.164032
1773.500000 104.750931
1774.000000 105.222038
1774.500000 105.250443
1775.000000 104.559448
1775.500000 103.171150
1776.000000 101.184738
1776.500000 98.632835
1777.000000 95.502899
1777.500000 92.074020
1778.000000 89.144897
1778.500000 87.634941
1779.000000 87.656082
1779.500000 87.883293
1780.000000 86.590508
1780.500000 82.926964
1781.000000 77.700844
1781.500000 73.242798
1782.000000 71.291901
1782.500000 71.799629
1783.000000 72.952415
1783.500000 72.358879
1784.000000 68.814140
1784.500000 62.573021
1785.000000 54.839008
1785.500000 46.944527
1786.000000 39.812279
1786.500000 33.842560
1787.000000 29.114895
1787.500000 25.441868
1788.000000 22.435514
1788.500000 19.889637
1789.000000 17.778847
1789.500000 16.060966
1790.000000 14.354052
1790.500000 11.878771
1791.000000 8.078792
1791.500000 3.463789
1792.000000 0.000000
1792.500000 -0.103078
1793.000000 4.281514
1793.500000 12.134708
1794.000000 20.452593
1794.500000 26.080231
1795.000000 27.392353
1795.500000 24.824677
1796.000000 20.415997
1796.500000 16.441463
1797.000000 14.360132
1797.500000 14.317368
1798.000000 15.520192
1798.500000 16.912554
1799.000000 17.692196
1799.500000 17.601929
1800.000000 16.885553
1800.500000 15.893973
1801.000000 14.727310
1801.500000 13.644443
1802.000000 13.375951
1802.500000 14.947639
1803.000000 19.130117
1803.500000 25.588177
1804.000000 32.716908
1804.500000 38.354004
1805.000000 41.057476
1805.500000 41.107903
1806.000000 40.112968
1806.500000 40.042297
1807.000000 42.393700
1807.500000 47.677998
1808.000000 55.505501
1808.500000 65.174011
1809.000000 75.769402
1809.500000 86.349091
1810.000000 96.450027
1810.500000 105.917961
1811.000000 114.794815
1811.500000 123.197250
1812.000000 131.050339
1812.500000 137.974945
1813.000000 143.662231
1813.500000 148.199448
1814.000000 151.516937
1814.500000 152.951492
1815.000000 151.445389
1815.500000 146.076324
1816.000000 136.976837
1816.500000 125.618134
1817.000000 114.061905
1817.500000 104.100540
1818.000000 96.339050
1818.500000 90.399658
1819.000000 85.575020
1819.500000 81.191620
1820.000000 76.986397
1820.500000 73.157745
1821.000000 70.140381
1821.500000 68.718971
1822.000000 69.824852
1822.500000 73.894150
1823.000000 80.381287
1823.500000 87.720856
1824.000000 93.898270
1824.500000 97.263382
1825.000000 97.364182
1825.500000 94.955009
1826.000000 91.160339
1826.500000 86.955887
1827.000000 83.010567
1827.500000 79.808052
1828.000000 77.921120
1828.500000 77.904770
1829.000000 80.113602
1829.500000 84.442444
1830.000000 90.198830
1830.500000 96.592979
1831.000000 102.996101
1831.500000 109.158974
1832.000000 115.159439
1832.500000 121.083328
1833.000000 127.037338
1833.500000 133.141861
1834.000000 139.427017
1834.500000 145.719833
1835.000000 151.379654
1835.500000 155.619781
1836.000000 157.909836
1836.500000 158.265060
1837.000000 157.483917
1837.500000 156.606400
1838.000000 156.299088
1838.500000 156.797745
1839.000000 158.097839
1839.500000 160.343552
1840.000000 163.807007
1840.500000 168.653900
1841.000000 174.639618
1841.500000 180.836502
1842.000000 186.168503
1842.500000 189.764450
1843.000000 191.123108
1843.500000 190.079651
1844.000000 186.479965
1844.500000 180.459274
1845.000000 172.777893
1845.500000 164.889038
1846.000000 158.700378
1846.500000 155.642456
1847.000000 155.651138
1847.500000 157.053329
1848.000000 157.221664
1848.500000 153.812561
1849.000000 146.244247
1849.500000 135.813217
1850.000000 124.686783
1850.500000 114.837677
1851.000000 107.215775
1851.500000 101.834450
1852.000000 98.342712
1852.500000 96.416679
1853.000000 95.568230
1853.500000 94.984871
1854.000000 93.573570
1854.500000 90.081818
1855.000000 83.688126
1855.500000 74.267807
1856.000000 62.738060
1856.500000 50.964989
1857.000000 41.076962
1857.500000 34.732590
1858.000000 32.076546
1858.500000 31.671333
1859.000000 31.093559
1859.500000 28.230427
1860.000000 22.396210
1860.500000 14.476175
1861.000000 6.672820
1861.500000 1.352378
1862.000000 0.000000
1862.500000 1.907323
1863.000000 7.036733
1863.500000 13.849930
1864.000000 21.318985
1864.500000 29.154627
1865.000000 37.218971
1865.500000 45.024841
1866.000000 51.419258
1866.500000 55.502186
1867.000000 57.798122
1867.500000 60.115189
1868.000000 64.396362
1868.500000 70.585098
1869.000000 76.803535
1869.500000 81.201447
1870.000000 83.385086
1870.500000 85.048340
1871.000000 88.081543
1871.500000 93.102936
1872.000000 99.237656
1872.500000 105.076591
1873.000000 110.188065
1873.500000 114.742691
1874.000000 118.469208
1874.500000 120.450409
1875.000000 120.185173
1875.500000 118.666222
1876.000000 118.065506
1876.500000 120.098785
1877.000000 124.544655
1877.500000 129.646255
1878.000000 133.695053
1878.500000 136.452667
1879.000000 138.635880
1879.500000 140.495560
1880.000000 141.198303
1880.500000 139.474442
1881.000000 135.673843
1881.500000 131.943985
1882.000000 130.717484
1882.500000 133.056396
1883.000000 137.926620
1883.500000 143.760391
1884.000000 149.383850
1884.500000 154.451080
1885.000000 158.965118
1885.500000 162.384537
1886.000000 164.157761
1886.500000 164.354843
1887.000000 163.905396
1887.500000 163.755234
1888.000000 164.104630
1888.500000 164.670044
1889.000000 165.160706
1889.500000 165.791946
1890.000000 166.823029
1890.500000 167.900528
1891.000000 168.388062
1891.500000 168.037994
1892.000000 167.335770
1892.500000 166.955139
1893.000000 166.891510
1893.500000 166.294708
1894.000000 164.432724
1894.500000 161.759460
1895.000000 159.879578
1895.500000 160.399185
1896.000000 163.449203
1896.500000 167.955826
1897.000000 172.664642
1897.500000 177.054520
1898.000000 181.276871
1898.500000 185.072388
1899.000000 187.618851
1899.500000 188.006912
1900.000000 186.196945
1900.500000 183.563324
1901.000000 182.129700
1901.500000 183.292084
1902.000000 186.822647
1902.500000 190.893600
1903.000000 193.099289
1903.500000 191.550598
1904.000000 185.810410
1904.500000 177.020721
1905.000000 167.242844
1905.500000 158.201965
1906.000000 150.502686
1906.500000 143.645874
1907.000000 136.689590
1907.500000 129.356720
1908.000000 122.194870
1908.500000 116.222176
1909.000000 112.349312
1909.500000 110.533951
1910.000000 109.794823
1910.500000 108.594208
1911.000000 105.699631
1911.500000 100.995453
1912.000000 95.576752
1912.500000 91.267387
1913.000000 89.549667
1913.500000 90.798630
1914.000000 94.041939
1914.500000 97.315735
1915.000000 98.726837
1915.500000 97.520653
1916.000000 94.741180
1916.500000 92.790245
1917.000000 93.794899
1917.500000 97.999519
1918.000000 103.399429
1918.500000 106.900673
1919.000000 106.650505
1919.500000 103.230804
1920.000000 98.846115
1920.500000 95.628311
1921.000000 94.032822
1921.500000 92.775818
1922.000000 90.309746
1922.500000 85.940086
1923.000000 80.418571
1923.500000 75.362503
1924.000000 72.048241
1924.500000 70.625252
1925.000000 70.040764
1925.500000 68.856415
1926.000000 66.049355
1926.500000 61.707855
1927.000000 56.915260
1927.500000 53.084667
1928.000000 51.595104
1928.500000 53.082779
1929.000000 57.052391
1929.500000 61.851902
1930.000000 65.181046
1930.500000 65.583000
1931.000000 63.671013
1931.500000 61.854961
1932.000000 62.744076
1932.500000 67.200005
1933.000000 73.666878
1933.500000 79.541374
1934.000000 83.001160
1934.500000 83.845085
1935.000000 83.098381
1935.500000 81.741425
1936.000000 80.098633
1936.500000 77.905647
1937.000000 74.940445
1937.500000 71.518539
1938.000000 68.176041
1938.500000 65.307465
1939.000000 62.572628
1939.500000 59.016735
1940.000000 53.864326
1940.500000 46.950409
1941.000000 39.064651
1941.500000 31.376461
1942.000000 24.626575
1942.500000 19.024910
1943.000000 14.494381
1943.500000 11.094665
1944.000000 8.940053
1944.500000 7.722810
1945.000000 6.565856
1945.500000 4.634687
1946.000000 2.017959
1946.500000 0.000000
1947.000000 0.084035
1947.500000 3.306764
1948.000000 9.431236
1948.500000 17.626102
1949.000000 27.503855
1949.500000 39.095364
1950.000000 52.177528
1950.500000 65.469269
1951.000000 76.823059
1951.500000 84.610939
1952.000000 88.754066
1952.500000 90.651093
1953.000000 91.731102
1953.500000 91.868591
1954.000000 89.317444
1954.500000 82.442802
1955.000000 71.782158
1955.500000 60.046219
1956.000000 50.227703
1956.500000 43.352558
1957.000000 38.030319
1957.500000 32.327694
1958.000000 25.644497
1958.500000 18.928068
1959.000000 13.215046
1959.500000 8.553377
1960.000000 4.420845
1960.500000 1.085706
1961.000000 0.000000
1961.500000 0.753222
1962.000000 3.671821
1962.500000 5.884346
1963.000000 4.730635
1963.500000 0.000000
1964.000000 0.000000
