3199.37	105.078
3198.54	97.8736
3197.72	111.305
3196.9	124.085
3196.07	105.993
3195.25	97.9382
3194.42	130.773
3193.6	140.288
3192.78	119.214
3191.95	105.078
3191.13	88.7011
3190.3	94.6733
3189.48	92.8701
3188.66	142.53
3187.83	140.629
3187.01	122.28
3186.19	101.87
3185.36	123.712
3184.54	87.8357
3183.71	106.014
3182.89	132.703
3182.07	159.129
3181.24	149.315
3180.42	185.668
3179.59	196.8
3178.77	209.138
3177.95	233.804
3177.12	233.115
3176.3	221.145
3175.48	204.211
3174.65	207.668
3173.83	137.866
3173	126.52
3172.18	111.203
3171.36	134.181
3170.53	133.311
3169.71	159.44
3168.88	159.861
3168.06	176.653
3167.24	181.947
3166.41	177.053
3165.59	180.824
3164.77	215.919
3163.94	201.915
3163.12	190.069
3162.29	211.132
3161.47	211.83
3160.65	204.266
3159.82	177.553
3159	196.731
3158.17	163.573
3157.35	148.389
3156.53	131.988
3155.7	199.269
3154.88	219.295
3154.05	233.713
3153.23	247.718
3152.41	244.294
3151.58	220.451
3150.76	169.361
3149.94	174.219
3149.11	151.062
3148.29	145.23
3147.46	130.714
3146.64	131.918
3145.82	133.495
3144.99	187.918
3144.17	230.752
3143.34	210
3142.52	210.217
3141.7	224.055
3140.87	189.233
3140.05	171.477
3139.23	174.26
3138.4	182.533
3137.58	162.563
3136.75	179.85
3135.93	170.995
3135.11	183.246
3134.28	205.37
3133.46	196.034
3132.63	170.28
3131.81	172.762
3130.99	166.965
3130.16	143.359
3129.34	165.687
3128.51	188.339
3127.69	170.98
3126.87	173.745
3126.04	152.722
3125.22	134.002
3124.4	135.808
3123.57	155.365
3122.75	181.902
3121.92	215.194
3121.1	210.901
3120.28	197.791
3119.45	204.647
3118.63	201.123
3117.8	180.743
3116.98	211.332
3116.16	205.57
3115.33	185.98
3114.51	159.049
3113.69	183.17
3112.86	164.23
3112.04	171.648
3111.21	143.802
3110.39	156.529
3109.57	135.618
3108.74	130.982
3107.92	130.97
3107.09	150.736
3106.27	146.093
3105.45	162.82
3104.62	126.559
3103.8	140.33
3102.97	173.172
3102.15	161.049
3101.33	154.702
3100.5	204.996
3099.68	196.778
3098.86	159.939
3098.03	174.793
3097.21	168.519
3096.38	151.362
3095.56	143.083
3094.74	136.48
3093.91	142.474
3093.09	151.6
3092.26	177.568
3091.44	187.549
3090.62	225.58
3089.79	236.386
3088.97	217.178
3088.15	211.05
3087.32	192.829
3086.5	175.496
3085.67	173.172
3084.85	188.771
3084.03	170.425
3083.2	166.726
3082.38	160.651
3081.55	147.51
3080.73	122.544
3079.91	122.808
3079.08	150.046
3078.26	174.394
3077.44	160.207
3076.61	163.089
3075.79	157.576
3074.96	120.1
3074.14	104.418
3073.32	126.592
3072.49	151.254
3071.67	144.156
3070.84	170.204
3070.02	174.951
3069.2	159.09
3068.37	151.309
3067.55	174.986
3066.72	175.499
3065.9	168.191
3065.08	162.6
3064.25	170.652
3063.43	167.18
3062.61	178.656
3061.78	164.034
3060.96	161.705
3060.13	143.434
3059.31	123.595
3058.49	100.233
3057.66	109.809
3056.84	108.362
3056.01	122.429
3055.19	118.757
3054.37	132.357
3053.54	133.011
3052.72	144.939
3051.9	146.664
3051.07	180.965
3050.25	169.217
3049.42	156.15
3048.6	158.826
3047.78	152.202
3046.95	136.454
3046.13	135.093
3045.3	163.532
3044.48	156.443
3043.66	152.376
3042.83	141.07
3042.01	133.819
3041.18	99.3243
3040.36	97.4209
3039.54	98.6867
3038.71	112.999
3037.89	112.553
3037.07	119.409
3036.24	129.777
3035.42	155.582
3034.59	133.673
3033.77	142.111
3032.95	145.028
3032.12	137.642
3031.3	102.75
3030.47	114.282
3029.65	116.416
3028.83	125.856
3028	130.679
3027.18	131.701
3026.36	151.238
3025.53	155.603
3024.71	156.665
3023.88	173.153
3023.06	178.641
3022.24	166.897
3021.41	165.449
3020.59	170.518
3019.76	157.142
3018.94	154.351
3018.12	126.783
3017.29	97.4216
3016.47	83.8962
3015.65	55.9341
3014.82	47.6619
3014	46.1406
3013.17	68.2232
3012.35	99.2931
3011.53	125.873
3010.7	137.236
3009.88	158.559
3009.05	157.029
3008.23	134.235
3007.41	152.993
3006.58	185.527
3005.76	189.608
3004.93	211.218
3004.11	229.468
3003.29	224.887
3002.46	222.07
3001.64	231.303
3000.82	221.618
2999.99	189.534
2999.17	203.244
2998.34	190.914
2997.52	154.835
2996.7	158.341
2995.87	193.121
2995.05	165.62
2994.22	156.877
2993.4	178.401
2992.58	177.338
2991.75	154.003
2990.93	150.174
2990.11	136.049
2989.28	129.575
2988.46	144.341
2987.63	175.785
2986.81	199.651
2985.99	223.442
2985.16	227.847
2984.34	204.131
2983.51	190.47
2982.69	173.792
2981.87	145.84
2981.04	180.371
2980.22	200.248
2979.39	204.083
2978.57	223.173
2977.75	248.656
2976.92	249.712
2976.1	276.16
2975.28	237.292
2974.45	241.054
2973.63	264.449
2972.8	245.968
2971.98	217.552
2971.16	242.48
2970.33	212.137
2969.51	183.9
2968.68	177.451
2967.86	166.922
2967.04	156.957
2966.21	161.553
2965.39	162.638
2964.57	135.484
2963.74	147.829
2962.92	151.229
2962.09	139.83
2961.27	101.842
2960.45	147.579
2959.62	131.03
2958.8	106.342
2957.97	147.538
2957.15	189.854
2956.33	215.118
2955.5	267.713
2954.68	331.839
2953.85	360.328
2953.03	425.84
2952.21	443.969
2951.38	422.966
2950.56	422.078
2949.74	396.123
2948.91	360.691
2948.09	333.449
2947.26	351.231
2946.44	341.353
2945.62	328.433
2944.79	299.854
2943.97	301.848
2943.14	280.058
2942.32	294.354
2941.5	306.964
2940.67	310.112
2939.85	298.762
2939.03	282.679
2938.2	249.565
2937.38	224.017
2936.55	218.257
2935.73	245.641
2934.91	246.216
2934.08	240.002
2933.26	231.604
2932.43	237.146
2931.61	227.84
2930.79	248.25
2929.96	236.197
2929.14	235.462
2928.32	197.213
2927.49	151.761
2926.67	121.557
2925.84	132.385
2925.02	149.96
2924.2	182.696
2923.37	176.213
2922.55	180.771
2921.72	175.827
2920.9	164.934
2920.08	141.096
2919.25	157.44
2918.43	155.699
2917.6	177.745
2916.78	199.383
2915.96	222.26
2915.13	219.945
2914.31	217.756
2913.49	205.852
2912.66	181.851
2911.84	182.316
2911.01	196.536
2910.19	194.545
2909.37	176.222
2908.54	178.589
2907.72	182.452
2906.89	177.371
2906.07	181.151
2905.25	187.702
2904.42	203.666
2903.6	189.246
2902.78	174.109
2901.95	188.364
2901.13	217.72
2900.3	203.532
2899.48	217.835
2898.66	209.179
2897.83	177.601
2897.01	138.071
2896.18	144.885
2895.36	137.332
2894.54	142.897
2893.71	160.165
2892.89	181.767
2892.06	149.354
2891.24	129.634
2890.42	140.113
2889.59	140.309
2888.77	143.818
2887.95	179.127
2887.12	197.705
2886.3	216.653
2885.47	232.54
2884.65	268.306
2883.83	268.16
2883	278.148
2882.18	272.009
2881.35	301.137
2880.53	253.626
2879.71	259.611
2878.88	281.553
2878.06	280.233
2877.24	252.123
2876.41	273.288
2875.59	244.652
2874.76	207.636
2873.94	211.383
2873.12	210.555
2872.29	210.859
2871.47	225.4
2870.64	214.172
2869.82	202.09
2869	208.506
2868.17	218.915
2867.35	248.76
2866.53	264.015
2865.7	261.42
2864.88	234.943
2864.05	235.998
2863.23	181.413
2862.41	175.122
2861.58	159.08
2860.76	170.779
2859.93	173.074
2859.11	214.578
2858.29	232.39
2857.46	250.489
2856.64	252.37
2855.81	253.403
2854.99	244.742
2854.17	228.288
2853.34	230.771
2852.52	202.782
2851.7	166.755
2850.87	142.665
2850.05	130.014
2849.22	120.23
2848.4	147.975
2847.58	129.883
2846.75	139.635
2845.93	158.079
2845.1	155.448
2844.28	152.681
2843.46	194.237
2842.63	199.909
2841.81	211.528
2840.99	256.806
2840.16	263.684
2839.34	247.104
2838.51	248.809
2837.69	224.396
2836.87	168.154
2836.04	148.079
2835.22	171.17
2834.39	160.306
2833.57	180.105
2832.75	196.137
2831.92	213.086
2831.1	209.868
2830.27	228.266
2829.45	200.327
2828.63	230.004
2827.8	239.081
2826.98	216.234
2826.16	197.47
2825.33	229.614
2824.51	186.973
2823.68	161.11
2822.86	163.99
2822.04	185.407
2821.21	169.785
2820.39	180.489
2819.56	218.785
2818.74	225.815
2817.92	202.956
2817.09	204.348
2816.27	193.111
2815.45	179.88
2814.62	184.799
2813.8	210.258
2812.97	201.877
2812.15	217.112
2811.33	229.072
2810.5	216.407
2809.68	196.769
2808.85	224.727
2808.03	245.283
2807.21	233.222
2806.38	263.398
2805.56	295.877
2804.74	277.995
2803.91	278.209
2803.09	242.011
2802.26	229.334
2801.44	210.72
2800.62	186.157
2799.79	176.955
2798.97	186.572
2798.14	173.004
2797.32	182.52
2796.5	220.257
2795.67	220.51
2794.85	251.432
2794.02	274.291
2793.2	269.786
2792.38	296.149
2791.55	300.505
2790.73	286.927
2789.91	283.421
2789.08	276.022
2788.26	250.527
2787.43	245.175
2786.61	245.846
2785.79	218.264
2784.96	218.048
2784.14	201.508
2783.31	197.136
2782.49	187.282
2781.67	181.494
2780.84	182.17
2780.02	208.7
2779.2	222.801
2778.37	234.874
2777.55	274.833
2776.72	265.644
2775.9	288.724
2775.08	271.486
2774.25	274.317
2773.43	238.842
2772.6	263.54
2771.78	252.778
2770.96	257.1
2770.13	230.405
2769.31	253.714
2768.48	222.022
2767.66	188.758
2766.84	179.151
2766.01	216.275
2765.19	220.945
2764.37	250.936
2763.54	267.733
2762.72	279.02
2761.89	246.573
2761.07	232.582
2760.25	205.6
2759.42	193.791
2758.6	184.691
2757.77	200.985
2756.95	204.721
2756.13	202.732
2755.3	200.434
2754.48	191.472
2753.66	184.644
2752.83	154.81
2752.01	173.082
2751.18	155.396
2750.36	157.304
2749.54	156.879
2748.71	182.106
2747.89	178.291
2747.06	190.908
2746.24	181.006
2745.42	191.441
2744.59	207.419
2743.77	215.833
2742.94	231.466
2742.12	253.286
2741.3	232.613
2740.47	219.42
2739.65	231.539
2738.83	254.524
2738	249.584
2737.18	274.386
2736.35	267.386
2735.53	236.712
2734.71	223.395
2733.88	206.073
2733.06	189.592
2732.23	199.064
2731.41	199.529
2730.59	201.802
2729.76	225.502
2728.94	234.066
2728.12	230.048
2727.29	248.689
2726.47	255.069
2725.64	250.906
2724.82	238.179
2724	241.908
2723.17	225.951
2722.35	196.223
2721.52	209.378
2720.7	216.176
2719.88	193.619
2719.05	200.15
2718.23	200.907
2717.41	159.939
2716.58	142.434
2715.76	159.036
2714.93	139.686
2714.11	99.4691
2713.29	92.0621
2712.46	75.7357
2711.64	74.3751
2710.81	77.703
2709.99	122.893
2709.17	139.655
2708.34	168.463
2707.52	175.603
2706.69	180.31
2705.87	140.273
2705.05	143.444
2704.22	152.569
2703.4	163.471
2702.58	189.838
2701.75	241.893
2700.93	254.648
2700.1	268.971
2699.28	247.856
2698.46	244.779
2697.63	238.932
2696.81	239.799
2695.98	215.594
2695.16	204.404
2694.34	145.145
2693.51	114.268
2692.69	110.794
2691.87	81.7656
2691.04	75.5309
2690.22	109.429
2689.39	118.281
2688.57	139.342
2687.75	180.028
2686.92	181.596
2686.1	173.15
2685.27	151.951
2684.45	131.386
2683.63	113.097
2682.8	136.488
2681.98	143.609
2681.15	195.451
2680.33	213.095
2679.51	232.504
2678.68	185.591
2677.86	194.905
2677.04	187.679
2676.21	182.932
2675.39	154.153
2674.56	196.231
2673.74	194.347
2672.92	178.522
2672.09	159.863
2671.27	181.579
2670.44	185.783
2669.62	189.575
2668.8	174.509
2667.97	166.939
2667.15	155.673
2666.33	133.447
2665.5	117.854
2664.68	139.586
2663.85	157.357
2663.03	192.498
2662.21	212.683
2661.38	226.837
2660.56	216.818
2659.73	214.633
2658.91	168.579
2658.09	176.184
2657.26	176.885
2656.44	167.331
2655.62	156.99
2654.79	189.622
2653.97	171.864
2653.14	157.867
2652.32	144.674
2651.5	142.865
2650.67	123.685
2649.85	128.187
2649.02	122.255
2648.2	171.574
2647.38	170.122
2646.55	161.412
2645.73	179.457
2644.9	172.8
2644.08	133.051
2643.26	141.695
2642.43	170.207
2641.61	152.583
2640.79	186.986
2639.96	207.015
2639.14	216.247
2638.31	191.789
2637.49	200.314
2636.67	197.178
2635.84	205.485
2635.02	198.477
2634.19	189.072
2633.37	193.153
2632.55	193.096
2631.72	183.54
2630.9	152.82
2630.08	155.211
2629.25	125.633
2628.43	110.892
2627.6	85.5973
2626.78	100.497
2625.96	119.185
2625.13	120.14
2624.31	105.359
2623.48	117.513
2622.66	125.184
2621.84	106.939
2621.01	115.476
2620.19	129.188
2619.36	122.789
2618.54	152.386
2617.72	168.766
2616.89	183.718
2616.07	199.168
2615.25	215.287
2614.42	151.598
2613.6	131.053
2612.77	103.008
2611.95	89.9966
2611.13	82.8332
2610.3	115.127
2609.48	160.838
2608.65	183.998
2607.83	193.015
2607.01	183.1
2606.18	172.39
2605.36	153.234
2604.54	141.849
2603.71	127.457
2602.89	135.9
2602.06	144.492
2601.24	106.767
2600.42	109.727
2599.59	115.509
2598.77	131.013
2597.94	157.497
2597.12	183.076
2596.3	182.051
2595.47	176.621
2594.65	155.77
2593.82	103.485
2593	126.44
2592.18	135.904
2591.35	133.642
2590.53	148.427
2589.71	190.618
2588.88	186.758
2588.06	181.734
2587.23	201.345
2586.41	192.544
2585.59	194.913
2584.76	150.757
2583.94	136.341
2583.11	120.392
2582.29	145.325
2581.47	170.907
2580.64	231.646
2579.82	243.842
2579	238.582
2578.17	221.05
2577.35	205.897
2576.52	170.104
2575.7	201.478
2574.88	199.637
2574.05	197.063
2573.23	186.533
2572.4	206.555
2571.58	225.095
2570.76	258.903
2569.93	277.21
2569.11	292.617
2568.29	306.569
2567.46	297.402
2566.64	287.894
2565.81	291.541
2564.99	283.466
2564.17	236.052
2563.34	210.831
2562.52	228.195
2561.69	199.723
2560.87	177.79
2560.05	208.873
2559.22	236.485
2558.4	239.027
2557.57	281.837
2556.75	313.904
2555.93	350.469
2555.1	335.712
2554.28	302.848
2553.46	329.877
2552.63	338.248
2551.81	326.222
2550.98	329.873
2550.16	358.241
2549.34	343.215
2548.51	361.237
2547.69	391.491
2546.86	412.233
2546.04	427.843
2545.22	399.828
2544.39	386.956
2543.57	343.686
2542.75	363.239
2541.92	393.784
2541.1	431.217
2540.27	462.728
2539.45	475.536
2538.63	452.305
2537.8	447.086
2536.98	463.172
2536.15	466.704
2535.33	490.687
2534.51	534.091
2533.68	538.894
2532.86	551.682
2532.03	567.615
2531.21	599.66
2530.39	622.61
2529.56	653.964
2528.74	657.333
2527.92	675.791
2527.09	713.327
2526.27	708.832
2525.44	707.689
2524.62	724.883
2523.8	756.272
2522.97	770.163
2522.15	791.738
2521.32	830.453
2520.5	928.56
2519.68	950.414
2518.85	967.009
2518.03	1022.05
2517.21	1069.63
2516.38	1034.34
2515.56	1035.48
2514.73	1059.32
2513.91	1082.33
2513.09	1097.39
2512.26	1077.61
2511.44	1158.62
2510.61	1160.7
2509.79	1162.23
2508.97	1172.93
2508.14	1227.69
2507.32	1171.99
2506.5	1170.32
2505.67	1182.71
2504.85	1207.3
2504.02	1249.95
2503.2	1286.71
2502.38	1359.23
2501.55	1434.89
2500.73	1478.62
2499.9	1495.97
2499.08	1524
2498.26	1507.27
2497.43	1465.33
2496.61	1442.42
2495.78	1456.33
2494.96	1463.13
2494.14	1490.3
2493.31	1505.13
2492.49	1520.96
2491.67	1518.27
2490.84	1513.17
2490.02	1475.55
2489.19	1432.74
2488.37	1405.92
2487.55	1390.29
2486.72	1384.12
2485.9	1415.58
2485.07	1413.64
2484.25	1407.49
2483.43	1396.25
2482.6	1387.62
2481.78	1362.24
2480.96	1360.69
2480.13	1372.52
2479.31	1331.58
2478.48	1308.79
2477.66	1288.04
2476.84	1315.21
2476.01	1300.49
2475.19	1332.61
2474.36	1335.8
2473.54	1319.59
2472.72	1229.17
2471.89	1165.48
2471.07	1111.98
2470.24	1041.98
2469.42	1002.7
2468.6	982.062
2467.77	966.722
2466.95	920.635
2466.13	889.132
2465.3	872.216
2464.48	861.921
2463.65	816.145
2462.83	788.285
2462.01	781.293
2461.18	729.687
2460.36	708.364
2459.53	676.041
2458.71	641.776
2457.89	608.067
2457.06	597.64
2456.24	551.625
2455.42	522.612
2454.59	532.328
2453.77	518.188
2452.94	481.985
2452.12	472.085
2451.3	474.591
2450.47	443.497
2449.65	436.884
2448.82	426.005
2448	409.534
2447.18	400.481
2446.35	364.652
2445.53	326.909
2444.7	319.081
2443.88	345.206
2443.06	343.195
2442.23	340.793
2441.41	369.656
2440.59	380.123
2439.76	349.418
2438.94	311.634
2438.11	315.859
2437.29	271.465
2436.47	247.954
2435.64	252.558
2434.82	253.034
2433.99	243.924
2433.17	237.688
2432.35	213.484
2431.52	183.313
2430.7	188.798
2429.88	176.132
2429.05	188.686
2428.23	210.872
2427.4	205.114
2426.58	192.936
2425.76	174.087
2424.93	148.715
2424.11	122.789
2423.28	104.674
2422.46	98.9323
2421.64	133.528
2420.81	124.331
2419.99	125.711
2419.17	148.97
2418.34	156.493
2417.52	120.926
2416.69	153.291
2415.87	149.207
2415.05	135.85
2414.22	135.767
2413.4	158.004
2412.57	142.612
2411.75	160.984
2410.93	145.275
2410.1	99.1998
2409.28	95.4793
2408.45	98.3742
2407.63	50.5173
2406.81	66.6487
2405.98	101.107
2405.16	94.7662
2404.34	82.6291
2403.51	121.1
2402.69	114.291
2401.86	112.205
2401.04	116.016
2400.22	115.191
2399.39	118.301
2398.57	127.94
2397.74	133.773
2396.92	165.818
2396.1	191.353
2395.27	172.663
2394.45	179.527
2393.63	152.924
2392.8	77.3646
2391.98	3.2802
2391.15	7.34571
2390.33	3.44261
2389.51	39.1664
2388.68	85.8365
2387.86	127.49
2387.03	179.212
2386.21	197.268
2385.39	224.733
2384.56	238.103
2383.74	255.78
2382.91	226.74
2382.09	204.775
2381.27	166.044
2380.44	144.744
2379.62	148.063
2378.8	125.434
2377.97	123.403
2377.15	122.99
2376.32	81.919
2375.5	80.9246
2374.68	51.0264
2373.85	66.1976
2373.03	89.9743
2372.2	129.942
2371.38	124.324
2370.56	182.405
2369.73	159.957
2368.91	135.134
2368.09	126.827
2367.26	124.285
2366.44	113.043
2365.61	137.352
2364.79	140.671
2363.97	131.695
2363.14	120.669
2362.32	106.477
2361.49	100.085
2360.67	82.0626
2359.85	70.4692
2359.02	83.8366
2358.2	72.1405
2357.38	42.8721
2356.55	50.3032
2355.73	79.8244
2354.9	90.358
2354.08	120.347
2353.26	117.621
2352.43	85.1421
2351.61	70.1832
2350.78	56.1323
2349.96	41.9915
2349.14	59.9218
2348.31	76.036
2347.49	93.2949
2346.66	111.659
2345.84	105.078
2345.02	80.4575
2344.19	85.5546
2343.37	77.3811
2342.55	64.6279
2341.72	86.3948
2340.9	115.691
2340.07	131.458
2339.25	144.206
2338.43	148.78
2337.6	127.853
2336.78	107.597
2335.95	114.371
2335.13	114.041
2334.31	98.8421
2333.48	90.9362
2332.66	104.027
2331.84	76.6689
2331.01	64.0847
2330.19	71.2407
2329.36	97.1021
2328.54	119.779
2327.72	172.961
2326.89	161.452
2326.07	168.177
2325.24	166.267
2324.42	143.31
2323.6	139.888
2322.77	155.236
2321.95	149.082
2321.12	127.439
2320.3	133.912
2319.48	120.598
2318.65	146.828
2317.83	155.321
2317.01	189.409
2316.18	202.253
2315.36	195.403
2314.53	180.826
2313.71	186.689
2312.89	172.097
2312.06	197.489
2311.24	183.645
2310.41	212.116
2309.59	189.928
2308.77	169.881
2307.94	143.486
2307.12	159.171
2306.3	126.091
2305.47	144.562
2304.65	178.537
2303.82	153.524
2303	149.586
2302.18	152.366
2301.35	89.6544
2300.53	57.6105
2299.7	85.0436
2298.88	103.925
2298.06	113.491
2297.23	182.379
2296.41	210.088
2295.59	204.199
2294.76	190.89
2293.94	175.919
2293.11	168.256
2292.29	162.146
2291.47	158.316
2290.64	183.059
2289.82	183.836
2288.99	198.085
2288.17	189.976
2287.35	176.419
2286.52	137.54
2285.7	127.922
2284.87	137.92
2284.05	177.86
2283.23	210.487
2282.4	232.738
2281.58	265.355
2280.76	252.609
2279.93	189.224
2279.11	180.659
2278.28	196.734
2277.46	209.904
2276.64	219.312
2275.81	245.842
2274.99	269.988
2274.16	235.753
2273.34	209.928
2272.52	202.304
2271.69	225.651
2270.87	200.404
2270.05	208.924
2269.22	201.724
2268.4	202.289
2267.57	208.532
2266.75	187.863
2265.93	183.683
2265.1	219.362
2264.28	248.386
2263.45	250.661
2262.63	300.377
2261.81	318.993
2260.98	295.53
2260.16	268.798
2259.33	263.105
2258.51	264.465
2257.69	246.789
2256.86	264.703
2256.04	281.388
2255.22	288.806
2254.39	284.017
2253.57	318.287
2252.74	304.09
2251.92	307.316
2251.1	322.074
2250.27	281.111
2249.45	277.556
2248.62	276.634
2247.8	259.779
2246.98	252.121
2246.15	290.308
2245.33	299.393
2244.51	331.201
2243.68	364.558
2242.86	363.101
2242.03	320.291
2241.21	297.256
2240.39	282.404
2239.56	239.084
2238.74	212.11
2237.91	253.67
2237.09	271.718
2236.27	275.862
2235.44	300.364
2234.62	301.329
2233.79	264.529
2232.97	218.407
2232.15	230.228
2231.32	236.974
2230.5	248.809
2229.68	269.368
2228.85	298.75
2228.03	273.271
2227.2	257.312
2226.38	247.857
2225.56	292.05
2224.73	314.603
2223.91	336.181
2223.08	363.295
2222.26	387.57
2221.44	364.578
2220.61	375.07
2219.79	365.283
2218.97	338.817
2218.14	320.103
2217.32	321.213
2216.49	305.784
2215.67	306.902
2214.85	301.563
2214.02	307.968
2213.2	286.491
2212.37	278.32
2211.55	254.247
2210.73	237.036
2209.9	225.407
2209.08	225.505
2208.26	187.588
2207.43	173.678
2206.61	170.587
2205.78	166.219
2204.96	168.014
2204.14	193.985
2203.31	236.407
2202.49	296.194
2201.66	349.075
2200.84	389.833
2200.02	384.49
2199.19	332.395
2198.37	287.944
2197.54	248.011
2196.72	201.795
2195.9	225.774
2195.07	279.489
2194.25	271.713
2193.43	227.775
2192.6	201.695
2191.78	179.508
2190.95	159.271
2190.13	218.304
2189.31	276.592
2188.48	326.835
2187.66	314.629
2186.83	318.807
2186.01	275.095
2185.19	249.402
2184.36	184.185
2183.54	185.142
2182.72	180.222
2181.89	154.544
2181.07	170.616
2180.24	214.008
2179.42	262.467
2178.6	226.234
2177.77	234.398
2176.95	229.045
2176.12	231.997
2175.3	194.185
2174.48	213.956
2173.65	226.383
2172.83	255.137
2172	269.371
2171.18	283.034
2170.36	281.85
2169.53	282.764
2168.71	244.249
2167.89	219.098
2167.06	208.683
2166.24	230.193
2165.41	252.936
2164.59	280.554
2163.77	308.966
2162.94	312.433
2162.12	320.403
2161.29	294.579
2160.47	280.949
2159.65	278.595
2158.82	273.022
2158	272.975
2157.18	282.669
2156.35	288.603
2155.53	292.708
2154.7	321.173
2153.88	330.127
2153.06	357.592
2152.23	340.583
2151.41	353.114
2150.58	387.487
2149.76	421.845
2148.94	432.346
2148.11	461.288
2147.29	402.77
2146.47	342.381
2145.64	278.336
2144.82	232.491
2143.99	215.492
2143.17	225.402
2142.35	232.013
2141.52	225.572
2140.7	218.319
2139.87	212.087
2139.05	228.21
2138.23	215.295
2137.4	246.689
2136.58	238.602
2135.75	223.531
2134.93	224.073
2134.11	233.004
2133.28	245.439
2132.46	290.006
2131.64	303.437
2130.81	292.589
2129.99	256.474
2129.16	214.818
2128.34	198.245
2127.52	206.869
2126.69	218.65
2125.87	292.577
2125.04	322.014
2124.22	315.492
2123.4	300.722
2122.57	303.769
2121.75	278.01
2120.93	288.071
2120.1	346.537
2119.28	344.703
2118.45	405.815
2117.63	441.966
2116.81	446.468
2115.98	389.879
2115.16	395.393
2114.33	345.15
2113.51	322.269
2112.69	292.871
2111.86	296.934
2111.04	303.806
2110.21	316.075
2109.39	287.567
2108.57	253.415
2107.74	205.907
2106.92	214.514
2106.1	228.705
2105.27	244.605
2104.45	261.817
2103.62	296.108
2102.8	352.558
2101.98	373.224
2101.15	389.721
2100.33	427.414
2099.5	439.367
2098.68	382.859
2097.86	318.633
2097.03	282.044
2096.21	286.089
2095.39	315.614
2094.56	333.16
2093.74	363.315
2092.91	410.659
2092.09	359.165
2091.27	343.962
2090.44	359.499
2089.62	377.648
2088.79	330.704
2087.97	338.719
2087.15	289.452
2086.32	234.732
2085.5	211.776
2084.67	242.038
2083.85	261.328
2083.03	290.809
2082.2	304.049
2081.38	337.203
2080.56	302.738
2079.73	301.19
2078.91	318.297
2078.08	348.462
2077.26	329.285
2076.44	361.12
2075.61	374.906
2074.79	338.761
2073.96	298.91
2073.14	270.997
2072.32	251.658
2071.49	249.967
2070.67	242.295
2069.85	258.617
2069.02	251.051
2068.2	246.186
2067.37	207.874
2066.55	261.284
2065.73	260.87
2064.9	269.441
2064.08	270.351
2063.25	304.917
2062.43	246.336
2061.61	203.494
2060.78	206.955
2059.96	234.342
2059.14	217.076
2058.31	252.191
2057.49	292.383
2056.66	282.081
2055.84	255.741
2055.02	243.377
2054.19	250.686
2053.37	225.829
2052.54	222.77
2051.72	237.326
2050.9	256.206
2050.07	276.124
2049.25	349.335
2048.42	336.484
2047.6	300.222
2046.78	297.138
2045.95	257.678
2045.13	179.068
2044.31	200.712
2043.48	282.572
2042.66	291.994
2041.83	281.152
2041.01	273.124
2040.19	281.748
2039.36	233.94
2038.54	212.698
2037.71	211.439
2036.89	223.366
2036.07	194.933
2035.24	179.463
2034.42	190.328
2033.6	206.926
2032.77	228.663
2031.95	250.384
2031.12	258.672
2030.3	248.995
2029.48	221.453
2028.65	191.484
2027.83	194.884
2027	162.9
2026.18	190.661
2025.36	195.994
2024.53	221.564
2023.71	204.795
2022.88	227.288
2022.06	220.974
2021.24	227.651
2020.41	225.053
2019.59	230.352
2018.77	258.999
2017.94	250.341
2017.12	283.753
2016.29	314.688
2015.47	301.914
2014.65	294.902
2013.82	318.013
2013	294.594
2012.17	260.942
2011.35	238.891
2010.53	224.222
2009.7	224.749
2008.88	236.256
2008.06	228.07
2007.23	275.069
2006.41	297.639
2005.58	272.184
2004.76	298.48
2003.94	308.3
2003.11	296.052
2002.29	279.329
2001.46	265.123
2000.64	241.964
1999.82	240.717
1998.99	234.937
1998.17	252.367
1997.35	284.207
1996.52	252.395
1995.7	226.852
1994.87	175.636
1994.05	180.377
1993.23	195.357
1992.4	221.825
1991.58	281.422
1990.75	405.082
1989.93	387.399
1989.11	408.088
1988.28	446.614
1987.46	444.354
1986.63	358.494
1985.81	397.925
1984.99	384.786
1984.16	377.482
1983.34	369.838
1982.52	393.01
1981.69	334.891
1980.87	315.802
1980.04	313.456
1979.22	305.496
1978.4	278.471
1977.57	278.219
1976.75	257.309
1975.92	233.814
1975.1	235.041
1974.28	271.458
1973.45	287.725
1972.63	300.032
1971.81	307.761
1970.98	306.27
1970.16	266.721
1969.33	293.458
1968.51	301.243
1967.69	271.594
1966.86	280.779
1966.04	340.503
1965.21	340.328
1964.39	388.731
1963.57	452.495
1962.74	436.306
1961.92	430.366
1961.09	435.799
1960.27	406.318
1959.45	391.075
1958.62	432.556
1957.8	412.282
1956.98	364.671
1956.15	312.443
1955.33	290.592
1954.5	266.635
1953.68	254.202
1952.86	252.776
1952.03	297.441
1951.21	333.858
1950.38	336.247
1949.56	360.073
1948.74	395.29
1947.91	404.201
1947.09	419.012
1946.27	452.723
1945.44	441.031
1944.62	469.861
1943.79	454.169
1942.97	428.38
1942.15	406.867
1941.32	393.807
1940.5	358.179
1939.67	368.879
1938.85	340.504
1938.03	303.793
1937.2	343.819
1936.38	327.332
1935.56	284.31
1934.73	251.03
1933.91	238.076
1933.08	228.829
1932.26	240.568
1931.44	258.542
1930.61	314.437
1929.79	350.75
1928.96	330.709
1928.14	309.435
1927.32	304.141
1926.49	298.64
1925.67	280.152
1924.84	264.701
1924.02	309.191
1923.2	338.214
1922.37	348.94
1921.55	378.591
1920.73	388.559
1919.9	342.386
1919.08	342.838
1918.25	319.863
1917.43	272.272
1916.61	294.355
1915.78	281.736
1914.96	223.573
1914.13	179.472
1913.31	168.02
1912.49	163.193
1911.66	203.18
1910.84	218.931
1910.02	213.672
1909.19	222.226
1908.37	167.292
1907.54	130.568
1906.72	151.896
1905.9	183.784
1905.07	185.706
1904.25	200.545
1903.42	196.284
1902.6	155.545
1901.78	130.482
1900.95	158.95
1900.13	201.851
1899.3	214.72
1898.48	220.52
1897.66	231.806
1896.83	190.305
1896.01	131.024
1895.19	133.14
1894.36	142.361
1893.54	139.155
1892.71	144.074
1891.89	130.499
1891.07	116.319
1890.24	128.799
1889.42	133.306
1888.59	117.34
1887.77	129.648
1886.95	149.148
1886.12	119.093
1885.3	157.698
1884.48	190.452
1883.65	157.808
1882.83	198.553
1882	172.411
1881.18	129.513
1880.36	111.433
1879.53	172.606
1878.71	135.657
1877.88	144.139
1877.06	129.414
1876.24	183.179
1875.41	167.868
1874.59	150.652
1873.76	170.831
1872.94	179.598
1872.12	124.968
1871.29	125.857
1870.47	134.604
1869.65	166.407
1868.82	169.433
1868	176.377
1867.17	220.971
1866.35	220.649
1865.53	204.883
1864.7	198.701
1863.88	164.437
1863.05	91.051
1862.23	36.1906
1861.41	7.3626
1860.58	16.3361
1859.76	63.2399
1858.94	110.111
1858.11	174.806
1857.29	235.156
1856.46	243.144
1855.64	200.462
1854.82	192.862
1853.99	215.924
1853.17	206.095
1852.34	201.428
1851.52	220.893
1850.7	222.312
1849.87	201.714
1849.05	195.111
1848.23	214.635
1847.4	292.012
1846.58	329.484
1845.75	319.611
1844.93	302.314
1844.11	316.585
1843.28	257.008
1842.46	224.874
1841.63	254.099
1840.81	267.746
1839.99	216.825
1839.16	250.36
1838.34	279.81
1837.51	217.712
1836.69	234.69
1835.87	309.277
1835.04	235.213
1834.22	231.564
1833.4	265.501
1832.57	235.102
1831.75	228.942
1830.92	289.934
1830.1	282.072
1829.28	347.238
1828.45	355.125
1827.63	311.451
1826.8	326.708
1825.98	317.034
1825.16	251.019
1824.33	223.015
1823.51	221.354
1822.69	278.265
1821.86	311.481
1821.04	344.774
1820.21	433.342
1819.39	500.998
1818.57	468.736
1817.74	467.686
1816.92	435.748
1816.09	385.512
1815.27	349.074
1814.45	300.691
1813.62	321.758
1812.8	336.937
1811.97	356.039
1811.15	388.177
1810.33	400.252
1809.5	366.711
1808.68	359.968
1807.86	366.621
1807.03	379.939
1806.21	383.137
1805.38	435.478
1804.56	442.519
1803.74	411.234
1802.91	341.584
1802.09	335.188
1801.26	310.11
1800.44	316.301
1799.62	348.213
1798.79	380.891
1797.97	365.726
1797.15	341.748
1796.32	387.158
1795.5	400.609
1794.67	397.765
1793.85	419.101
1793.03	468.815
1792.2	452.574
1791.38	434.079
1790.55	427.106
1789.73	440.594
1788.91	379.318
1788.08	378.323
1787.26	384.125
1786.44	378.935
1785.61	387.564
1784.79	380.593
1783.96	348.858
1783.14	343.401
1782.32	377.032
1781.49	335.576
1780.67	338.474
1779.84	356.1
1779.02	386.399
1778.2	398.772
1777.37	460.797
1776.55	446.474
1775.72	391.688
1774.9	348.964
1774.08	321.496
1773.25	266.909
1772.43	336.572
1771.61	361.669
1770.78	361.571
1769.96	308.961
1769.13	309.58
1768.31	209.448
1767.49	218.672
1766.66	228.279
1765.84	190.053
1765.01	175.494
1764.19	232.987
1763.37	239.672
1762.54	232.699
1761.72	276.525
1760.9	286.684
1760.07	285.146
1759.25	302.82
1758.42	280.696
1757.6	336.138
1756.78	378.731
1755.95	339.086
1755.13	295.455
1754.3	322.594
1753.48	287.529
1752.66	252.431
1751.83	295.313
1751.01	306.571
1750.18	318.335
1749.36	260.365
1748.54	241.596
1747.71	192.809
1746.89	200.616
1746.07	180.537
1745.24	245.017
1744.42	272.412
1743.59	293.929
1742.77	215.483
1741.95	182.04
1741.12	147.163
1740.3	141.284
1739.47	137.15
1738.65	213.679
1737.83	239.918
1737	233.282
1736.18	218.748
1735.36	217.532
1734.53	190.997
1733.71	196.013
1732.88	232.578
1732.06	207.252
1731.24	175.397
1730.41	186.425
1729.59	193.496
1728.76	143.603
1727.94	149.889
1727.12	176.488
1726.29	160.001
1725.47	163.288
1724.64	197.237
1723.82	206.101
1723	224.908
1722.17	252.888
1721.35	217.593
1720.53	186.821
1719.7	172.003
1718.88	145.221
1718.05	129.182
1717.23	133.861
1716.41	149.283
1715.58	141.099
1714.76	134.6
1713.93	123.688
1713.11	120.567
1712.29	130.402
1711.46	133.703
1710.64	121.102
1709.82	115.255
1708.99	114.222
1708.17	89.9602
1707.34	78.1125
1706.52	68.5292
1705.7	40.6057
1704.87	36.4251
1704.05	40.0843
1703.22	56.8361
1702.4	131.777
1701.58	162.012
1700.75	115.912
1699.93	129.701
1699.11	90.4066
1698.28	81.6785
1697.46	82.0199
1696.63	151.736
1695.81	176.698
1694.99	234.202
1694.16	212.508
1693.34	248.238
1692.51	233.524
1691.69	190.892
1690.87	207.986
1690.04	199.639
1689.22	189.023
1688.39	166.991
1687.57	182.317
1686.75	110.05
1685.92	109.792
1685.1	71.1692
1684.28	57.9022
1683.45	67.0788
1682.63	151.899
1681.8	133.093
1680.98	144.911
1680.16	192.279
1679.33	207.53
1678.51	176.396
1677.68	186.666
1676.86	205.097
1676.04	207.001
1675.21	177.615
1674.39	179.618
1673.57	238.288
1672.74	290.374
1671.92	301.907
1671.09	335.661
1670.27	335.117
1669.45	288.518
1668.62	269.683
1667.8	286.024
1666.97	311.332
1666.15	353.333
1665.33	383.95
1664.5	374.818
1663.68	347.962
1662.85	276.436
1662.03	269.863
1661.21	280.951
1660.38	310.845
1659.56	308.774
1658.74	358.851
1657.91	338.619
1657.09	317.404
1656.26	318.986
1655.44	353.767
1654.62	320.93
1653.79	326.03
1652.97	330.477
1652.14	297.64
1651.32	258.952
1650.5	311.57
1649.67	350.958
1648.85	351.782
1648.03	352.05
1647.2	336.492
1646.38	299.852
1645.55	249.22
1644.73	240.837
1643.91	210.758
1643.08	208.129
1642.26	217.39
1641.43	231.206
1640.61	214.635
1639.79	200.168
1638.96	222.01
1638.14	234.892
1637.32	223.616
1636.49	233.146
1635.67	232.003
1634.84	189.132
1634.02	137.959
1633.2	135.444
1632.37	151.649
1631.55	162.117
1630.72	229.569
1629.9	295.024
1629.08	305.09
1628.25	344.952
1627.43	369.885
1626.6	410.549
1625.78	380.54
1624.96	392.525
1624.13	383.707
1623.31	400.331
1622.49	380.979
1621.66	405.185
1620.84	406.939
1620.01	377.936
1619.19	391.537
1618.37	394.049
1617.54	380.759
1616.72	330.63
1615.89	303.01
1615.07	296.63
1614.25	293.377
1613.42	303.938
1612.6	345.255
1611.78	411.043
1610.95	446.271
1610.13	427.988
1609.3	406.443
1608.48	399.288
1607.66	375.066
1606.83	363.033
1606.01	357.4
1605.18	321.017
1604.36	317.353
1603.54	317.109
1602.71	279.109
1601.89	283.664
1601.06	313.515
1600.24	342.939
1599.42	310.027
1598.59	356.037
1597.77	436.993
1596.95	510.619
1596.12	478.601
1595.3	510.654
1594.47	516.173
1593.65	445.392
1592.83	423.916
1592	466.282
1591.18	467.019
1590.35	431.439
1589.53	421.619
1588.71	419.687
1587.88	399.973
1587.06	376.253
1586.24	394.692
1585.41	408.345
1584.59	447.053
1583.76	472.172
1582.94	463.196
1582.12	454.111
1581.29	420.293
1580.47	400.91
1579.64	440.441
1578.82	509.157
1578	511.002
1577.17	540.814
1576.35	539.143
1575.53	518.456
1574.7	492.554
1573.88	482.48
1573.05	473.246
1572.23	472.584
1571.41	469.349
1570.58	482.127
1569.76	500.759
1568.93	504.89
1568.11	505.494
1567.29	528.708
1566.46	552.898
1565.64	567.497
1564.81	640.183
1563.99	659.299
1563.17	607.231
1562.34	650.675
1561.52	670.621
1560.7	633.168
1559.87	636.751
1559.05	668.537
1558.22	615.028
1557.4	614.167
1556.58	612.278
1555.75	604.648
1554.93	612.439
1554.1	615.645
1553.28	608.352
1552.46	611.226
1551.63	628.422
1550.81	672.165
1549.99	671.299
1549.16	644.958
1548.34	656.442
1547.51	676.489
1546.69	661.651
1545.87	697.036
1545.04	720.378
1544.22	642.783
1543.39	600.989
1542.57	632.56
1541.75	590.551
1540.92	600.299
1540.1	716.487
1539.27	775.294
1538.45	786.925
1537.63	844.436
1536.8	877.382
1535.98	901.63
1535.16	926.582
1534.33	964.969
1533.51	1115.2
1532.68	1380.33
1531.86	1783.55
1531.04	2468.64
1530.21	3435.64
1529.39	4597.26
1528.56	5812.89
1527.74	6881.18
1526.92	7527.85
1526.09	7543.67
1525.27	7071.13
1524.45	6267.02
1523.62	5288.8
1522.8	4312.3
1521.97	3575.68
1521.15	3008.8
1520.33	2506.66
1519.5	2107.68
1518.68	1865.13
1517.85	1709.67
1517.03	1606.22
1516.21	1641.53
1515.38	1732.2
1514.56	1813.22
1513.73	1976.74
1512.91	2185.6
1512.09	2382.41
1511.26	2707.13
1510.44	3037.04
1509.62	3346.11
1508.79	3562.63
1507.97	3754.09
1507.14	3787.17
1506.32	3707.29
1505.5	3488.11
1504.67	3240.6
1503.85	2959.87
1503.02	2697.35
1502.2	2501.9
1501.38	2346.91
1500.55	2182.33
1499.73	2029.91
1498.91	1888.37
1498.08	1756.5
1497.26	1625.91
1496.43	1543.7
1495.61	1473.59
1494.79	1392.33
1493.96	1359.44
1493.14	1296.29
1492.31	1261.13
1491.49	1252.27
1490.67	1185.4
1489.84	1043.44
1489.02	970.054
1488.2	916.613
1487.37	880.28
1486.55	874.303
1485.72	887.892
1484.9	849.928
1484.08	826.164
1483.25	758.206
1482.43	734.632
1481.6	698.106
1480.78	759.101
1479.96	747.583
1479.13	733.482
1478.31	711.697
1477.48	720.141
1476.66	659.957
1475.84	643.308
1475.01	654.315
1474.19	652.041
1473.37	638.197
1472.54	651.723
1471.72	686.883
1470.89	651.355
1470.07	662.738
1469.25	654.092
1468.42	603.335
1467.6	521.091
1466.77	503.397
1465.95	426.119
1465.13	407.706
1464.3	416.126
1463.48	470.052
1462.66	514.347
1461.83	541.777
1461.01	575.048
1460.18	713.348
1459.36	969.893
1458.54	1434.58
1457.71	2127.03
1456.89	2817.02
1456.06	3373.58
1455.24	3690.63
1454.42	3639.78
1453.59	3305.62
1452.77	2801.56
1451.94	2206.79
1451.12	1648.16
1450.3	1260.46
1449.47	998.434
1448.65	856.216
1447.83	776.549
1447	742.07
1446.18	712.634
1445.35	643.044
1444.53	592.658
1443.71	601.736
1442.88	617.409
1442.06	619.173
1441.23	670.33
1440.41	731.546
1439.59	745.846
1438.76	757.777
1437.94	797.302
1437.12	774.528
1436.29	684.548
1435.47	639.582
1434.64	625.579
1433.82	529.247
1433	465.477
1432.17	524.941
1431.35	539.288
1430.52	482.753
1429.7	528.846
1428.88	520.169
1428.05	472.693
1427.23	490.378
1426.41	558.691
1425.58	584.172
1424.76	645.247
1423.93	676.024
1423.11	709.565
1422.29	748.133
1421.46	733.281
1420.64	745.116
1419.81	746.926
1418.99	695.587
1418.17	653.101
1417.34	677.497
1416.52	662.376
1415.69	640.966
1414.87	665.888
1414.05	657.248
1413.22	645.733
1412.4	678.545
1411.58	687.479
1410.75	671.225
1409.93	662.889
1409.1	659.96
1408.28	609.181
1407.46	617.066
1406.63	628.961
1405.81	690.739
1404.98	688.15
1404.16	658.431
1403.34	626.573
1402.51	622.835
1401.69	561.046
1400.87	543.118
1400.04	564.641
1399.22	545.714
1398.39	548.946
1397.57	487.144
1396.75	519.686
1395.92	542.139
1395.1	599.775
1394.27	584.211
1393.45	645.027
1392.63	639.924
1391.8	632.017
1390.98	564.555
1390.15	550.116
1389.33	567.749
1388.51	493.214
1387.68	485.067
1386.86	606.63
1386.04	730.718
1385.21	753.514
1384.39	819.316
1383.56	858.842
1382.74	813.855
1381.92	730.316
1381.09	719.289
1380.27	730.43
1379.44	712.992
1378.62	715.11
1377.8	747.656
1376.97	749.278
1376.15	769.594
1375.33	762.487
1374.5	731.303
1373.68	693.725
1372.85	672.618
1372.03	598.913
1371.21	597.659
1370.38	661.197
1369.56	724.045
1368.73	756.567
1367.91	797.33
1367.09	867.714
1366.26	892.7
1365.44	966.411
1364.61	1014.23
1363.79	1081.27
1362.97	1135.51
1362.14	1267.26
1361.32	1394.45
1360.5	1625.04
1359.67	1977.32
1358.85	2463.01
1358.02	2983.84
1357.2	3475.14
1356.38	3960.22
1355.55	4475.82
1354.73	4881.66
1353.9	5101.67
1353.08	5334.09
1352.26	5504.73
1351.43	5421.51
1350.61	5218.39
1349.79	4995.17
1348.96	4595.13
1348.14	4153.39
1347.31	3718.03
1346.49	3378.63
1345.67	3057.15
1344.84	2793.22
1344.02	2563.2
1343.19	2389.83
1342.37	2138.87
1341.55	1941.54
1340.72	1828.86
1339.9	1731.14
1339.08	1629.23
1338.25	1515.08
1337.43	1385.45
1336.6	1296.84
1335.78	1280.48
1334.96	1229.84
1334.13	1266.18
1333.31	1293.43
1332.48	1243.06
1331.66	1118.44
1330.84	1068.05
1330.01	973.705
1329.19	899.155
1328.36	831.473
1327.54	793.261
1326.72	819.59
1325.89	784.445
1325.07	788.323
1324.25	823.872
1323.42	862.639
1322.6	820.757
1321.77	803.108
1320.95	768.55
1320.13	770.293
1319.3	775.695
1318.48	798.633
1317.65	787.806
1316.83	878.927
1316.01	896.676
1315.18	853.491
1314.36	795.272
1313.54	862.602
1312.71	861.615
1311.89	847.44
1311.06	806.261
1310.24	792.016
1309.42	783.044
1308.59	695.271
1307.77	618.761
1306.94	621.464
1306.12	645.572
1305.3	610.645
1304.47	609.531
1303.65	681.257
1302.82	752.322
1302	749.496
1301.18	743.475
1300.35	750.488
1299.53	757.926
1298.71	672.404
1297.88	681.983
1297.06	675.723
1296.23	637.508
1295.41	597.844
1294.59	644.761
1293.76	630.83
1292.94	670.062
1292.11	724.436
1291.29	699.931
1290.47	693.093
1289.64	701.729
1288.82	679.068
1288	650.251
1287.17	670.566
1286.35	659.584
1285.52	640.969
1284.7	637.188
1283.88	651.804
1283.05	655.236
1282.23	664.605
1281.4	735.095
1280.58	712.842
1279.76	651.513
1278.93	610.727
1278.11	586.432
1277.29	490.163
1276.46	423.843
1275.64	359.869
1274.81	319.682
1273.99	310.027
1273.17	346.25
1272.34	386.515
1271.52	401.967
1270.69	359.139
1269.87	306.517
1269.05	253.988
1268.22	269.645
1267.4	364.427
1266.57	474.048
1265.75	550.903
1264.93	497.702
1264.1	427.575
1263.28	323.172
1262.46	258.591
1261.63	221.978
1260.81	300.859
1259.98	369.843
1259.16	435.702
1258.34	445.382
1257.51	402.473
1256.69	343.738
1255.86	291.843
1255.04	248.821
1254.22	238.695
1253.39	279.067
1252.57	343.199
1251.75	382.097
1250.92	374.978
1250.1	345.781
1249.27	349.17
1248.45	265.431
1247.63	271.778
1246.8	339.082
1245.98	423.163
1245.15	409.297
1244.33	470.309
1243.51	487.22
1242.68	473.11
1241.86	437.355
1241.03	472.265
1240.21	449.04
1239.39	439.594
1238.56	504.99
1237.74	534.024
1236.92	527.859
1236.09	598.95
1235.27	646.46
1234.44	634.872
1233.62	653.695
1232.8	708.552
1231.97	862.019
1231.15	1012.14
1230.32	1177.83
1229.5	1295.41
1228.68	1384.37
1227.85	1348.37
1227.03	1267.24
1226.21	1154.48
1225.38	1017.37
1224.56	953.817
1223.73	874.276
1222.91	776.123
1222.09	653.144
1221.26	632.814
1220.44	552.624
1219.61	479.565
1218.79	455.958
1217.97	480.529
1217.14	474.565
1216.32	440.298
1215.5	497.672
1214.67	538.849
1213.85	576.795
1213.02	588.456
1212.2	585.927
1211.38	540.747
1210.55	562.455
1209.73	600.613
1208.9	681.402
1208.08	820.461
1207.26	974.883
1206.43	1143.16
1205.61	1424.61
1204.78	1845.58
1203.96	2390.7
1203.14	3072.63
1202.31	3802.9
1201.49	4573.28
1200.67	5143.71
1199.84	5509.31
1199.02	5617.6
1198.19	5466.9
1197.37	4941.4
1196.55	4320.66
1195.72	3682.69
1194.9	2996.26
1194.07	2321.88
1193.25	1867.01
1192.43	1526.33
1191.6	1249.81
1190.78	1096.08
1189.96	1014.69
1189.13	877.934
1188.31	852.058
1187.48	820.388
1186.66	753.432
1185.84	786.496
1185.01	844.557
1184.19	799.814
1183.36	719.31
1182.54	664.694
1181.72	608.903
1180.89	574.203
1180.07	558.318
1179.24	566.372
1178.42	567.862
1177.6	472.275
1176.77	360.58
1175.95	304.318
1175.13	301.609
1174.3	304.208
1173.48	363.344
1172.65	415.77
1171.83	390.141
1171.01	268.78
1170.18	194.933
1169.36	150.45
1168.53	113.544
1167.71	86.1264
1166.89	105.078
1166.06	84.6633
1165.24	34.0343
1164.42	29.2071
1163.59	27.852
1162.77	69.3122
1161.94	140.581
1161.12	242.108
1160.3	263.52
1159.47	219.894
1158.65	184.501
1157.82	92.383
1157	49.4814
1156.18	75.782
1155.35	119.574
1154.53	103.696
1153.7	133.187
1152.88	119.542
1152.06	100.712
1151.23	109.424
1150.41	120.74
1149.59	65.2995
1148.76	19.4927
1147.94	0
1147.11	58.8222
1146.29	146.901
1145.47	258.363
1144.64	342.79
1143.82	286.663
1142.99	246.893
1142.17	246.684
1141.35	238.612
1140.52	191.607
1139.7	254.627
1138.88	262.471
1138.05	154.014
1137.23	134.558
1136.4	135.346
1135.58	165.574
1134.76	202.05
1133.93	291.407
1133.11	297.196
1132.28	304.517
1131.46	281.901
1130.64	245.694
1129.81	253.18
1128.99	285.284
1128.17	271.365
1127.34	261.129
1126.52	283.761
1125.69	254.622
1124.87	199.839
1124.05	248.464
1123.22	299.165
1122.4	308.749
1121.57	302.764
1120.75	319.257
1119.93	314.675
1119.1	311.639
1118.28	331.805
1117.45	411.054
1116.63	381.089
1115.81	356.382
1114.98	313.889
1114.16	291.63
1113.34	249.263
1112.51	296.797
1111.69	312.889
1110.86	330.151
1110.04	305.426
1109.22	255.384
1108.39	243.12
1107.57	250.693
1106.74	263.101
1105.92	281.087
1105.1	324.657
1104.27	395.953
1103.45	386.136
1102.63	345.238
1101.8	287.284
1100.98	262.673
1100.15	216.146
1099.33	283.874
1098.51	544.183
1097.68	1050.05
1096.86	1607.04
1096.03	2038.87
1095.21	3402.32
1094.39	4131.27
1093.56	3867.08
1092.74	3324.59
1091.91	2875.18
1091.09	1434.86
1090.27	541.341
1089.44	403.629
1088.62	407.116
1087.8	392.726
1086.97	378.257
1086.15	292.483
1085.32	255.098
1084.5	291.972
1083.68	352.68
1082.85	404.587
1082.03	467.623
1081.2	445.678
1080.38	371.71
1079.56	342.39
1078.73	314.824
1077.91	268.109
1077.09	266.469
1076.26	272.614
1075.44	232.464
1074.61	210.054
1073.79	198.243
1072.97	211.154
1072.14	241.391
1071.32	221.454
1070.49	280.968
1069.67	320.512
1068.85	304.075
1068.02	285.132
1067.2	333.955
1066.38	284.212
1065.55	252.729
1064.73	274.533
1063.9	372.785
1063.08	394.404
1062.26	416.824
1061.43	439.955
1060.61	403.107
1059.78	268.038
1058.96	271.146
1058.14	290.926
1057.31	328.498
1056.49	392.303
1055.66	474.652
1054.84	480.734
1054.02	442.674
1053.19	380.136
1052.37	243.851
1051.55	170.008
1050.72	132.904
1049.9	138.163
1049.07	155.873
1048.25	308.655
1047.43	399.255
1046.6	425.008
1045.78	455.304
1044.95	428.726
1044.13	354.382
1043.31	311.465
1042.48	303.382
1041.66	262.78
1040.84	292.62
1040.01	346.109
1039.19	348.608
1038.36	334.338
1037.54	350.88
1036.72	340.316
1035.89	329.649
1035.07	431.227
1034.24	453.524
1033.42	492.082
1032.6	506.269
1031.77	478.957
1030.95	373.998
1030.12	387.522
1029.3	388.4
1028.48	426.387
1027.65	472.043
1026.83	486.556
1026.01	480.597
1025.18	462.947
1024.36	428.612
1023.53	486.128
1022.71	509.938
1021.89	603.697
1021.06	648.804
1020.24	692.214
1019.41	688.12
1018.59	771.099
1017.77	833.98
1016.94	970.385
1016.12	1175.17
1015.3	1494.93
1014.47	2000.31
1013.65	2806.12
1012.82	4035.76
1012	5545.57
1011.18	7033.22
1010.35	8213.58
1009.53	8802.13
1008.7	8625.37
1007.88	7790.47
1007.06	6571.83
1006.23	5217.35
1005.41	3907.71
1004.58	2855.76
1003.76	2079.45
1002.94	1552.34
1002.11	1239.63
1001.29	1079.16
1000.47	938.998
999.642	868.223
998.818	838.293
997.994	835.523
997.17	855.589
996.346	872.231
995.522	844.129
994.699	837.113
993.875	737.57
993.051	646.125
992.227	524.382
991.403	429.856
990.579	354.44
989.755	385.488
988.932	385.381
988.108	483.729
987.284	545.976
986.46	555.644
985.636	552.978
984.812	586.042
983.988	596.625
983.164	638.061
982.341	619.296
981.517	630.356
980.693	636.536
979.869	630.418
979.045	590.653
978.221	591.59
977.397	587.189
976.574	470.836
975.75	437.597
974.926	448.563
974.102	441.199
973.278	404.435
972.454	520.236
971.63	518.936
970.806	574.008
969.983	643.496
969.159	652.843
968.335	585.478
967.511	572.9
966.687	525.475
965.863	478.103
965.039	486.591
964.215	486.764
963.392	485.748
962.568	487.198
961.744	530.733
960.92	544.583
960.096	515.941
959.272	542.87
958.448	564.625
957.625	560.847
956.801	579.232
955.977	676.076
955.153	667.421
954.329	620.533
953.505	561.036
952.681	499.437
951.857	454.243
951.034	438.932
950.21	418.957
949.386	491.581
948.562	503.569
947.738	549.371
946.914	621.657
946.09	714.266
945.267	718.058
944.443	743.103
943.619	761.989
942.795	708.414
941.971	638.816
941.147	545.162
940.323	492.792
939.499	438.064
938.676	421.624
937.852	422.821
937.028	477.8
936.204	555.816
935.38	576.396
934.556	598.423
933.732	640.652
932.909	632.206
932.085	611.178
931.261	626.606
930.437	626.352
929.613	576.316
928.789	586.455
927.965	617.784
927.141	607.029
926.318	603.019
925.494	604.734
924.67	576.001
923.846	521.966
923.022	495.813
922.198	475.636
921.374	454.577
920.551	486.86
919.727	489.947
918.903	447.358
918.079	404.448
917.255	343.288
916.431	236.405
915.607	221.222
914.783	286.411
913.96	351.673
913.136	402.673
912.312	424.958
911.488	400.103
910.664	344.847
909.84	304.115
909.016	294.744
908.193	340.531
907.369	431.629
906.545	463.927
905.721	440.635
904.897	436.922
904.073	387.587
903.249	296.822
902.425	302.296
901.602	332.103
900.778	350.815
899.954	322.418
899.13	295.747
898.306	251.801
897.482	214.407
896.658	128.566
895.835	150.121
895.011	163.1
894.187	141.611
893.363	129.047
892.539	150.631
891.715	123.526
890.891	123.011
890.067	117.363
889.244	186.631
888.42	282.585
887.596	357.712
886.772	366.376
885.948	354.089
885.124	307.558
884.3	272.135
883.477	253.229
882.653	280.326
881.829	371.218
881.005	389.285
880.181	327.14
879.357	282.92
878.533	262.158
877.709	236.063
876.886	255.237
876.062	335.021
875.238	413.416
874.414	439.437
873.59	461.613
872.766	477.26
871.942	466.115
871.118	436.277
870.295	351.612
869.471	307.277
868.647	290.77
867.823	301.508
866.999	340.782
866.175	471.123
865.351	469.831
864.528	506.138
863.704	537.666
862.88	546.703
862.056	525.367
861.232	573.227
860.408	616.107
859.584	600.277
858.76	589.509
857.937	578.709
857.113	573.602
856.289	538.137
855.465	563.241
854.641	520.12
853.817	536.954
852.993	581.379
852.17	591.339
851.346	575.112
850.522	613.461
849.698	598.967
848.874	543.816
848.05	522.582
847.226	516.878
846.402	483.015
845.579	530.231
844.755	536.696
843.931	557.485
843.107	592.406
842.283	649.951
841.459	623.985
840.635	667.491
839.812	674.408
838.988	646.235
838.164	621.371
837.34	611.586
836.516	604.9
835.692	565.657
834.868	577.816
834.044	606.399
833.221	617.967
832.397	592.427
831.573	573.281
830.749	556.209
829.925	524.966
829.101	451.881
828.277	392.327
827.454	394.635
826.63	402.217
825.806	401.441
824.982	513.552
824.158	612.274
823.334	648.905
822.51	638.482
821.686	633.963
820.863	597.08
820.039	598.648
819.215	640.566
818.391	658.958
817.567	651.702
816.743	655.234
815.919	575.093
815.096	457.271
814.272	425.893
813.448	448.279
812.624	417.392
811.8	518.446
810.976	552.009
810.152	583.057
809.328	604.744
808.505	607.285
807.681	529.1
806.857	578.224
806.033	580.531
805.209	500.349
804.385	460.228
803.561	474.672
802.738	443.712
801.914	410.166
801.09	462.197
800.266	513.593
799.442	525.595
798.618	545.222
797.794	566.622
796.97	544.406
796.147	498.662
795.323	501.371
794.499	544.224
793.675	581.169
792.851	622.393
792.027	703.095
791.203	720.026
790.379	711.151
789.556	726.289
788.732	765.879
787.908	758.703
787.084	745.219
786.26	706.035
785.436	680.568
784.612	680.283
783.789	662.614
782.965	633.095
782.141	585.466
781.317	558.037
780.493	540.89
779.669	555.408
778.845	613.888
778.021	694.47
777.198	698.226
776.374	661.318
775.55	636.656
774.726	612.386
773.902	583.641
773.078	631.142
772.254	698.663
771.431	758.588
770.607	824.076
769.783	942.554
768.959	1011.73
768.135	1091.36
767.311	1172.51
766.487	1218.14
765.663	1212.01
764.84	1227.73
764.016	1160.51
763.192	1074.31
762.368	1000.27
761.544	939.858
760.72	858.383
759.896	825.987
759.073	824.783
758.249	821.908
757.425	806.787
756.601	789.613
755.777	800.568
754.953	772.903
754.129	715.578
753.305	698.697
752.482	734.497
751.658	775.614
750.834	824.227
750.01	892.676
749.186	933.961
748.362	912.885
747.538	854.7
746.715	821.378
745.891	788.818
745.067	778.162
744.243	766.042
743.419	725.672
742.595	653.119
741.771	701.671
740.947	683.947
740.124	658.043
739.3	706.692
738.476	798.774
737.652	708.702
736.828	716.578
736.004	786.328
735.18	807.038
734.357	770.474
733.533	799.07
732.709	758.263
731.885	630.562
731.061	528.487
730.237	509.102
729.413	536.496
728.589	531.759
727.766	539.148
726.942	543.503
726.118	483.661
725.294	393.515
724.47	412.909
723.646	437.687
722.822	487.841
721.999	559.256
721.175	605.855
720.351	579.543
719.527	636.037
718.703	597.076
717.879	608.382
717.055	649.166
716.231	658.261
715.408	601.917
714.584	623.934
713.76	578.277
712.936	509.231
712.112	490.127
711.288	506.62
710.464	487.667
709.641	507.77
708.817	563.661
707.993	603.754
707.169	590.855
706.345	608.538
705.521	691.71
704.697	740.873
703.873	773.173
703.05	847.689
702.226	973.456
701.402	953.839
700.578	891.248
699.754	875.374
698.93	881.542
698.106	812.97
697.282	798.916
696.459	804.638
695.635	793.166
694.811	764.363
693.987	756.569
693.163	738.512
692.339	788.901
691.515	823.42
690.692	837.069
689.868	846.584
689.044	824.375
688.22	767.307
687.396	761.474
686.572	791.623
685.748	812.505
684.924	822.222
684.101	868.989
683.277	895.854
682.453	856.296
681.629	811.056
680.805	875.395
679.981	914.405
679.157	938.135
678.334	980.819
677.51	985.931
676.686	883.372
675.862	860.024
675.038	777.021
674.214	735.562
673.39	786.783
672.566	899.714
671.743	902.041
670.919	937.542
670.095	972.373
669.271	978.477
668.447	943.88
667.623	866.489
666.799	873.359
665.976	833.902
665.152	756.394
664.328	687.824
663.504	660.406
662.68	625.595
661.856	636.275
661.032	687.321
660.208	755.275
659.385	819.032
658.561	811.592
657.737	838.145
656.913	810.836
656.089	756.668
655.265	798.02
654.441	872.429
653.618	880.637
652.794	901.758
651.97	904.483
651.146	800.178
650.322	770.732
649.498	725.423
648.674	680.806
647.85	662.964
647.027	667.862
646.203	580.524
645.379	582.095
644.555	595.629
643.731	620.131
642.907	672.807
642.083	675.27
641.26	600.105
640.436	525.871
639.612	469.151
638.788	411.812
637.964	364.148
637.14	306.033
636.316	301.093
635.492	296.548
634.669	252.874
633.845	286.143
633.021	397.604
632.197	427.641
631.373	405.868
630.549	404.004
629.725	387.583
628.902	290.354
628.078	243.549
627.254	233.558
626.43	206.54
625.606	162.746
624.782	147.696
623.958	164.2
623.134	194.05
622.311	224.488
621.487	268.497
620.663	270.246
619.839	249.386
619.015	219.056
618.191	195.264
617.367	206.386
616.544	265.278
615.72	359.111
614.896	452.956
614.072	505.102
613.248	488.129
612.424	497.338
611.6	502.686
610.776	498.95
609.953	485.368
609.129	456.612
608.305	456.66
607.481	424.984
606.657	428.407
605.833	551.979
605.009	779.753
604.185	936.564
603.362	1018.92
602.538	1058.28
601.714	1076.91
600.89	1013.54
600.066	950.101
599.242	898.836
598.418	851.134
597.595	788.783
596.771	664.028
595.947	627.885
595.123	643.811
594.299	657.686
593.475	648.509
592.651	672.163
591.827	619.123
591.004	555.194
590.18	524.479
589.356	561.085
588.532	752.495
587.708	899.812
586.884	1003.13
586.06	1062.42
585.237	1053.47
584.413	964.116
583.589	925.908
582.765	937.854
581.941	981.309
581.117	1039.36
580.293	1072.61
579.469	1105.95
578.646	1127.15
577.822	1121.06
576.998	1084.62
576.174	961.109
575.35	872.121
574.526	812.463
573.702	744.466
572.879	689.498
572.055	704.316
571.231	713.952
570.407	736.459
569.583	777.085
568.759	739.887
567.935	744.312
567.111	730.511
566.288	683.193
565.464	637.149
564.64	693.92
563.816	649.233
562.992	611.02
562.168	616.892
561.344	597.218
560.521	573.225
559.697	586.199
558.873	581.064
558.049	541.85
557.225	469.091
556.401	476.135
555.577	468.616
554.753	445.504
553.93	455.152
553.106	485.759
552.282	424.758
551.458	448.892
550.634	513.925
549.81	549.897
548.986	666.314
548.163	660.985
547.339	638.884
546.515	640.479
545.691	604.095
544.867	539.358
544.043	551.229
543.219	544.933
542.395	503.407
541.572	454.938
540.748	395.241
539.924	413.149
539.1	445.432
538.276	449.819
537.452	490.923
536.628	602.493
535.805	686.917
534.981	719.373
534.157	716.269
533.333	726.673
532.509	666.59
531.685	610.102
530.861	579.093
530.037	534.595
529.214	602.662
528.39	643.421
527.566	652.072
526.742	684.729
525.918	754.827
525.094	696.596
524.27	673.066
523.446	650.827
522.623	573.625
521.799	497.225
520.975	470.436
520.151	501.89
519.327	569.084
518.503	623.352
517.679	729.092
516.856	774.356
516.032	751.526
515.208	692.626
514.384	617.22
513.56	620.806
512.736	624.628
511.912	607.813
511.088	616.777
510.265	690.954
509.441	652.74
508.617	638.189
507.793	668.688
506.969	678.608
506.145	595.988
505.321	538.471
504.498	512.104
503.674	495.978
502.85	492.751
502.026	576.949
501.202	696.203
500.378	804.76
499.554	851.819
498.73	1051.07
497.907	1365.13
497.083	1758.3
496.259	2307.05
495.435	3125.62
494.611	3871.66
493.787	4447.38
492.963	4768.08
492.14	4776.9
491.316	4364.22
490.492	3684.07
489.668	2928.03
488.844	2220.54
488.02	1649.3
487.196	1195.43
486.372	949.024
485.549	817.836
484.725	675.892
483.901	539.05
483.077	485.036
482.253	396.34
481.429	321.512
480.605	356.107
479.782	383.097
478.958	336.316
478.134	282.36
477.31	270.552
476.486	254.561
475.662	209.092
474.838	236.627
474.014	301.311
473.191	324.755
472.367	306.973
471.543	311.393
470.719	301.439
469.895	266
469.071	248.154
468.247	247.454
467.424	194.585
466.6	138.419
465.776	179.241
464.952	191.414
464.128	167.718
463.304	168.881
462.48	189.94
461.656	208.311
460.833	176.014
460.009	160.895
459.185	179.664
458.361	187.374
457.537	116.411
456.713	142.853
455.889	179.223
455.066	188.529
454.242	260.393
453.418	299.443
452.594	295.078
451.77	322.084
450.946	436.531
450.122	360.051
449.298	304.307
448.475	276.487
447.651	230.13
446.827	158.895
446.003	199.246
445.179	245.939
444.355	291.807
443.531	346.721
442.708	407.933
441.884	441.852
441.06	443.607
440.236	445.299
439.412	437.164
438.588	369.68
437.764	341.104
436.94	363.981
436.117	438.427
435.293	524.057
434.469	557.65
433.645	534.125
432.821	480.767
431.997	436.776
431.173	361.999
430.349	312.06
429.526	301.566
428.702	322.74
427.878	345.711
427.054	376.54
426.23	423.614
425.406	523.231
424.582	578.248
423.759	579.447
422.935	569.061
422.111	530.373
421.287	515.828
420.463	530.659
419.639	526.324
418.815	536.2
417.991	581.695
417.168	556.737
416.344	546.54
415.52	559.425
414.696	579.214
413.872	567.944
413.048	571.675
412.224	568.536
411.401	550.277
410.577	519.515
409.753	507.946
408.929	485.028
408.105	441.969
407.281	375.267
406.457	316.364
405.633	284.961
404.81	294.499
403.986	365.541
403.162	490.083
402.338	569.894
401.514	623.504
400.69	650.136
399.866	565.395
399.043	441.409
398.219	361.939
397.395	310.972
396.571	285.41
395.747	295.291
394.923	271.098
394.099	281.377
393.275	401.549
392.452	430.874
391.628	459.974
390.804	515.101
389.98	533.601
389.156	442.926
388.332	366.232
387.508	310.973
386.685	281.169
385.861	231.517
385.037	213.395
384.213	232.172
383.389	218.497
382.565	160.506
381.741	137.728
380.917	105.078
380.094	89.8619
379.27	95.8674
378.446	188.756
377.622	186.579
376.798	164.933
375.974	222.097
375.15	318.572
374.327	291.421
373.503	349.399
372.679	426.583
371.855	417.78
371.031	410.802
370.207	470.76
369.383	532.335
368.559	585.509
367.736	620.193
366.912	632.331
366.088	616.854
365.264	552.147
364.44	517.881
363.616	468.463
362.792	422.066
361.969	446.686
361.145	545.631
360.321	633.689
359.497	732.793
358.673	792.591
357.849	839.543
357.025	876.683
356.201	895.195
355.378	965.76
354.554	1107.2
353.73	1329.56
352.906	1646.75
352.082	2032.25
351.258	2499.04
350.434	3309.62
349.611	4246.19
348.787	5253.03
347.963	6288.9
347.139	7171.07
346.315	7530.01
345.491	7551.65
344.667	7309.76
343.843	6824.85
343.02	6428.36
342.196	6178.16
341.372	5978.48
340.548	5753.9
339.724	5580.45
338.9	5202.06
338.076	4672.36
337.252	4123.47
336.429	3559.18
335.605	2948.2
334.781	2441.06
333.957	2079.21
333.133	1656.36
332.309	1414.79
331.485	1348.96
330.662	1342.56
329.838	1315.15
329.014	1371.19
328.19	1330.38
327.366	1233.2
326.542	1207.43
325.718	1179.31
324.894	1172.68
324.071	1176.85
323.247	1141.33
322.423	1078.2
321.599	1038.62
320.775	985.812
319.951	904.919
319.127	906.15
318.304	858.093
317.48	795.603
316.656	773.354
315.832	842.834
315.008	869.654
314.184	868.624
313.36	830.212
312.536	793.235
311.713	737.774
310.889	685.829
310.065	638.851
309.241	603.277
308.417	608.732
307.593	587.722
306.769	497.835
305.946	454.723
305.122	465.927
304.298	430.716
303.474	378.906
302.65	332.877
301.826	337.404
301.002	365.887
300.178	393.111
299.355	461.936
298.531	545.956
297.707	546.02
296.883	526.819
296.059	537.53
295.235	476.568
294.411	452.281
293.588	465.835
292.764	480.45
291.94	477.327
291.116	498.572
290.292	504.909
289.468	524.269
288.644	583.207
287.82	631.431
286.997	680.671
286.173	740.924
285.349	803.197
284.525	820.56
283.701	823.63
282.877	811.966
282.053	857.646
281.23	868.89
280.406	882.044
279.582	973.306
278.758	1116.85
277.934	1242.65
277.11	1418.09
276.286	1657.8
275.462	1809.24
274.639	1979.77
273.815	2177.57
272.991	2380.38
272.167	2548.49
271.343	2850.11
270.519	3195.54
269.695	3485.68
268.872	3854.84
268.048	4325.78
267.224	4874.98
266.4	5595.35
265.576	6605.88
264.752	7815.1
263.928	9343.18
263.104	11299.6
262.281	13544.1
261.457	15926.6
260.633	18250.6
259.809	20220.1
258.985	21601.5
258.161	22152.8
257.337	21921.1
256.514	21111.3
255.69	19778.9
254.866	18106.5
254.042	16439
253.218	14843.6
252.394	13510.2
251.57	12468.5
250.746	11658.7
249.923	11167.3
249.099	11136.7
248.275	11343.6
247.451	12117.7
246.627	13791.4
245.803	16626.2
244.979	20659.8
244.155	25661.4
243.332	30914.3
242.508	35188.4
241.684	37728.3
240.86	38000
240.036	35902.9
239.212	31945.9
238.388	27150.5
237.565	22126.6
236.741	17485.6
235.917	13646.8
235.093	10812.9
234.269	8982.81
233.445	8040.16
232.621	7756.97
231.797	8067.46
230.974	8695.77
230.15	9377.52
229.326	9884.71
228.502	10125
227.678	9991.08
226.854	9441.26
226.03	8557.36
225.207	7490.05
224.383	6326.88
223.559	5168.61
222.735	4143.39
221.911	3304.52
221.087	2651.07
220.263	2178.43
219.439	1799.12
218.616	1420.95
217.792	1047.08
216.968	821.958
216.144	674.993
215.32	607.027
214.496	622.877
213.672	680.782
212.849	649.614
212.025	550.394
211.201	417.046
210.377	306.66
209.553	258.914
208.729	209.066
207.905	162.724
207.081	184.518
206.258	198.13
205.434	175.594
204.61	156.676
203.786	148.353
202.962	104.717
202.138	105.078
201.314	185.839
200.491	324.998
199.667	458.909
198.843	577.044
198.019	675.428
197.195	678.675
196.371	672.51
195.547	740.287
194.723	841.945
193.9	952.187
193.076	1125.52
192.252	1284.86
191.428	1447.3
190.604	1610
189.78	1748.36
188.956	1864.97
188.133	2019.92
187.309	2080.69
186.485	2109.68
185.661	2159.42
184.837	2246.11
184.013	2305.44
183.189	2503.75
182.365	2905.07
181.542	3584.27
180.718	4670.69
179.894	6162.58
179.07	8038.26
178.246	10687.3
177.422	14287.7
176.598	18451.1
175.775	22678.6
174.951	26204.2
174.127	28203.8
173.303	28229.1
172.479	26458.4
171.655	23190.4
170.831	19410.3
170.007	15782.1
169.184	12866.2
168.36	10952.7
167.536	10022.4
166.712	9642.58
165.888	9433.94
165.064	8958.17
164.24	8018.1
163.416	6836.7
162.593	5469.85
161.769	4101.75
160.945	2916.84
160.121	1991.83
159.297	1244.51
158.473	737.394
157.649	420.548
156.826	275.613
156.002	178.678
155.178	105.078
154.354	78.1647
153.53	102.515
152.706	98.9792
151.882	105.078
