99.667519 0.000000
101.013199 0.000000
102.358878 25.017914
103.704558 124.507019
105.050238 120.156677
106.395918 180.197937
107.741598 255.978119
109.087278 295.783569
110.432958 304.406616
111.778638 282.418152
113.124318 241.298233
114.469998 156.174911
115.815677 79.303131
117.161357 49.362625
118.507037 46.520859
119.852717 54.717819
121.198397 55.657562
122.544077 29.596039
123.889757 -7.620041
125.235437 -28.863022
126.581117 -40.955185
127.926797 -49.224823
129.272476 -38.758759
130.618156 36.153839
131.963836 98.695526
133.309516 119.515305
134.655196 130.038284
136.000876 151.963562
137.346556 169.679886
138.692236 179.664963
140.037916 194.143417
141.383596 242.305664
142.729275 278.871704
144.074955 294.043518
145.420635 307.697968
146.766315 295.783020
148.111995 240.512009
149.457675 183.401672
150.803355 136.470352
152.149035 117.671173
153.494715 112.940964
154.840395 133.187134
156.186075 158.523712
157.531754 142.511719
158.877434 95.474930
160.223114 78.823044
161.568794 93.864731
162.914474 106.313690
164.260154 134.593216
165.605834 179.200287
166.951514 198.436432
168.297194 169.700562
169.642874 143.104156
170.988553 139.030792
172.334233 127.653839
173.679913 129.572922
175.025593 162.161575
176.371273 179.127670
177.716953 158.933228
179.062633 127.315002
180.408313 101.830154
181.753993 84.685287
183.099673 59.109207
184.445352 57.636047
185.791032 58.808746
187.136712 70.258392
188.482392 64.829910
189.828072 88.016266
191.173752 118.712143
192.519432 128.490723
193.865112 163.838165
195.210792 144.806519
196.556472 109.970184
197.902151 77.942886
199.247831 31.587921
200.593511 29.004196
201.939191 33.184998
203.284871 -8.643860
204.630551 23.199722
205.976231 27.614059
207.321911 37.672623
208.667591 68.415436
210.013271 84.937485
211.358951 85.579926
212.704630 65.475983
214.050310 22.752777
215.395990 23.752197
216.741670 8.609909
218.087350 43.441696
219.433030 123.144058
220.778710 142.798752
222.124390 113.236435
223.470070 72.320496
224.815750 6.548676
226.161429 -71.130127
227.507109 -107.391754
228.852789 -73.056046
230.198469 -35.813293
231.544149 -31.322525
232.889829 -36.799622
234.235509 -47.937759
235.581189 -79.528778
236.926869 -74.540344
238.272549 -17.294342
239.618228 23.194122
240.963908 35.652161
242.309588 24.402863
243.655268 8.334915
245.000948 -7.847778
246.346628 -16.474564
247.692308 -0.122421
249.037988 19.511002
250.383668 113.214630
251.729348 149.649109
253.075027 150.507385
254.420707 164.143387
255.766387 190.832321
257.112067 205.111023
258.457747 168.061447
259.803427 164.942276
261.149107 225.252487
262.494787 197.224976
263.840467 148.298416
265.186147 133.523163
266.531827 123.712570
267.877506 89.304871
269.223186 104.475006
270.568866 173.374207
271.914546 190.866364
273.260226 207.820404
274.605906 211.579666
275.951586 187.113464
277.297266 124.932983
278.642946 85.358109
279.988626 138.424179
281.334305 156.935806
282.679985 144.637756
284.025665 148.448334
285.371345 153.279251
286.717025 135.923660
288.062705 113.258453
289.408385 107.188599
290.754065 95.197830
292.099745 59.698212
293.445425 85.669632
294.791104 123.279602
296.136784 165.550949
297.482464 194.621979
298.828144 202.083664
300.173824 192.296158
301.519504 161.264359
302.865184 129.827911
304.210864 171.356537
305.556544 248.165512
306.902224 261.680359
308.247903 230.208725
309.593583 201.195480
310.939263 187.798294
312.284943 171.993347
313.630623 150.147369
314.976303 162.593109
316.321983 208.913437
317.667663 232.469040
319.013343 242.129501
320.359023 276.963745
321.704703 330.941284
323.050382 361.629211
324.396062 350.030029
325.741742 297.034302
327.087422 221.689270
328.433102 166.327087
329.778782 130.664551
331.124462 133.934158
332.470142 178.987473
333.815822 186.348938
335.161502 187.810547
336.507181 199.542313
337.852861 205.116287
339.198541 201.322693
340.544221 212.566193
341.889901 243.651215
343.235581 190.113907
344.581261 85.333344
345.926941 26.540466
347.272621 12.160477
348.618301 11.424316
349.963980 17.004623
351.309660 65.212234
352.655340 109.780731
354.001020 83.822906
355.346700 88.494843
356.692380 111.780075
358.038060 104.621353
359.383740 47.886169
360.729420 0.103806
362.075100 -19.918396
363.420779 -48.862717
364.766459 -65.606476
366.112139 -51.253281
367.457819 -43.365356
368.803499 -28.246002
370.149179 -45.695969
371.494859 -36.219559
372.840539 8.330200
374.186219 56.327103
375.531899 53.792923
376.877579 40.484619
378.223258 48.570969
379.568938 40.784897
380.914618 -12.022568
382.260298 -31.630341
383.605978 14.474823
384.951658 140.818161
386.297338 216.580093
387.643018 233.717575
388.988698 243.210388
390.334378 215.596878
391.680057 192.371536
393.025737 196.206863
394.371417 186.602158
395.717097 217.107315
397.062777 173.356537
398.408457 82.788879
399.754137 31.539963
401.099817 -6.402939
402.445497 -16.607971
403.791177 21.682175
405.136856 41.209442
406.482536 54.905014
407.828216 52.121429
409.173896 77.223312
410.519576 84.183136
411.865256 37.152847
413.210936 30.453827
414.556616 61.939240
415.902296 75.718216
417.247976 60.747101
418.593655 46.421890
419.939335 90.357468
421.285015 82.936218
422.630695 116.246674
423.976375 153.820602
425.322055 144.433929
426.667735 115.191010
428.013415 52.268784
429.359095 -66.830902
430.704775 -43.505920
432.050455 -49.047714
433.396134 -15.264130
434.741814 -6.834671
436.087494 -10.041351
437.433174 15.474167
438.778854 2.696396
440.124534 -48.662506
441.470214 14.332260
442.815894 13.282516
444.161574 -22.681885
445.507254 -43.697418
446.852933 -8.764023
448.198613 36.573196
449.544293 84.250015
450.889973 137.313278
452.235653 192.947205
453.581333 187.583862
454.927013 108.938232
456.272693 -16.943771
457.618373 -0.284439
458.964053 -54.915192
460.309732 -40.290787
461.655412 10.175842
463.001092 48.673935
464.346772 79.940491
465.692452 94.821976
467.038132 -0.234390
468.383812 21.491196
469.729492 6.483231
471.075172 57.415756
472.420852 114.788223
473.766531 163.941162
475.112211 231.262848
476.457891 277.115784
477.803571 243.678680
479.149251 266.536499
480.494931 286.157410
481.840611 269.054321
483.186291 267.255035
484.531971 257.293274
485.877651 212.634338
487.223330 219.230164
488.569010 234.160477
489.914690 260.647827
491.260370 279.973755
492.606050 278.007233
493.951730 285.910645
495.297410 242.857269
496.643090 195.708298
497.988770 184.176590
499.334450 134.210648
500.680130 98.944122
502.025809 89.735916
503.371489 108.913956
504.717169 100.088394
506.062849 129.406265
507.408529 170.101639
508.754209 154.141235
510.099889 122.724945
511.445569 115.612259
512.791249 154.685928
514.136929 206.363205
515.482608 232.692108
516.828288 312.186279
518.173968 328.928772
519.519648 276.286407
520.865328 217.284409
522.211008 137.792816
523.556688 122.591904
524.902368 136.949203
526.248048 175.967087
527.593728 203.171616
528.939407 196.460785
530.285087 207.303543
531.630767 228.427948
532.976447 168.611023
534.322127 144.976593
535.667807 154.683868
537.013487 181.418015
538.359167 180.791153
539.704847 176.645233
541.050527 241.077972
542.396206 293.073120
543.741886 284.231689
545.087566 318.116699
546.433246 340.181610
547.778926 340.816528
549.124606 313.297516
550.470286 289.242126
551.815966 298.627716
553.161646 321.563690
554.507326 309.280151
555.853006 323.192841
557.198685 288.381409
558.544365 223.718475
559.890045 206.585678
561.235725 258.615051
562.581405 328.686707
563.927085 413.769836
565.272765 435.005920
566.618445 445.211853
567.964125 416.942963
569.309805 339.701965
570.655484 261.611084
572.001164 260.470093
573.346844 321.314026
574.692524 407.327087
576.038204 455.551819
577.383884 472.763458
578.729564 437.572266
580.075244 336.437988
581.420924 220.942764
582.766604 141.577118
584.112283 159.765427
585.457963 184.829056
586.803643 201.323456
588.149323 204.424210
589.495003 194.173767
590.840683 199.574951
592.186363 153.856964
593.532043 154.844696
594.877723 202.240707
596.223403 193.608795
597.569082 164.690475
598.914762 133.790405
600.260442 130.398727
601.606122 159.514923
602.951802 112.588623
604.297482 183.250916
605.643162 236.051773
606.988842 310.000427
608.334522 339.563843
609.680202 303.166382
611.025882 294.590820
612.371561 305.370972
613.717241 247.465363
615.062921 246.611023
616.408601 229.394821
617.754281 277.081543
619.099961 288.838104
620.445641 230.122650
621.791321 195.065506
623.137001 154.435562
624.482681 96.365967
625.828360 97.976913
627.174040 98.096100
628.519720 150.469452
629.865400 225.245544
631.211080 282.248047
632.556760 360.039429
633.902440 389.541138
635.248120 360.623505
636.593800 334.980103
637.939480 332.268219
639.285159 335.897858
640.630839 326.285706
641.976519 361.108459
643.322199 485.877747
644.667879 591.860046
646.013559 653.567627
647.359239 772.355042
648.704919 967.726624
650.050599 1149.020752
651.396279 1358.606934
652.741958 1729.059814
654.087638 2271.157715
655.433318 2898.377197
656.778998 3816.775146
658.124678 4898.355957
659.470358 6156.687012
660.816038 7467.782715
662.161718 8731.541016
663.507398 9936.936523
664.853078 11016.523438
666.198758 11766.634766
667.544437 12428.664063
668.890117 12671.121094
670.235797 12627.600586
671.581477 12193.886719
672.927157 11353.679688
674.272837 10267.262695
675.618517 9006.113281
676.964197 7587.518555
678.309877 6215.541504
679.655557 4867.087891
681.001236 3743.808105
682.346916 2775.330811
683.692596 1992.785645
685.038276 1483.753540
686.383956 1135.284302
687.729636 900.848450
689.075316 727.488281
690.420996 594.212463
691.766676 480.900513
693.112356 329.044739
694.458035 203.401993
695.803715 148.039871
697.149395 83.140457
698.495075 0.000000
699.840755 12.874954
701.186435 56.903732
702.532115 80.072205
703.877795 83.652557
705.223475 150.730835
706.569155 294.699432
707.914834 403.933105
709.260514 423.937256
710.606194 575.352112
711.951874 704.292114
713.297554 860.054138
714.643234 1031.215332
715.988914 1246.247681
717.334594 1500.005737
718.680274 1707.897339
720.025954 1813.046753
721.371634 1969.708740
722.717313 2021.449097
724.062993 2131.872314
725.408673 2278.802002
726.754353 2392.939697
728.100033 2459.652344
729.445713 2535.580811
730.791393 2654.697021
732.137073 2716.820313
733.482753 2688.627930
734.828433 2677.089844
736.174112 2606.013184
737.519792 2452.487549
738.865472 2245.203613
740.211152 2095.556396
741.556832 2072.679688
742.902512 2054.769531
744.248192 2023.479736
745.593872 2007.368652
746.939552 2014.775635
748.285232 2068.438965
749.630911 2134.177002
750.976591 2242.132568
752.322271 2410.881836
753.667951 2574.277832
755.013631 2691.028320
756.359311 2822.608643
757.704991 2957.139893
759.050671 3079.398926
760.396351 3152.809082
761.742031 3154.802734
763.087710 3096.984375
764.433390 2993.976807
765.779070 2863.286621
767.124750 2686.326660
768.470430 2459.772705
769.816110 2182.873291
771.161790 1919.499023
772.507470 1636.528076
773.853150 1403.944458
775.198830 1272.546387
776.544510 1176.540771
777.890189 1059.687134
779.235869 948.992310
780.581549 829.880005
781.927229 773.906189
783.272909 781.953857
784.618589 806.910889
785.964269 868.652283
787.309949 915.086304
788.655629 873.512939
790.001309 806.366699
791.346988 730.761414
792.692668 655.101013
794.038348 658.990051
795.384028 667.339539
796.729708 672.079834
798.075388 671.710999
799.421068 625.149048
800.766748 570.109497
802.112428 556.220337
803.458108 490.707092
804.803787 412.195129
806.149467 365.624512
807.495147 261.889587
808.840827 179.059097
810.186507 139.360428
811.532187 170.507217
812.877867 285.560425
814.223547 318.617981
815.569227 320.965668
816.914907 347.122314
818.260586 278.327362
819.606266 229.395401
820.951946 229.191986
822.297626 275.817078
823.643306 355.824036
824.988986 427.327759
826.334666 489.815582
827.680346 574.885864
829.026026 592.438782
830.371706 571.883667
831.717386 506.115906
833.063065 463.344055
834.408745 465.948700
835.754425 513.099854
837.100105 578.605347
838.445785 659.904663
839.791465 720.652039
841.137145 835.979736
842.482825 857.788818
843.828505 882.798157
845.174185 873.657837
846.519864 811.357056
847.865544 749.352478
849.211224 708.201416
850.556904 689.049255
851.902584 701.444702
853.248264 710.294312
854.593944 761.165405
855.939624 788.100769
857.285304 776.928711
858.630984 817.832642
859.976663 862.727112
861.322343 832.661011
862.668023 759.499634
864.013703 761.704529
865.359383 785.958008
866.705063 824.188904
868.050743 855.677429
869.396423 827.373474
870.742103 798.489441
872.087783 742.021240
873.433462 693.799133
874.779142 644.288696
876.124822 611.006653
877.470502 627.951111
878.816182 624.832947
880.161862 519.384277
881.507542 422.470947
882.853222 350.422974
884.198902 351.930939
885.544582 361.760437
886.890262 425.827271
888.235941 506.866760
889.581621 516.316895
890.927301 472.130554
892.272981 360.780640
893.618661 287.338196
894.964341 282.370117
896.310021 302.445190
897.655701 375.139160
899.001381 434.831909
900.347061 502.303864
901.692740 540.942017
903.038420 445.824768
904.384100 337.755798
905.729780 271.831146
907.075460 225.787903
908.421140 279.932495
909.766820 387.576965
911.112500 535.482056
912.458180 657.111328
913.803860 641.774414
915.149539 562.849365
916.495219 511.540466
917.840899 484.747986
919.186579 483.153778
920.532259 479.583954
921.877939 453.098999
923.223619 519.486328
924.569299 501.057678
925.914979 473.922363
927.260659 491.990173
928.606338 515.607727
929.952018 507.144043
931.297698 512.769409
932.643378 505.402893
933.989058 578.011169
935.334738 593.390930
936.680418 609.279297
938.026098 630.420227
939.371778 602.237671
940.717458 628.839966
942.063137 682.813416
943.408817 737.799866
944.754497 811.393066
946.100177 875.733582
947.445857 930.109924
948.791537 983.769897
950.137217 994.016296
951.482897 987.674255
952.828577 988.983948
954.174257 935.525391
955.519937 847.645203
956.865616 756.262695
958.211296 645.965942
959.556976 542.368591
960.902656 508.064392
962.248336 517.852661
963.594016 606.101685
964.939696 709.864075
966.285376 849.412964
967.631056 1003.170166
968.976736 1015.520447
970.322415 937.232300
971.668095 810.334839
973.013775 684.287354
974.359455 583.838623
975.705135 514.727539
977.050815 548.822266
978.396495 549.746460
979.742175 486.255981
981.087855 463.184875
982.433535 428.543518
983.779214 416.853607
985.124894 440.849426
986.470574 391.268280
987.816254 331.376648
989.161934 217.961868
990.507614 106.210785
991.853294 28.649567
993.198974 -35.783173
994.544654 -85.158005
995.890334 -42.106003
997.236013 -34.615158
998.581693 -7.410294
999.927373 49.930115
1001.273053 88.153229
1002.618733 91.874969
1003.964413 72.041977
1005.310093 80.803482
1006.655773 157.331757
1008.001453 182.937271
1009.347133 255.251907
1010.692813 324.916199
1012.038492 367.397095
1013.384172 391.673523
1014.729852 360.520874
1016.075532 366.332489
1017.421212 372.231995
1018.766892 366.136841
1020.112572 424.103760
1021.458252 466.431793
1022.803932 504.094208
1024.149612 541.364624
1025.495291 548.541260
1026.840971 616.092834
1028.186651 647.086182
1029.532331 620.119385
1030.878011 574.788330
1032.223691 562.181519
1033.569371 592.893127
1034.915051 608.641663
1036.260731 640.346619
1037.606411 708.674133
1038.952090 715.577148
1040.297770 686.294495
1041.643450 712.668335
1042.989130 773.267883
1044.334810 893.674500
1045.680490 1007.951416
1047.026170 1097.121826
1048.371850 1179.082886
1049.717530 1209.043457
1051.063210 1203.013184
1052.408889 1192.425781
1053.754569 1113.270264
1055.100249 1040.921143
1056.445929 940.996399
1057.791609 897.712158
1059.137289 793.558105
1060.482969 726.555969
1061.828649 642.532593
1063.174329 602.118530
1064.520009 594.682251
1065.865689 579.628967
1067.211368 563.870605
1068.557048 594.782227
1069.902728 554.756470
1071.248408 623.680054
1072.594088 637.925049
1073.939768 730.621338
1075.285448 830.347717
1076.631128 812.996033
1077.976808 803.595581
1079.322488 799.729675
1080.668167 783.652832
1082.013847 742.133240
1083.359527 673.588623
1084.705207 698.434143
1086.050887 693.696655
1087.396567 614.449585
1088.742247 567.570313
1090.087927 512.745483
1091.433607 400.758362
1092.779287 334.701111
1094.124966 326.380737
1095.470646 297.799896
1096.816326 287.029236
1098.162006 298.762329
1099.507686 261.544098
1100.853366 238.462234
1102.199046 244.580444
1103.544726 305.091309
1104.890406 350.182526
1106.236086 380.419922
1107.581765 429.285461
1108.927445 440.764709
1110.273125 396.660095
1111.618805 410.122375
1112.964485 391.665222
1114.310165 339.090057
1115.655845 288.814575
1117.001525 244.468613
1118.347205 193.579147
1119.692885 165.910324
1121.038565 182.493668
1122.384244 249.107864
1123.729924 229.475128
1125.075604 227.832352
1126.421284 222.780731
1127.766964 179.839920
1129.112644 137.603989
1130.458324 116.326080
1131.804004 96.087646
1133.149684 100.311172
1134.495364 123.135773
1135.841043 170.031876
1137.186723 215.109756
1138.532403 217.826111
1139.878083 175.271576
1141.223763 162.504486
1142.569443 206.884354
1143.915123 304.440613
1145.260803 413.567993
1146.606483 488.383789
1147.952163 503.914795
1149.297842 469.978149
1150.643522 391.091675
1151.989202 375.149048
1153.334882 420.302429
1154.680562 394.591217
1156.026242 338.370209
1157.371922 327.998413
1158.717602 278.405823
1160.063282 247.096329
1161.408962 329.159912
1162.754641 435.979858
1164.100321 455.452026
1165.446001 401.456543
1166.791681 359.245605
1168.137361 345.474548
1169.483041 288.744263
1170.828721 276.758362
1172.174401 342.759491
1173.520081 364.529327
1174.865761 335.180969
1176.211441 345.462799
1177.557120 373.747314
1178.902800 396.164581
1180.248480 403.818085
1181.594160 398.959076
1182.939840 401.800598
1184.285520 441.827332
1185.631200 445.998596
1186.976880 472.040100
1188.322560 555.166382
1189.668240 632.311401
1191.013919 743.295532
1192.359599 915.681152
1193.705279 1115.027588
1195.050959 1300.942383
1196.396639 1404.747070
1197.742319 1470.871094
1199.087999 1507.447754
1200.433679 1472.636841
1201.779359 1418.332642
1203.125039 1312.417114
1204.470718 1186.819702
1205.816398 1058.034424
1207.162078 925.728210
1208.507758 723.188843
1209.853438 535.504761
1211.199118 396.737854
1212.544798 347.982971
1213.890478 322.594788
1215.236158 370.168793
1216.581838 451.796753
1217.927517 490.753876
1219.273197 401.189392
1220.618877 286.707062
1221.964557 170.389206
1223.310237 146.773331
1224.655917 200.223114
1226.001597 256.653076
1227.347277 363.263245
1228.692957 406.578674
1230.038637 338.032898
1231.384317 261.778961
1232.729996 168.197205
1234.075676 175.996109
1235.421356 233.251953
1236.767036 278.990234
1238.112716 375.277405
1239.458396 444.601898
1240.804076 452.902557
1242.149756 446.061432
1243.495436 472.436340
1244.841116 583.791992
1246.186795 672.577393
1247.532475 794.884521
1248.878155 967.577393
1250.223835 1182.681030
1251.569515 1374.669800
1252.915195 1535.474731
1254.260875 1725.892944
1255.606555 1870.159668
1256.952235 1922.128174
1258.297915 1977.251953
1259.643594 2005.031982
1260.989274 1993.328369
1262.334954 1943.172363
1263.680634 1898.763672
1265.026314 1863.052490
1266.371994 1759.413086
1267.717674 1648.074585
1269.063354 1546.680298
1270.409034 1466.365967
1271.754714 1406.916504
1273.100393 1314.939453
1274.446073 1304.866821
1275.791753 1410.322510
1277.137433 1417.080566
1278.483113 1443.175659
1279.828793 1420.758911
1281.174473 1429.400879
1282.520153 1414.230103
1283.865833 1298.855957
1285.211513 1256.611328
1286.557193 1279.141357
1287.902872 1168.127197
1289.248552 1075.357178
1290.594232 1001.508301
1291.939912 993.178772
1293.285592 989.901489
1294.631272 1026.986938
1295.976952 1016.361633
1297.322632 1061.015625
1298.668312 1057.210205
1300.013992 1106.553467
1301.359671 1152.655518
1302.705351 1253.262207
1304.051031 1387.298218
1305.396711 1518.877319
1306.742391 1514.648315
1308.088071 1536.128540
1309.433751 1482.410278
1310.779431 1395.870117
1312.125111 1229.911865
1313.470791 1087.479248
1314.816470 961.303711
1316.162150 857.085083
1317.507830 769.473938
1318.853510 680.579834
1320.199190 639.084839
1321.544870 587.308228
1322.890550 497.617279
1324.236230 411.706177
1325.581910 291.791107
1326.927590 245.354797
1328.273269 211.426804
1329.618949 232.047363
1330.964629 286.749176
1332.310309 285.435059
1333.655989 234.460052
1335.001669 190.175812
1336.347349 119.450958
1337.693029 109.319534
1339.038709 126.002029
1340.384389 215.290665
1341.730069 260.833954
1343.075748 254.551254
1344.421428 208.821884
1345.767108 151.632706
1347.112788 83.141174
1348.458468 37.920959
1349.804148 89.518051
1351.149828 133.357925
1352.495508 151.803741
1353.841188 174.992432
1355.186868 198.732468
1356.532547 175.193863
1357.878227 124.095459
1359.223907 88.256256
1360.569587 100.712738
1361.915267 67.063171
1363.260947 3.566544
1364.606627 17.794342
1365.952307 89.658051
1367.297987 110.739517
1368.643667 155.218506
1369.989346 200.938828
1371.335026 235.595474
1372.680706 279.224487
1374.026386 238.824951
1375.372066 207.125824
1376.717746 218.272217
1378.063426 212.897308
1379.409106 276.175293
1380.754786 295.023193
1382.100466 338.054291
1383.446145 420.019043
1384.791825 454.850342
1386.137505 523.485840
1387.483185 636.327393
1388.828865 730.814941
1390.174545 813.116760
1391.520225 785.408325
1392.865905 758.095154
1394.211585 716.910461
1395.557265 639.914490
1396.902944 574.335266
1398.248624 508.528381
1399.594304 464.257416
1400.939984 472.618225
1402.285664 457.441711
1403.631344 398.296204
1404.977024 382.837463
1406.322704 338.514648
1407.668384 322.904388
1409.014064 252.674500
1410.359744 283.587158
1411.705423 410.570587
1413.051103 497.928162
1414.396783 499.738892
1415.742463 506.510956
1417.088143 499.296967
1418.433823 491.356201
1419.779503 471.034851
1421.125183 608.942566
1422.470863 799.791626
1423.816543 1016.360718
1425.162222 1200.359863
1426.507902 1390.417480
1427.853582 1600.484619
1429.199262 1779.191040
1430.544942 1967.077026
1431.890622 2080.462646
1433.236302 2056.977539
1434.581982 1977.883789
1435.927662 1818.759644
1437.273342 1635.745361
1438.619021 1446.536987
1439.964701 1320.769775
1441.310381 1218.476196
1442.656061 1151.631226
1444.001741 1067.358643
1445.347421 1096.302979
1446.693101 1145.311890
1448.038781 1193.513550
1449.384461 1310.681641
1450.730141 1480.398315
1452.075820 1619.399780
1453.421500 1723.046997
1454.767180 1764.120605
1456.112860 1835.726440
1457.458540 1842.034668
1458.804220 1871.346558
1460.149900 1913.932495
1461.495580 1907.119141
1462.841260 1845.961548
1464.186940 1718.041138
1465.532620 1610.552002
1466.878299 1533.029785
1468.223979 1434.533691
1469.569659 1348.252319
1470.915339 1251.546631
1472.261019 1128.427979
1473.606699 980.912476
1474.952379 869.482544
1476.298059 747.852661
1477.643739 680.804810
1478.989419 641.138306
1480.335098 565.007019
1481.680778 523.471375
1483.026458 471.266144
1484.372138 403.093964
1485.717818 348.337463
1487.063498 272.154175
1488.409178 257.973175
1489.754858 282.332458
1491.100538 310.390533
1492.446218 288.894135
1493.791897 300.177673
1495.137577 253.511749
1496.483257 183.809967
1497.828937 141.242249
1499.174617 95.063873
1500.520297 70.679138
1501.865977 106.711166
1503.211657 113.537155
1504.557337 200.282730
1505.903017 256.419739
1507.248696 285.609802
1508.594376 261.994751
1509.940056 189.201843
1511.285736 100.195053
1512.631416 43.149048
1513.977096 34.531906
1515.322776 40.609085
1516.668456 52.961975
1518.014136 64.187317
1519.359816 29.613007
1520.705496 -16.986603
1522.051175 -43.421371
1523.396855 -49.680298
1524.742535 -3.071518
1526.088215 54.439774
1527.433895 68.356384
1528.779575 102.689468
1530.125255 85.779053
1531.470935 73.030472
1532.816615 113.122177
1534.162295 122.332199
1535.507974 125.312195
1536.853654 144.212646
1538.199334 127.813904
1539.545014 116.822250
1540.890694 92.993057
1542.236374 75.481293
1543.582054 52.601089
1544.927734 36.820389
1546.273414 -29.310669
1547.619094 -60.422729
1548.964773 -31.461212
1550.310453 -17.408966
1551.656133 12.230347
1553.001813 61.101059
1554.347493 89.714462
1555.693173 100.609070
1557.038853 46.629990
1558.384533 47.472687
1559.730213 67.325363
1561.075893 45.649307
1562.421572 65.986298
1563.767252 116.126724
1565.112932 107.148163
1566.458612 52.876785
1567.804292 9.358917
1569.149972 -18.998199
1570.495652 -47.592636
1571.841332 -83.504303
1573.187012 -95.158401
1574.532692 -68.891907
1575.878372 -48.277283
1577.224051 1.218628
1578.569731 32.196182
1579.915411 77.082718
1581.261091 140.795349
1582.606771 123.190842
1583.952451 37.543839
1585.298131 11.385620
1586.643811 -9.744537
1587.989491 5.063156
1589.335171 -13.724091
1590.680850 36.340973
1592.026530 39.833725
1593.372210 32.388977
1594.717890 -35.718155
1596.063570 -15.975906
1597.409250 -37.555954
1598.754930 18.961090
1600.100610 78.456757
1601.446290 112.404800
1602.791970 26.195313
1604.137649 5.301483
1605.483329 -80.691940
1606.829009 -99.152023
1608.174689 -127.076248
1609.520369 -93.429291
1610.866049 -37.849701
1612.211729 -42.656830
1613.557409 -80.395142
1614.903089 -96.658340
1616.248769 -156.563995
1617.594448 -95.549683
1618.940128 48.613754
1620.285808 110.871628
1621.631488 143.985992
1622.977168 122.114075
1624.322848 124.345764
1625.668528 64.086212
1627.014208 16.355988
1628.359888 70.392578
1629.705568 141.843811
1631.051248 146.260254
1632.396927 177.184311
1633.742607 146.556030
1635.088287 103.324203
1636.433967 40.689850
1637.779647 10.916733
1639.125327 8.552155
1640.471007 -7.515289
1641.816687 -20.846680
1643.162367 41.708862
1644.508047 18.250031
1645.853726 2.365387
1647.199406 30.291504
1648.545086 77.220825
1649.890766 124.379059
1651.236446 129.145874
1652.582126 98.306732
1653.927806 87.248093
1655.273486 48.005539
1656.619166 18.213104
1657.964846 34.033524
1659.310525 63.153229
1660.656205 74.398148
1662.001885 87.069138
1663.347565 44.788971
1664.693245 -15.835907
1666.038925 -56.075455
1667.384605 -110.840775
1668.730285 -89.843628
1670.075965 -9.369171
1671.421645 66.770996
1672.767324 110.680786
1674.113004 91.595398
1675.458684 105.325562
1676.804364 132.380432
1678.150044 125.650406
1679.495724 138.674377
1680.841404 174.404846
1682.187084 166.959366
1683.532764 127.829788
1684.878444 67.373657
1686.224124 41.366699
1687.569803 37.988892
1688.915483 -1.468994
1690.261163 -62.359894
1691.606843 -58.574890
1692.952523 -25.600677
1694.298203 15.428116
1695.643883 20.643845
1696.989563 10.694061
1698.335243 37.142334
1699.680923 51.087326
1701.026602 65.685623
1702.372282 143.008270
1703.717962 226.563599
1705.063642 283.246399
1706.409322 300.501648
1707.755002 282.960449
1709.100682 215.166397
1710.446362 127.481094
1711.792042 53.935120
1713.137722 46.796753
1714.483401 32.675095
1715.829081 60.716461
1717.174761 135.491211
1718.520441 181.360626
1719.866121 153.368744
1721.211801 138.152664
1722.557481 81.207214
1723.903161 49.155777
1725.248841 42.704041
1726.594521 47.302719
1727.940200 94.094772
1729.285880 109.306900
1730.631560 112.001907
1731.977240 160.350128
1733.322920 137.593826
1734.668600 157.445190
1736.014280 193.524155
1737.359960 168.613327
1738.705640 150.935150
1740.051320 146.346130
1741.397000 115.663757
1742.742679 107.013107
1744.088359 92.900665
1745.434039 134.986923
1746.779719 160.061539
1748.125399 135.840164
1749.471079 132.353241
1750.816759 147.718109
1752.162439 101.288559
1753.508119 76.504059
1754.853799 110.056976
1756.199478 173.519775
1757.545158 202.798065
1758.890838 193.294174
1760.236518 191.629684
1761.582198 181.361771
1762.927878 128.361755
1764.273558 110.066757
1765.619238 106.139069
1766.964918 73.809784
1768.310598 11.886444
1769.656277 11.477539
1771.001957 44.113617
1772.347637 86.791687
1773.693317 73.680603
1775.038997 49.155151
1776.384677 13.046799
1777.730357 -39.727829
1779.076037 -73.920670
1780.421717 -43.424500
1781.767397 11.778595
1783.113076 54.845398
1784.458756 69.405243
1785.804436 90.816620
1787.150116 94.801239
1788.495796 58.553970
1789.841476 25.313339
1791.187156 -4.747223
1792.532836 -7.643127
1793.878516 -2.529861
1795.224196 16.992508
1796.569876 62.478027
1797.915555 48.120773
1799.261235 13.455048
1800.606915 -23.600967
1801.952595 -65.606827
1803.298275 -56.252426
1804.643955 -90.306961
1805.989635 -101.074310
1807.335315 -40.987701
1808.680995 -5.424118
1810.026675 20.962387
1811.372354 24.067184
1812.718034 42.017761
1814.063714 104.608200
1815.409394 110.938828
1816.755074 87.024307
1818.100754 104.677475
1819.446434 106.123505
1820.792114 99.384720
1822.137794 102.292908
1823.483474 125.387695
1824.829153 143.899277
1826.174833 143.019958
1827.520513 112.664612
1828.866193 103.860123
1830.211873 71.895004
1831.557553 12.754761
1832.903233 -7.952789
1834.248913 -44.684128
1835.594593 -77.006516
1836.940273 -26.700378
1838.285952 -1.499863
1839.631632 67.630142
1840.977312 54.895401
1842.322992 -6.330841
1843.668672 -15.758408
1845.014352 -36.073730
1846.360032 -44.435577
1847.705712 -36.612335
1849.051392 -52.350372
1850.397072 37.102982
1851.742751 69.697144
1853.088431 54.855667
1854.434111 31.797760
1855.779791 3.962814
1857.125471 -86.412262
1858.471151 -172.144547
1859.816831 -165.460541
1861.162511 -81.257675
1862.508191 -45.257492
1863.853871 -13.002090
1865.199551 -0.256958
1866.545230 43.935059
1867.890910 -8.248871
1869.236590 -51.212067
1870.582270 -82.305695
1871.927950 -135.923325
1873.273630 -204.796951
1874.619310 -241.881180
1875.964990 -306.219635
1877.310670 -282.328308
1878.656350 -253.398712
1880.002029 -183.913925
1881.347709 -140.168594
1882.693389 -128.557541
1884.039069 -83.628922
1885.384749 -34.511047
1886.730429 -11.486786
1888.076109 -2.868073
1889.421789 -27.624771
1890.767469 -51.408936
1892.113149 -66.144272
1893.458828 -110.803467
1894.804508 -74.191254
1896.150188 39.571930
1897.495868 92.543350
1898.841548 52.806015
1900.187228 30.355881
1901.532908 -24.113602
1902.878588 27.079285
1904.224268 36.713699
1905.569948 17.086334
1906.915627 57.467804
1908.261307 11.779495
1909.606987 1.875046
1910.952667 60.736374
1912.298347 94.730286
1913.644027 129.657867
1914.989707 154.694016
1916.335387 140.958496
1917.681067 127.599091
1919.026747 45.711044
1920.372427 -12.107727
1921.718106 -15.897675
1923.063786 -99.724838
1924.409466 -168.973328
1925.755146 -159.815140
1927.100826 -30.040695
1928.446506 88.016876
1929.792186 180.241730
1931.137866 235.791367
1932.483546 286.476196
1933.829226 213.052368
1935.174905 134.866745
1936.520585 41.935623
1937.866265 47.618011
1939.211945 -6.264664
1940.557625 -49.228470
1941.903305 -47.778961
1943.248985 11.930634
1944.594665 86.563309
1945.940345 124.306793
1947.286025 145.140793
1948.631704 124.199844
1949.977384 66.307083
1951.323064 27.975037
1952.668744 -2.638077
1954.014424 2.955292
1955.360104 13.562653
1956.705784 0.000000
1958.051464 -0.887115
1959.397144 23.100357
1960.742824 46.176239
1962.088503 14.555145
1963.434183 -55.524460
1964.779863 -36.154404
1966.125543 -50.084564
1967.471223 -69.428009
1968.816903 -91.251282
1970.162583 -14.216507
1971.508263 -41.154358
1972.853943 -114.515717
1974.199623 -119.301346
1975.545303 -23.917618
1976.890982 36.160278
1978.236662 95.009521
1979.582342 58.603363
1980.928022 88.429626
1982.273702 13.917694
1983.619382 -70.751038
1984.965062 -127.356430
1986.310742 -138.569000
1987.656422 -98.171646
1989.002102 -16.807159
1990.347781 49.413513
1991.693461 91.693802
1993.039141 124.123810
1994.384821 110.983795
1995.730501 44.121536
1997.076181 13.301819
1998.421861 51.112625
1999.767541 86.310654
2001.113221 143.241348
2002.458901 138.939651
2003.804580 194.332825
2005.150260 122.567902
2006.495940 47.268967
2007.841620 71.337662
2009.187300 51.194458
2010.532980 5.102997
2011.878660 8.630615
2013.224340 -3.884842
2014.570020 36.292450
2015.915700 -22.977280
2017.261379 -2.326538
2018.607059 115.674530
2019.952739 162.425232
2021.298419 205.662079
2022.644099 219.686722
2023.989779 153.238739
2025.335459 88.257843
2026.681139 -3.939896
2028.026819 -73.818253
2029.372499 -77.037140
2030.718179 -44.371597
2032.063858 -82.243073
2033.409538 -103.525208
2034.755218 -158.053116
2036.100898 -211.194550
2037.446578 -227.158463
2038.792258 -193.159882
2040.137938 -86.245926
2041.483618 -7.311020
2042.829298 53.686920
2044.174978 147.999252
2045.520657 123.858536
2046.866337 94.056534
2048.212017 70.944458
2049.557697 30.172455
2050.903377 52.242432
2052.249057 67.435089
2053.594737 135.076996
2054.940417 167.679962
2056.286097 184.179398
2057.631777 223.360626
2058.977456 164.633942
2060.323136 91.458572
2061.668816 77.187759
2063.014496 96.775726
2064.360176 104.645142
2065.705856 65.241104
2067.051536 62.214508
2068.397216 82.820099
2069.742896 54.162643
2071.088576 37.925552
2072.434255 52.967682
2073.779935 100.564713
2075.125615 119.198730
2076.471295 148.355988
2077.816975 163.253830
2079.162655 210.887177
2080.508335 194.727600
2081.854015 119.879318
2083.199695 79.793274
2084.545375 47.168243
2085.891055 33.419220
2087.236734 128.931808
2088.582414 190.859329
2089.928094 200.694138
2091.273774 222.292480
2092.619454 230.009537
2093.965134 222.753479
2095.310814 184.252197
2096.656494 153.733170
2098.002174 203.627106
2099.347854 244.029037
2100.693533 183.450638
2102.039213 215.953064
2103.384893 206.833694
2104.730573 172.618851
2106.076253 154.385849
2107.421933 118.349289
2108.767613 106.056488
2110.113293 131.889618
2111.458973 104.463455
2112.804653 126.534241
2114.150332 114.445419
2115.496012 89.737289
2116.841692 67.320816
2118.187372 26.273331
2119.533052 39.113342
2120.878732 62.303726
2122.224412 185.891922
2123.570092 211.745300
2124.915772 198.380432
2126.261452 130.191833
2127.607131 114.220474
2128.952811 64.465637
2130.298491 68.012207
2131.644171 35.975922
2132.989851 40.287292
2134.335531 -47.196686
2135.681211 -78.658157
2137.026891 -52.694290
2138.372571 46.645691
2139.718251 46.957611
2141.063931 60.319962
2142.409610 12.876236
2143.755290 -45.386459
2145.100970 -27.200760
2146.446650 -67.128067
2147.792330 -93.401398
2149.138010 -19.183197
2150.483690 22.837585
2151.829370 -6.079468
2153.175050 -48.409485
2154.520730 20.263062
2155.866409 62.640839
2157.212089 -4.545990
2158.557769 -48.817688
2159.903449 -9.647629
2161.249129 20.061508
2162.594809 -6.186859
2163.940489 -33.761200
2165.286169 24.769775
2166.631849 57.392105
2167.977529 138.261230
2169.323208 184.779190
2170.668888 141.906311
2172.014568 144.543549
2173.360248 153.570313
2174.705928 103.621140
2176.051608 96.470734
2177.397288 110.465149
2178.742968 162.545135
2180.088648 185.086273
2181.434328 110.042831
2182.780007 115.009506
2184.125687 108.114410
2185.471367 119.584961
2186.817047 165.778427
2188.162727 152.614258
2189.508407 112.645813
2190.854087 87.204147
2192.199767 36.039886
2193.545447 18.559296
2194.891127 56.217163
2196.236807 120.019928
2197.582486 216.470016
2198.928166 299.763672
2200.273846 332.166382
2201.619526 337.824219
2202.965206 277.096436
2204.310886 205.812393
2205.656566 166.503967
2207.002246 154.115128
2208.347926 156.986694
2209.693606 178.548782
2211.039285 174.422653
2212.384965 167.404572
2213.730645 125.745163
2215.076325 185.924362
2216.422005 241.152756
2217.767685 295.963348
2219.113365 263.308105
2220.459045 255.666534
2221.804725 229.670853
2223.150405 192.413925
2224.496084 182.841263
2225.841764 258.333191
2227.187444 281.883270
2228.533124 270.082703
2229.878804 279.194397
2231.224484 306.892029
2232.570164 285.384644
2233.915844 243.376999
2235.261524 238.293106
2236.607204 225.353165
2237.952883 235.366959
2239.298563 254.818085
2240.644243 303.861328
2241.989923 336.660889
2243.335603 348.585571
2244.681283 324.889862
2246.026963 298.844238
2247.372643 281.395660
2248.718323 247.413467
2250.064003 245.741165
2251.409683 274.400513
2252.755362 309.205688
2254.101042 322.761963
2255.446722 303.886993
2256.792402 284.842224
2258.138082 247.331238
2259.483762 174.217163
2260.829442 147.902664
2262.175122 145.951401
2263.520802 158.282745
2264.866482 158.928833
2266.212161 164.467041
2267.557841 178.107269
2268.903521 133.258850
2270.249201 94.433990
2271.594881 -8.848038
2272.940561 -60.016144
2274.286241 -65.289322
2275.631921 -63.796509
2276.977601 -47.787231
2278.323281 9.573975
2279.668960 53.528214
2281.014640 67.298691
2282.360320 51.366058
2283.706000 57.826706
2285.051680 50.338303
2286.397360 -1.505157
2287.743040 10.583771
2289.088720 30.908142
2290.434400 27.942474
2291.780080 10.222870
2293.125759 90.319229
2294.471439 106.093338
2295.817119 69.092514
2297.162799 49.369736
2298.508479 79.067368
2299.854159 58.964798
2301.199839 29.240997
2302.545519 -50.560028
2303.891199 6.340012
2305.236879 0.626175
2306.582558 -47.676117
2307.928238 -48.360107
2309.273918 -14.301346
2310.619598 24.385818
2311.965278 26.860397
2313.310958 -33.524078
2314.656638 2.019577
2316.002318 -15.524490
2317.347998 -74.892014
2318.693678 -50.628540
2320.039358 8.131668
2321.385037 24.664734
2322.730717 79.534515
2324.076397 169.912552
2325.422077 203.538437
2326.767757 175.395920
2328.113437 174.631851
2329.459117 204.359695
2330.804797 163.760483
2332.150477 87.527939
2333.496157 76.075287
2334.841836 93.198456
2336.187516 38.671066
2337.533196 52.050507
2338.878876 112.214630
2340.224556 146.030090
2341.570236 178.342926
2342.915916 150.613464
2344.261596 157.597229
2345.607276 182.588776
2346.952956 199.307938
2348.298635 208.085098
2349.644315 147.696564
2350.989995 159.699066
2352.335675 222.048645
2353.681355 177.495499
2355.027035 183.587723
2356.372715 214.566559
2357.718395 224.603119
2359.064075 206.634125
2360.409755 200.987427
2361.755434 277.997437
2363.101114 301.254456
2364.446794 245.513428
2365.792474 197.290253
2367.138154 131.303101
2368.483834 101.323135
2369.829514 73.139175
2371.175194 70.142426
2372.520874 105.651199
2373.866554 67.171402
2375.212234 47.996384
2376.557913 102.361145
2377.903593 186.260391
2379.249273 260.028809
2380.594953 309.473541
2381.940633 321.747437
2383.286313 311.103455
2384.631993 252.272644
2385.977673 193.062607
2387.323353 171.722397
2388.669033 171.942383
2390.014712 161.799942
2391.360392 190.908478
2392.706072 184.627045
2394.051752 178.912506
2395.397432 181.747574
2396.743112 203.544556
2398.088792 146.703156
2399.434472 175.385498
2400.780152 239.275284
2402.125832 280.041626
2403.471511 313.118164
2404.817191 296.261902
2406.162871 258.578613
2407.508551 218.882309
2408.854231 125.409470
2410.199911 133.700287
2411.545591 116.725204
2412.891271 146.699448
2414.236951 206.273163
2415.582631 223.360748
2416.928310 260.938568
2418.273990 269.420746
2419.619670 288.945129
2420.965350 287.646912
2422.311030 256.182922
2423.656710 252.762146
2425.002390 286.909363
2426.348070 288.261475
2427.693750 283.042664
2429.039430 269.108582
2430.385110 229.673691
2431.730789 177.121964
2433.076469 163.455063
2434.422149 173.501831
2435.767829 203.278809
2437.113509 275.378357
2438.459189 307.874146
2439.804869 321.620117
2441.150549 286.320435
2442.496229 226.484390
2443.841909 191.575470
2445.187588 136.280701
2446.533268 112.597214
2447.878948 189.700668
2449.224628 224.497223
2450.570308 244.501785
2451.915988 284.517395
2453.261668 253.565491
2454.607348 229.352692
2455.953028 150.254150
2457.298708 176.247177
2458.644387 212.917358
2459.990067 210.004990
2461.335747 214.327148
2462.681427 218.001877
2464.027107 163.871704
2465.372787 153.628250
2466.718467 131.747696
2468.064147 216.120026
2469.409827 212.382813
2470.755507 205.511475
2472.101186 193.161758
2473.446866 137.711990
2474.792546 111.482300
2476.138226 91.475922
2477.483906 121.637314
2478.829586 199.363098
2480.175266 218.474014
2481.520946 257.083618
2482.866626 290.180664
2484.212306 256.477539
2485.557986 232.386017
2486.903665 210.624695
2488.249345 191.839615
2489.595025 150.944550
2490.940705 163.526077
2492.286385 146.689667
2493.632065 135.762711
2494.977745 44.697876
2496.323425 -48.546509
2497.669105 -49.043396
2499.014785 -36.743729
2500.360464 -9.969940
2501.706144 51.603317
2503.051824 136.685394
2504.397504 174.640976
2505.743184 122.518265
2507.088864 65.586761
2508.434544 83.805435
2509.780224 115.947891
2511.125904 96.138916
2512.471584 76.359131
2513.817263 99.142700
2515.162943 145.290909
2516.508623 106.698883
2517.854303 139.831924
2519.199983 155.795883
2520.545663 147.445358
2521.891343 96.087616
2523.237023 32.573532
2524.582703 -53.056122
2525.928383 -31.519211
2527.274062 -6.341705
2528.619742 -47.723343
2529.965422 -56.850861
2531.311102 -34.501007
2532.656782 -14.787323
2534.002462 5.528229
2535.348142 0.000000
2536.693822 -16.696732
2538.039502 15.273544
2539.385182 -62.637558
2540.730862 -7.814911
2542.076541 32.678497
2543.422221 46.404999
2544.767901 93.302155
2546.113581 135.832092
2547.459261 79.392776
2548.804941 -2.211594
2550.150621 -21.228363
2551.496301 11.493759
2552.841981 72.001236
2554.187661 94.814819
2555.533340 127.668915
2556.879020 171.274673
2558.224700 140.526779
2559.570380 28.307297
2560.916060 -20.859085
2562.261740 20.042419
2563.607420 73.727737
2564.953100 98.068680
2566.298780 101.382919
2567.644460 107.538986
2568.990139 112.306305
2570.335819 96.398834
2571.681499 90.974045
2573.027179 160.748322
2574.372859 153.990082
2575.718539 59.332184
2577.064219 6.943436
2578.409899 -42.081650
2579.755579 -41.786392
2581.101259 -4.341721
2582.446938 28.112961
2583.792618 124.485672
2585.138298 125.450760
2586.483978 174.364960
2587.829658 210.854889
2589.175338 148.744293
2590.521018 127.716553
2591.866698 92.528442
2593.212378 78.053024
2594.558058 99.788269
2595.903738 103.661942
2597.249417 199.407791
2598.595097 199.829895
2599.940777 167.087189
2601.286457 191.707474
2602.632137 190.319153
2603.977817 231.451279
2605.323497 235.338211
2606.669177 258.265442
2608.014857 259.305206
2609.360537 242.341537
2610.706216 233.044388
2612.051896 243.555313
2613.397576 218.615112
2614.743256 232.594910
2616.088936 203.430405
2617.434616 160.162964
2618.780296 179.270493
2620.125976 215.873749
2621.471656 267.369385
2622.817336 282.837250
2624.163015 263.889221
2625.508695 244.940018
2626.854375 184.970444
2628.200055 122.884247
2629.545735 192.417740
2630.891415 252.107101
2632.237095 305.603027
2633.582775 319.383362
2634.928455 326.023132
2636.274135 294.573212
2637.619814 267.310486
2638.965494 234.215622
2640.311174 259.334991
2641.656854 224.816376
2643.002534 194.444351
2644.348214 183.794388
2645.693894 250.506577
2647.039574 285.160522
2648.385254 281.313232
2649.730934 276.574005
2651.076614 264.299805
2652.422293 227.497971
2653.767973 162.671310
2655.113653 128.625259
2656.459333 179.352036
2657.805013 179.772781
2659.150693 143.220245
2660.496373 143.587997
2661.842053 100.423126
2663.187733 130.702347
2664.533413 124.102005
2665.879092 119.422684
2667.224772 156.207184
2668.570452 167.610840
2669.916132 129.475159
2671.261812 119.154785
2672.607492 89.200668
2673.953172 126.480362
2675.298852 112.387756
2676.644532 70.226318
2677.990212 12.250839
2679.335891 40.426102
2680.681571 82.173325
2682.027251 147.258133
2683.372931 178.430496
2684.718611 200.906799
2686.064291 218.895538
2687.409971 163.530273
2688.755651 75.667221
2690.101331 95.148087
2691.447011 136.928192
2692.792690 164.054459
2694.138370 117.782333
2695.484050 61.763901
2696.829730 68.196915
2698.175410 37.998657
2699.521090 19.136780
2700.866770 46.147720
2702.212450 125.103729
2703.558130 155.260513
2704.903810 155.438400
2706.249490 120.810440
2707.595169 23.864151
2708.940849 5.852417
2710.286529 20.528931
2711.632209 10.560822
2712.977889 79.281250
2714.323569 112.238632
2715.669249 121.832397
2717.014929 40.145294
2718.360609 -65.995972
2719.706289 -32.437454
2721.051968 -44.018646
2722.397648 -64.919449
2723.743328 1.829132
2725.089008 38.398804
2726.434688 18.772537
2727.780368 -9.446960
2729.126048 12.291656
2730.471728 75.986099
2731.817408 82.483841
2733.163088 114.439087
2734.508767 133.612091
2735.854447 130.558105
2737.200127 109.583099
2738.545807 77.902206
2739.891487 79.135605
2741.237167 143.726044
2742.582847 187.193542
2743.928527 240.111755
2745.274207 351.369446
2746.619887 451.515564
2747.965566 504.137878
2749.311246 555.656006
2750.656926 623.685242
2752.002606 748.499023
2753.348286 838.488525
2754.693966 980.773010
2756.039646 1135.849976
2757.385326 1195.007446
2758.731006 1182.380737
2760.076686 1165.511475
2761.422365 1091.304443
2762.768045 1002.860718
2764.113725 896.323181
2765.459405 878.854614
2766.805085 840.151123
2768.150765 742.741211
2769.496445 654.863342
2770.842125 593.538513
2772.187805 549.391235
2773.533485 515.051880
2774.879165 442.326355
2776.224844 427.496887
2777.570524 379.671295
2778.916204 310.848877
2780.261884 283.397186
2781.607564 251.628067
2782.953244 283.462524
2784.298924 299.552368
2785.644604 278.252869
2786.990284 285.423676
2788.335964 250.227600
2789.681643 176.311462
2791.027323 189.359924
2792.373003 177.056625
2793.718683 163.404892
2795.064363 129.870712
2796.410043 136.504150
2797.755723 174.326401
2799.101403 151.313858
2800.447083 142.963425
2801.792763 211.146988
2803.138442 241.217865
2804.484122 214.112640
2805.829802 210.899826
2807.175482 144.816818
2808.521162 132.388947
2809.866842 77.692184
2811.212522 121.801468
2812.558202 150.705551
2813.903882 174.943680
2815.249562 207.443527
2816.595241 248.467026
2817.940921 207.499557
2819.286601 238.674194
2820.632281 241.554016
2821.977961 254.157837
2823.323641 198.847107
2824.669321 153.394714
2826.015001 147.656326
2827.360681 173.761551
2828.706361 217.305878
2830.052041 293.833984
2831.397720 349.201965
2832.743400 411.458862
2834.089080 417.159180
2835.434760 411.105591
2836.780440 364.649658
2838.126120 392.272278
2839.471800 419.572815
2840.817480 458.679810
2842.163160 486.968689
2843.508840 596.782593
2844.854519 668.319092
2846.200199 712.127563
2847.545879 764.688782
2848.891559 838.137451
2850.237239 798.669922
2851.582919 765.749146
2852.928599 709.292480
2854.274279 653.952820
2855.619959 555.375366
2856.965639 484.220642
2858.311318 485.731689
2859.656998 452.315643
2861.002678 392.229309
2862.348358 456.855957
2863.694038 499.567383
2865.039718 516.382690
2866.385398 509.447876
2867.731078 510.513367
2869.076758 556.283447
2870.422438 557.003235
2871.768117 597.113281
2873.113797 687.341980
2874.459477 697.802185
2875.805157 778.617981
2877.150837 935.746277
2878.496517 1176.390015
2879.842197 1461.703979
2881.187877 1705.689941
2882.533557 2037.727905
2883.879237 2375.760010
2885.224917 2693.692871
2886.570596 3067.686768
2887.916276 3472.521729
2889.261956 3751.731689
2890.607636 3998.378174
2891.953316 4086.521484
2893.298996 4133.077148
2894.644676 4097.986328
2895.990356 3964.722656
2897.336036 3795.747803
2898.681716 3570.434814
2900.027395 3300.088623
2901.373075 3107.893555
2902.718755 2930.143311
2904.064435 2815.939209
2905.410115 2756.354492
2906.755795 2650.459473
2908.101475 2671.968018
2909.447155 2611.717773
2910.792835 2632.570801
2912.138515 2576.479248
2913.484194 2562.429688
2914.829874 2541.692383
2916.175554 2457.236572
2917.521234 2333.608398
2918.866914 2225.161865
2920.212594 2087.858398
2921.558274 2052.080811
2922.903954 2065.032715
2924.249634 2145.748779
2925.595314 2256.798096
2926.940993 2355.132080
2928.286673 2502.828125
2929.632353 2644.210205
2930.978033 2764.102051
2932.323713 2851.370361
2933.669393 2963.124023
2935.015073 3062.900879
2936.360753 3218.956299
2937.706433 3480.638184
2939.052113 3858.472412
2940.397793 4358.755371
2941.743472 4879.390625
2943.089152 5493.334961
2944.434832 6188.749512
2945.780512 7009.235352
2947.126192 7944.135254
2948.471872 9005.156250
2949.817552 9979.306641
2951.163232 10955.642578
2952.508912 11872.453125
2953.854592 12856.413086
2955.200271 13927.454102
2956.545951 15124.845703
2957.891631 16617.464844
2959.237311 18441.906250
2960.582991 20449.001953
2961.928671 22590.937500
2963.274351 24657.185547
2964.620031 26533.083984
2965.965711 27872.382813
2967.311391 28423.931641
2968.657070 28271.585938
2970.002750 27362.716797
2971.348430 26031.568359
2972.694110 24212.041016
2974.039790 22210.804688
2975.385470 20187.720703
2976.731150 18185.830078
2978.076830 16303.556641
2979.422510 14633.940430
2980.768190 13076.062500
2982.113869 11925.679688
2983.459549 10848.741211
2984.805229 9902.958984
2986.150909 9080.971680
2987.496589 8339.744141
2988.842269 7746.085938
2990.187949 7196.586426
2991.533629 6632.020996
2992.879309 6263.644043
2994.224989 5977.377930
2995.570669 5724.231445
2996.916348 5503.028809
2998.262028 5253.137207
2999.607708 5054.337891
3000.953388 4793.263184
3002.299068 4507.317871
3003.644748 4307.516602
3004.990428 4197.918457
3006.336108 4105.062988
3007.681788 4011.925049
3009.027468 3990.100342
3010.373147 4007.750000
3011.718827 4018.386719
3013.064507 4023.956787
3014.410187 4055.265869
3015.755867 4088.580566
3017.101547 4061.638672
3018.447227 4002.829834
3019.792907 3976.792480
3021.138587 3916.353516
3022.484267 3783.356934
3023.829946 3648.460938
3025.175626 3506.661621
3026.521306 3305.042480
3027.866986 3106.095215
3029.212666 2897.379883
3030.558346 2707.860596
3031.904026 2499.090576
3033.249706 2279.061279
3034.595386 2082.320557
3035.941066 1829.609253
3037.286745 1610.363892
3038.632425 1447.929443
3039.978105 1331.856445
3041.323785 1236.556030
3042.669465 1241.225830
3044.015145 1215.972900
3045.360825 1137.950684
3046.706505 957.617676
3048.052185 852.786804
3049.397865 717.762451
3050.743545 586.971130
3052.089224 481.643250
3053.434904 468.844421
3054.780584 453.058960
3056.126264 392.373383
3057.471944 422.034607
3058.817624 475.505920
3060.163304 495.340057
3061.508984 474.002136
3062.854664 452.858917
3064.200344 374.028381
3065.546023 316.988647
3066.891703 226.503098
3068.237383 225.224197
3069.583063 134.880997
3070.928743 118.796082
3072.274423 134.524963
3073.620103 182.536728
3074.965783 164.461502
3076.311463 185.694916
3077.657143 231.118301
3079.002822 213.766983
3080.348502 176.095245
3081.694182 188.481400
3083.039862 220.720856
3084.385542 247.308044
3085.731222 216.445587
3087.076902 201.952377
3088.422582 244.252319
3089.768262 162.699860
3091.113942 85.954468
3092.459621 -3.035645
3093.805301 -29.641022
3095.150981 -41.723541
3096.496661 13.964844
3097.842341 99.755051
3099.188021 228.798080
3100.533701 253.973969
3101.879381 269.483154
3103.225061 237.849380
3104.570741 167.205170
3105.916421 85.251541
3107.262100 110.961060
3108.607780 127.634689
3109.953460 151.070129
3111.299140 180.903015
3112.644820 176.765488
3113.990500 181.984772
3115.336180 139.557281
3116.681860 89.364883
3118.027540 69.572449
3119.373220 68.902557
3120.718899 72.755646
3122.064579 94.556152
3123.410259 109.348297
3124.755939 162.820877
3126.101619 186.120026
3127.447299 197.437943
3128.792979 133.431961
3130.138659 118.093887
3131.484339 99.265640
3132.830019 106.230698
3134.175698 73.540222
3135.521378 80.993561
3136.867058 112.217667
3138.212738 119.031311
3139.558418 87.106033
3140.904098 77.385330
3142.249778 102.045090
3143.595458 115.411697
3144.941138 83.438034
3146.286818 101.073883
3147.632497 106.478516
3148.978177 95.011276
3150.323857 102.031998
3151.669537 100.862671
3153.015217 97.583084
3154.360897 128.411102
3155.706577 157.941269
3157.052257 128.878082
3158.397937 99.131454
3159.743617 129.561676
3161.089297 142.615005
3162.434976 129.390488
3163.780656 65.108582
3165.126336 29.410721
3166.472016 0.000000
3167.817696 -46.526108
3169.163376 -35.232559
3170.509056 -10.601440
3171.854736 54.374146
3173.200416 56.908051
3174.546096 32.946609
3175.891775 35.559692
3177.237455 5.001663
3178.583135 14.123489
3179.928815 0.001617
3181.274495 -27.410614
3182.620175 22.768143
3183.965855 -2.614853
3185.311535 -26.231308
3186.657215 -15.669800
3188.002895 -59.332230
3189.348574 -40.105927
3190.694254 -30.327499
3192.039934 -18.970749
3193.385614 35.983704
3194.731294 68.089615
3196.076974 -4.367798
3197.422654 120.643234
3198.768334 0.000000
3200.114014 0.000000
