99.667519 0.000000
101.013199 -40.452881
102.358878 0.000000
103.704558 -10.233948
105.050238 140.639679
106.395918 249.955688
107.741598 324.427429
109.087278 372.432098
110.432958 389.289642
111.778638 383.980591
113.124318 392.684845
114.469998 413.359955
115.815677 408.558960
117.161357 399.907928
118.507037 354.085510
119.852717 319.270905
121.198397 298.982147
122.544077 272.942108
123.889757 265.622437
125.235437 268.340393
126.581117 283.773987
127.926797 281.390015
129.272476 270.413574
130.618156 272.182800
131.963836 287.449005
133.309516 310.007538
134.655196 332.650269
136.000876 337.936462
137.346556 335.711578
138.692236 313.576324
140.037916 273.997925
141.383596 238.040283
142.729275 222.343475
144.074955 223.659454
145.420635 211.772949
146.766315 212.715546
148.111995 233.171722
149.457675 253.279358
150.803355 272.691956
152.149035 297.063110
153.494715 324.984558
154.840395 343.701843
156.186075 347.417328
157.531754 358.291412
158.877434 370.320404
160.223114 377.570526
161.568794 403.197876
162.914474 435.958252
164.260154 471.447021
165.605834 486.150391
166.951514 494.171448
168.297194 526.974731
169.642874 584.687561
170.988553 659.054138
172.334233 738.855713
173.679913 794.894226
175.025593 844.387329
176.371273 882.322266
177.716953 914.894897
179.062633 921.937195
180.408313 943.107300
181.753993 975.088135
183.099673 998.620911
184.445352 994.696899
185.791032 999.320923
187.136712 1089.263184
188.482392 1182.832642
189.828072 1247.762207
191.173752 1324.396484
192.519432 1392.701172
193.865112 1447.781494
195.210792 1477.539795
196.556472 1492.092041
197.902151 1556.740967
199.247831 1596.900635
200.593511 1589.535767
201.939191 1554.234863
203.284871 1485.478638
204.630551 1409.015747
205.976231 1317.457031
207.321911 1211.664551
208.667591 1114.933838
210.013271 1017.479614
211.358951 889.420532
212.704630 766.638428
214.050310 655.572144
215.395990 570.547852
216.741670 488.203003
218.087350 387.470154
219.433030 302.581573
220.778710 238.614624
222.124390 181.967377
223.470070 147.008698
224.815750 146.387756
226.161429 181.517029
227.507109 205.173401
228.852789 215.701782
230.198469 231.143127
231.544149 232.539276
232.889829 222.493195
234.235509 205.972229
235.581189 170.547668
236.926869 144.245026
238.272549 120.596161
239.618228 113.817749
240.963908 106.189972
242.309588 99.914459
243.655268 116.151917
245.000948 159.332794
246.346628 189.248291
247.692308 196.217590
249.037988 173.876617
250.383668 160.880249
251.729348 139.020325
253.075027 106.883453
254.420707 78.219147
255.766387 66.809906
257.112067 58.532166
258.457747 41.701294
259.803427 25.758759
261.149107 41.652069
262.494787 44.913055
263.840467 30.108917
265.186147 26.578918
266.531827 13.804443
267.877506 19.310028
269.223186 34.687714
270.568866 45.648010
271.914546 37.912750
273.260226 2.301514
274.605906 -17.628662
275.951586 -8.479462
277.297266 0.000000
278.642946 29.487854
279.988626 57.146210
281.334305 81.048889
282.679985 95.852570
284.025665 98.670532
285.371345 89.162018
286.717025 73.116333
288.062705 63.777435
289.408385 47.239899
290.754065 29.988892
292.099745 20.795074
293.445425 16.787628
294.791104 22.148621
296.136784 15.149506
297.482464 11.245422
298.828144 45.151306
300.173824 54.165894
301.519504 64.656372
302.865184 74.614136
304.210864 80.756042
305.556544 94.181274
306.902224 104.629425
308.247903 113.812866
309.593583 127.958740
310.939263 110.864960
312.284943 99.321045
313.630623 91.281494
314.976303 103.100372
316.321983 106.704712
317.667663 101.996155
319.013343 97.837097
320.359023 67.391785
321.704703 27.916016
323.050382 6.196747
324.396062 -19.811951
325.741742 -44.638733
327.087422 -59.785248
328.433102 -47.201447
329.778782 -12.284027
331.124462 19.033722
332.470142 45.291687
333.815822 110.207306
335.161502 171.720459
336.507181 212.787537
337.852861 249.017029
339.198541 282.582458
340.544221 335.998138
341.889901 365.919769
343.235581 351.712616
344.581261 370.295746
345.926941 407.924347
347.272621 430.179688
348.618301 443.696228
349.963980 483.206085
351.309660 560.880432
352.655340 598.354248
354.001020 598.653381
355.346700 610.626343
356.692380 615.260864
358.038060 612.338867
359.383740 617.887146
360.729420 632.591431
362.075100 671.385010
363.420779 707.067627
364.766459 737.803833
366.112139 767.674072
367.457819 799.958130
368.803499 854.113281
370.149179 909.879639
371.494859 959.984253
372.840539 1037.518066
374.186219 1130.333130
375.531899 1208.439453
376.877579 1279.192139
378.223258 1363.033447
379.568938 1459.626343
380.914618 1548.204590
382.260298 1637.871094
383.605978 1749.431396
384.951658 1885.363525
386.297338 2006.253296
387.643018 2122.089844
388.988698 2235.239502
390.334378 2326.081299
391.680057 2391.041748
393.025737 2435.571777
394.371417 2465.810791
395.717097 2426.452637
397.062777 2345.593506
398.408457 2251.949951
399.754137 2135.999023
401.099817 2004.887451
402.445497 1863.733398
403.791177 1744.610962
405.136856 1648.693726
406.482536 1553.017090
407.828216 1515.229492
409.173896 1515.218872
410.519576 1519.155151
411.865256 1529.848145
413.210936 1561.470703
414.556616 1615.139404
415.902296 1672.779907
417.247976 1748.616577
418.593655 1851.764038
419.939335 1948.641479
421.285015 1974.352417
422.630695 1979.926392
423.976375 1965.524292
425.322055 1923.991577
426.667735 1889.773560
428.013415 1896.291748
429.359095 1920.217041
430.704775 1972.509644
432.050455 2003.147095
433.396134 2002.794922
434.741814 1958.241699
436.087494 1921.978516
437.433174 1891.900146
438.778854 1850.731201
440.124534 1761.726685
441.470214 1716.641602
442.815894 1700.464722
444.161574 1661.819336
445.507254 1625.737183
446.852933 1642.187866
448.198613 1655.465332
449.544293 1653.097412
450.889973 1631.678711
452.235653 1628.113037
453.581333 1639.081909
454.927013 1654.816650
456.272693 1669.772461
457.618373 1722.989258
458.964053 1727.043213
460.309732 1739.542358
461.655412 1765.081787
463.001092 1768.658203
464.346772 1745.417480
465.692452 1729.773438
467.038132 1737.061157
468.383812 1771.084717
469.729492 1772.162964
471.075172 1789.701172
472.420852 1806.992310
473.766531 1807.286621
475.112211 1763.669800
476.457891 1757.339233
477.803571 1748.702515
479.149251 1762.570313
480.494931 1771.998535
481.840611 1755.554810
483.186291 1744.929321
484.531971 1689.786621
485.877651 1632.776367
487.223330 1627.613770
488.569010 1604.876953
489.914690 1594.774048
491.260370 1573.106323
492.606050 1543.439575
493.951730 1523.411377
495.297410 1424.468018
496.643090 1346.814575
497.988770 1276.897461
499.334450 1199.671387
500.680130 1129.944214
502.025809 1085.108398
503.371489 1018.477295
504.717169 968.883911
506.062849 895.687134
507.408529 831.822021
508.754209 759.767944
510.099889 690.177246
511.445569 651.862061
512.791249 617.573608
514.136929 533.756409
515.482608 456.479095
516.828288 374.905182
518.173968 305.884125
519.519648 243.780762
520.865328 193.565369
522.211008 194.088593
523.556688 213.560394
524.902368 207.113190
526.248048 167.421356
527.593728 113.341187
528.939407 70.173737
530.285087 33.449188
531.630767 0.000000
532.976447 23.079254
534.322127 76.062622
535.667807 100.387360
537.013487 100.310150
538.359167 106.212402
539.704847 124.145752
541.050527 129.722076
542.396206 137.766449
543.741886 157.005066
545.087566 177.205750
546.433246 173.052216
547.778926 149.740479
549.124606 134.209930
550.470286 138.930695
551.815966 119.183746
553.161646 136.575043
554.507326 124.559509
555.853006 107.143402
557.198685 84.900513
558.544365 60.566589
559.890045 52.063019
561.235725 60.017212
562.581405 82.548065
563.927085 140.428650
565.272765 169.864716
566.618445 206.791168
567.964125 263.785095
569.309805 351.518677
570.655484 469.868439
572.001164 573.369202
573.346844 713.021729
574.692524 838.111084
576.038204 952.896851
577.383884 1051.231445
578.729564 1139.373169
580.075244 1247.083008
581.420924 1379.966553
582.766604 1467.759033
584.112283 1542.875854
585.457963 1594.887085
586.803643 1632.425781
588.149323 1638.704834
589.495003 1610.020508
590.840683 1550.469849
592.186363 1479.689819
593.532043 1379.106934
594.877723 1226.385742
596.223403 1083.426758
597.569082 937.567383
598.914762 783.046509
600.260442 632.174316
601.606122 493.307404
602.951802 417.922424
604.297482 366.371826
605.643162 294.331329
606.988842 253.489044
608.334522 229.582947
609.680202 218.425873
611.025882 220.568634
612.371561 198.367157
613.717241 214.994659
615.062921 232.628571
616.408601 250.467682
617.754281 274.201935
619.099961 327.198669
620.445641 419.300690
621.791321 514.178101
623.137001 587.798340
624.482681 678.199585
625.828360 746.081421
627.174040 831.138245
628.519720 919.689209
629.865400 1000.469849
631.211080 1064.181152
632.556760 1098.517944
633.902440 1141.648682
635.248120 1130.674316
636.593800 1063.159302
637.939480 1013.874878
639.285159 971.708130
640.630839 910.054138
641.976519 821.169922
643.322199 724.855469
644.667879 659.998413
646.013559 567.396057
647.359239 467.646973
648.704919 371.843140
650.050599 296.213562
651.396279 236.100952
652.741958 179.683624
654.087638 147.518524
655.433318 135.820953
656.778998 138.168945
658.124678 150.088654
659.470358 167.484711
660.816038 183.165100
662.161718 180.839569
663.507398 162.688202
664.853078 148.270477
666.198758 146.226105
667.544437 192.500183
668.890117 278.128754
670.235797 415.838379
671.581477 610.876709
672.927157 881.867065
674.272837 1263.390137
675.618517 1803.316772
676.964197 2555.097168
678.309877 3478.252930
679.655557 4647.126953
681.001236 6045.973633
682.346916 7623.410645
683.692596 9299.477539
685.038276 10975.602539
686.383956 12566.753906
687.729636 14060.049805
689.075316 15301.568359
690.420996 16399.166016
691.766676 17271.007813
693.112356 17830.425781
694.458035 17993.128906
695.803715 17702.773438
697.149395 16973.593750
698.495075 15868.610352
699.840755 14347.848633
701.186435 12597.752930
702.532115 10713.382813
703.877795 8784.500977
705.223475 6908.863281
706.569155 5199.948242
707.914834 3748.052734
709.260514 2563.815674
710.606194 1646.366577
711.951874 988.990723
713.297554 563.031128
714.643234 310.723206
715.988914 167.293732
717.334594 87.705353
718.680274 66.880341
720.025954 98.002319
721.371634 202.034485
722.717313 344.348663
724.062993 529.275879
725.408673 725.227417
726.754353 942.573730
728.100033 1200.214966
729.445713 1520.669678
730.791393 1916.901245
732.137073 2425.683105
733.482753 3061.735840
734.828433 3841.054932
736.174112 4744.431641
737.519792 5780.799316
738.865472 6909.397461
740.211152 8062.143066
741.556832 9175.333984
742.902512 10172.204102
744.248192 10951.000977
745.593872 11532.777344
746.939552 11757.342773
748.285232 11652.349609
749.630911 11257.515625
750.976591 10661.332031
752.322271 9945.319336
753.667951 9151.775391
755.013631 8373.948242
756.359311 7792.511719
757.704991 7309.785156
759.050671 6992.996582
760.396351 6790.340820
761.742031 6697.097168
763.087710 6624.815918
764.433390 6445.726074
765.779070 6171.232910
767.124750 5892.290039
768.470430 5533.163574
769.816110 5138.210449
771.161790 4725.104492
772.507470 4372.611816
773.853150 4076.860840
775.198830 3790.536621
776.544510 3528.633545
777.890189 3340.902100
779.235869 3166.245117
780.581549 2970.055664
781.927229 2797.988770
783.272909 2692.010986
784.618589 2600.081055
785.964269 2518.487793
787.309949 2465.793213
788.655629 2463.777588
790.001309 2522.267090
791.346988 2585.716553
792.692668 2682.340332
794.038348 2831.812256
795.384028 2961.090332
796.729708 3076.705566
798.075388 3178.971680
799.421068 3270.593506
800.766748 3375.565674
802.112428 3465.595459
803.458108 3523.998535
804.803787 3638.677734
806.149467 3746.644531
807.495147 3792.403320
808.840827 3750.872314
810.186507 3619.163330
811.532187 3407.385254
812.877867 3116.507324
814.223547 2760.701416
815.569227 2432.024902
816.914907 2095.636963
818.260586 1746.535889
819.606266 1403.332031
820.951946 1075.701660
822.297626 796.959717
823.643306 561.061279
824.988986 369.147217
826.334666 265.875946
827.680346 192.331146
829.026026 151.644348
830.371706 129.406525
831.717386 135.584625
833.063065 139.086884
834.408745 104.156586
835.754425 61.121918
837.100105 53.279449
838.445785 50.632233
839.791465 59.985931
841.137145 69.576202
842.482825 82.305237
843.828505 73.453339
845.174185 62.622375
846.519864 50.408966
847.865544 55.952789
849.211224 78.884308
850.556904 107.899231
851.902584 137.577667
853.248264 153.252045
854.593944 147.246155
855.939624 178.945374
857.285304 222.093933
858.630984 247.187347
859.976663 288.617889
861.322343 339.266998
862.668023 397.591980
864.013703 481.093964
865.359383 581.621460
866.705063 747.578613
868.050743 968.229492
869.396423 1190.298706
870.742103 1419.831665
872.087783 1618.551392
873.433462 1795.032593
874.779142 1943.086060
876.124822 2047.923462
877.470502 2127.440918
878.816182 2179.771973
880.161862 2175.704590
881.507542 2095.668457
882.853222 1966.851685
884.198902 1843.329102
885.544582 1696.997314
886.890262 1543.227051
888.235941 1441.271606
889.581621 1392.238525
890.927301 1363.343872
892.272981 1328.759766
893.618661 1313.571533
894.964341 1358.031006
896.310021 1355.760254
897.655701 1323.314575
899.001381 1258.420654
900.347061 1192.168457
901.692740 1112.307373
903.038420 1047.875977
904.384100 1075.908203
905.729780 1192.392700
907.075460 1278.736572
908.421140 1358.451660
909.766820 1401.991455
911.112500 1429.874512
912.458180 1406.901855
913.803860 1381.166992
915.149539 1396.086792
916.495219 1413.683594
917.840899 1406.718872
919.186579 1368.452393
920.532259 1292.565186
921.877939 1203.224121
923.223619 1102.327148
924.569299 995.850586
925.914979 892.895020
927.260659 778.767334
928.606338 654.582886
929.952018 521.803711
931.297698 401.096802
932.643378 322.252289
933.989058 274.621643
935.334738 191.172699
936.680418 129.214539
938.026098 59.255127
939.371778 -4.759735
940.717458 -31.907440
942.063137 -17.572723
943.408817 11.806274
944.754497 27.537659
946.100177 8.891144
947.445857 3.172516
948.791537 -27.286804
950.137217 -41.653198
951.482897 -50.590759
952.828577 -51.313751
954.174257 -49.134155
955.519937 -63.311035
956.865616 -52.767395
958.211296 -36.812164
959.556976 -59.596649
960.902656 -76.056458
962.248336 -80.676300
963.594016 -83.419250
964.939696 -74.624634
966.285376 -90.490051
967.631056 -67.862946
968.976736 -63.385559
970.322415 -67.756439
971.668095 -40.183807
973.013775 19.227509
974.359455 57.879333
975.705135 79.850525
977.050815 102.326904
978.396495 120.696869
979.742175 119.707611
981.087855 127.855438
982.433535 183.423096
983.779214 217.127380
985.124894 209.480042
986.470574 207.592133
987.816254 267.747650
989.161934 342.767578
990.507614 422.444489
991.853294 491.882782
993.198974 597.339722
994.544654 715.673340
995.890334 799.280151
997.236013 887.782349
998.581693 989.955078
999.927373 1089.926147
1001.273053 1181.687866
1002.618733 1269.525146
1003.964413 1356.455566
1005.310093 1450.296875
1006.655773 1496.214844
1008.001453 1516.659180
1009.347133 1498.171631
1010.692813 1467.980591
1012.038492 1441.908936
1013.384172 1436.843628
1014.729852 1417.630493
1016.075532 1405.944336
1017.421212 1419.910278
1018.766892 1446.772339
1020.112572 1468.077148
1021.458252 1500.991943
1022.803932 1562.761963
1024.149612 1678.027588
1025.495291 1797.036865
1026.840971 1917.505615
1028.186651 2027.197266
1029.532331 2110.190186
1030.878011 2142.350830
1032.223691 2163.368164
1033.569371 2167.583740
1034.915051 2154.404297
1036.260731 2139.953369
1037.606411 2125.325439
1038.952090 2132.781006
1040.297770 2124.982178
1041.643450 2112.153809
1042.989130 2070.734131
1044.334810 1990.108765
1045.680490 1848.164551
1047.026170 1696.593994
1048.371850 1530.889893
1049.717530 1380.350342
1051.063210 1237.856323
1052.408889 1142.482178
1053.754569 1074.837402
1055.100249 1065.801270
1056.445929 1063.442505
1057.791609 1056.839233
1059.137289 1052.992920
1060.482969 1049.256958
1061.828649 1060.642090
1063.174329 1075.925049
1064.520009 1082.299927
1065.865689 1090.478516
1067.211368 1101.934814
1068.557048 1099.044067
1069.902728 1116.052246
1071.248408 1164.048950
1072.594088 1270.852783
1073.939768 1391.986694
1075.285448 1506.402344
1076.631128 1651.439819
1077.976808 1752.423828
1079.322488 1810.456543
1080.668167 1823.531250
1082.013847 1801.126953
1083.359527 1749.442627
1084.705207 1651.582275
1086.050887 1551.421875
1087.396567 1509.389160
1088.742247 1480.388184
1090.087927 1534.231323
1091.433607 1667.356812
1092.779287 1848.758789
1094.124966 2080.283203
1095.470646 2328.843506
1096.816326 2592.654541
1098.162006 2861.693115
1099.507686 3049.033447
1100.853366 3136.065674
1102.199046 3103.619385
1103.544726 2926.527832
1104.890406 2660.034180
1106.236086 2330.479492
1107.581765 1981.100952
1108.927445 1688.743652
1110.273125 1417.497314
1111.618805 1185.281494
1112.964485 988.065735
1114.310165 860.567871
1115.655845 794.260254
1117.001525 761.234009
1118.347205 752.907898
1119.692885 777.589722
1121.038565 767.510742
1122.384244 743.031982
1123.729924 739.481201
1125.075604 780.086243
1126.421284 851.381897
1127.766964 973.636536
1129.112644 1188.546387
1130.458324 1381.571289
1131.804004 1558.703491
1133.149684 1784.188721
1134.495364 2030.998169
1135.841043 2279.450439
1137.186723 2570.545898
1138.532403 2889.097168
1139.878083 3198.114502
1141.223763 3389.809082
1142.569443 3474.626221
1143.915123 3447.810547
1145.260803 3268.501953
1146.606483 3006.918945
1147.952163 2683.427246
1149.297842 2329.829834
1150.643522 1993.781982
1151.989202 1724.981689
1153.334882 1487.818359
1154.680562 1257.548706
1156.026242 1057.773193
1157.371922 912.689758
1158.717602 771.559631
1160.063282 654.443237
1161.408962 580.764648
1162.754641 528.911316
1164.100321 474.010254
1165.446001 425.618683
1166.791681 368.554779
1168.137361 365.886810
1169.483041 376.880280
1170.828721 375.547577
1172.174401 354.472534
1173.520081 344.825043
1174.865761 355.846802
1176.211441 366.321686
1177.557120 340.986359
1178.902800 342.580872
1180.248480 357.997559
1181.594160 355.122131
1182.939840 343.978973
1184.285520 356.175354
1185.631200 364.154968
1186.976880 385.231323
1188.322560 404.861938
1189.668240 434.406677
1191.013919 471.413086
1192.359599 484.948456
1193.705279 484.449402
1195.050959 487.263672
1196.396639 511.665253
1197.742319 589.316528
1199.087999 716.019775
1200.433679 897.654297
1201.779359 1097.981201
1203.125039 1338.543945
1204.470718 1648.063965
1205.816398 2038.523926
1207.162078 2506.360352
1208.507758 3008.029785
1209.853438 3510.256592
1211.199118 3970.918945
1212.544798 4274.846191
1213.890478 4375.593262
1215.236158 4269.635254
1216.581838 3981.337891
1217.927517 3562.405273
1219.273197 3059.734375
1220.618877 2555.895264
1221.964557 2107.685303
1223.310237 1748.625244
1224.655917 1461.175537
1226.001597 1208.251709
1227.347277 1041.130127
1228.692957 915.719482
1230.038637 795.082764
1231.384317 714.701660
1232.729996 649.979370
1234.075676 659.987915
1235.421356 660.854370
1236.767036 618.758179
1238.112716 600.003052
1239.458396 576.711914
1240.804076 543.979492
1242.149756 529.933350
1243.495436 521.630371
1244.841116 550.990784
1246.186795 572.848389
1247.532475 548.362427
1248.878155 558.430664
1250.223835 596.224060
1251.569515 669.384155
1252.915195 737.929321
1254.260875 812.598999
1255.606555 897.279480
1256.952235 1007.685181
1258.297915 1091.777832
1259.643594 1221.910522
1260.989274 1384.268921
1262.334954 1579.580200
1263.680634 1784.241943
1265.026314 2008.269409
1266.371994 2216.450195
1267.717674 2411.395264
1269.063354 2562.146484
1270.409034 2667.950439
1271.754714 2729.527832
1273.100393 2757.738525
1274.446073 2774.328613
1275.791753 2803.636230
1277.137433 2777.991211
1278.483113 2700.428955
1279.828793 2593.971680
1281.174473 2468.839355
1282.520153 2319.069336
1283.865833 2161.285400
1285.211513 2019.430664
1286.557193 1906.179077
1287.902872 1774.155518
1289.248552 1656.151611
1290.594232 1566.269897
1291.939912 1500.296997
1293.285592 1422.732910
1294.631272 1353.239990
1295.976952 1303.265625
1297.322632 1216.832642
1298.668312 1105.584961
1300.013992 993.820679
1301.359671 883.844604
1302.705351 788.249634
1304.051031 696.843201
1305.396711 662.812073
1306.742391 668.457275
1308.088071 655.360107
1309.433751 639.203491
1310.779431 612.787903
1312.125111 577.815430
1313.470791 547.279785
1314.816470 504.243927
1316.162150 488.000916
1317.507830 499.082703
1318.853510 497.343231
1320.199190 526.843445
1321.544870 537.086914
1322.890550 604.982666
1324.236230 679.742188
1325.581910 776.968262
1326.927590 904.930054
1328.273269 1076.546387
1329.618949 1304.658569
1330.964629 1627.646851
1332.310309 1952.271729
1333.655989 2330.398438
1335.001669 2672.273926
1336.347349 2952.012695
1337.693029 3144.108154
1339.038709 3273.637207
1340.384389 3376.271240
1341.730069 3485.809570
1343.075748 3569.530762
1344.421428 3613.836914
1345.767108 3624.356445
1347.112788 3584.125732
1348.458468 3500.991455
1349.804148 3430.225586
1351.149828 3340.612305
1352.495508 3248.381104
1353.841188 3186.218018
1355.186868 3155.852295
1356.532547 3128.715576
1357.878227 3131.446777
1359.223907 3166.677490
1360.569587 3193.194824
1361.915267 3156.844238
1363.260947 3056.484619
1364.606627 2940.353271
1365.952307 2807.023438
1367.297987 2630.246338
1368.643667 2471.841309
1369.989346 2321.612549
1371.335026 2151.721191
1372.680706 1990.092529
1374.026386 1833.360107
1375.372066 1667.608032
1376.717746 1534.166626
1378.063426 1436.501709
1379.409106 1366.738281
1380.754786 1305.852783
1382.100466 1300.321045
1383.446145 1350.020874
1384.791825 1442.317993
1386.137505 1475.492310
1387.483185 1489.655029
1388.828865 1465.210449
1390.174545 1358.267090
1391.520225 1196.845459
1392.865905 1036.870605
1394.211585 921.919800
1395.557265 831.425781
1396.902944 712.897400
1398.248624 645.787964
1399.594304 607.265869
1400.939984 559.926819
1402.285664 530.968628
1403.631344 507.099182
1404.977024 486.360474
1406.322704 477.655457
1407.668384 485.763641
1409.014064 516.577271
1410.359744 569.735779
1411.705423 617.334839
1413.051103 668.078674
1414.396783 687.044800
1415.742463 664.640625
1417.088143 719.130310
1418.433823 793.636414
1419.779503 915.270325
1421.125183 1090.592041
1422.470863 1295.373535
1423.816543 1539.892822
1425.162222 1847.651489
1426.507902 2243.224854
1427.853582 2779.719727
1429.199262 3357.303223
1430.544942 3928.425049
1431.890622 4351.645996
1433.236302 4568.322266
1434.581982 4589.152832
1435.927662 4464.509277
1437.273342 4280.852539
1438.619021 4142.299805
1439.964701 4068.411133
1441.310381 4098.065430
1442.656061 4227.963379
1444.001741 4390.834961
1445.347421 4631.282715
1446.693101 4908.639160
1448.038781 5222.757813
1449.384461 5530.984375
1450.730141 5768.793457
1452.075820 5932.856934
1453.421500 6029.895996
1454.767180 5989.782227
1456.112860 5811.269531
1457.458540 5567.088379
1458.804220 5306.751953
1460.149900 4998.874512
1461.495580 4659.644531
1462.841260 4300.789063
1464.186940 3957.463623
1465.532620 3540.176758
1466.878299 3029.730225
1468.223979 2574.474121
1469.569659 2185.757324
1470.915339 1821.138672
1472.261019 1514.798706
1473.606699 1318.364258
1474.952379 1188.226929
1476.298059 1060.154297
1477.643739 945.731934
1478.989419 862.834473
1480.335098 752.532532
1481.680778 634.975037
1483.026458 545.168457
1484.372138 555.214050
1485.717818 542.861572
1487.063498 539.743530
1488.409178 530.557617
1489.754858 486.713654
1491.100538 432.199615
1492.446218 362.060913
1493.791897 282.539124
1495.137577 280.688446
1496.483257 261.297089
1497.828937 232.275085
1499.174617 236.949310
1500.520297 222.184631
1501.865977 236.545471
1503.211657 210.526520
1504.557337 164.135223
1505.903017 181.343567
1507.248696 222.581848
1508.594376 212.130219
1509.940056 204.504242
1511.285736 167.968079
1512.631416 151.983887
1513.977096 141.748718
1515.322776 127.417267
1516.668456 138.525269
1518.014136 148.809357
1519.359816 129.704773
1520.705496 86.461060
1522.051175 37.872437
1523.396855 13.765656
1524.742535 -7.079346
1526.088215 -4.534698
1527.433895 0.000000
1528.779575 16.689728
1530.125255 51.765350
1531.470935 62.709167
1532.816615 68.569366
1534.162295 62.158936
1535.507974 41.170990
1536.853654 34.456696
1538.199334 26.394043
1539.545014 40.187805
1540.890694 61.974182
1542.236374 62.852539
1543.582054 53.164764
1544.927734 13.827881
1546.273414 -23.556458
1547.619094 -19.483185
1548.964773 9.069885
1550.310453 42.265778
1551.656133 77.135498
1553.001813 79.607849
1554.347493 69.898468
1555.693173 43.087555
1557.038853 17.323151
1558.384533 58.487946
1559.730213 90.630432
1561.075893 114.091125
1562.421572 133.288666
1563.767252 120.100800
1565.112932 110.402222
1566.458612 85.099030
1567.804292 59.124573
1569.149972 72.146149
1570.495652 59.300568
1571.841332 47.850922
1573.187012 51.335846
1574.532692 52.025818
1575.878372 43.041107
1577.224051 13.835693
1578.569731 19.176910
1579.915411 49.077423
1581.261091 46.643036
1582.606771 35.718933
1583.952451 53.968079
1585.298131 63.477295
1586.643811 64.678497
1587.989491 87.744507
1589.335171 111.131378
1590.680850 134.397156
1592.026530 131.555603
1593.372210 119.266754
1594.717890 106.560455
1596.063570 96.761536
1597.409250 90.570801
1598.754930 114.625580
1600.100610 107.003357
1601.446290 106.456940
1602.791970 106.587006
1604.137649 100.378418
1605.483329 70.426239
1606.829009 69.451294
1608.174689 85.726166
1609.520369 105.812897
1610.866049 155.166473
1612.211729 157.548492
1613.557409 212.914642
1614.903089 207.193634
1616.248769 192.608704
1617.594448 169.174530
1618.940128 127.509430
1620.285808 105.724762
1621.631488 106.203247
1622.977168 85.416199
1624.322848 115.062714
1625.668528 116.744232
1627.014208 135.267700
1628.359888 128.115356
1629.705568 92.014801
1631.051248 111.497070
1632.396927 137.822357
1633.742607 163.088074
1635.088287 164.563019
1636.433967 180.161407
1637.779647 171.567841
1639.125327 146.041321
1640.471007 118.754425
1641.816687 140.288300
1643.162367 150.633423
1644.508047 138.512909
1645.853726 141.769257
1647.199406 163.391022
1648.545086 188.726563
1649.890766 193.918884
1651.236446 197.357086
1652.582126 195.060303
1653.927806 156.344574
1655.273486 127.355164
1656.619166 134.256439
1657.964846 167.145233
1659.310525 205.616882
1660.656205 231.765076
1662.001885 254.033691
1663.347565 258.218475
1664.693245 251.156830
1666.038925 264.746246
1667.384605 269.264465
1668.730285 250.109497
1670.075965 229.854553
1671.421645 216.020325
1672.767324 215.795044
1674.113004 196.494781
1675.458684 178.775116
1676.804364 191.890564
1678.150044 194.999329
1679.495724 182.941284
1680.841404 175.577942
1682.187084 187.882721
1683.532764 216.454681
1684.878444 192.864960
1686.224124 137.884674
1687.569803 114.051910
1688.915483 104.758453
1690.261163 116.488007
1691.606843 147.512634
1692.952523 185.304382
1694.298203 207.584656
1695.643883 209.585510
1696.989563 181.267151
1698.335243 170.119934
1699.680923 173.841400
1701.026602 210.268921
1702.372282 226.982391
1703.717962 223.213928
1705.063642 201.847473
1706.409322 178.953827
1707.755002 132.660309
1709.100682 94.570557
1710.446362 73.085785
1711.792042 58.161041
1713.137722 56.318024
1714.483401 67.885742
1715.829081 58.563507
1717.174761 50.776733
1718.520441 64.825806
1719.866121 87.467316
1721.211801 89.454468
1722.557481 82.494232
1723.903161 76.344360
1725.248841 58.505035
1726.594521 58.587616
1727.940200 99.981293
1729.285880 130.501526
1730.631560 140.566650
1731.977240 130.419708
1733.322920 112.353943
1734.668600 45.680084
1736.014280 5.209930
1737.359960 16.920654
1738.705640 45.495575
1740.051320 59.719177
1741.397000 91.905212
1742.742679 99.353119
1744.088359 72.912994
1745.434039 39.744904
1746.779719 14.908600
1748.125399 -3.995911
1749.471079 -6.931976
1750.816759 10.156830
1752.162439 33.658600
1753.508119 43.840363
1754.853799 66.629150
1756.199478 103.284546
1757.545158 112.857483
1758.890838 100.341034
1760.236518 93.958405
1761.582198 82.239960
1762.927878 70.213593
1764.273558 80.251068
1765.619238 92.024078
1766.964918 83.619781
1768.310598 69.185791
1769.656277 42.648529
1771.001957 25.981476
1772.347637 2.697662
1773.693317 -0.928467
1775.038997 8.907227
1776.384677 23.346222
1777.730357 52.665802
1779.076037 77.317200
1780.421717 74.596313
1781.767397 54.422791
1783.113076 40.608124
1784.458756 58.236694
1785.804436 68.812439
1787.150116 72.347778
1788.495796 84.269226
1789.841476 97.098389
1791.187156 100.198730
1792.532836 90.004059
1793.878516 76.419708
1795.224196 67.667755
1796.569876 46.735870
1797.915555 28.618835
1799.261235 21.559631
1800.606915 15.867462
1801.952595 26.422272
1803.298275 26.387268
1804.643955 23.076202
1805.989635 40.240997
1807.335315 69.374756
1808.680995 87.155212
1810.026675 100.254059
1811.372354 120.639252
1812.718034 137.809601
1814.063714 156.151398
1815.409394 179.760712
1816.755074 178.276672
1818.100754 149.715515
1819.446434 103.071808
1820.792114 62.342102
1822.137794 64.524780
1823.483474 55.615326
1824.829153 62.604706
1826.174833 86.820465
1827.520513 102.478729
1828.866193 70.576080
1830.211873 74.240906
1831.557553 101.233429
1832.903233 138.603119
1834.248913 149.692413
1835.594593 148.200134
1836.940273 165.309235
1838.285952 151.412476
1839.631632 79.888916
1840.977312 96.548645
1842.322992 110.160553
1843.668672 116.024414
1845.014352 153.500946
1846.360032 164.647919
1847.705712 169.440186
1849.051392 172.262665
1850.397072 149.327240
1851.742751 179.270325
1853.088431 120.306732
1854.434111 74.997437
1855.779791 69.877930
1857.125471 55.055023
1858.471151 94.396820
1859.816831 134.441650
1861.162511 137.036224
1862.508191 109.595215
1863.853871 69.056610
1865.199551 54.835876
1866.545230 39.499023
1867.890910 34.463593
1869.236590 92.438324
1870.582270 102.225372
1871.927950 76.346497
1873.273630 16.836121
1874.619310 13.521027
1875.964990 22.088684
1877.310670 56.802307
1878.656350 75.887299
1880.002029 116.172852
1881.347709 123.065704
1882.693389 88.219055
1884.039069 42.057129
1885.384749 20.131927
1886.730429 12.891479
1888.076109 37.096313
1889.421789 48.878387
1890.767469 41.264618
1892.113149 26.956818
1893.458828 1.669952
1894.804508 -24.010468
1896.150188 -32.590027
1897.495868 -29.215729
1898.841548 -1.413818
1900.187228 47.460693
1901.532908 55.104034
1902.878588 62.269287
1904.224268 58.562103
1905.569948 46.090790
1906.915627 67.820831
1908.261307 61.294861
1909.606987 42.772949
1910.952667 62.506836
1912.298347 33.906128
1913.644027 -10.771332
1914.989707 -52.732483
1916.335387 -42.352905
1917.681067 -21.889496
1919.026747 -68.839508
1920.372427 -90.538300
1921.718106 -94.421570
1923.063786 -102.275024
1924.409466 -74.556702
1925.755146 -16.145660
1927.100826 43.278503
1928.446506 35.737640
1929.792186 10.761902
1931.137866 24.197021
1932.483546 10.691620
1933.829226 6.578949
1935.174905 12.025726
1936.520585 30.236694
1937.866265 10.164215
1939.211945 -34.641724
1940.557625 -40.096649
1941.903305 -15.821960
1943.248985 0.000000
1944.594665 -22.397797
1945.940345 -80.722412
1947.286025 -116.563934
1948.631704 -118.783569
1949.977384 -105.765045
1951.323064 -68.128021
1952.668744 -22.036072
1954.014424 15.880859
1955.360104 -0.776917
1956.705784 -15.766724
1958.051464 -16.106964
1959.397144 6.643951
1960.742824 -10.694855
1962.088503 0.926697
1963.434183 -3.174194
1964.779863 -0.988708
1966.125543 -21.179291
1967.471223 -8.821594
1968.816903 10.808105
1970.162583 8.275696
1971.508263 9.697235
1972.853943 36.771088
1974.199623 68.414490
1975.545303 98.162231
1976.890982 102.499512
1978.236662 99.943298
1979.582342 68.203644
1980.928022 0.293945
1982.273702 -42.027252
1983.619382 -70.641602
1984.965062 -48.630829
1986.310742 -11.217865
1987.656422 41.743347
1989.002102 84.347015
1990.347781 102.456024
1991.693461 110.171967
1993.039141 105.231537
1994.384821 78.348022
1995.730501 58.017670
1997.076181 61.985931
1998.421861 71.102997
1999.767541 77.281250
2001.113221 77.774323
2002.458901 128.758545
2003.804580 107.864960
2005.150260 101.788422
2006.495940 127.383972
2007.841620 147.175232
2009.187300 152.459808
2010.532980 161.402435
2011.878660 168.581665
2013.224340 173.457397
2014.570020 127.963440
2015.915700 144.599335
2017.261379 150.820099
2018.607059 113.768982
2019.952739 87.161743
2021.298419 106.611603
2022.644099 140.834351
2023.989779 133.450989
2025.335459 165.108643
2026.681139 189.067688
2028.026819 199.433960
2029.372499 167.642426
2030.718179 132.732117
2032.063858 149.906464
2033.409538 158.336426
2034.755218 140.971466
2036.100898 159.054413
2037.446578 155.577698
2038.792258 206.541931
2040.137938 190.849091
2041.483618 174.088562
2042.829298 206.164490
2044.174978 208.285858
2045.520657 226.633209
2046.866337 219.206482
2048.212017 197.501160
2049.557697 229.750458
2050.903377 230.443787
2052.249057 225.462555
2053.594737 243.084595
2054.940417 259.911224
2056.286097 269.387634
2057.631777 215.644073
2058.977456 174.843689
2060.323136 165.550903
2061.668816 169.664612
2063.014496 151.724731
2064.360176 183.358704
2065.705856 230.996002
2067.051536 222.013489
2068.397216 195.735352
2069.742896 167.415497
2071.088576 153.759796
2072.434255 157.236694
2073.779935 152.672028
2075.125615 161.727356
2076.471295 153.624207
2077.816975 144.702667
2079.162655 153.424286
2080.508335 153.616821
2081.854015 149.994659
2083.199695 161.642395
2084.545375 182.454712
2085.891055 170.653595
2087.236734 141.843842
2088.582414 150.138336
2089.928094 164.508636
2091.273774 140.866180
2092.619454 104.636108
2093.965134 81.075531
2095.310814 74.586334
2096.656494 86.059601
2098.002174 97.932800
2099.347854 126.453918
2100.693533 133.008606
2102.039213 116.083405
2103.384893 115.975616
2104.730573 116.044098
2106.076253 122.134155
2107.421933 159.561676
2108.767613 167.722809
2110.113293 157.889740
2111.458973 120.178314
2112.804653 96.789948
2114.150332 89.577148
2115.496012 62.482941
2116.841692 66.129700
2118.187372 56.815979
2119.533052 66.182617
2120.878732 65.895691
2122.224412 40.447174
2123.570092 68.145325
2124.915772 87.437622
2126.261452 79.619507
2127.607131 95.778076
2128.952811 85.512329
2130.298491 126.543640
2131.644171 112.116394
2132.989851 82.983643
2134.335531 121.572052
2135.681211 148.942444
2137.026891 182.005676
2138.372571 189.302124
2139.718251 170.018250
2141.063931 158.357178
2142.409610 112.279602
2143.755290 80.787445
2145.100970 92.113403
2146.446650 104.500061
2147.792330 159.772491
2149.138010 156.233795
2150.483690 142.150452
2151.829370 169.812653
2153.175050 181.792999
2154.520730 173.233917
2155.866409 181.173492
2157.212089 186.427307
2158.557769 172.153564
2159.903449 119.382660
2161.249129 120.249390
2162.594809 160.654846
2163.940489 164.732880
2165.286169 183.611755
2166.631849 180.903137
2167.977529 193.784546
2169.323208 142.978760
2170.668888 112.342041
2172.014568 113.142120
2173.360248 101.248718
2174.705928 104.490540
2176.051608 130.043335
2177.397288 133.674072
2178.742968 159.580811
2180.088648 157.665314
2181.434328 142.417847
2182.780007 119.230133
2184.125687 109.685272
2185.471367 120.736206
2186.817047 129.529510
2188.162727 142.457855
2189.508407 214.902008
2190.854087 216.849060
2192.199767 192.888062
2193.545447 170.898132
2194.891127 167.358185
2196.236807 154.668976
2197.582486 139.182983
2198.928166 134.348236
2200.273846 175.556091
2201.619526 154.577026
2202.965206 143.461487
2204.310886 130.460632
2205.656566 143.320648
2207.002246 161.113525
2208.347926 159.654480
2209.693606 169.254974
2211.039285 137.925262
2212.384965 111.338074
2213.730645 104.137115
2215.076325 80.128906
2216.422005 132.644836
2217.767685 165.861816
2219.113365 176.631012
2220.459045 201.144897
2221.804725 173.880157
2223.150405 152.555756
2224.496084 140.060760
2225.841764 108.947937
2227.187444 143.459869
2228.533124 144.032196
2229.878804 147.541656
2231.224484 169.979401
2232.570164 172.118225
2233.915844 121.620544
2235.261524 87.310333
2236.607204 57.276306
2237.952883 43.292938
2239.298563 35.447388
2240.644243 61.409271
2241.989923 100.412842
2243.335603 101.271790
2244.681283 59.851837
2246.026963 55.047180
2247.372643 26.728180
2248.718323 -2.896515
2250.064003 1.345612
2251.409683 -3.657623
2252.755362 12.916534
2254.101042 32.241333
2255.446722 86.149780
2256.792402 126.000366
2258.138082 138.269714
2259.483762 133.570587
2260.829442 135.691925
2262.175122 93.844666
2263.520802 100.390411
2264.866482 112.599304
2266.212161 135.770294
2267.557841 119.667023
2268.903521 88.616516
2270.249201 71.677460
2271.594881 72.693390
2272.940561 85.498291
2274.286241 138.128998
2275.631921 171.002716
2276.977601 166.673035
2278.323281 117.659637
2279.668960 63.946503
2281.014640 47.384064
2282.360320 27.398712
2283.706000 39.679352
2285.051680 59.101288
2286.397360 96.463776
2287.743040 119.723877
2289.088720 98.473999
2290.434400 39.005676
2291.780080 38.745331
2293.125759 11.227509
2294.471439 22.787628
2295.817119 11.065521
2297.162799 26.246246
2298.508479 49.702667
2299.854159 53.647552
2301.199839 26.983368
2302.545519 47.475891
2303.891199 48.791718
2305.236879 59.750763
2306.582558 67.212036
2307.928238 45.308838
2309.273918 42.760040
2310.619598 58.376404
2311.965278 63.438965
2313.310958 66.135529
2314.656638 68.947296
2316.002318 39.382782
2317.347998 18.768616
2318.693678 -7.594025
2320.039358 -5.881744
2321.385037 27.077332
2322.730717 45.913086
2324.076397 66.795380
2325.422077 124.053864
2326.767757 122.298004
2328.113437 133.743164
2329.459117 168.052246
2330.804797 170.252167
2332.150477 163.582153
2333.496157 114.268585
2334.841836 96.365173
2336.187516 67.086395
2337.533196 58.997742
2338.878876 83.945221
2340.224556 102.466553
2341.570236 92.348541
2342.915916 99.966278
2344.261596 114.003540
2345.607276 130.750946
2346.952956 88.684509
2348.298635 103.208435
2349.644315 91.418976
2350.989995 52.977997
2352.335675 19.096497
2353.681355 0.540070
2355.027035 3.099091
2356.372715 10.801056
2357.718395 3.318939
2359.064075 32.950195
2360.409755 48.345917
2361.755434 36.180542
2363.101114 52.450073
2364.446794 57.144165
2365.792474 41.652954
2367.138154 25.874664
2368.483834 16.199341
2369.829514 43.539703
2371.175194 54.967743
2372.520874 49.929047
2373.866554 66.692627
2375.212234 88.380951
2376.557913 86.483765
2377.903593 74.027679
2379.249273 88.481354
2380.594953 91.834717
2381.940633 79.945374
2383.286313 64.891785
2384.631993 38.647827
2385.977673 -2.585693
2387.323353 -30.913269
2388.669033 -40.903381
2390.014712 -40.732056
2391.360392 -40.206024
2392.706072 -26.922943
2394.051752 -0.129822
2395.397432 39.044769
2396.743112 16.711273
2398.088792 71.827484
2399.434472 106.812378
2400.780152 88.103271
2402.125832 64.502533
2403.471511 16.781281
2404.817191 -46.057007
2406.162871 -36.077271
2407.508551 -51.454468
2408.854231 -3.997955
2410.199911 16.349152
2411.545591 9.146332
2412.891271 -13.089203
2414.236951 -24.156555
2415.582631 -9.760529
2416.928310 48.797211
2418.273990 48.992645
2419.619670 23.423615
2420.965350 27.412354
2422.311030 3.193451
2423.656710 -9.330933
2425.002390 -24.985413
2426.348070 14.241882
2427.693750 19.084778
2429.039430 -2.936493
2430.385110 -41.370636
2431.730789 -0.072845
2433.076469 40.718689
2434.422149 71.161285
2435.767829 81.609070
2437.113509 120.805817
2438.459189 109.268036
2439.804869 126.043335
2441.150549 92.798309
2442.496229 103.048889
2443.841909 100.078461
2445.187588 79.471344
2446.533268 74.455444
2447.878948 56.296204
2449.224628 36.587341
2450.570308 59.681122
2451.915988 48.817078
2453.261668 46.486145
2454.607348 47.833984
2455.953028 77.127960
2457.298708 101.617310
2458.644387 137.742645
2459.990067 131.067657
2461.335747 123.749054
2462.681427 84.640747
2464.027107 54.484192
2465.372787 52.792572
2466.718467 72.741302
2468.064147 73.251923
2469.409827 91.720734
2470.755507 73.597015
2472.101186 57.256683
2473.446866 58.450317
2474.792546 57.482727
2476.138226 55.490051
2477.483906 89.180359
2478.829586 84.336090
2480.175266 118.658966
2481.520946 136.683807
2482.866626 131.076172
2484.212306 122.546478
2485.557986 76.308197
2486.903665 17.889618
2488.249345 11.057343
2489.595025 -21.246643
2490.940705 -26.961761
2492.286385 0.000000
2493.632065 3.349579
2494.977745 27.176910
2496.323425 47.922546
2497.669105 52.960541
2499.014785 63.865295
2500.360464 44.589111
2501.706144 16.118164
2503.051824 48.501923
2504.397504 19.466095
2505.743184 55.469177
2507.088864 80.393463
2508.434544 103.442902
2509.780224 111.836884
2511.125904 122.294678
2512.471584 134.047150
2513.817263 124.659180
2515.162943 114.532257
2516.508623 98.877686
2517.854303 126.590454
2519.199983 147.995758
2520.545663 143.395081
2521.891343 144.259369
2523.237023 161.353821
2524.582703 164.451111
2525.928383 206.191315
2527.274062 209.673340
2528.619742 208.082397
2529.965422 197.717041
2531.311102 173.126923
2532.656782 137.606567
2534.002462 143.757019
2535.348142 138.282684
2536.693822 143.729553
2538.039502 165.421783
2539.385182 125.108246
2540.730862 157.524109
2542.076541 174.799194
2543.422221 136.827698
2544.767901 110.926666
2546.113581 84.397797
2547.459261 52.109619
2548.804941 38.802765
2550.150621 47.752441
2551.496301 127.275452
2552.841981 157.744232
2554.187661 142.007813
2555.533340 121.018280
2556.879020 119.325409
2558.224700 112.372253
2559.570380 118.970154
2560.916060 116.900238
2562.261740 140.748688
2563.607420 164.961670
2564.953100 162.464783
2566.298780 111.741516
2567.644460 106.596619
2568.990139 119.347839
2570.335819 124.769165
2571.681499 78.567596
2573.027179 78.881165
2574.372859 97.363281
2575.718539 73.944092
2577.064219 29.544830
2578.409899 18.417572
2579.755579 38.895081
2581.101259 84.129089
2582.446938 103.681854
2583.792618 154.023682
2585.138298 148.217194
2586.483978 139.124359
2587.829658 139.067444
2589.175338 107.291901
2590.521018 118.537750
2591.866698 134.202942
2593.212378 141.699036
2594.558058 134.461823
2595.903738 156.643341
2597.249417 186.631439
2598.595097 192.642487
2599.940777 142.185944
2601.286457 100.417694
2602.632137 43.804779
2603.977817 22.650818
2605.323497 -13.978790
2606.669177 32.675232
2608.014857 72.358582
2609.360537 129.108368
2610.706216 138.852356
2612.051896 160.847443
2613.397576 195.394287
2614.743256 233.082733
2616.088936 225.128326
2617.434616 217.826782
2618.780296 191.013458
2620.125976 152.931519
2621.471656 60.049561
2622.817336 26.325195
2624.163015 31.285461
2625.508695 97.026062
2626.854375 156.833038
2628.200055 208.376312
2629.545735 226.541260
2630.891415 220.497498
2632.237095 158.452789
2633.582775 122.178131
2634.928455 107.353088
2636.274135 108.144440
2637.619814 110.531128
2638.965494 128.686127
2640.311174 133.122406
2641.656854 157.902740
2643.002534 145.754944
2644.348214 187.450470
2645.693894 232.958374
2647.039574 258.189636
2648.385254 302.124786
2649.730934 366.384216
2651.076614 435.100952
2652.422293 499.133331
2653.767973 545.569885
2655.113653 596.104492
2656.459333 587.495178
2657.805013 569.765442
2659.150693 547.924500
2660.496373 568.521118
2661.842053 558.077148
2663.187733 546.256104
2664.533413 574.061768
2665.879092 567.038635
2667.224772 582.759827
2668.570452 600.152954
2669.916132 604.618774
2671.261812 617.596680
2672.607492 576.191040
2673.953172 512.041138
2675.298852 450.809998
2676.644532 366.060394
2677.990212 325.414429
2679.335891 270.503143
2680.681571 241.646118
2682.027251 215.795166
2683.372931 191.686737
2684.718611 173.711029
2686.064291 153.220093
2687.409971 125.966095
2688.755651 95.042877
2690.101331 94.574860
2691.447011 101.932343
2692.792690 69.771149
2694.138370 41.464264
2695.484050 76.443359
2696.829730 95.101807
2698.175410 101.893250
2699.521090 130.353882
2700.866770 154.859344
2702.212450 143.928925
2703.558130 103.802216
2704.903810 83.400726
2706.249490 101.629608
2707.595169 135.380188
2708.940849 168.501801
2710.286529 232.580566
2711.632209 276.821411
2712.977889 299.090363
2714.323569 307.002960
2715.669249 326.662994
2717.014929 355.554932
2718.360609 396.496857
2719.706289 464.133057
2721.051968 498.521667
2722.397648 548.130981
2723.743328 601.468140
2725.089008 644.514038
2726.434688 643.351440
2727.780368 698.981506
2729.126048 760.406372
2730.471728 845.764526
2731.817408 900.401001
2733.163088 957.799683
2734.508767 1032.413086
2735.854447 1099.159302
2737.200127 1153.530396
2738.545807 1271.425049
2739.891487 1402.268066
2741.237167 1528.252930
2742.582847 1666.500122
2743.928527 1782.359985
2745.274207 1840.777588
2746.619887 1878.530396
2747.965566 1910.314819
2749.311246 1985.315186
2750.656926 2086.341309
2752.002606 2140.776367
2753.348286 2192.779541
2754.693966 2202.706787
2756.039646 2142.224609
2757.385326 2039.278564
2758.731006 1905.625488
2760.076686 1753.211426
2761.422365 1568.285278
2762.768045 1355.931152
2764.113725 1161.410645
2765.459405 948.162842
2766.805085 809.972107
2768.150765 694.631470
2769.496445 608.836060
2770.842125 531.713440
2772.187805 452.343994
2773.533485 419.801575
2774.879165 408.714539
2776.224844 352.822754
2777.570524 364.320465
2778.916204 360.454163
2780.261884 355.617554
2781.607564 311.846130
2782.953244 254.436157
2784.298924 235.869843
2785.644604 234.458435
2786.990284 195.320618
2788.335964 205.629456
2789.681643 178.187988
2791.027323 155.593750
2792.373003 101.338562
2793.718683 85.626740
2795.064363 90.486450
2796.410043 69.198975
2797.755723 2.599670
2799.101403 0.170990
2800.447083 -14.538086
2801.792763 18.093353
2803.138442 60.952667
2804.484122 81.221558
2805.829802 102.726410
2807.175482 26.685638
2808.521162 -30.402100
2809.866842 -29.609833
2811.212522 -36.967438
2812.558202 17.522125
2813.903882 4.436646
2815.249562 18.837494
2816.595241 39.520935
2817.940921 36.090485
2819.286601 72.701447
2820.632281 103.169525
2821.977961 135.263184
2823.323641 181.487762
2824.669321 197.391174
2826.015001 257.410767
2827.360681 254.006042
2828.706361 258.761139
2830.052041 270.899750
2831.397720 283.739594
2832.743400 341.046021
2834.089080 467.543671
2835.434760 602.036560
2836.780440 733.548218
2838.126120 860.681641
2839.471800 959.148193
2840.817480 1084.572510
2842.163160 1194.073486
2843.508840 1333.021484
2844.854519 1495.305786
2846.200199 1613.031860
2847.545879 1742.823486
2848.891559 1850.431519
2850.237239 1930.174927
2851.582919 1993.380615
2852.928599 2031.985107
2854.274279 2090.959961
2855.619959 2128.762207
2856.965639 2152.783936
2858.311318 2141.288086
2859.656998 2183.804199
2861.002678 2319.511475
2862.348358 2502.803467
2863.694038 2755.839355
2865.039718 3186.315674
2866.385398 3665.492432
2867.731078 4199.442871
2869.076758 4781.292969
2870.422438 5452.131348
2871.768117 6154.121094
2873.113797 6882.402832
2874.459477 7618.278320
2875.805157 8441.496094
2877.150837 9197.879883
2878.496517 9904.547852
2879.842197 10455.945313
2881.187877 10800.028320
2882.533557 10992.261719
2883.879237 11024.092773
2885.224917 10897.412109
2886.570596 10640.447266
2887.916276 10260.572266
2889.261956 9898.876953
2890.607636 9484.072266
2891.953316 9069.357422
2893.298996 8804.269531
2894.644676 8649.151367
2895.990356 8585.830078
2897.336036 8561.389648
2898.681716 8637.748047
2900.027395 8870.546875
2901.373075 9161.221680
2902.718755 9492.590820
2904.064435 9917.743164
2905.410115 10270.944336
2906.755795 10634.444336
2908.101475 10987.333008
2909.447155 11375.169922
2910.792835 11835.824219
2912.138515 12310.998047
2913.484194 12799.900391
2914.829874 13301.329102
2916.175554 13664.075195
2917.521234 14034.894531
2918.866914 14386.446289
2920.212594 14764.250977
2921.558274 15362.303711
2922.903954 16007.053711
2924.249634 16804.412109
2925.595314 17829.601563
2926.940993 18914.910156
2928.286673 20289.089844
2929.632353 21931.523438
2930.978033 24050.306641
2932.323713 26847.644531
2933.669393 30149.675781
2935.015073 34363.722656
2936.360753 39344.390625
2937.706433 44710.390625
2939.052113 50168.300781
2940.397793 55030.828125
2941.743472 58478.394531
2943.089152 60239.238281
2944.434832 59952.035156
2945.780512 57942.375000
2947.126192 54643.000000
2948.471872 50714.183594
2949.817552 46907.109375
2951.163232 43707.628906
2952.508912 41102.742188
2953.854592 39532.324219
2955.200271 38930.261719
2956.545951 38952.820313
2957.891631 39892.746094
2959.237311 41339.929688
2960.582991 43283.613281
2961.928671 45344.417969
2963.274351 47018.929688
2964.620031 48312.898438
2965.965711 48712.210938
2967.311391 48032.593750
2968.657070 46626.195313
2970.002750 44364.996094
2971.348430 41536.398438
2972.694110 38352.167969
2974.039790 35004.835938
2975.385470 31855.890625
2976.731150 28778.171875
2978.076830 26029.535156
2979.422510 23754.447266
2980.768190 21966.753906
2982.113869 20607.855469
2983.459549 19687.736328
2984.805229 19103.634766
2986.150909 18848.597656
2987.496589 18817.888672
2988.842269 18853.269531
2990.187949 18911.761719
2991.533629 18885.009766
2992.879309 18793.970703
2994.224989 18545.769531
2995.570669 18236.570313
2996.916348 17919.210938
2998.262028 17634.818359
2999.607708 17372.835938
3000.953388 17105.234375
3002.299068 16770.564453
3003.644748 16456.078125
3004.990428 16122.420898
3006.336108 15821.742188
3007.681788 15557.640625
3009.027468 15356.326172
3010.373147 15145.054688
3011.718827 14879.896484
3013.064507 14550.340820
3014.410187 14146.811523
3015.755867 13720.315430
3017.101547 13211.407227
3018.447227 12656.347656
3019.792907 12045.491211
3021.138587 11319.681641
3022.484267 10610.521484
3023.829946 9841.248047
3025.175626 9031.117188
3026.521306 8277.597656
3027.866986 7531.430664
3029.212666 6865.530273
3030.558346 6240.508789
3031.904026 5625.573242
3033.249706 5158.014160
3034.595386 4646.365723
3035.941066 4194.038574
3037.286745 3757.453125
3038.632425 3347.958496
3039.978105 3016.465820
3041.323785 2671.832520
3042.669465 2380.217041
3044.015145 2182.504395
3045.360825 1995.301636
3046.706505 1836.941284
3048.052185 1684.494629
3049.397865 1576.883179
3050.743545 1456.898193
3052.089224 1320.713257
3053.434904 1206.774414
3054.780584 1117.927490
3056.126264 1017.265869
3057.471944 898.522827
3058.817624 817.992432
3060.163304 775.266052
3061.508984 704.471069
3062.854664 650.361816
3064.200344 624.802734
3065.546023 618.232788
3066.891703 560.692261
3068.237383 450.307709
3069.583063 374.229156
3070.928743 343.592499
3072.274423 296.256287
3073.620103 258.596710
3074.965783 270.632111
3076.311463 272.159546
3077.657143 244.680786
3079.002822 189.507721
3080.348502 188.908203
3081.694182 214.464935
3083.039862 207.426788
3084.385542 202.328705
3085.731222 183.313019
3087.076902 149.437744
3088.422582 114.605774
3089.768262 100.347107
3091.113942 127.076843
3092.459621 113.831787
3093.805301 115.789673
3095.150981 92.801208
3096.496661 86.091492
3097.842341 99.823608
3099.188021 57.877472
3100.533701 42.231506
3101.879381 -10.503540
3103.225061 -28.109344
3104.570741 -7.430420
3105.916421 12.138580
3107.262100 31.185028
3108.607780 93.539734
3109.953460 67.152161
3111.299140 69.652222
3112.644820 30.287079
3113.990500 15.907898
3115.336180 18.376373
3116.681860 19.036438
3118.027540 -13.474884
3119.373220 18.978638
3120.718899 33.383545
3122.064579 67.740997
3123.410259 62.226593
3124.755939 34.125122
3126.101619 48.481323
3127.447299 55.852814
3128.792979 45.527954
3130.138659 65.054047
3131.484339 106.452057
3132.830019 121.437103
3134.175698 96.545959
3135.521378 69.572968
3136.867058 52.066406
3138.212738 37.492493
3139.558418 38.205200
3140.904098 62.143372
3142.249778 78.843964
3143.595458 48.449707
3144.941138 -7.498291
3146.286818 -9.113708
3147.632497 5.273773
3148.978177 19.498627
3150.323857 44.170715
3151.669537 84.053558
3153.015217 60.897583
3154.360897 14.509003
3155.706577 10.285736
3157.052257 41.982147
3158.397937 53.708344
3159.743617 64.329865
3161.089297 91.500031
3162.434976 127.624664
3163.780656 100.756866
3165.126336 132.013306
3166.472016 174.983002
3167.817696 150.141235
3169.163376 129.870728
3170.509056 116.965607
3171.854736 139.202942
3173.200416 144.502502
3174.546096 124.628418
3175.891775 166.179962
3177.237455 200.016022
3178.583135 187.741089
3179.928815 226.860199
3181.274495 218.971313
3182.620175 242.420410
3183.965855 219.519440
3185.311535 224.269318
3186.657215 230.715454
3188.002895 195.643707
3189.348574 191.199127
3190.694254 181.974396
3192.039934 151.431549
3193.385614 153.424072
3194.731294 115.288086
3196.076974 170.085022
3197.422654 145.295929
3198.768334 0.000000
3200.114014 0.000000
