300.000000 -6.426674
301.000000 -15.298447
302.000000 -24.834705
303.000000 -32.783108
304.000000 -36.413380
305.000000 -34.113346
306.000000 -25.293415
307.000000 -11.181507
308.000000 6.314648
309.000000 24.658180
310.000000 42.064857
311.000000 57.238453
312.000000 70.070580
313.000000 80.742027
314.000000 90.024208
315.000000 98.343506
316.000000 106.254799
317.000000 113.812943
318.000000 121.318764
319.000000 128.929977
320.000000 137.502747
321.000000 148.162903
322.000000 162.871323
323.000000 183.573792
324.000000 212.260620
325.000000 249.778427
326.000000 295.829346
327.000000 348.131927
328.000000 403.048676
329.000000 455.544983
330.000000 500.523163
331.000000 533.293701
332.000000 551.055176
333.000000 553.136230
334.000000 541.778015
335.000000 521.318359
336.000000 497.686554
337.000000 476.489807
338.000000 461.977966
339.000000 455.553314
340.000000 456.048096
341.000000 460.077576
342.000000 463.918854
343.000000 464.599976
344.000000 461.282379
345.000000 454.929077
346.000000 447.973938
347.000000 442.823792
348.000000 441.316101
349.000000 443.961700
350.000000 450.525024
351.000000 460.187775
352.000000 472.371643
353.000000 486.519623
354.000000 502.197754
355.000000 518.327515
356.000000 533.157959
357.000000 543.880737
358.000000 547.251038
359.000000 539.904175
360.000000 519.450378
361.000000 484.961273
362.000000 437.811279
363.000000 381.535492
364.000000 321.675385
365.000000 264.527954
366.000000 216.047241
367.000000 180.250473
368.000000 158.569580
369.000000 149.502411
370.000000 149.553299
371.000000 154.277634
372.000000 159.839798
373.000000 163.750168
374.000000 165.342896
375.000000 165.212997
376.000000 164.655075
377.000000 164.704926
378.000000 165.791611
379.000000 167.429703
380.000000 168.594849
381.000000 168.015320
382.000000 164.839233
383.000000 158.934021
384.000000 151.255310
385.000000 143.663452
386.000000 138.687714
387.000000 138.826248
388.000000 145.994247
389.000000 160.868988
390.000000 182.698639
391.000000 209.278656
392.000000 237.457138
393.000000 263.757660
394.000000 285.281677
395.000000 300.401764
396.000000 309.277740
397.000000 313.776917
398.000000 316.959412
399.000000 322.092316
400.000000 331.680328
401.000000 346.759064
402.000000 366.828827
403.000000 390.351288
404.000000 415.623047
405.000000 441.589813
406.000000 468.269531
407.000000 496.631866
408.000000 527.981323
409.000000 563.137390
410.000000 601.639587
411.000000 641.341736
412.000000 678.463562
413.000000 708.309509
414.000000 726.398315
415.000000 729.899902
416.000000 718.713684
417.000000 695.926697
418.000000 667.102966
419.000000 638.769958
420.000000 616.334106
421.000000 602.517090
422.000000 596.650635
423.000000 595.432312
424.000000 594.445496
425.000000 590.116089
426.000000 580.909241
427.000000 567.741272
428.000000 553.172424
429.000000 540.299438
430.000000 531.429016
431.000000 527.496704
432.000000 527.837891
433.000000 530.743408
434.000000 533.952148
435.000000 535.424011
436.000000 533.613098
437.000000 527.817810
438.000000 517.966248
439.000000 504.573608
440.000000 488.278198
441.000000 469.791718
442.000000 449.638031
443.000000 428.458679
444.000000 407.040161
445.000000 386.682861
446.000000 368.945892
447.000000 355.521851
448.000000 347.497803
449.000000 345.072052
450.000000 347.097443
451.000000 351.470398
452.000000 355.422607
453.000000 356.433289
454.000000 352.570801
455.000000 343.023987
456.000000 327.814819
457.000000 307.779358
458.000000 283.995148
459.000000 257.810211
460.000000 230.489166
461.000000 203.457458
462.000000 177.984985
463.000000 155.316864
464.000000 136.189331
465.000000 120.932129
466.000000 109.158585
467.000000 100.226524
468.000000 93.280731
469.000000 87.898865
470.000000 84.018524
471.000000 82.232880
472.000000 83.271942
473.000000 87.987808
474.000000 96.772308
475.000000 109.748108
476.000000 126.501793
477.000000 146.536926
478.000000 169.060806
479.000000 193.311264
480.000000 218.151398
481.000000 242.345062
482.000000 264.325745
483.000000 282.839294
484.000000 297.045929
485.000000 307.239807
486.000000 314.618683
487.000000 321.360229
488.000000 329.686432
489.000000 341.518066
490.000000 357.590027
491.000000 377.631866
492.000000 400.234863
493.000000 423.707245
494.000000 446.268219
495.000000 466.823273
496.000000 484.753113
497.000000 500.177765
498.000000 513.313293
499.000000 524.528748
500.000000 533.744751
501.000000 540.757446
502.000000 545.016357
503.000000 546.316162
504.000000 544.763123
505.000000 541.371521
506.000000 537.621643
507.000000 535.475647
508.000000 536.419861
509.000000 541.311157
510.000000 549.724609
511.000000 560.503235
512.000000 571.883728
513.000000 582.526978
514.000000 591.566772
515.000000 599.058716
516.000000 605.262268
517.000000 610.583130
518.000000 614.884216
519.000000 617.950439
520.000000 619.448120
521.000000 619.719788
522.000000 619.491394
523.000000 619.954163
524.000000 621.719727
525.000000 624.606750
526.000000 627.005554
527.000000 626.652710
528.000000 621.107178
529.000000 609.242004
530.000000 591.698364
531.000000 571.593262
532.000000 553.681885
533.000000 543.678589
534.000000 546.351624
535.000000 564.437195
536.000000 597.179688
537.000000 640.536255
538.000000 687.578674
539.000000 730.597107
540.000000 762.776855
541.000000 780.422058
542.000000 783.463684
543.000000 775.608521
544.000000 762.637146
545.000000 751.025024
546.000000 745.890381
547.000000 750.409851
548.000000 765.219482
549.000000 789.279114
550.000000 820.213074
551.000000 855.429443
552.000000 892.184570
553.000000 928.196350
554.000000 961.252625
555.000000 989.561401
556.000000 1011.310181
557.000000 1025.115479
558.000000 1029.745850
559.000000 1024.693359
560.000000 1009.892883
561.000000 986.109192
562.000000 954.337219
563.000000 915.875732
564.000000 871.624390
565.000000 822.382019
566.000000 768.652466
567.000000 711.472351
568.000000 652.436096
569.000000 594.197632
570.000000 539.690857
571.000000 491.700562
572.000000 451.538422
573.000000 418.811462
574.000000 391.062622
575.000000 364.878204
576.000000 336.665710
577.000000 304.187561
578.000000 266.913330
579.000000 226.504761
580.000000 185.993149
581.000000 149.403961
582.000000 120.613953
583.000000 103.101151
584.000000 99.137924
585.000000 109.839424
586.000000 134.552094
587.000000 171.052856
588.000000 215.196716
589.000000 261.547607
590.000000 303.614990
591.000000 335.082611
592.000000 350.501038
593.000000 346.658783
594.000000 323.016907
595.000000 282.367920
596.000000 230.189163
597.000000 174.025543
598.000000 121.708855
599.000000 80.084999
600.000000 53.339809
601.000000 42.609325
602.000000 45.747517
603.000000 58.477314
604.000000 75.353485
605.000000 91.423286
606.000000 102.970520
607.000000 108.376160
608.000000 107.810928
609.000000 103.084419
610.000000 96.623688
611.000000 90.995865
612.000000 87.976715
613.000000 88.472664
614.000000 92.186325
615.000000 98.143120
616.000000 104.838913
617.000000 110.985085
618.000000 115.594910
619.000000 118.400543
620.000000 119.489563
621.000000 119.286186
622.000000 117.956108
623.000000 115.431328
624.000000 111.151459
625.000000 104.552116
626.000000 95.209869
627.000000 83.441452
628.000000 70.212540
629.000000 57.213192
630.000000 46.217869
631.000000 38.816509
632.000000 35.821442
633.000000 37.374569
634.000000 42.898159
635.000000 51.632156
636.000000 62.760891
637.000000 75.818710
638.000000 90.529488
639.000000 106.905731
640.000000 124.917633
641.000000 144.544495
642.000000 165.494965
643.000000 187.304535
644.000000 209.116409
645.000000 229.865509
646.000000 248.267761
647.000000 263.293304
648.000000 274.449951
649.000000 282.333466
650.000000 288.654388
651.000000 296.157440
652.000000 307.878296
653.000000 326.450043
654.000000 353.251892
655.000000 388.186798
656.000000 429.752930
657.000000 475.777283
658.000000 524.101624
659.000000 573.302795
660.000000 622.807617
661.000000 672.719421
662.000000 723.140137
663.000000 773.582703
664.000000 822.438477
665.000000 866.989197
666.000000 903.743469
667.000000 929.244141
668.000000 940.884521
669.000000 937.652100
670.000000 920.367126
671.000000 891.476074
672.000000 854.340881
673.000000 812.396729
674.000000 768.385498
675.000000 723.978943
676.000000 679.793518
677.000000 635.723267
678.000000 591.376831
679.000000 546.446716
680.000000 500.987213
681.000000 455.586426
682.000000 411.552887
683.000000 370.978851
684.000000 336.667145
685.000000 311.633057
686.000000 298.336212
687.000000 297.658386
688.000000 308.233368
689.000000 326.290833
690.000000 346.462891
691.000000 363.097351
692.000000 371.895691
693.000000 370.947296
694.000000 361.101990
695.000000 345.263397
696.000000 327.347382
697.000000 310.992920
698.000000 298.897491
699.000000 292.430817
700.000000 291.872253
701.000000 296.469482
702.000000 304.690155
703.000000 314.123322
704.000000 321.826111
705.000000 324.668365
706.000000 320.319000
707.000000 307.950867
708.000000 288.987671
709.000000 266.852081
710.000000 246.390472
711.000000 232.405273
712.000000 228.508438
713.000000 235.907349
714.000000 253.288177
715.000000 276.996460
716.000000 302.270416
717.000000 324.271759
718.000000 339.489990
719.000000 346.206085
720.000000 344.856354
721.000000 337.298065
722.000000 326.272888
723.000000 314.303833
724.000000 303.430206
725.000000 294.764343
726.000000 288.976257
727.000000 286.308197
728.000000 287.132324
729.000000 291.685699
730.000000 300.289459
731.000000 312.868042
732.000000 329.229309
733.000000 348.795990
734.000000 371.128479
735.000000 395.713928
736.000000 422.359955
737.000000 450.680084
738.000000 480.213043
739.000000 509.766174
740.000000 537.682556
741.000000 561.574158
742.000000 579.170654
743.000000 588.570007
744.000000 589.356628
745.000000 582.634460
746.000000 571.469788
747.000000 559.920044
748.000000 552.546448
749.000000 552.907104
750.000000 563.222595
751.000000 583.635132
752.000000 613.040039
753.000000 649.439575
754.000000 691.459900
755.000000 738.690857
756.000000 792.544312
757.000000 855.460144
758.000000 930.597656
759.000000 1020.210938
760.000000 1125.215088
761.000000 1244.142944
762.000000 1373.802612
763.000000 1509.297852
764.000000 1645.304810
765.000000 1776.006226
766.000000 1895.833740
767.000000 1998.865356
768.000000 2079.558350
769.000000 2132.724121
770.000000 2155.114258
771.000000 2145.814453
772.000000 2107.369629
773.000000 2044.792236
774.000000 1965.018799
775.000000 1874.753052
776.000000 1779.918457
777.000000 1684.585693
778.000000 1592.032104
779.000000 1504.881348
780.000000 1426.438843
781.000000 1360.091187
782.000000 1309.467896
783.000000 1276.903076
784.000000 1263.473145
785.000000 1268.146729
786.000000 1289.005859
787.000000 1323.441650
788.000000 1369.857422
789.000000 1427.535034
790.000000 1497.404053
791.000000 1580.705322
792.000000 1678.832153
793.000000 1791.686768
794.000000 1918.061157
795.000000 2055.180908
796.000000 2200.539063
797.000000 2352.514404
798.000000 2512.447510
799.000000 2684.398682
800.000000 2875.516602
801.000000 3093.720703
802.000000 3346.336914
803.000000 3636.852051
804.000000 3963.713623
805.000000 4318.219727
806.000000 4685.232422
807.000000 5043.403809
808.000000 5368.370117
809.000000 5635.138184
810.000000 5822.680176
811.000000 5916.373535
812.000000 5911.072266
813.000000 5810.584961
814.000000 5627.163086
815.000000 5377.840332
816.000000 5082.271973
817.000000 4759.236328
818.000000 4426.085449
819.000000 4097.262695
820.000000 3785.209229
821.000000 3499.256348
822.000000 3246.133789
823.000000 3028.389160
824.000000 2845.144531
825.000000 2691.639893
826.000000 2561.631592
827.000000 2448.240723
828.000000 2346.672607
829.000000 2254.124756
830.000000 2170.724854
831.000000 2097.498779
832.000000 2036.031250
833.000000 1986.239136
834.000000 1946.981934
835.000000 1915.439575
836.000000 1889.328491
837.000000 1867.111328
838.000000 1849.886963
839.000000 1840.129395
840.000000 1841.619751
841.000000 1856.593262
842.000000 1885.300415
843.000000 1924.227905
844.000000 1967.808716
845.000000 2008.880371
846.000000 2041.800903
847.000000 2062.884521
848.000000 2072.243896
849.000000 2072.291260
850.000000 2067.820557
851.000000 2063.410889
852.000000 2063.264160
853.000000 2069.000488
854.000000 2080.330322
855.000000 2093.898926
856.000000 2105.159668
857.000000 2108.356934
858.000000 2099.241211
859.000000 2075.203369
860.000000 2037.295044
861.000000 1988.883301
862.000000 1935.929443
863.000000 1884.230469
864.000000 1839.191406
865.000000 1803.577271
866.000000 1778.583130
867.000000 1763.053955
868.000000 1755.656128
869.000000 1754.443848
870.000000 1758.677856
871.000000 1767.583008
872.000000 1781.348511
873.000000 1799.326294
874.000000 1820.921265
875.000000 1844.036255
876.000000 1866.468994
877.000000 1884.898926
878.000000 1896.752930
879.000000 1899.422119
880.000000 1892.097046
881.000000 1874.641479
882.000000 1848.899658
883.000000 1816.964600
884.000000 1782.042847
885.000000 1746.543823
886.000000 1713.118286
887.000000 1683.143555
888.000000 1658.240845
889.000000 1639.077759
890.000000 1626.951416
891.000000 1622.339111
892.000000 1626.068115
893.000000 1637.445557
894.000000 1655.261841
895.000000 1676.117310
896.000000 1696.038574
897.000000 1709.635620
898.000000 1712.528564
899.000000 1700.939941
900.000000 1674.011963
901.000000 1632.678833
902.000000 1580.892212
903.000000 1523.324341
904.000000 1465.763184
905.000000 1412.547974
906.000000 1367.372559
907.000000 1331.604492
908.000000 1306.147705
909.000000 1290.556274
910.000000 1285.154297
911.000000 1289.751709
912.000000 1304.956665
913.000000 1330.050659
914.000000 1363.902100
915.000000 1403.083008
916.000000 1443.616821
917.000000 1480.106689
918.000000 1508.246338
919.000000 1524.109863
920.000000 1526.245850
921.000000 1514.194580
922.000000 1489.855103
923.000000 1455.537842
924.000000 1415.203491
925.000000 1372.532349
926.000000 1332.164795
927.000000 1297.626221
928.000000 1272.384521
929.000000 1257.699341
930.000000 1253.919678
931.000000 1258.898071
932.000000 1270.086182
933.000000 1283.687012
934.000000 1297.178467
935.000000 1308.366577
936.000000 1317.306396
937.000000 1324.408203
938.000000 1331.433960
939.000000 1339.016846
940.000000 1347.682373
941.000000 1355.989136
942.000000 1362.568848
943.000000 1365.255981
944.000000 1363.693115
945.000000 1358.298340
946.000000 1352.016846
947.000000 1348.011963
948.000000 1350.242065
949.000000 1360.540039
950.000000 1379.450684
951.000000 1404.352417
952.000000 1431.759888
953.000000 1456.751099
954.000000 1475.965088
955.000000 1486.873779
956.000000 1489.930176
957.000000 1486.645630
958.000000 1480.661011
959.000000 1475.147949
960.000000 1473.719971
961.000000 1478.069824
962.000000 1489.362305
963.000000 1506.416504
964.000000 1527.645142
965.000000 1549.723389
966.000000 1569.941406
967.000000 1585.124634
968.000000 1594.023193
969.000000 1595.976685
970.000000 1592.790649
971.000000 1586.702637
972.000000 1581.556641
973.000000 1580.224731
974.000000 1585.572021
975.000000 1598.056885
976.000000 1617.250977
977.000000 1640.210449
978.000000 1663.793213
979.000000 1683.619385
980.000000 1696.643677
981.000000 1699.975586
982.000000 1693.002319
983.000000 1675.577759
984.000000 1649.524048
985.000000 1616.347046
986.000000 1578.540527
987.000000 1537.405151
988.000000 1494.728882
989.000000 1451.111572
990.000000 1408.112915
991.000000 1366.806152
992.000000 1329.820801
993.000000 1299.461914
994.000000 1279.154785
995.000000 1271.019043
996.000000 1277.063721
997.000000 1296.916382
998.000000 1329.561523
999.000000 1371.812866
1000.000000 1420.744019
1001.000000 1472.537964
1002.000000 1524.856567
1003.000000 1575.222534
1004.000000 1622.740601
1005.000000 1665.942505
1006.000000 1704.331177
1007.000000 1736.451782
1008.000000 1761.904663
1009.000000 1779.805054
1010.000000 1790.850464
1011.000000 1795.434326
1012.000000 1795.179443
1013.000000 1790.679199
1014.000000 1783.112793
1015.000000 1772.543457
1016.000000 1760.300049
1017.000000 1747.806519
1018.000000 1738.914063
1019.000000 1738.023926
1020.000000 1751.321655
1021.000000 1783.862671
1022.000000 1840.268677
1023.000000 1921.993774
1024.000000 2028.860107
1025.000000 2157.528564
1026.000000 2304.212891
1027.000000 2463.932129
1028.000000 2633.365479
1029.000000 2809.542480
1030.000000 2991.581543
1031.000000 3178.056641
1032.000000 3367.668213
1033.000000 3556.227051
1034.000000 3737.856689
1035.000000 3903.336670
1036.000000 4043.083740
1037.000000 4147.110840
1038.000000 4208.910156
1039.000000 4225.275391
1040.000000 4199.034180
1041.000000 4137.030273
1042.000000 4050.838135
1043.000000 3953.081543
1044.000000 3857.201904
1045.000000 3773.689209
1046.000000 3710.522705
1047.000000 3670.593262
1048.000000 3653.590576
1049.000000 3654.938965
1050.000000 3669.111572
1051.000000 3689.754883
1052.000000 3713.665283
1053.000000 3740.691406
1054.000000 3776.330566
1055.000000 3829.168945
1056.000000 3910.511719
1057.000000 4029.333008
1058.000000 4190.878906
1059.000000 4392.594727
1060.000000 4625.471191
1061.000000 4873.552734
1062.000000 5118.503418
1063.000000 5341.047363
1064.000000 5525.822754
1065.000000 5661.717285
1066.000000 5744.727051
1067.000000 5775.932129
1068.000000 5761.995117
1069.000000 5711.143066
1070.000000 5632.468262
1071.000000 5531.992188
1072.000000 5413.532227
1073.000000 5277.472656
1074.000000 5124.476563
1075.000000 4956.024414
1076.000000 4777.915039
1077.000000 4598.629395
1078.000000 4429.651855
1079.000000 4281.099121
1080.000000 4160.960938
1081.000000 4071.702148
1082.000000 4011.932861
1083.000000 3975.781982
1084.000000 3956.560059
1085.000000 3946.783447
1086.000000 3941.204590
1087.000000 3935.471191
1088.000000 3927.675781
1089.000000 3915.925781
1090.000000 3899.409912
1091.000000 3876.114990
1092.000000 3844.499023
1093.000000 3802.046631
1094.000000 3747.677490
1095.000000 3680.656738
1096.000000 3602.780518
1097.000000 3516.545410
1098.000000 3426.314697
1099.000000 3335.622314
1100.000000 3247.977539
1101.000000 3164.508057
1102.000000 3085.680176
1103.000000 3010.093750
1104.000000 2937.088623
1105.000000 2865.812744
1106.000000 2797.348877
1107.000000 2732.815186
1108.000000 2674.495850
1109.000000 2623.458496
1110.000000 2580.955078
1111.000000 2546.948486
1112.000000 2522.550293
1113.000000 2509.155273
1114.000000 2510.674316
1115.000000 2531.738281
1116.000000 2578.678711
1117.000000 2656.748779
1118.000000 2770.758789
1119.000000 2922.708984
1120.000000 3113.355469
1121.000000 3340.969238
1122.000000 3603.828857
1123.000000 3899.412842
1124.000000 4226.562012
1125.000000 4583.532715
1126.000000 4968.418457
1127.000000 5375.522949
1128.000000 5795.019531
1129.000000 6210.264648
1130.000000 6600.176758
1131.000000 6940.303711
1132.000000 7208.514160
1133.000000 7387.500488
1134.000000 7469.291016
1135.000000 7454.426270
1136.000000 7352.322754
1137.000000 7177.084473
1138.000000 6946.232422
1139.000000 6676.703125
1140.000000 6384.831543
1141.000000 6083.845215
1142.000000 5785.015625
1143.000000 5495.975586
1144.000000 5222.537598
1145.000000 4967.663574
1146.000000 4733.727051
1147.000000 4521.502441
1148.000000 4331.907715
1149.000000 4164.236816
1150.000000 4017.353516
1151.000000 3888.005127
1152.000000 3772.698242
1153.000000 3666.948242
1154.000000 3567.770996
1155.000000 3472.902344
1156.000000 3382.563232
1157.000000 3297.599609
1158.000000 3220.188477
1159.000000 3151.355225
1160.000000 3091.666992
1161.000000 3039.443359
1162.000000 2992.653320
1163.000000 2948.491699
1164.000000 2906.171631
1165.000000 2866.400391
1166.000000 2832.829834
1167.000000 2809.402832
1168.000000 2799.829834
1169.000000 2804.239746
1170.000000 2819.746338
1171.000000 2839.630127
1172.000000 2856.634521
1173.000000 2863.754150
1174.000000 2857.229248
1175.000000 2835.480957
1176.000000 2799.795410
1177.000000 2751.795898
1178.000000 2694.061279
1179.000000 2628.639404
1180.000000 2558.783936
1181.000000 2487.800293
1182.000000 2420.047363
1183.000000 2358.573242
1184.000000 2305.312744
1185.000000 2259.054199
1186.000000 2217.045410
1187.000000 2174.814941
1188.000000 2129.097900
1189.000000 2077.840088
1190.000000 2022.082886
1191.000000 1964.285767
1192.000000 1908.619019
1193.000000 1858.450928
1194.000000 1816.710205
1195.000000 1784.166382
1196.000000 1760.786011
1197.000000 1744.818237
1198.000000 1734.488037
1199.000000 1727.042480
1200.000000 1720.192871
1201.000000 1710.985962
1202.000000 1697.229004
1203.000000 1676.536133
1204.000000 1647.948853
1205.000000 1611.113647
1206.000000 1567.833984
1207.000000 1521.011475
1208.000000 1475.750122
1209.000000 1437.702026
1210.000000 1413.401245
1211.000000 1407.829712
1212.000000 1424.145874
1213.000000 1461.209717
1214.000000 1514.078003
1215.000000 1573.213379
1216.000000 1627.204590
1217.000000 1664.126099
1218.000000 1675.477905
1219.000000 1657.298706
1220.000000 1612.255737
1221.000000 1547.875488
1222.000000 1475.615967
1223.000000 1407.011475
1224.000000 1352.201538
1225.000000 1317.188721
1226.000000 1304.528198
1227.000000 1312.950928
1228.000000 1339.706421
1229.000000 1380.717896
1230.000000 1432.362427
1231.000000 1490.561279
1232.000000 1551.628906
1233.000000 1611.121094
1234.000000 1665.149414
1235.000000 1710.099243
1236.000000 1744.572021
1237.000000 1769.060425
1238.000000 1787.002319
1239.000000 1803.102417
1240.000000 1823.110718
1241.000000 1851.574829
1242.000000 1891.931763
1243.000000 1945.308960
1244.000000 2011.813477
1245.000000 2090.181396
1246.000000 2179.217529
1247.000000 2277.060303
1248.000000 2382.039063
1249.000000 2491.629639
1250.000000 2603.400635
1251.000000 2714.352783
1252.000000 2822.119141
1253.000000 2924.188965
1254.000000 3018.559326
1255.000000 3102.371582
1256.000000 3172.355469
1257.000000 3224.009033
1258.000000 3253.156250
1259.000000 3256.338379
1260.000000 3232.931152
1261.000000 3185.049316
1262.000000 3118.152344
1263.000000 3039.079834
1264.000000 2955.209229
1265.000000 2872.158447
1266.000000 2793.751221
1267.000000 2721.260986
1268.000000 2654.833740
1269.000000 2593.545410
1270.000000 2536.769043
1271.000000 2483.656494
1272.000000 2433.880859
1273.000000 2386.914307
1274.000000 2342.982178
1275.000000 2302.742188
1276.000000 2268.356689
1277.000000 2242.812500
1278.000000 2230.174805
1279.000000 2234.073486
1280.000000 2257.520508
1281.000000 2301.723877
1282.000000 2366.878418
1283.000000 2452.259766
1284.000000 2557.957764
1285.000000 2685.157471
1286.000000 2837.111816
1287.000000 3018.053467
1288.000000 3232.712646
1289.000000 3484.342773
1290.000000 3774.174072
1291.000000 4100.159668
1292.000000 4457.431641
1293.000000 4837.896484
1294.000000 5231.075195
1295.000000 5623.793945
1296.000000 6001.164551
1297.000000 6346.881348
1298.000000 6645.250977
1299.000000 6882.657715
1300.000000 7050.160645
1301.000000 7144.447266
1302.000000 7168.664551
1303.000000 7130.881836
1304.000000 7042.515137
1305.000000 6915.400879
1306.000000 6760.295410
1307.000000 6585.400879
1308.000000 6396.966797
1309.000000 6199.715332
1310.000000 5998.342773
1311.000000 5797.691895
1312.000000 5603.111328
1313.000000 5419.342773
1314.000000 5250.077148
1315.000000 5096.930664
1316.000000 4959.799805
1317.000000 4836.936035
1318.000000 4726.103516
1319.000000 4624.904785
1320.000000 4531.622559
1321.000000 4445.023926
1322.000000 4364.768066
1323.000000 4291.090332
1324.000000 4225.235352
1325.000000 4169.125488
1326.000000 4125.474609
1327.000000 4096.891113
1328.000000 4085.380859
1329.000000 4091.187744
1330.000000 4112.551270
1331.000000 4145.364258
1332.000000 4183.981445
1333.000000 4221.871582
1334.000000 4253.023926
1335.000000 4272.755371
1336.000000 4278.797852
1337.000000 4271.453613
1338.000000 4253.690430
1339.000000 4230.095703
1340.000000 4205.691406
1341.000000 4183.957520
1342.000000 4165.477051
1343.000000 4146.928223
1344.000000 4121.719238
1345.000000 4081.470459
1346.000000 4018.663574
1347.000000 3928.868164
1348.000000 3812.426270
1349.000000 3674.361328
1350.000000 3523.225586
1351.000000 3368.762695
1352.000000 3219.809082
1353.000000 3082.555908
1354.000000 2960.112061
1355.000000 2852.782715
1356.000000 2759.200684
1357.000000 2677.335938
1358.000000 2605.450439
1359.000000 2542.390869
1360.000000 2487.680908
1361.000000 2441.206543
1362.000000 2403.021484
1363.000000 2373.024902
1364.000000 2350.797607
1365.000000 2335.294922
1366.000000 2324.677490
1367.000000 2316.203369
1368.000000 2306.532959
1369.000000 2292.344238
1370.000000 2271.247314
1371.000000 2242.552002
1372.000000 2207.583496
1373.000000 2169.262939
1374.000000 2131.062988
1375.000000 2095.717285
1376.000000 2064.179199
1377.000000 2035.308716
1378.000000 2006.343384
1379.000000 1974.056519
1380.000000 1936.019165
1381.000000 1891.615723
1382.000000 1842.277466
1383.000000 1791.063599
1384.000000 1741.590332
1385.000000 1696.994385
1386.000000 1659.096069
1387.000000 1628.328613
1388.000000 1604.060547
1389.000000 1585.357422
1390.000000 1571.393677
1391.000000 1561.653076
1392.000000 1555.510010
1393.000000 1551.928223
1394.000000 1549.156372
1395.000000 1545.103638
1396.000000 1537.765747
1397.000000 1525.922852
1398.000000 1509.222046
1399.000000 1488.148071
1400.000000 1463.451294
1401.000000 1436.006104
1402.000000 1406.668945
1403.000000 1376.802246
1404.000000 1348.490112
1405.000000 1324.871826
1406.000000 1309.673828
1407.000000 1306.810425
1408.000000 1319.496582
1409.000000 1349.934814
1410.000000 1398.815430
1411.000000 1465.446289
1412.000000 1547.532471
1413.000000 1641.527222
1414.000000 1742.726563
1415.000000 1846.176147
1416.000000 1947.372314
1417.000000 2043.518677
1418.000000 2133.953857
1419.000000 2220.510498
1420.000000 2306.693115
1421.000000 2396.983887
1422.000000 2495.536377
1423.000000 2605.696533
1424.000000 2729.327637
1425.000000 2867.039307
1426.000000 3017.980469
1427.000000 3180.309814
1428.000000 3351.120117
1429.000000 3527.115234
1430.000000 3704.800537
1431.000000 3881.393311
1432.000000 4055.016846
1433.000000 4225.379883
1434.000000 4393.539551
1435.000000 4562.111328
1436.000000 4734.543945
1437.000000 4914.821777
1438.000000 5106.165039
1439.000000 5310.240723
1440.000000 5525.681641
1441.000000 5747.770508
1442.000000 5968.130859
1443.000000 6176.065918
1444.000000 6359.825195
1445.000000 6508.915527
1446.000000 6615.421875
1447.000000 6675.565430
1448.000000 6689.801758
1449.000000 6663.091797
1450.000000 6603.816895
1451.000000 6523.025879
1452.000000 6432.432617
1453.000000 6342.993652
1454.000000 6262.734375
1455.000000 6195.957520
1456.000000 6142.505371
1457.000000 6098.946777
1458.000000 6059.738281
1459.000000 6019.611816
1460.000000 5974.807617
1461.000000 5924.412109
1462.000000 5869.752930
1463.000000 5813.780762
1464.000000 5759.029297
1465.000000 5706.596680
1466.000000 5654.839844
1467.000000 5599.940918
1468.000000 5536.367188
1469.000000 5458.699707
1470.000000 5362.380859
1471.000000 5244.907227
1472.000000 5105.448730
1473.000000 4945.042480
1474.000000 4765.703125
1475.000000 4570.596680
1476.000000 4363.281738
1477.000000 4147.886719
1478.000000 3928.173584
1479.000000 3707.629639
1480.000000 3488.786133
1481.000000 3273.940186
1482.000000 3065.120850
1483.000000 2865.037598
1484.000000 2676.614258
1485.000000 2503.077148
1486.000000 2346.706543
1487.000000 2208.718750
1488.000000 2088.457275
1489.000000 1984.070679
1490.000000 1892.364746
1491.000000 1809.767944
1492.000000 1732.176880
1493.000000 1655.931030
1494.000000 1577.854736
1495.000000 1496.499023
1496.000000 1412.141235
1497.000000 1327.404297
1498.000000 1246.107422
1499.000000 1172.678345
1500.000000 1110.306396
1501.000000 1060.541748
1502.000000 1022.438354
1503.000000 993.528564
1504.000000 970.168274
1505.000000 949.161499
1506.000000 928.067017
1507.000000 906.220459
1508.000000 884.099365
1509.000000 863.364075
1510.000000 845.481750
1511.000000 831.525879
1512.000000 821.167480
1513.000000 813.347107
1514.000000 806.284790
1515.000000 798.863342
1516.000000 790.681824
1517.000000 782.786377
1518.000000 776.677551
1519.000000 774.117615
1520.000000 775.764099
1521.000000 781.308716
1522.000000 788.947021
1523.000000 796.455872
1524.000000 801.298889
1525.000000 801.836975
1526.000000 797.105225
1527.000000 787.463013
1528.000000 773.830505
1529.000000 757.983154
1530.000000 741.635498
1531.000000 726.717590
1532.000000 714.497925
1533.000000 705.947632
1534.000000 701.049622
1535.000000 699.490173
1536.000000 700.383240
1537.000000 703.291565
1538.000000 707.974182
1539.000000 715.003174
1540.000000 724.783508
1541.000000 737.460449
1542.000000 751.679199
1543.000000 764.955078
1544.000000 773.537292
1545.000000 774.057068
1546.000000 764.200195
1547.000000 744.207031
1548.000000 716.403564
1549.000000 685.032349
1550.000000 654.350708
1551.000000 627.916443
1552.000000 607.240967
1553.000000 592.387268
1554.000000 582.019592
1555.000000 574.831909
1556.000000 569.594421
1557.000000 565.923706
1558.000000 563.492920
1559.000000 562.238525
1560.000000 561.499695
1561.000000 560.563049
1562.000000 558.325867
1563.000000 554.310669
1564.000000 548.598511
1565.000000 542.802734
1566.000000 539.575317
1567.000000 542.735413
1568.000000 555.685486
1569.000000 580.604004
1570.000000 616.645630
1571.000000 660.020935
1572.000000 704.113342
1573.000000 741.821777
1574.000000 767.286072
1575.000000 778.328125
1576.000000 776.593262
1577.000000 767.328247
1578.000000 756.934937
1579.000000 751.303040
1580.000000 753.578735
1581.000000 764.091858
1582.000000 780.301880
1583.000000 798.560181
1584.000000 814.974548
1585.000000 827.051147
1586.000000 833.701355
1587.000000 835.717163
1588.000000 834.721741
1589.000000 832.938477
1590.000000 831.916626
1591.000000 832.524231
1592.000000 834.248230
1593.000000 835.883789
1594.000000 835.437866
1595.000000 831.127991
1596.000000 821.283020
1597.000000 805.116577
1598.000000 782.381348
1599.000000 753.979553
1600.000000 721.548401
1601.000000 687.939087
1602.000000 656.494324
1603.000000 631.010254
1604.000000 614.491638
1605.000000 608.851563
1606.000000 613.924683
1607.000000 627.931885
1608.000000 647.536377
1609.000000 669.180237
1610.000000 689.497253
1611.000000 706.338013
1612.000000 718.413879
1613.000000 725.463013
1614.000000 727.361023
1615.000000 724.233521
1616.000000 715.927429
1617.000000 702.581482
1618.000000 684.391907
1619.000000 662.150635
1620.000000 636.766113
1621.000000 609.521973
1622.000000 581.502075
1623.000000 553.945190
1624.000000 527.868774
1625.000000 504.509033
1626.000000 484.831635
1627.000000 469.672119
1628.000000 458.984741
1629.000000 451.951782
1630.000000 446.590363
1631.000000 440.502686
1632.000000 431.185822
1633.000000 417.185547
1634.000000 398.309021
1635.000000 376.120209
1636.000000 353.189209
1637.000000 332.656708
1638.000000 316.986206
1639.000000 307.619507
1640.000000 304.378387
1641.000000 306.001862
1642.000000 310.333313
1643.000000 315.235962
1644.000000 318.728516
1645.000000 319.533386
1646.000000 316.826782
1647.000000 310.549774
1648.000000 301.151886
1649.000000 289.958008
1650.000000 278.876709
1651.000000 270.481964
1652.000000 267.285278
1653.000000 271.408356
1654.000000 283.774902
1655.000000 304.128632
1656.000000 330.957428
1657.000000 362.303070
1658.000000 396.227783
1659.000000 431.632385
1660.000000 468.234650
1661.000000 506.589294
1662.000000 547.355774
1663.000000 590.955872
1664.000000 636.997498
1665.000000 684.465637
1666.000000 731.856201
1667.000000 777.923645
1668.000000 822.054932
1669.000000 864.817871
1670.000000 907.795715
1671.000000 953.362915
1672.000000 1003.775208
1673.000000 1060.419678
1674.000000 1122.861572
1675.000000 1188.601196
1676.000000 1253.173584
1677.000000 1311.182983
1678.000000 1357.512817
1679.000000 1388.800781
1680.000000 1404.198608
1681.000000 1405.541260
1682.000000 1396.445923
1683.000000 1381.064209
1684.000000 1362.625610
1685.000000 1342.648682
1686.000000 1320.761963
1687.000000 1295.375244
1688.000000 1264.569336
1689.000000 1227.025757
1690.000000 1182.450195
1691.000000 1131.630249
1692.000000 1076.094116
1693.000000 1017.755615
1694.000000 958.578247
1695.000000 900.383301
1696.000000 844.651672
1697.000000 792.303223
1698.000000 743.475891
1699.000000 697.442749
1700.000000 652.862305
1701.000000 608.333496
1702.000000 563.183777
1703.000000 518.041626
1704.000000 475.004639
1705.000000 437.060547
1706.000000 407.093170
1707.000000 386.629364
1708.000000 375.083771
1709.000000 369.581360
1710.000000 365.759857
1711.000000 358.959534
1712.000000 345.719604
1713.000000 324.695740
1714.000000 297.116577
1715.000000 266.252014
1716.000000 236.568924
1717.000000 212.386093
1718.000000 196.952179
1719.000000 191.661407
1720.000000 196.162567
1721.000000 208.663315
1722.000000 226.861908
1723.000000 248.460022
1724.000000 271.689240
1725.000000 294.979614
1726.000000 316.723083
1727.000000 334.666016
1728.000000 346.148773
1729.000000 348.451599
1730.000000 339.973969
1731.000000 320.852234
1732.000000 293.525116
1733.000000 262.012939
1734.000000 231.097122
1735.000000 204.769196
1736.000000 185.547592
1737.000000 173.835388
1738.000000 168.487213
1739.000000 167.151825
1740.000000 167.311874
1741.000000 166.544678
1742.000000 163.222778
1743.000000 156.359253
1744.000000 145.997894
1745.000000 132.780380
1746.000000 118.113464
1747.000000 103.513977
1748.000000 90.678375
1749.000000 80.834885
1750.000000 74.963745
1751.000000 73.296768
1752.000000 75.677673
1753.000000 81.134583
1754.000000 88.380310
1755.000000 95.581772
1756.000000 101.142525
1757.000000 103.640701
1758.000000 102.582962
1759.000000 98.004929
1760.000000 90.760071
1761.000000 81.691742
1762.000000 71.806763
1763.000000 61.636250
1764.000000 51.826767
1765.000000 42.818161
1766.000000 35.490898
1767.000000 30.528313
1768.000000 28.624550
1769.000000 29.533157
1770.000000 32.419895
1771.000000 35.487530
1772.000000 37.153358
1773.000000 36.246975
1774.000000 33.190838
1775.000000 29.463158
1776.000000 27.652763
1777.000000 29.881798
1778.000000 37.497005
1779.000000 49.950615
1780.000000 65.614120
1781.000000 81.837387
1782.000000 96.505096
1783.000000 108.055183
1784.000000 116.396667
1785.000000 122.025284
1786.000000 126.270874
1787.000000 130.135742
1788.000000 134.685242
1789.000000 140.174316
1790.000000 146.733078
1791.000000 153.639694
1792.000000 160.104233
1793.000000 164.599411
1794.000000 165.772736
1795.000000 161.895752
1796.000000 151.914856
1797.000000 134.957077
1798.000000 111.395828
1799.000000 82.227074
1800.000000 49.890625
1801.000000 17.216442
1802.000000 -12.223068
1803.000000 -35.584023
1804.000000 -50.521461
1805.000000 -56.465191
1806.000000 -53.861801
1807.000000 -44.830906
1808.000000 -31.831211
1809.000000 -17.989681
1810.000000 -5.656956
1811.000000 3.123463
1812.000000 7.788200
1813.000000 8.362209
1814.000000 6.194866
1815.000000 2.658768
1816.000000 -0.304642
1817.000000 -1.462391
1818.000000 0.504749
1819.000000 5.972248
1820.000000 15.324482
1821.000000 27.891506
1822.000000 42.864811
1823.000000 58.305378
1824.000000 72.390015
1825.000000 82.832550
1826.000000 88.442772
1827.000000 88.469727
1828.000000 83.731926
1829.000000 75.314453
1830.000000 65.207321
1831.000000 54.811470
1832.000000 45.756836
1833.000000 38.714069
1834.000000 34.499466
1835.000000 32.983330
1836.000000 34.210648
1837.000000 37.292568
1838.000000 41.622963
1839.000000 45.897446
1840.000000 49.476429
1841.000000 51.427788
1842.000000 51.833820
1843.000000 50.655712
1844.000000 48.848248
1845.000000 46.993889
1846.000000 46.265884
1847.000000 46.986313
1848.000000 49.701584
1849.000000 53.955734
1850.000000 59.641987
1851.000000 65.900574
1852.000000 72.427238
1853.000000 78.158806
1854.000000 82.453049
1855.000000 83.844635
1856.000000 81.581512
1857.000000 74.767555
1858.000000 64.081711
1859.000000 50.629581
1860.000000 37.011093
1861.000000 25.396671
1862.000000 18.143028
1863.000000 15.914692
1864.000000 18.866249
1865.000000 25.509140
1866.000000 34.537445
1867.000000 43.946110
1868.000000 52.755711
1869.000000 59.752598
1870.000000 64.815773
1871.000000 67.331070
1872.000000 67.406067
1873.000000 64.334946
1874.000000 58.049095
1875.000000 47.853069
1876.000000 34.121937
1877.000000 17.077259
1878.000000 -1.678192
1879.000000 -20.760391
1880.000000 -37.848282
1881.000000 -51.553535
1882.000000 -60.258961
1883.000000 -63.784466
1884.000000 -61.878937
1885.000000 -55.596901
1886.000000 -45.584396
1887.000000 -33.401871
1888.000000 -19.809437
1889.000000 -6.165863
1890.000000 7.202381
1891.000000 19.448112
1892.000000 30.687416
1893.000000 40.299385
1894.000000 48.384029
1895.000000 54.127972
1896.000000 57.448803
1897.000000 57.530716
1898.000000 54.596420
1899.000000 48.423817
1900.000000 40.017254
1901.000000 29.928322
1902.000000 19.745285
1903.000000 10.230644
1904.000000 2.715004
1905.000000 -2.798679
1906.000000 -6.125755
1907.000000 -8.574963
1908.000000 -11.085564
1909.000000 -15.551666
1910.000000 -22.673923
1911.000000 -33.237530
1912.000000 -46.170448
1913.000000 -60.313103
1914.000000 -73.070389
1915.000000 -82.724350
1916.000000 -87.309113
1917.000000 -86.751915
1918.000000 -81.164612
1919.000000 -72.256218
1920.000000 -61.011337
1921.000000 -48.926964
1922.000000 -35.982365
1923.000000 -22.527084
1924.000000 -7.880802
1925.000000 7.444820
1926.000000 23.308441
1927.000000 38.216274
1928.000000 51.473766
1929.000000 61.775887
1930.000000 69.285210
1931.000000 73.782944
1932.000000 76.237961
1933.000000 76.603882
1934.000000 75.396301
1935.000000 71.787567
1936.000000 65.649765
1937.000000 56.018223
1938.000000 43.292137
1939.000000 27.544617
1940.000000 10.369225
1941.000000 -7.267765
1942.000000 -23.518627
1943.000000 -37.914288
1944.000000 -49.629726
1945.000000 -59.293217
1946.000000 -66.731216
1947.000000 -72.495293
1948.000000 -75.706932
1949.000000 -76.098679
1950.000000 -72.493454
1951.000000 -65.270081
1952.000000 -54.727676
1953.000000 -42.938801
1954.000000 -31.278187
1955.000000 -21.728676
1956.000000 -14.445099
1957.000000 -9.706360
1958.000000 -6.328171
1959.000000 -4.214214
1960.000000 -2.761593
1961.000000 -2.888901
1962.000000 -4.721424
1963.000000 -9.164341
1964.000000 -15.580009
1965.000000 -23.757545
1966.000000 -32.069176
1967.000000 -39.772274
1968.000000 -45.218403
1969.000000 -48.055080
1970.000000 -47.295654
1971.000000 -43.463692
1972.000000 -36.615906
1973.000000 -28.391750
1974.000000 -19.796535
1975.000000 -12.938686
1976.000000 -8.516117
1977.000000 -7.462811
1978.000000 -8.629654
1979.000000 -10.960274
1980.000000 -11.879158
1981.000000 -10.133717
1982.000000 -4.462864
1983.000000 3.856815
1984.000000 13.233322
1985.000000 20.353806
1986.000000 23.331703
1987.000000 20.541260
1988.000000 13.218647
1989.000000 3.178993
1990.000000 -5.761311
1991.000000 -10.892788
1992.000000 -9.420452
1993.000000 -1.276775
1994.000000 12.760960
1995.000000 29.162632
1996.000000 44.540604
1997.000000 54.620899
1998.000000 57.581337
1999.000000 52.680126
2000.000000 42.436836
