143.781220 0.000000
144.605129 -38.357605
145.429039 -130.870514
146.252949 -171.931274
147.076859 -166.366058
147.900769 -118.095764
148.724678 -32.496368
149.548588 -95.287598
150.372498 -104.781921
151.196408 -70.785065
152.020317 1.389496
152.844227 -62.876312
153.668137 -36.819885
154.492047 23.747253
155.315956 0.000000
156.139866 98.972595
156.963776 103.853394
157.787686 20.024231
158.611595 -3.099823
159.435505 -42.689728
160.259415 -77.918793
161.083325 -110.161041
161.907235 -184.749969
162.731144 -188.551758
163.555054 -154.914612
164.378964 -97.996216
165.202874 -27.024597
166.026783 -41.130127
166.850693 -101.603821
167.674603 -181.516479
168.498513 -34.945251
169.322422 0.000000
170.146332 -54.040466
170.970242 -113.996948
171.794152 -50.710297
172.618061 -35.240021
173.441971 -40.291718
174.265881 14.245880
175.089791 -29.796021
175.913700 -66.228088
176.737610 -89.146027
177.561520 -131.115692
178.385430 -106.617096
179.209340 -109.715698
180.033249 -144.440735
180.857159 -98.286865
181.681069 -91.242889
182.504979 -80.653961
183.328888 -52.992767
184.152798 -45.204651
184.976708 -30.082520
185.800618 -6.523376
186.624527 21.209045
187.448437 -81.233734
188.272347 -60.631622
189.096257 26.907440
189.920166 136.475861
190.744076 48.563324
191.567986 19.703979
192.391896 17.487244
193.215806 0.000000
194.039715 -29.282806
194.863625 14.256622
195.687535 72.323914
196.511445 37.284271
197.335354 95.409180
198.159264 89.483307
198.983174 33.497864
199.807084 -1.616455
200.630993 146.647095
201.454903 170.066437
202.278813 109.689362
203.102723 270.852356
203.926632 300.903534
204.750542 309.347290
205.574452 328.815948
206.398362 391.040466
207.222271 510.301605
208.046181 585.432861
208.870091 606.906860
209.694001 723.034241
210.517911 790.798828
211.341820 792.788940
212.165730 735.587646
212.989640 760.905884
213.813550 839.265198
214.637459 892.090332
215.461369 890.119995
216.285279 1003.120850
217.109189 995.271667
217.933098 987.838989
218.757008 1045.040039
219.580918 864.494995
220.404828 885.010010
221.228737 947.591980
222.052647 933.238403
222.876557 960.268066
223.700467 1001.090210
224.524377 1002.424133
225.348286 914.492432
226.172196 845.097778
226.996106 868.524414
227.820016 921.010681
228.643925 934.494995
229.467835 858.060303
230.291745 881.630493
231.115655 918.594727
231.939564 859.189392
232.763474 814.517456
233.587384 788.485596
234.411294 778.556763
235.235203 781.809631
236.059113 780.187500
236.883023 886.549683
237.706933 1002.135010
238.530843 971.420532
239.354752 889.266663
240.178662 844.498047
241.002572 830.721558
241.826482 830.526123
242.650391 981.832214
243.474301 1008.066528
244.298211 955.341309
245.122121 931.298706
245.946030 1080.202881
246.769940 1118.759033
247.593850 1078.720337
248.417760 1051.228027
249.241669 1150.335815
250.065579 1310.959717
250.889489 1450.903076
251.713399 1431.932251
252.537308 1556.961914
253.361218 1604.107422
254.185128 1636.153198
255.009038 1798.236572
255.832948 1795.422974
256.656857 1812.432129
257.480767 1878.147461
258.304677 2018.187866
259.128587 2147.136475
259.952496 2275.304443
260.776406 2375.480469
261.600316 2399.289063
262.424226 2368.516602
263.248135 2398.485107
264.072045 2482.562256
264.895955 2598.947754
265.719865 2605.166504
266.543774 2645.079590
267.367684 2680.256592
268.191594 2640.603760
269.015504 2628.803711
269.839414 2596.793945
270.663323 2539.170898
271.487233 2451.315674
272.311143 2528.092041
273.135053 2509.255371
273.958962 2412.486328
274.782872 2269.443359
275.606782 2175.340088
276.430692 2107.983154
277.254601 2048.070801
278.078511 1975.383789
278.902421 1752.830078
279.726331 1579.956909
280.550240 1497.983154
281.374150 1538.046997
282.198060 1354.750488
283.021970 1278.895508
283.845880 1198.287476
284.669789 1033.907959
285.493699 1036.777954
286.317609 932.243225
287.141519 792.866699
287.965428 672.298706
288.789338 642.245850
289.613248 622.399597
290.437158 605.428833
291.261067 586.963867
292.084977 563.756714
292.908887 545.838135
293.732797 503.491394
294.556706 437.717377
295.380616 442.152344
296.204526 470.006744
297.028436 501.447571
297.852345 510.758026
298.676255 409.376587
299.500165 316.545441
300.324075 255.217468
301.147985 228.811829
301.971894 227.955780
302.795804 309.251587
303.619714 287.019562
304.443624 182.975281
305.267533 145.575287
306.091443 193.825684
306.915353 195.054352
307.739263 158.544983
308.563172 134.991425
309.387082 87.030151
310.210992 5.249512
311.034902 -44.546448
311.858811 31.125305
312.682721 -20.511719
313.506631 -24.191742
314.330541 -42.345398
315.154451 -139.394318
315.978360 -35.738892
316.802270 -30.743866
317.626180 -58.508606
318.450090 -74.443512
319.273999 -157.614777
320.097909 -101.798950
320.921819 -104.478241
321.745729 -223.559875
322.569638 -119.744293
323.393548 -71.267578
324.217458 -57.312103
325.041368 -79.796326
325.865277 -178.973419
326.689187 -82.219849
327.513097 0.000000
328.337007 -0.641602
329.160917 -102.463867
329.984826 -100.926025
330.808736 -43.460724
331.632646 5.225769
332.456556 -59.872101
333.280465 -73.416321
334.104375 -74.130432
334.928285 -70.734680
335.752195 -70.779144
336.576104 -39.343109
337.400014 1.819702
338.223924 0.904175
339.047834 -70.741821
339.871743 -55.120728
340.695653 -9.111206
341.519563 -12.320221
342.343473 -74.836578
343.167382 -18.696686
343.991292 -77.074646
344.815202 -109.880310
345.639112 -77.120056
346.463022 14.338867
347.286931 -10.149139
348.110841 -40.005096
348.934751 -37.672119
349.758661 34.460175
350.582570 -56.595215
351.406480 -31.318115
352.230390 33.245544
353.054300 25.897644
353.878209 16.792908
354.702119 30.020416
355.526029 17.382965
356.349939 -41.818909
357.173848 -8.472992
357.997758 28.991577
358.821668 76.716431
359.645578 110.384155
360.469488 10.859711
361.293397 -57.181763
362.117307 -57.453735
362.941217 -9.061920
363.765127 24.335754
364.589036 -1.227203
365.412946 -29.539001
366.236856 -19.278992
367.060766 74.247101
367.884675 -77.109100
368.708585 -64.362762
369.532495 -11.792450
370.356405 -11.227051
371.180314 -20.467529
372.004224 -36.615479
372.828134 -53.097900
373.652044 -54.836212
374.475954 8.908875
375.299863 -77.284210
376.123773 -129.898499
376.947683 -111.652405
377.771593 -21.117249
378.595502 -48.461029
379.419412 -64.469330
380.243322 -66.016937
381.067232 -58.929077
381.891141 -41.474487
382.715051 -24.015991
383.538961 -7.313843
384.362871 1.803528
385.186780 -36.141754
386.010690 -36.007965
386.834600 -33.957703
387.658510 -33.351990
388.482419 -15.882996
389.306329 -65.383514
390.130239 -54.630341
390.954149 -13.514618
391.778059 0.000000
392.601968 -40.879547
393.425878 -66.577942
394.249788 -79.425293
395.073698 -77.037750
395.897607 -26.469818
396.721517 6.790497
397.545427 14.114777
398.369337 22.118286
399.193246 115.863495
400.017156 258.433868
400.841066 290.829956
401.664976 278.888367
402.488885 336.735382
403.312795 385.683197
404.136705 420.621521
404.960615 443.895508
405.784525 464.328461
406.608434 529.552917
407.432344 402.678223
408.256254 351.892670
409.080164 381.982574
409.904073 299.406738
410.727983 195.176819
411.551893 161.199371
412.375803 168.778076
413.199712 169.946106
414.023622 85.399567
414.847532 69.871307
415.671442 87.945862
416.495351 103.957642
417.319261 40.997284
418.143171 34.736359
418.967081 4.666870
419.790990 -33.831787
420.614900 -17.255554
421.438810 -5.901703
422.262720 7.672791
423.086630 6.873322
423.910539 -15.101929
424.734449 19.618347
425.558359 -9.776093
426.382269 -21.819458
427.206178 -2.293243
428.030088 -0.200897
428.853998 33.138031
429.677908 34.104645
430.501817 29.472656
431.325727 60.172424
432.149637 74.990631
432.973547 45.658936
433.797456 19.050110
434.621366 21.506256
435.445276 56.341522
436.269186 25.370422
437.093096 -4.821869
437.917005 -6.597656
438.740915 42.837189
439.564825 34.673218
440.388735 24.547821
441.212644 32.450958
442.036554 55.544800
442.860464 -9.868927
443.684374 -7.315613
444.508283 65.393890
445.332193 127.416931
446.156103 12.628937
446.980013 46.902435
447.803922 45.622009
448.627832 32.338135
449.451742 35.009125
450.275652 60.856110
451.099562 42.428223
451.923471 59.935608
452.747381 111.681549
453.571291 133.900391
454.395201 47.170227
455.219110 10.557526
456.043020 -12.838135
456.866930 -53.038727
457.690840 26.026489
458.514749 67.094452
459.338659 65.674103
460.162569 25.003296
460.986479 -42.703369
461.810388 36.269318
462.634298 52.518433
463.458208 15.075623
464.282118 -44.691589
465.106027 -57.360229
465.929937 49.116882
466.753847 58.392609
467.577757 -16.052856
468.401667 28.320984
469.225576 57.019287
470.049486 23.736176
470.873396 -18.126770
471.697306 -21.318329
472.521215 -4.536530
473.345125 -20.770081
474.169035 -16.141571
474.992945 -0.664459
475.816854 -28.157288
476.640764 22.839813
477.464674 37.393372
478.288584 31.655884
479.112493 18.574921
479.936403 -23.751892
480.760313 20.857788
481.584223 -0.618164
482.408133 -34.409119
483.232042 69.373901
484.055952 43.983093
484.879862 23.549835
485.703772 16.533539
486.527681 19.747986
487.351591 -0.466980
488.175501 -33.706909
488.999411 23.277527
489.823320 93.031738
490.647230 59.071869
491.471140 51.815094
492.295050 50.207275
493.118959 54.853577
493.942869 54.412750
494.766779 15.556641
495.590689 57.637024
496.414599 62.684723
497.238508 80.873505
498.062418 145.394104
498.886328 59.966431
499.710238 94.686493
500.534147 104.943176
501.358057 96.662964
502.181967 158.284882
503.005877 69.001007
503.829786 20.269287
504.653696 35.855530
505.477606 101.687286
506.301516 111.159515
507.125425 76.040344
507.949335 78.379791
508.773245 107.139008
509.597155 125.636658
510.421064 23.019287
511.244974 67.263519
512.068884 105.574493
512.892794 103.658813
513.716704 113.140930
514.540613 102.779572
515.364523 67.107300
516.188433 91.592712
517.012343 190.369537
517.836252 141.800018
518.660162 94.842346
519.484072 120.023193
520.307982 130.057953
521.131891 18.856995
521.955801 56.480469
522.779711 104.409027
523.603621 108.108917
524.427530 83.633057
525.251440 111.909363
526.075350 83.728790
526.899260 143.059296
527.723170 176.524963
528.547079 125.771027
529.370989 84.494110
530.194899 63.237610
531.018809 101.485352
531.842718 143.535370
532.666628 129.355865
533.490538 146.405273
534.314448 148.205383
535.138357 150.492096
535.962267 142.911743
536.786177 99.856018
537.610087 122.577301
538.433996 100.907806
539.257906 129.391418
540.081816 206.197510
540.905726 174.183807
541.729636 159.757751
542.553545 149.123901
543.377455 112.695282
544.201365 53.043488
545.025275 111.741211
545.849184 91.981018
546.673094 68.924347
547.497004 73.926727
548.320914 116.737976
549.144823 67.551422
549.968733 69.892914
550.792643 128.699402
551.616553 187.102295
552.440462 141.905487
553.264372 149.552277
554.088282 113.671509
554.912192 96.774628
555.736101 98.854523
556.560011 30.533447
557.383921 156.527893
558.207831 171.301178
559.031741 152.689178
559.855650 157.408142
560.679560 115.611450
561.503470 133.299164
562.327380 178.490784
563.151289 191.477173
563.975199 135.741669
564.799109 139.586700
565.623019 138.608765
566.446928 130.081970
567.270838 136.910431
568.094748 182.826019
568.918658 169.505920
569.742567 156.179230
570.566477 136.699066
571.390387 109.266785
572.214297 75.791382
573.038207 98.726410
573.862116 110.125397
574.686026 81.810303
575.509936 35.264130
576.333846 48.649933
577.157755 9.764282
577.981665 75.164368
578.805575 103.538483
579.629485 50.987885
580.453394 49.064758
581.277304 65.148315
582.101214 49.728973
582.925124 24.725037
583.749033 18.237549
584.572943 66.174408
585.396853 27.030182
586.220763 41.445068
587.044673 82.626892
587.868582 96.072540
588.692492 0.000000
589.516402 9.042175
590.340312 66.451324
591.164221 108.222778
591.988131 84.914734
592.812041 37.639435
593.635951 16.657959
594.459860 25.519745
595.283770 59.309967
596.107680 96.842407
596.931590 16.739594
597.755499 76.409698
598.579409 112.623535
599.403319 102.753265
600.227229 76.000916
601.051138 67.171753
601.875048 110.353119
602.698958 100.031311
603.522868 67.134033
604.346778 94.439667
605.170687 79.800476
605.994597 58.947052
606.818507 57.838593
607.642417 63.189880
608.466326 43.425934
609.290236 38.433563
610.114146 62.614197
610.938056 83.932159
611.761965 83.468628
612.585875 54.312317
613.409785 99.707184
614.233695 146.649536
615.057604 176.345032
615.881514 175.252716
616.705424 138.045532
617.529334 175.755219
618.353244 181.482941
619.177153 246.968750
620.001063 363.847015
620.824973 461.500275
621.648883 602.342773
622.472792 769.233398
623.296702 946.401062
624.120612 1171.164429
624.944522 1518.279419
625.768431 2144.275391
626.592341 3166.410645
627.416251 4657.370605
628.240161 6470.908203
629.064070 8313.678711
629.887980 9982.756836
630.711890 10857.260742
631.535800 10710.436523
632.359710 9537.959961
633.183619 7529.633789
634.007529 5237.266113
634.831439 3459.175293
635.655349 2232.968262
636.479258 1459.544922
637.303168 960.085938
638.127078 681.392273
638.950988 491.650543
639.774897 418.376099
640.598807 385.613617
641.422717 301.334137
642.246627 284.558350
643.070536 207.989349
643.894446 104.091827
644.718356 58.928589
645.542266 122.404266
646.366175 64.387268
647.190085 117.419067
648.013995 89.646698
648.837905 23.695984
649.661815 6.603149
650.485724 95.796234
651.309634 77.390076
652.133544 17.127106
652.957454 -8.389038
653.781363 22.526184
654.605273 -19.943420
655.429183 8.849213
656.253093 49.877991
657.077002 40.484161
657.900912 -22.638031
658.724822 -35.626617
659.548732 -16.356506
660.372641 12.702271
661.196551 16.554749
662.020461 1.176056
662.844371 21.565308
663.668281 -78.289307
664.492190 -36.889832
665.316100 -42.869598
666.140010 -84.432373
666.963920 -7.302551
667.787829 -34.171478
668.611739 -16.544922
669.435649 -5.943024
670.259559 5.120850
671.083468 39.731659
671.907378 14.808899
672.731288 -11.811005
673.555198 51.012665
674.379107 124.665588
675.203017 124.788361
676.026927 145.432465
676.850837 235.703796
677.674746 265.326447
678.498656 233.981415
679.322566 185.814758
680.146476 216.422516
680.970386 214.849609
681.794295 167.511536
682.618205 166.923737
683.442115 199.590942
684.266025 123.358582
685.089934 90.368073
685.913844 119.096924
686.737754 142.007294
687.561664 134.459015
688.385573 106.846436
689.209483 123.598602
690.033393 150.371124
690.857303 206.764282
691.681212 273.988129
692.505122 333.019592
693.329032 419.644653
694.152942 601.806152
694.976852 934.699890
695.800761 1302.928101
696.624671 1718.458618
697.448581 2488.654541
698.272491 3113.542480
699.096400 3684.244141
699.920310 4251.685059
700.744220 4696.257813
701.568130 4769.354004
702.392039 4574.723633
703.215949 4168.346680
704.039859 3801.778076
704.863769 3427.579834
705.687678 2929.216553
706.511588 2483.483887
707.335498 2180.343994
708.159408 1897.309326
708.983318 1631.060059
709.807227 1379.241943
710.631137 1103.230591
711.455047 862.206665
712.278957 720.443970
713.102866 566.486389
713.926776 375.260620
714.750686 210.243500
715.574596 199.008362
716.398505 197.750122
717.222415 145.541840
718.046325 87.682434
718.870235 78.419342
719.694144 57.077362
720.518054 102.156067
721.341964 125.589142
722.165874 108.556488
722.989783 72.706970
723.813693 82.180328
724.637603 161.675293
725.461513 195.432556
726.285423 178.280182
727.109332 159.311279
727.933242 197.034485
728.757152 222.110992
729.581062 220.542847
730.404971 229.853241
731.228881 230.379425
732.052791 213.503906
732.876701 214.333588
733.700610 203.264069
734.524520 242.423462
735.348430 233.365326
736.172340 187.899963
736.996249 185.835449
737.820159 152.199799
738.644069 155.187317
739.467979 82.675659
740.291889 41.121063
741.115798 84.790344
741.939708 26.724640
742.763618 -11.693604
743.587528 -19.152252
744.411437 -4.594421
745.235347 22.442108
746.059257 44.979675
746.883167 -31.510925
747.707076 -115.037201
748.530986 -46.310577
749.354896 24.118439
750.178806 -12.711639
751.002715 -3.769928
751.826625 58.905792
752.650535 48.896729
753.474445 -5.739502
754.298355 -40.274841
755.122264 3.481201
755.946174 10.399628
756.770084 11.947052
757.593994 45.013062
758.417903 34.685638
759.241813 -25.297394
760.065723 10.237183
760.889633 45.788666
761.713542 90.977600
762.537452 122.625000
763.361362 116.912933
764.185272 71.996399
765.009181 76.897369
765.833091 76.189178
766.657001 94.911804
767.480911 149.857574
768.304820 189.526215
769.128730 109.057068
769.952640 171.405182
770.776550 232.078735
771.600460 221.884583
772.424369 208.949738
773.248279 260.930786
774.072189 321.335876
774.896099 326.138214
775.720008 342.946045
776.543918 350.000702
777.367828 365.219635
778.191738 419.906372
779.015647 443.399872
779.839557 461.388458
780.663467 522.096191
781.487377 553.429321
782.311286 584.640076
783.135196 781.298950
783.959106 874.983765
784.783016 1009.572571
785.606926 1173.082275
786.430835 1368.433594
787.254745 1595.836914
788.078655 1838.429321
788.902565 2133.529053
789.726474 2545.190674
790.550384 2910.711914
791.374294 3196.283691
792.198204 3434.022461
793.022113 3522.210938
793.846023 3608.546387
794.669933 3436.030029
795.493843 3213.218018
796.317752 3034.062256
797.141662 2818.734619
797.965572 2614.790771
798.789482 2469.898438
799.613392 2444.199219
800.437301 2506.024170
801.261211 2585.133301
802.085121 2604.375977
802.909031 2752.967773
803.732940 2784.443848
804.556850 2898.594971
805.380760 2970.349365
806.204670 2870.305420
807.028579 2755.105713
807.852489 2897.718018
808.676399 2954.139160
809.500309 2980.960938
810.324218 2970.511230
811.148128 2917.151367
811.972038 2964.208496
812.795948 2975.767578
813.619857 2986.888184
814.443767 3079.799561
815.267677 3209.565674
816.091587 3255.575928
816.915497 3202.609619
817.739406 3266.175049
818.563316 3325.718018
819.387226 3318.119629
820.211136 3302.979004
821.035045 3409.076172
821.858955 3498.183105
822.682865 3637.553223
823.506775 3538.222168
824.330684 3474.966309
825.154594 3534.364502
825.978504 3493.968994
826.802414 3455.495361
827.626323 3451.590576
828.450233 3416.643799
829.274143 3386.706055
830.098053 3365.341309
830.921963 3300.937988
831.745872 3400.835938
832.569782 3275.008301
833.393692 3293.708984
834.217602 3334.066895
835.041511 3320.755615
835.865421 3428.348877
836.689331 3517.937744
837.513241 3676.791748
838.337150 3872.835693
839.161060 4029.494385
839.984970 4194.860840
840.808880 4583.715332
841.632789 4625.208496
842.456699 4988.767578
843.280609 5350.431152
844.104519 5707.204590
844.928429 6116.258789
845.752338 6567.561523
846.576248 7029.248535
847.400158 7558.614258
848.224068 8128.034180
849.047977 8680.982422
849.871887 9229.881836
850.695797 9888.112305
851.519707 10526.530273
852.343616 11129.419922
853.167526 11822.368164
853.991436 12249.735352
854.815346 12392.306641
855.639255 12815.450195
856.463165 13053.182617
857.287075 12797.327148
858.110985 12341.637695
858.934894 11549.192383
859.758804 10526.297852
860.582714 9690.918945
861.406624 8320.789063
862.230534 7568.465820
863.054443 6759.965820
863.878353 6027.501465
864.702263 5490.953613
865.526173 5063.755859
866.350082 4619.078613
867.173992 4336.958984
867.997902 4171.720703
868.821812 4054.182373
869.645721 4003.604248
870.469631 4056.726563
871.293541 3917.627441
872.117451 3748.770020
872.941360 3831.485840
873.765270 3800.903809
874.589180 3715.216797
875.413090 3833.449219
876.237000 3868.942139
877.060909 3927.056396
877.884819 3969.613037
878.708729 4004.822998
879.532639 4088.559326
880.356548 4238.599121
881.180458 4331.829102
882.004368 4397.398926
882.828278 4501.147461
883.652187 4491.861816
884.476097 4405.012207
885.300007 4308.351074
886.123917 4192.571289
886.947826 4086.930908
887.771736 3964.729736
888.595646 3794.001221
889.419556 3651.421143
890.243466 3529.807861
891.067375 3330.788086
891.891285 3222.681641
892.715195 3116.469727
893.539105 3070.591309
894.363014 2990.184082
895.186924 2885.394043
896.010834 2825.356445
896.834744 2723.427002
897.658653 2718.892822
898.482563 2569.328125
899.306473 2428.833984
900.130383 2301.257324
900.954292 2146.636230
901.778202 2022.723755
902.602112 1972.128418
903.426022 1849.165283
904.249931 1719.347656
905.073841 1572.106445
905.897751 1413.308472
906.721661 1276.125854
907.545571 1033.294678
908.369480 1000.028809
909.193390 936.551025
910.017300 848.623962
910.841210 771.078735
911.665119 716.525024
912.489029 643.929077
913.312939 590.395142
914.136849 552.710693
914.960758 504.380829
915.784668 449.589996
916.608578 415.425781
917.432488 427.154633
918.256397 339.186462
919.080307 279.692261
919.904217 293.350922
920.728127 277.729309
921.552037 246.070435
922.375946 285.091644
923.199856 242.519226
924.023766 218.730988
924.847676 192.270477
925.671585 186.942078
926.495495 186.486115
927.319405 169.019135
928.143315 143.658997
928.967224 155.337433
929.791134 155.633057
930.615044 130.186707
931.438954 107.324005
932.262863 108.018677
933.086773 126.029480
933.910683 118.115143
934.734593 91.177246
935.558502 135.947479
936.382412 146.772003
937.206322 117.944824
938.030232 85.487152
938.854142 64.769318
939.678051 48.092407
940.501961 60.676483
941.325871 90.814636
942.149781 92.582031
942.973690 54.778046
943.797600 9.743103
944.621510 14.944946
945.445420 39.797943
946.269329 30.360413
947.093239 74.588165
947.917149 69.623138
948.741059 1.398865
949.564968 3.603912
950.388878 0.000000
951.212788 16.127045
952.036698 63.734100
952.860608 82.000183
953.684517 74.939392
954.508427 62.159363
955.332337 29.342072
956.156247 101.739532
956.980156 92.441040
957.804066 63.197144
958.627976 59.574219
959.451886 73.533295
960.275795 87.001556
961.099705 157.749603
961.923615 87.217834
962.747525 120.078430
963.571434 105.496246
964.395344 116.477325
965.219254 162.501007
966.043164 156.508545
966.867074 180.693115
967.690983 239.200195
968.514893 236.988007
969.338803 201.273407
970.162713 202.003845
970.986622 250.010071
971.810532 271.077576
972.634442 266.597931
973.458352 287.028961
974.282261 283.626129
975.106171 225.010010
975.930081 189.740845
976.753991 236.841278
977.577900 297.442230
978.401810 270.806122
979.225720 383.818665
980.049630 327.237000
980.873539 245.596863
981.697449 240.650909
982.521359 294.678375
983.345269 312.826416
984.169179 401.572144
984.993088 365.056274
985.816998 355.898285
986.640908 388.563934
987.464818 392.501068
988.288727 340.255920
989.112637 362.447937
989.936547 384.651764
990.760457 357.607819
991.584366 437.618561
992.408276 461.793457
993.232186 412.386475
994.056096 385.368530
994.880005 392.752411
995.703915 457.370697
996.527825 484.615784
997.351735 478.134705
998.175645 498.319153
998.999554 515.332642
999.823464 483.206818
1000.647374 473.903717
1001.471284 498.457886
1002.295193 521.037354
1003.119103 569.217773
1003.943013 558.781738
1004.766923 529.920654
1005.590832 554.203674
1006.414742 570.289246
1007.238652 592.671204
1008.062562 637.236816
1008.886471 661.201416
1009.710381 710.250366
1010.534291 769.576050
1011.358201 798.905884
1012.182111 816.744751
1013.006020 1007.514526
1013.829930 1024.940063
1014.653840 1044.250244
1015.477750 1086.386963
1016.301659 1086.924072
1017.125569 1051.988770
1017.949479 1103.167969
1018.773389 1094.246094
1019.597298 1189.733887
1020.421208 1234.491699
1021.245118 1227.284912
1022.069028 1211.683105
1022.892937 1225.426025
1023.716847 1281.172852
1024.540757 1400.713135
1025.364667 1449.468872
1026.188576 1452.466919
1027.012486 1448.815308
1027.836396 1478.436157
1028.660306 1498.484741
1029.484216 1462.303101
1030.308125 1521.747681
1031.132035 1424.717163
1031.955945 1433.320801
1032.779855 1344.818359
1033.603764 1302.299805
1034.427674 1350.471924
1035.251584 1389.189453
1036.075494 1321.815674
1036.899403 1231.356445
1037.723313 1207.300781
1038.547223 1190.985596
1039.371133 1177.940674
1040.195042 1165.682617
1041.018952 1123.385742
1041.842862 1030.080078
1042.666772 1068.716187
1043.490682 1069.735718
1044.314591 991.679077
1045.138501 866.204224
1045.962411 867.231079
1046.786321 927.494263
1047.610230 849.250122
1048.434140 794.906372
1049.258050 744.884094
1050.081960 668.625061
1050.905869 590.624451
1051.729779 609.170044
1052.553689 591.044800
1053.377599 471.123901
1054.201508 465.337036
1055.025418 415.167114
1055.849328 402.229584
1056.673238 425.806244
1057.497148 441.294891
1058.321057 389.739319
1059.144967 324.686462
1059.968877 346.940826
1060.792787 384.848785
1061.616696 403.097443
1062.440606 419.316650
1063.264516 360.911987
1064.088426 358.205688
1064.912335 401.121063
1065.736245 425.300995
1066.560155 433.075378
1067.384065 387.248718
1068.207974 449.388977
1069.031884 559.253540
1069.855794 523.974243
1070.679704 523.191528
1071.503613 596.313477
1072.327523 654.332275
1073.151433 767.141602
1073.975343 778.648193
1074.799253 824.357666
1075.623162 897.778259
1076.447072 952.108093
1077.270982 1024.579590
1078.094892 1131.186890
1078.918801 1216.395874
1079.742711 1221.957642
1080.566621 1249.681030
1081.390531 1301.987915
1082.214440 1309.554321
1083.038350 1367.485229
1083.862260 1439.435181
1084.686170 1549.023682
1085.510079 1805.086670
1086.333989 1867.090820
1087.157899 1834.983398
1087.981809 2062.375732
1088.805719 2219.353027
1089.629628 2356.607178
1090.453538 2568.245850
1091.277448 2803.307373
1092.101358 2922.885986
1092.925267 3193.810791
1093.749177 3323.990967
1094.573087 3626.040771
1095.396997 3806.767822
1096.220906 3889.277588
1097.044816 3952.351318
1097.868726 4041.513672
1098.692636 4173.877441
1099.516545 4213.855469
1100.340455 4188.629883
1101.164365 4299.278809
1101.988275 4361.531738
1102.812185 4391.407227
1103.636094 4538.432617
1104.460004 4812.032715
1105.283914 4939.264648
1106.107824 5018.959961
1106.931733 5114.441406
1107.755643 5246.932617
1108.579553 5385.666016
1109.403463 5499.811035
1110.227372 5584.415527
1111.051282 5680.775391
1111.875192 5834.375488
1112.699102 5856.163086
1113.523011 6014.240234
1114.346921 6218.690918
1115.170831 6218.572754
1115.994741 6327.311035
1116.818650 6425.416504
1117.642560 6307.754883
1118.466470 6283.768066
1119.290380 6249.624023
1120.114290 6053.262207
1120.938199 5889.296387
1121.762109 5717.826660
1122.586019 5414.733887
1123.409929 5122.577637
1124.233838 4947.091797
1125.057748 4717.316406
1125.881658 4444.468262
1126.705568 4196.801758
1127.529477 3922.199951
1128.353387 3636.821045
1129.177297 3375.901611
1130.001207 3148.865967
1130.825116 2918.010986
1131.649026 2659.588379
1132.472936 2475.519531
1133.296846 2269.150391
1134.120756 2157.756836
1134.944665 1962.618042
1135.768575 1784.470825
1136.592485 1628.272949
1137.416395 1496.431885
1138.240304 1393.126465
1139.064214 1246.952393
1139.888124 1117.581055
1140.712034 958.517578
1141.535943 869.036133
1142.359853 787.099365
1143.183763 703.614746
1144.007673 672.677734
1144.831582 661.121582
1145.655492 539.321350
1146.479402 459.520447
1147.303312 395.760803
1148.127222 346.738922
1148.951131 374.787994
1149.775041 358.708862
1150.598951 296.119385
1151.422861 245.386841
1152.246770 217.813934
1153.070680 168.829315
1153.894590 194.802948
1154.718500 198.006409
1155.542409 174.757507
1156.366319 212.460968
1157.190229 230.403473
1158.014139 257.829376
1158.838048 293.614502
1159.661958 227.371582
1160.485868 242.153442
1161.309778 270.587860
1162.133687 327.159027
1162.957597 451.407898
1163.781507 604.745300
1164.605417 699.661072
1165.429327 791.982056
1166.253236 980.809692
1167.077146 1188.793579
1167.901056 1372.382446
1168.724966 1708.175415
1169.548875 1967.123657
1170.372785 2305.436768
1171.196695 2522.477783
1172.020605 2660.583984
1172.844514 2839.796875
1173.668424 3043.795898
1174.492334 3181.182617
1175.316244 3265.109375
1176.140153 3155.935059
1176.964063 3092.318848
1177.787973 3024.027832
1178.611883 2819.943359
1179.435793 2589.907715
1180.259702 2434.093994
1181.083612 2234.451416
1181.907522 1874.244873
1182.731432 1647.105835
1183.555341 1323.311401
1184.379251 1205.290649
1185.203161 1057.428101
1186.027071 880.206909
1186.850980 733.683472
1187.674890 654.593384
1188.498800 626.334351
1189.322710 558.397034
1190.146619 534.408875
1190.970529 365.336487
1191.794439 302.305573
1192.618349 300.710358
1193.442258 293.935822
1194.266168 247.776123
1195.090078 188.721069
1195.913988 190.515472
1196.737898 278.834076
1197.561807 127.202362
1198.385717 96.951721
1199.209627 80.604675
1200.033537 137.713440
1200.857446 63.628571
1201.681356 25.432770
1202.505266 86.744507
1203.329176 50.743042
1204.153085 12.572998
1204.976995 70.410370
1205.800905 27.460175
1206.624815 76.698700
1207.448724 68.555969
1208.272634 67.602844
1209.096544 35.026520
1209.920454 -7.034973
1210.744364 -1.317444
1211.568273 -18.296478
1212.392183 4.920898
1213.216093 0.000000
1214.040003 -16.864075
1214.863912 -42.698639
1215.687822 25.683319
1216.511732 32.017578
1217.335642 -2.734924
1218.159551 18.129456
1218.983461 28.097900
1219.807371 30.474640
1220.631281 -9.570099
1221.455190 -2.889404
1222.279100 5.620605
1223.103010 33.574249
1223.926920 120.714081
1224.750830 148.862061
1225.574739 120.385651
1226.398649 151.283142
1227.222559 171.295258
1228.046469 202.583374
1228.870378 264.726501
1229.694288 369.025604
1230.518198 390.464478
1231.342108 390.962921
1232.166017 444.373596
1232.989927 527.449707
1233.813837 614.906250
1234.637747 698.549011
1235.461656 659.534302
1236.285566 802.508301
1237.109476 832.182007
1237.933386 932.977600
1238.757295 1029.525146
1239.581205 1025.165161
1240.405115 1047.109863
1241.229025 1114.508057
1242.052935 1173.794067
1242.876844 1248.783203
1243.700754 1156.037842
1244.524664 1282.391479
1245.348574 1314.203125
1246.172483 1325.879150
1246.996393 1242.107056
1247.820303 1352.171875
1248.644213 1471.250000
1249.468122 1502.453003
1250.292032 1548.867920
1251.115942 1552.416138
1251.939852 1678.273682
1252.763761 1824.792236
1253.587671 1855.881958
1254.411581 1967.480957
1255.235491 2116.245117
1256.059401 2336.092773
1256.883310 2555.560547
1257.707220 2702.417236
1258.531130 2857.235840
1259.355040 3137.923828
1260.178949 3341.067871
1261.002859 3742.256104
1261.826769 3952.718506
1262.650679 4158.985352
1263.474588 4349.085938
1264.298498 4576.417480
1265.122408 4855.458496
1265.946318 5058.215332
1266.770227 5227.604492
1267.594137 5592.951172
1268.418047 5824.180176
1269.241957 5781.797852
1270.065867 6201.327637
1270.889776 6418.236328
1271.713686 6641.420410
1272.537596 6874.017578
1273.361506 7127.725586
1274.185415 7401.173828
1275.009325 7712.724609
1275.833235 8057.958984
1276.657145 8351.179688
1277.481054 8872.782227
1278.304964 9262.640625
1279.128874 9728.794922
1279.952784 10106.961914
1280.776693 10568.555664
1281.600603 11046.649414
1282.424513 11348.010742
1283.248423 11676.294922
1284.072332 12179.090820
1284.896242 12411.387695
1285.720152 12483.748047
1286.544062 12701.106445
1287.367972 12456.576172
1288.191881 12608.200195
1289.015791 12442.234375
1289.839701 12417.320313
1290.663611 12132.882813
1291.487520 11733.759766
1292.311430 11384.584961
1293.135340 10824.892578
1293.959250 10370.889648
1294.783159 10069.197266
1295.607069 9539.742188
1296.430979 8933.253906
1297.254889 8175.404785
1298.078798 7698.627441
1298.902708 7155.372559
1299.726618 6696.198730
1300.550528 6415.109863
1301.374438 6181.937988
1302.198347 6014.611328
1303.022257 6021.725098
1303.846167 5909.879883
1304.670077 5964.694824
1305.493986 5948.010742
1306.317896 5850.744629
1307.141806 5771.969727
1307.965716 5672.703125
1308.789625 5416.574707
1309.613535 5030.854492
1310.437445 4742.461426
1311.261355 4578.286133
1312.085264 4149.035156
1312.909174 3688.709229
1313.733084 3479.118896
1314.556994 3087.901367
1315.380904 3017.528320
1316.204813 2842.800293
1317.028723 2605.059570
1317.852633 2401.375488
1318.676543 2237.362061
1319.500452 2103.469238
1320.324362 1992.777832
1321.148272 1865.491577
1321.972182 1785.820557
1322.796091 1623.140137
1323.620001 1535.550171
1324.443911 1471.181641
1325.267821 1393.250488
1326.091730 1259.586548
1326.915640 1178.095947
1327.739550 1049.176392
1328.563460 931.033325
1329.387369 896.045898
1330.211279 787.047241
1331.035189 802.435364
1331.859099 667.887939
1332.683009 615.963379
1333.506918 667.263977
1334.330828 568.570923
1335.154738 583.675171
1335.978648 584.177124
1336.802557 501.181824
1337.626467 438.936127
1338.450377 453.561188
1339.274287 462.159851
1340.098196 442.821014
1340.922106 513.081909
1341.746016 422.514923
1342.569926 461.962708
1343.393835 376.569946
1344.217745 308.652252
1345.041655 352.101868
1345.865565 375.964081
1346.689475 371.006348
1347.513384 345.647369
1348.337294 315.179413
1349.161204 316.431763
1349.985114 325.733673
1350.809023 359.098938
1351.632933 321.698944
1352.456843 412.360107
1353.280753 368.032288
1354.104662 377.280975
1354.928572 370.304932
1355.752482 395.793488
1356.576392 402.288513
1357.400301 465.377045
1358.224211 528.407104
1359.048121 495.757263
1359.872031 552.515869
1360.695941 520.639282
1361.519850 544.463135
1362.343760 617.560608
1363.167670 644.298096
1363.991580 777.395630
1364.815489 835.846375
1365.639399 857.367798
1366.463309 993.379883
1367.287219 1112.515991
1368.111128 1153.210083
1368.935038 1207.714844
1369.758948 1226.817749
1370.582858 1167.825684
1371.406767 1198.718018
1372.230677 1187.234253
1373.054587 1129.404297
1373.878497 1158.678955
1374.702406 1055.141724
1375.526316 964.640381
1376.350226 900.532166
1377.174136 852.910767
1377.998046 814.225342
1378.821955 771.604065
1379.645865 704.672852
1380.469775 621.697876
1381.293685 604.511841
1382.117594 607.008362
1382.941504 522.978271
1383.765414 502.737091
1384.589324 525.408997
1385.413233 533.447388
1386.237143 522.029663
1387.061053 523.857178
1387.884963 493.919006
1388.708872 504.251953
1389.532782 554.555664
1390.356692 553.294617
1391.180602 549.344238
1392.004512 549.816772
1392.828421 534.435669
1393.652331 535.936157
1394.476241 672.267212
1395.300151 715.371582
1396.124060 726.450867
1396.947970 691.490601
1397.771880 726.411743
1398.595790 803.684387
1399.419699 860.096680
1400.243609 918.148560
1401.067519 1028.829834
1401.891429 1110.395508
1402.715338 1058.402466
1403.539248 1207.468262
1404.363158 1426.718750
1405.187068 1678.500610
1406.010978 1789.478027
1406.834887 1925.406128
1407.658797 2088.493408
1408.482707 2337.220215
1409.306617 2501.548096
1410.130526 2535.990234
1410.954436 2514.095703
1411.778346 2429.868652
1412.602256 2249.629883
1413.426165 2021.363037
1414.250075 1757.078979
1415.073985 1530.916504
1415.897895 1385.011475
1416.721804 1150.630493
1417.545714 974.011719
1418.369624 757.995667
1419.193534 682.589722
1420.017443 593.893555
1420.841353 491.042145
1421.665263 480.003845
1422.489173 503.194427
1423.313083 478.443634
1424.136992 486.052063
1424.960902 517.881958
1425.784812 427.379028
1426.608722 585.239014
1427.432631 539.484924
1428.256541 622.342896
1429.080451 705.239136
1429.904361 742.521545
1430.728270 815.237793
1431.552180 869.365234
1432.376090 973.981812
1433.200000 1122.514771
1434.023909 1220.040039
1434.847819 1273.800171
1435.671729 1367.807129
1436.495639 1489.930664
1437.319549 1572.561157
1438.143458 1649.296387
1438.967368 1715.934570
1439.791278 1825.461304
1440.615188 1699.998779
1441.439097 1762.420166
1442.263007 1837.221802
1443.086917 1906.218018
1443.910827 1909.436279
1444.734736 1881.412231
1445.558646 1932.282471
1446.382556 1952.822144
1447.206466 1976.659668
1448.030375 2020.739258
1448.854285 2007.746704
1449.678195 2030.510742
1450.502105 2045.490479
1451.326014 2106.287109
1452.149924 2124.907471
1452.973834 2198.195557
1453.797744 2109.886230
1454.621654 1964.213867
1455.445563 1997.144287
1456.269473 1931.257446
1457.093383 1816.185791
1457.917293 1758.141602
1458.741202 1756.518921
1459.565112 1732.360596
1460.389022 1591.252563
1461.212932 1428.298584
1462.036841 1368.082031
1462.860751 1287.046753
1463.684661 1221.567383
1464.508571 1078.578857
1465.332480 1110.707642
1466.156390 898.365723
1466.980300 955.946228
1467.804210 729.220825
1468.628120 709.058960
1469.452029 645.643250
1470.275939 574.971924
1471.099849 596.505859
1471.923759 472.484650
1472.747668 424.211487
1473.571578 418.810059
1474.395488 357.368561
1475.219398 380.379700
1476.043307 324.516693
1476.867217 316.756592
1477.691127 305.472565
1478.515037 238.636810
1479.338946 164.599609
1480.162856 187.295074
1480.986766 173.752991
1481.810676 166.096893
1482.634586 145.706177
1483.458495 133.143127
1484.282405 123.581390
1485.106315 129.813477
1485.930225 146.063141
1486.754134 117.829895
1487.578044 72.921600
1488.401954 50.860870
1489.225864 54.070007
1490.049773 78.879730
1490.873683 33.235840
1491.697593 69.644684
1492.521503 61.525330
1493.345412 25.954834
1494.169322 132.467072
1494.993232 124.782776
1495.817142 147.629852
1496.641051 114.743286
1497.464961 59.597809
1498.288871 108.207733
1499.112781 150.548950
1499.936691 161.502594
1500.760600 174.668396
1501.584510 158.832977
1502.408420 194.476807
1503.232330 264.341980
1504.056239 244.048920
1504.880149 259.901733
1505.704059 256.041534
1506.527969 163.420959
1507.351878 154.365936
1508.175788 209.134674
1508.999698 96.207336
1509.823608 75.081268
1510.647517 115.660278
1511.471427 131.629059
1512.295337 56.223083
1513.119247 10.252441
1513.943157 69.940460
1514.767066 93.089417
1515.590976 120.534027
1516.414886 137.531372
1517.238796 135.757599
1518.062705 110.993011
1518.886615 93.666504
1519.710525 98.909210
1520.534435 20.639832
1521.358344 84.373871
1522.182254 124.445435
1523.006164 99.522522
1523.830074 86.786713
1524.653983 114.954956
1525.477893 28.627960
1526.301803 103.358337
1527.125713 108.125580
1527.949623 219.336578
1528.773532 144.020447
1529.597442 104.766571
1530.421352 62.004639
1531.245262 117.566803
1532.069171 151.654114
1532.893081 106.682007
1533.716991 88.198883
1534.540901 101.194153
1535.364810 94.825165
1536.188720 118.003052
1537.012630 157.259918
1537.836540 91.036957
1538.660449 133.099854
1539.484359 124.892487
1540.308269 143.370422
1541.132179 101.471527
1541.956088 102.656494
1542.779998 122.574158
1543.603908 181.140839
1544.427818 185.260010
1545.251728 165.059845
1546.075637 162.783386
1546.899547 96.728607
1547.723457 117.947144
1548.547367 231.783752
1549.371276 224.296844
1550.195186 190.015015
1551.019096 211.017975
1551.843006 210.528137
1552.666915 193.171600
1553.490825 179.935089
1554.314735 204.207703
1555.138645 238.717255
1555.962554 248.283569
1556.786464 231.294708
1557.610374 255.386169
1558.434284 305.334106
1559.258194 293.213043
1560.082103 322.155823
1560.906013 227.789154
1561.729923 267.046021
1562.553833 310.932159
1563.377742 310.037323
1564.201652 287.073364
1565.025562 313.883209
1565.849472 342.210876
1566.673381 324.990570
1567.497291 366.300171
1568.321201 464.006775
1569.145111 512.313599
1569.969020 519.972168
1570.792930 571.300293
1571.616840 614.830261
1572.440750 618.912964
1573.264660 704.403809
1574.088569 776.771423
1574.912479 863.253418
1575.736389 993.619507
1576.560299 1009.984741
1577.384208 1071.340088
1578.208118 1114.635498
1579.032028 1093.631226
1579.855938 1061.447998
1580.679847 948.986816
1581.503757 894.249878
1582.327667 845.202881
1583.151577 835.713135
1583.975486 838.640747
1584.799396 804.937134
1585.623306 834.087463
1586.447216 849.284058
1587.271125 909.061279
1588.095035 970.624939
1588.918945 1051.670776
1589.742855 1112.478516
1590.566765 1159.956177
1591.390674 1314.472900
1592.214584 1481.769775
1593.038494 1559.574829
1593.862404 1696.009277
1594.686313 1899.446777
1595.510223 2091.555664
1596.334133 2392.951416
1597.158043 2774.318848
1597.981952 3171.059570
1598.805862 3599.750977
1599.629772 4301.724609
1600.453682 4848.731934
1601.277591 5662.467773
1602.101501 6457.615234
1602.925411 7344.364746
1603.749321 8429.865234
1604.573231 9679.080078
1605.397140 11336.246094
1606.221050 13048.558594
1607.044960 15136.316406
1607.868870 17739.226563
1608.692779 20781.923828
1609.516689 24330.990234
1610.340599 28056.367188
1611.164509 31514.804688
1611.988418 34620.160156
1612.812328 37086.761719
1613.636238 38325.371094
1614.460148 38145.203125
1615.284057 36433.394531
1616.107967 33107.589844
1616.931877 28831.486328
1617.755787 24093.394531
1618.579697 19291.781250
1619.403606 15150.718750
1620.227516 11947.636719
1621.051426 9173.065430
1621.875336 7176.738770
1622.699245 5640.295410
1623.523155 4640.150391
1624.347065 3872.135986
1625.170975 3276.089111
1625.994884 2891.328857
1626.818794 2440.198730
1627.642704 2218.006592
1628.466614 1973.591431
1629.290523 1724.131348
1630.114433 1592.994995
1630.938343 1483.707031
1631.762253 1268.687256
1632.586162 1158.318970
1633.410072 1068.625244
1634.233982 1028.800293
1635.057892 945.052612
1635.881802 846.896118
1636.705711 766.932312
1637.529621 738.798340
1638.353531 757.514282
1639.177441 729.339783
1640.001350 658.225586
1640.825260 646.733276
1641.649170 650.127563
1642.473080 590.874451
1643.296989 552.502808
1644.120899 533.785278
1644.944809 499.161926
1645.768719 460.521820
1646.592628 470.197388
1647.416538 457.868073
1648.240448 472.132782
1649.064358 483.872559
1649.888268 436.957794
1650.712177 364.586365
1651.536087 381.639740
1652.359997 383.598022
1653.183907 461.894836
1654.007816 333.538055
1654.831726 313.504883
1655.655636 377.865509
1656.479546 350.764832
1657.303455 298.957245
1658.127365 360.355133
1658.951275 272.730774
1659.775185 385.009735
1660.599094 401.869263
1661.423004 290.584015
1662.246914 280.391418
1663.070824 323.232300
1663.894734 313.181671
1664.718643 333.239197
1665.542553 370.185394
1666.366463 366.313232
1667.190373 377.010284
1668.014282 338.291107
1668.838192 343.242310
1669.662102 380.441193
1670.486012 372.486755
1671.309921 366.368744
1672.133831 409.142944
1672.957741 444.430847
1673.781651 483.470306
1674.605560 543.496338
1675.429470 534.682983
1676.253380 545.715881
1677.077290 572.922974
1677.901199 607.759766
1678.725109 554.941711
1679.549019 618.168213
1680.372929 710.330444
1681.196839 706.958374
1682.020748 730.046204
1682.844658 767.986694
1683.668568 688.431763
1684.492478 715.886414
1685.316387 769.670288
1686.140297 785.527954
1686.964207 810.643188
1687.788117 912.437500
1688.612026 851.165894
1689.435936 872.131104
1690.259846 949.903870
1691.083756 881.056274
1691.907665 800.486938
1692.731575 897.373596
1693.555485 1015.024902
1694.379395 1042.417969
1695.203305 1058.817871
1696.027214 1085.397949
1696.851124 1201.570801
1697.675034 1145.222534
1698.498944 1341.696289
1699.322853 1338.879883
1700.146763 1443.580933
1700.970673 1681.782715
1701.794583 1866.122314
1702.618492 1959.127075
1703.442402 2146.027832
1704.266312 2522.344727
1705.090222 2756.246094
1705.914131 3149.819092
1706.738041 3517.171875
1707.561951 3962.577393
1708.385861 4533.638672
1709.209770 5113.596191
1710.033680 5914.108398
1710.857590 6826.217773
1711.681500 7741.122070
1712.505410 8626.399414
1713.329319 9691.365234
1714.153229 10891.195313
1714.977139 12086.422852
1715.801049 13467.026367
1716.624958 14584.855469
1717.448868 15492.517578
1718.272778 16458.974609
1719.096688 17350.976563
1719.920597 18066.509766
1720.744507 18494.031250
1721.568417 19030.595703
1722.392327 19551.478516
1723.216236 20011.376953
1724.040146 20291.681641
1724.864056 20020.736328
1725.687966 19812.123047
1726.511876 19547.804688
1727.335785 19266.261719
1728.159695 18811.421875
1728.983605 18321.199219
1729.807515 18022.494141
1730.631424 17463.591797
1731.455334 17045.832031
1732.279244 16618.679688
1733.103154 15712.420898
1733.927063 15080.285156
1734.750973 14432.377930
1735.574883 13924.158203
1736.398793 13173.755859
1737.222702 12523.898438
1738.046612 11741.104492
1738.870522 10838.471680
1739.694432 10137.669922
1740.518342 9016.348633
1741.342251 8328.395508
1742.166161 7545.673340
1742.990071 6899.083984
1743.813981 6245.393066
1744.637890 5597.671875
1745.461800 5042.630859
1746.285710 4511.435059
1747.109620 4069.261719
1747.933529 3624.816895
1748.757439 3134.950439
1749.581349 2968.497070
1750.405259 2683.018799
1751.229168 2289.278320
1752.053078 2288.600342
1752.876988 1998.871338
1753.700898 1774.796021
1754.524807 1622.505615
1755.348717 1561.446289
1756.172627 1318.967651
1756.996537 1378.268799
1757.820447 1297.083496
1758.644356 1139.827393
1759.468266 1117.228638
1760.292176 1029.900391
1761.116086 987.197937
1761.939995 1058.425537
1762.763905 849.547241
1763.587815 782.374817
1764.411725 753.001343
1765.235634 694.358521
1766.059544 663.234985
1766.883454 708.875183
1767.707364 634.657227
1768.531273 545.479370
1769.355183 558.772888
1770.179093 560.013672
1771.003003 486.045532
1771.826913 444.742950
1772.650822 457.558807
1773.474732 452.908813
1774.298642 492.857819
1775.122552 402.160828
1775.946461 395.937714
1776.770371 358.337402
1777.594281 373.679260
1778.418191 395.959198
1779.242100 353.022339
1780.066010 397.814484
1780.889920 299.019836
1781.713830 297.995453
1782.537739 343.715729
1783.361649 256.736511
1784.185559 362.997528
1785.009469 232.585327
1785.833379 332.229767
1786.657288 272.819885
1787.481198 248.932495
1788.305108 306.453522
1789.129018 272.648865
1789.952927 306.260345
1790.776837 292.859497
1791.600747 281.814606
1792.424657 267.777710
1793.248566 250.683838
1794.072476 245.683136
1794.896386 292.440735
1795.720296 238.871674
1796.544205 243.054016
1797.368115 241.317902
1798.192025 258.419769
1799.015935 329.363037
1799.839844 173.188080
1800.663754 257.747925
1801.487664 246.355621
1802.311574 226.670532
1803.135484 318.990051
1803.959393 306.361664
1804.783303 253.597351
1805.607213 166.178619
1806.431123 203.777100
1807.255032 230.021820
1808.078942 173.241425
1808.902852 205.253723
1809.726762 158.684967
1810.550671 142.993896
1811.374581 269.171661
1812.198491 224.266541
1813.022401 188.756531
1813.846310 222.891022
1814.670220 135.335449
1815.494130 173.760406
1816.318040 207.170288
1817.141950 190.865509
1817.965859 202.976654
1818.789769 217.962952
1819.613679 194.522247
1820.437589 197.884644
1821.261498 157.208405
1822.085408 103.575684
1822.909318 155.429565
1823.733228 146.960114
1824.557137 110.979736
1825.381047 157.621307
1826.204957 144.685852
1827.028867 114.738251
1827.852776 138.210541
1828.676686 126.210693
1829.500596 154.350555
1830.324506 132.536743
1831.148416 134.443756
1831.972325 100.213074
1832.796235 92.663757
1833.620145 138.141876
1834.444055 122.075562
1835.267964 55.647003
1836.091874 125.117065
1836.915784 110.684906
1837.739694 76.884125
1838.563603 108.469482
1839.387513 131.103424
1840.211423 79.429810
1841.035333 63.532623
1841.859242 31.950806
1842.683152 101.347534
1843.507062 150.180389
1844.330972 58.890747
1845.154881 50.169769
1845.978791 71.940125
1846.802701 59.088715
1847.626611 44.939240
1848.450521 31.199524
1849.274430 28.588104
1850.098340 6.812988
1850.922250 26.469513
1851.746160 25.292969
1852.570069 13.170776
1853.393979 11.677399
1854.217889 8.495056
1855.041799 14.495331
1855.865708 18.838318
1856.689618 -19.936829
1857.513528 18.359283
1858.337438 37.164734
1859.161347 24.390472
1859.985257 55.777039
1860.809167 17.039337
1861.633077 40.340210
1862.456987 20.562317
1863.280896 8.427521
1864.104806 33.936890
1864.928716 32.519073
1865.752626 -39.728546
1866.576535 -1.114990
1867.400445 42.691498
1868.224355 13.943115
1869.048265 11.945160
1869.872174 66.026733
1870.696084 9.793060
1871.519994 48.848511
1872.343904 0.852600
1873.167813 -6.903748
1873.991723 5.091797
1874.815633 -14.763550
1875.639543 18.918640
1876.463453 -34.080139
1877.287362 -34.979218
1878.111272 -22.640045
1878.935182 5.237762
1879.759092 -23.861237
1880.583001 8.098114
1881.406911 -18.561493
1882.230821 -16.793457
1883.054731 -26.297546
1883.878640 -54.519012
1884.702550 -15.835388
1885.526460 -41.350494
1886.350370 5.870819
1887.174279 17.442383
1887.998189 43.137878
1888.822099 17.369232
1889.646009 -15.345673
1890.469918 -34.942627
1891.293828 -10.910797
1892.117738 -17.742920
1892.941648 -40.536316
1893.765558 -54.468231
1894.589467 -20.013855
1895.413377 20.247742
1896.237287 8.456146
1897.061197 47.579529
1897.885106 -8.497772
1898.709016 -51.907043
1899.532926 -41.385590
1900.356836 -31.363403
1901.180745 2.639832
1902.004655 7.835968
1902.828565 -69.386047
1903.652475 34.650146
1904.476384 15.641754
1905.300294 16.625610
1906.124204 -13.463440
1906.948114 -26.703766
1907.772024 -13.948517
1908.595933 -25.311523
1909.419843 -53.958160
1910.243753 -18.242188
1911.067663 3.238831
1911.891572 -19.011353
1912.715482 39.191132
1913.539392 14.665039
1914.363302 -15.433533
1915.187211 -44.867157
1916.011121 -14.625366
1916.835031 -29.045990
1917.658941 14.519287
1918.482850 -10.033691
1919.306760 2.629456
1920.130670 21.753510
1920.954580 -8.317780
1921.778490 -3.067993
1922.602399 13.857941
1923.426309 39.076904
1924.250219 1.159943
1925.074129 -4.481842
1925.898038 26.313995
1926.721948 -11.665131
1927.545858 20.922913
1928.369768 50.044037
1929.193677 44.698975
1930.017587 41.724823
1930.841497 27.238708
1931.665407 39.824493
1932.489316 36.268829
1933.313226 8.284912
1934.137136 100.519501
1934.961046 26.998291
1935.784955 35.928192
1936.608865 31.433350
1937.432775 60.946167
1938.256685 15.749359
1939.080595 60.301636
1939.904504 0.130341
1940.728414 24.927063
1941.552324 2.776276
1942.376234 31.253754
1943.200143 -36.323334
1944.024053 24.859406
1944.847963 33.380249
1945.671873 45.944733
1946.495782 41.166931
1947.319692 -18.630951
1948.143602 -4.296143
1948.967512 16.088867
1949.791421 24.206268
1950.615331 55.128540
1951.439241 9.440094
1952.263151 -3.651428
1953.087061 -24.119171
1953.910970 -13.862549
1954.734880 12.509338
1955.558790 -12.074951
1956.382700 45.958008
1957.206609 0.000000
1958.030519 13.562836
1958.854429 55.356537
1959.678339 64.105957
1960.502248 -32.225128
1961.326158 -21.564301
1962.150068 -41.906372
1962.973978 24.721344
1963.797887 36.536194
1964.621797 39.442566
1965.445707 17.070313
1966.269617 51.107086
1967.093526 33.407440
1967.917436 26.457001
1968.741346 30.136597
1969.565256 2.159973
1970.389166 -11.964111
1971.213075 -0.476074
1972.036985 31.720612
1972.860895 0.518372
1973.684805 7.432373
1974.508714 23.033203
1975.332624 -10.034912
1976.156534 51.515533
1976.980444 66.706299
1977.804353 63.691101
1978.628263 52.583862
1979.452173 64.316986
1980.276083 68.883575
1981.099992 -65.241577
1981.923902 38.219910
1982.747812 -35.590057
1983.571722 10.540192
1984.395632 -3.242920
1985.219541 46.958527
1986.043451 76.514771
1986.867361 41.670654
1987.691271 32.252655
1988.515180 0.377472
1989.339090 -34.235809
1990.163000 -14.080658
1990.986910 -13.123901
1991.810819 3.832886
1992.634729 8.860992
1993.458639 30.325958
1994.282549 44.809021
1995.106458 30.731262
1995.930368 40.539978
1996.754278 5.268768
1997.578188 -17.042969
1998.402098 0.618683
1999.226007 48.914063
2000.049917 -14.496857
2000.873827 3.898041
2001.697737 -62.375458
2002.521646 5.330841
2003.345556 -15.965942
2004.169466 -45.786469
2004.993376 -20.251648
2005.817285 3.821075
2006.641195 -25.696503
2007.465105 2.250946
2008.289015 30.209656
2009.112924 23.039063
2009.936834 17.875458
2010.760744 -11.718658
2011.584654 29.798737
2012.408563 8.710022
2013.232473 -13.817017
2014.056383 -20.811432
2014.880293 32.221344
2015.704203 15.600128
2016.528112 -65.893311
2017.352022 -18.475159
2018.175932 20.246307
2018.999842 21.636871
2019.823751 35.309784
2020.647661 7.638550
2021.471571 -33.615784
2022.295481 -21.192078
2023.119390 -15.476196
2023.943300 -33.401367
2024.767210 -26.359344
2025.591120 1.815735
2026.415029 -6.144623
2027.238939 -37.535889
2028.062849 -18.572144
2028.886759 0.457367
2029.710669 35.821655
2030.534578 -47.212128
2031.358488 -0.835358
2032.182398 24.856812
2033.006308 29.293976
2033.830217 -12.574371
2034.654127 -33.878418
2035.478037 -3.978577
2036.301947 -11.288147
2037.125856 -15.033478
2037.949766 6.362000
2038.773676 -6.094147
2039.597586 -7.999878
2040.421495 -9.836304
2041.245405 12.873016
2042.069315 -13.678833
2042.893225 9.743622
2043.717135 -16.048004
2044.541044 -54.032684
2045.364954 -55.620789
2046.188864 -39.261444
2047.012774 48.708496
2047.836683 12.750275
2048.660593 -58.532532
2049.484503 -51.437683
2050.308413 -15.593719
2051.132322 -13.094574
2051.956232 -48.597290
2052.780142 -19.527252
2053.604052 -8.023193
2054.427961 -34.428894
2055.251871 -75.905731
2056.075781 -61.205109
2056.899691 17.804413
2057.723600 -49.836090
2058.547510 -17.166412
2059.371420 -17.433319
2060.195330 -33.681885
2061.019240 -43.402893
2061.843149 -11.920776
2062.667059 -31.056976
2063.490969 -25.333038
2064.314879 -41.885254
2065.138788 -38.106567
2065.962698 -17.055084
2066.786608 -14.931610
2067.610518 -25.703522
2068.434427 2.343506
2069.258337 4.456421
2070.082247 3.003967
2070.906157 -22.130646
2071.730066 -43.508514
2072.553976 -64.765045
2073.377886 -31.293610
2074.201796 -27.601929
2075.025706 -33.263153
2075.849615 -27.290070
2076.673525 8.892670
2077.497435 -9.184204
2078.321345 7.841797
2079.145254 -1.080963
2079.969164 -52.533081
2080.793074 -24.573395
2081.616984 -27.411682
2082.440893 -15.439636
2083.264803 -4.255737
2084.088713 -8.409851
2084.912623 -20.944031
2085.736532 -60.408813
2086.560442 -24.046539
2087.384352 7.419189
2088.208262 -5.299866
2089.032172 -21.361053
2089.856081 -49.310699
2090.679991 0.683838
2091.503901 -5.448395
2092.327811 -4.579681
2093.151720 28.630768
2093.975630 16.825592
2094.799540 -28.064301
2095.623450 -0.525940
2096.447359 10.747040
2097.271269 8.078827
2098.095179 11.227356
2098.919089 -40.903290
2099.742998 -5.632080
2100.566908 6.188812
2101.390818 -56.507904
2102.214728 -27.023987
2103.038637 -8.198517
2103.862547 -39.407745
2104.686457 -24.825500
2105.510367 -21.232971
2106.334277 -29.567200
2107.158186 -27.433716
2107.982096 1.183228
2108.806006 3.664734
2109.629916 17.419586
2110.453825 -38.259491
2111.277735 3.976776
2112.101645 -36.126984
2112.925555 -27.843750
2113.749464 -0.594391
2114.573374 34.049561
2115.397284 -26.280975
2116.221194 -10.425232
2117.045103 13.565247
2117.869013 -3.141510
2118.692923 20.777924
2119.516833 -16.992065
2120.340743 23.216125
2121.164652 16.749878
2121.988562 -3.813995
2122.812472 -14.382690
2123.636382 -26.595978
2124.460291 29.403229
2125.284201 -33.262146
2126.108111 -34.177094
2126.932021 -26.641479
2127.755930 1.852936
2128.579840 -21.161682
2129.403750 -84.725220
2130.227660 -36.167786
2131.051569 21.450745
2131.875479 -0.074677
2132.699389 32.966736
2133.523299 -57.502960
2134.347209 2.472321
2135.171118 -6.348389
2135.995028 13.777161
2136.818938 -1.182617
2137.642848 -14.560547
2138.466757 -12.219971
2139.290667 21.679321
2140.114577 24.102020
2140.938487 29.601044
2141.762396 21.016296
2142.586306 9.890472
2143.410216 -24.936035
2144.234126 -1.364594
2145.058035 -44.117767
2145.881945 11.195099
2146.705855 6.658722
2147.529765 4.918243
2148.353674 0.005707
2149.177584 0.696899
2150.001494 -0.413330
2150.825404 -10.746338
2151.649314 -38.611481
2152.473223 -9.084015
2153.297133 11.271576
2154.121043 52.469269
2154.944953 -4.441528
2155.768862 -0.791565
2156.592772 -53.674866
2157.416682 -9.175201
2158.240592 19.019592
2159.064501 0.114716
2159.888411 -55.205536
2160.712321 -60.841248
2161.536231 -2.584106
2162.360140 22.558441
2163.184050 -4.730652
2164.007960 -20.040436
2164.831870 -61.752014
2165.655780 -21.581512
2166.479689 -38.007507
2167.303599 -2.530151
2168.127509 -27.296356
2168.951419 -7.321869
2169.775328 -0.703522
2170.599238 20.130310
2171.423148 3.202423
2172.247058 -38.938751
2173.070967 -20.161865
2173.894877 -33.434906
2174.718787 9.108887
2175.542697 3.937561
2176.366606 -7.740082
2177.190516 -26.557098
2178.014426 -13.483215
2178.838336 -18.712830
2179.662246 -12.731079
2180.486155 8.821716
2181.310065 -4.263763
2182.133975 -0.880920
2182.957885 -78.974976
2183.781794 15.636902
2184.605704 22.358459
2185.429614 -8.274353
2186.253524 -27.146484
2187.077433 26.628418
2187.901343 18.781494
2188.725253 -21.755859
2189.549163 7.040680
2190.373072 -29.006622
2191.196982 21.564423
2192.020892 45.425598
2192.844802 22.957214
2193.668711 7.021027
2194.492621 11.008331
2195.316531 12.214661
2196.140441 -25.697540
2196.964351 -13.748688
2197.788260 -11.835846
2198.612170 -17.851440
2199.436080 -29.708405
2200.259990 40.003754
2201.083899 22.777283
2201.907809 27.426727
2202.731719 0.870911
2203.555629 14.419922
2204.379538 22.573700
2205.203448 -18.979401
2206.027358 6.067627
2206.851268 29.406982
2207.675177 -16.339355
2208.499087 -25.856079
2209.322997 -32.670624
2210.146907 91.914856
2210.970817 38.700470
2211.794726 45.703369
2212.618636 20.122528
2213.442546 6.093353
2214.266456 -10.074219
2215.090365 23.584961
2215.914275 25.838104
2216.738185 27.299774
2217.562095 -34.468842
2218.386004 24.068359
2219.209914 8.067657
2220.033824 60.557678
2220.857734 31.745392
2221.681643 53.334656
2222.505553 50.798035
2223.329463 32.673920
2224.153373 27.176483
2224.977282 46.021118
2225.801192 -16.444794
2226.625102 46.058716
2227.449012 114.481476
2228.272922 19.876282
2229.096831 20.665192
2229.920741 33.729279
2230.744651 20.536072
2231.568561 53.096039
2232.392470 53.191711
2233.216380 45.896271
2234.040290 -18.871948
2234.864200 37.436707
2235.688109 -4.842773
2236.512019 30.773376
2237.335929 -18.277130
2238.159839 2.194702
2238.983748 37.650513
2239.807658 46.117065
2240.631568 21.558136
2241.455478 17.549866
2242.279388 11.042511
2243.103297 39.439850
2243.927207 63.890259
2244.751117 23.320129
2245.575027 21.237854
2246.398936 13.628723
2247.222846 24.306610
2248.046756 10.318420
2248.870666 0.000000
2249.694575 32.671356
2250.518485 26.639771
2251.342395 24.285980
2252.166305 23.819977
2252.990214 14.227905
2253.814124 6.013275
2254.638034 -8.034058
2255.461944 15.632385
2256.285854 55.725861
2257.109763 30.983643
2257.933673 -35.328186
2258.757583 27.429810
2259.581493 13.050812
2260.405402 -12.847443
2261.229312 16.721893
2262.053222 28.640228
2262.877132 21.306274
2263.701041 -2.112549
2264.524951 26.256744
2265.348861 54.482727
2266.172771 38.389343
2266.996680 50.192627
2267.820590 27.789673
2268.644500 -2.368866
2269.468410 43.337128
2270.292319 -12.403839
2271.116229 8.580139
2271.940139 12.886658
2272.764049 4.335541
2273.587959 -9.502045
2274.411868 8.824097
2275.235778 53.986084
2276.059688 32.086731
2276.883598 46.627319
2277.707507 24.983704
2278.531417 24.679993
2279.355327 24.764862
2280.179237 6.176086
2281.003146 45.428589
2281.827056 -56.627258
2282.650966 28.523346
2283.474876 43.365906
2284.298785 -11.670502
2285.122695 17.062744
2285.946605 12.585449
2286.770515 -2.554230
2287.594425 16.654144
2288.418334 17.738129
2289.242244 11.312225
2290.066154 15.006836
2290.890064 -6.484802
2291.713973 7.612732
2292.537883 6.606903
2293.361793 -4.940308
2294.185703 30.030457
2295.009612 5.439545
2295.833522 24.269806
2296.657432 -19.381958
2297.481342 0.776520
2298.305251 26.641418
2299.129161 5.037872
2299.953071 -45.934723
2300.776981 -16.753540
2301.600891 20.050354
2302.424800 35.361084
2303.248710 49.747681
2304.072620 0.514618
2304.896530 -21.894470
2305.720439 24.509369
2306.544349 37.896637
2307.368259 19.096405
2308.192169 1.217194
2309.016078 0.073669
2309.839988 47.886536
2310.663898 -22.524597
2311.487808 -53.379517
2312.311717 -22.838928
2313.135627 -2.906738
2313.959537 28.772186
2314.783447 31.168457
2315.607356 47.987305
2316.431266 45.943756
2317.255176 1.868835
2318.079086 10.445099
2318.902996 43.458771
2319.726905 -10.434387
2320.550815 -17.454407
2321.374725 -32.048767
2322.198635 -22.451050
2323.022544 11.113495
2323.846454 -5.661072
2324.670364 68.454865
2325.494274 23.830444
2326.318183 4.481232
2327.142093 10.026306
2327.966003 -15.348236
2328.789913 -24.610291
2329.613822 63.065033
2330.437732 52.018311
2331.261642 -29.916443
2332.085552 23.169983
2332.909462 -30.917816
2333.733371 1.912567
2334.557281 0.333954
2335.381191 15.764343
2336.205101 -26.259460
2337.029010 -16.904297
2337.852920 -55.246643
2338.676830 -42.245453
2339.500740 -42.786407
2340.324649 -5.396515
2341.148559 -9.261719
2341.972469 -1.686737
2342.796379 -26.888702
2343.620288 11.698120
2344.444198 -15.638184
2345.268108 1.159485
2346.092018 11.508759
2346.915928 -0.280731
2347.739837 -10.533051
2348.563747 -30.602081
2349.387657 -13.881165
2350.211567 -20.993378
2351.035476 -15.018860
2351.859386 -2.063843
2352.683296 -8.223907
2353.507206 19.508972
2354.331115 14.049805
2355.155025 -46.311890
2355.978935 -3.586548
2356.802845 28.886932
2357.626754 8.299408
2358.450664 -5.446106
2359.274574 2.978607
2360.098484 15.736847
2360.922393 -0.460388
2361.746303 22.743256
2362.570213 -3.795929
2363.394123 5.249908
2364.218033 -36.080475
2365.041942 -57.397919
2365.865852 -52.803894
2366.689762 -34.366913
2367.513672 4.585632
2368.337581 29.538208
2369.161491 -62.263550
2369.985401 -15.450836
2370.809311 11.609436
2371.633220 16.088593
2372.457130 7.674286
2373.281040 -0.452820
2374.104950 -36.225494
2374.928859 -20.678558
2375.752769 41.905243
2376.576679 -18.202698
2377.400589 -13.460938
2378.224499 9.651886
2379.048408 38.806335
2379.872318 12.446777
2380.696228 57.697357
2381.520138 22.922638
2382.344047 -32.889282
2383.167957 -21.661865
2383.991867 -15.290802
2384.815777 -1.015045
2385.639686 -31.162598
2386.463596 -23.436310
2387.287506 -8.229858
2388.111416 -15.998016
2388.935325 -3.345428
2389.759235 -9.285339
2390.583145 -23.802704
2391.407055 -30.684357
2392.230965 -12.902588
2393.054874 10.416504
2393.878784 -31.002441
2394.702694 -27.217712
2395.526604 -41.278900
2396.350513 38.742554
2397.174423 1.517487
2397.998333 -18.830292
2398.822243 -21.125092
2399.646152 -23.016907
2400.470062 0.966309
2401.293972 -0.031006
2402.117882 -31.966705
2402.941791 -16.406952
2403.765701 -38.159637
2404.589611 1.935669
2405.413521 -15.384766
2406.237430 15.515106
2407.061340 -5.363831
2407.885250 -1.275940
2408.709160 4.703552
2409.533070 -4.284149
2410.356979 -0.521027
2411.180889 25.867798
2412.004799 -57.853302
2412.828709 -5.546173
2413.652618 8.485016
2414.476528 29.318390
2415.300438 -30.989197
2416.124348 -36.560211
2416.948257 -9.356506
2417.772167 11.400696
2418.596077 -2.241486
2419.419987 -20.205261
2420.243896 15.968842
2421.067806 -26.855011
2421.891716 -37.576477
2422.715626 25.601196
2423.539536 -27.686035
2424.363445 -2.154602
2425.187355 1.829681
2426.011265 0.540192
2426.835175 -1.949066
2427.659084 15.984924
2428.482994 -24.890778
2429.306904 -14.764587
2430.130814 -11.888458
2430.954723 4.498596
2431.778633 -33.788666
2432.602543 6.523315
2433.426453 -9.369385
2434.250362 -19.720917
2435.074272 -25.526062
2435.898182 -21.323853
2436.722092 -32.550812
2437.546002 -1.774353
2438.369911 -7.052490
2439.193821 -57.959229
2440.017731 7.141418
2440.841641 -7.257294
2441.665550 -33.237854
2442.489460 -19.688690
2443.313370 18.025360
2444.137280 -27.110565
2444.961189 -44.170319
2445.785099 -8.243164
2446.609009 -7.735382
2447.432919 -19.476685
2448.256828 -37.480988
2449.080738 -12.180359
2449.904648 -50.913788
2450.728558 -37.186005
2451.552467 -32.856628
2452.376377 -0.573944
2453.200287 -20.832336
2454.024197 -43.131195
2454.848107 -25.909760
2455.672016 -22.888672
2456.495926 -32.314301
2457.319836 -25.351196
2458.143746 16.604614
2458.967655 1.824036
2459.791565 23.853119
2460.615475 3.927307
2461.439385 11.291534
2462.263294 33.783081
2463.087204 8.166473
2463.911114 -20.492950
2464.735024 6.334534
2465.558933 -45.967957
2466.382843 5.338531
2467.206753 -13.358887
2468.030663 -9.905975
2468.854573 -32.777252
2469.678482 3.435211
2470.502392 17.864716
2471.326302 9.358063
2472.150212 -29.196381
2472.974121 -33.376587
2473.798031 7.549988
2474.621941 -13.412872
2475.445851 -15.513489
2476.269760 1.864563
2477.093670 2.524689
2477.917580 8.356323
2478.741490 -2.215973
2479.565399 -23.967957
2480.389309 -34.678619
2481.213219 16.516754
2482.037129 23.015991
2482.861038 -15.671356
2483.684948 -42.216125
2484.508858 52.840637
2485.332768 59.793030
2486.156678 61.997009
2486.980587 1.020905
2487.804497 -4.251282
2488.628407 7.384979
2489.452317 38.200348
2490.276226 -9.766296
2491.100136 16.011017
2491.924046 23.664093
2492.747956 8.212280
2493.571865 -12.330627
2494.395775 -21.242798
2495.219685 23.151581
2496.043595 17.070404
2496.867504 14.837280
2497.691414 -2.348907
2498.515324 24.815674
2499.339234 19.279449
2500.163144 -1.966949
2500.987053 22.062744
2501.810963 31.977600
2502.634873 20.500183
2503.458783 1.145660
2504.282692 18.526581
2505.106602 49.399017
2505.930512 29.183136
2506.754422 32.363892
2507.578331 4.183746
2508.402241 -1.563324
2509.226151 6.943329
2510.050061 41.254517
2510.873970 35.483032
2511.697880 21.331696
2512.521790 6.942810
2513.345700 13.606293
2514.169610 40.014282
2514.993519 6.528656
2515.817429 34.060333
2516.641339 0.676758
2517.465249 -8.358521
2518.289158 -25.169220
2519.113068 34.130768
2519.936978 -6.645386
2520.760888 64.081879
2521.584797 39.330536
2522.408707 35.147675
2523.232617 16.484406
2524.056527 -13.662842
2524.880436 11.912598
2525.704346 2.014984
2526.528256 5.123352
2527.352166 -0.446594
2528.176075 21.407043
2528.999985 -14.265747
2529.823895 -3.338989
2530.647805 -11.432312
2531.471715 -5.667236
2532.295624 -13.377655
2533.119534 -11.118713
2533.943444 32.576263
2534.767354 29.931305
2535.591263 18.443054
2536.415173 19.806946
2537.239083 -9.742737
2538.062993 12.581177
2538.886902 -2.429810
2539.710812 35.196259
2540.534722 21.490173
2541.358632 21.780426
2542.182541 27.452454
2543.006451 -7.111938
2543.830361 28.986053
2544.654271 59.855377
2545.478181 41.881317
2546.302090 -38.687836
2547.126000 -2.162659
2547.949910 84.396423
2548.773820 18.774597
2549.597729 5.053925
2550.421639 6.180359
2551.245549 45.994507
2552.069459 18.521576
2552.893368 27.389832
2553.717278 13.167297
2554.541188 21.491730
2555.365098 48.130890
2556.189007 63.521820
2557.012917 81.020294
2557.836827 64.838104
2558.660737 57.614960
2559.484647 33.358551
2560.308556 50.622925
2561.132466 24.351776
2561.956376 36.682526
2562.780286 79.273651
2563.604195 12.369415
2564.428105 33.145050
2565.252015 36.596222
2566.075925 23.303741
2566.899834 25.912903
2567.723744 53.392578
2568.547654 66.978363
2569.371564 20.720856
2570.195473 51.754761
2571.019383 17.318359
2571.843293 46.766724
2572.667203 80.308472
2573.491112 84.166260
2574.315022 78.956879
2575.138932 23.346130
2575.962842 61.325836
2576.786752 34.590759
2577.610661 72.783081
2578.434571 54.104919
2579.258481 3.395966
2580.082391 31.645050
2580.906300 26.341125
2581.730210 16.246857
2582.554120 53.619812
2583.378030 30.643341
2584.201939 105.861969
2585.025849 83.551849
2585.849759 96.085358
2586.673669 55.735046
2587.497578 78.566895
2588.321488 65.236572
2589.145398 45.094818
2589.969308 62.168976
2590.793218 72.466766
2591.617127 122.076172
2592.441037 78.316986
2593.264947 75.168304
2594.088857 71.461151
2594.912766 76.664948
2595.736676 66.478729
2596.560586 61.588806
2597.384496 127.059113
2598.208405 154.577209
2599.032315 129.528992
2599.856225 134.145172
2600.680135 187.023254
2601.504044 85.052887
2602.327954 112.611389
2603.151864 139.673309
2603.975774 155.095367
2604.799684 113.973206
2605.623593 149.569458
2606.447503 125.041687
2607.271413 135.291992
2608.095323 88.395233
2608.919232 137.992767
2609.743142 139.774658
2610.567052 146.169098
2611.390962 158.740173
2612.214871 136.643036
2613.038781 172.225189
2613.862691 161.539001
2614.686601 134.283173
2615.510510 138.005066
2616.334420 180.954132
2617.158330 166.172638
2617.982240 160.564423
2618.806149 132.847168
2619.630059 147.021454
2620.453969 129.162201
2621.277879 139.833466
2622.101789 169.399170
2622.925698 146.706299
2623.749608 170.487946
2624.573518 117.007568
2625.397428 129.794098
2626.221337 141.610107
2627.045247 130.741943
2627.869157 105.146118
2628.693067 76.490570
2629.516976 106.618042
2630.340886 208.905365
2631.164796 117.579926
2631.988706 129.970520
2632.812615 113.037994
2633.636525 112.728088
2634.460435 84.933502
2635.284345 80.237000
2636.108255 87.507813
2636.932164 41.369141
2637.756074 48.470490
2638.579984 66.323608
2639.403894 62.512726
2640.227803 64.390930
2641.051713 53.350128
2641.875623 75.326691
2642.699533 65.756989
2643.523442 41.653168
2644.347352 30.494232
2645.171262 15.787872
2645.995172 38.261139
2646.819081 44.260498
2647.642991 28.040802
2648.466901 49.511292
2649.290811 44.857635
2650.114721 10.191010
2650.938630 38.919373
2651.762540 -9.086548
2652.586450 23.848999
2653.410360 42.796204
2654.234269 28.133026
2655.058179 16.243408
2655.882089 -12.505280
2656.705999 -27.559601
2657.529908 14.301056
2658.353818 -4.530884
2659.177728 -7.193268
2660.001638 -8.666931
2660.825547 -37.891815
2661.649457 33.866943
2662.473367 -70.627991
2663.297277 -14.026001
2664.121186 1.591644
2664.945096 29.835022
2665.769006 3.942535
2666.592916 -7.449585
2667.416826 -45.825195
2668.240735 -8.513275
2669.064645 -37.686188
2669.888555 -21.240784
2670.712465 17.350647
2671.536374 0.255646
2672.360284 -24.870270
2673.184194 6.074066
2674.008104 10.272552
2674.832013 -14.847198
2675.655923 5.380798
2676.479833 13.815796
2677.303743 -2.447510
2678.127652 5.286774
2678.951562 12.598999
2679.775472 -38.965759
2680.599382 -15.528351
2681.423292 -24.011536
2682.247201 2.949280
2683.071111 9.003845
2683.895021 -18.344910
2684.718931 5.381195
2685.542840 5.217896
2686.366750 16.104156
2687.190660 4.666962
2688.014570 -10.067322
2688.838479 12.599823
2689.662389 20.611938
2690.486299 51.709167
2691.310209 16.092621
2692.134118 -23.650391
2692.958028 15.319855
2693.781938 -36.440857
2694.605848 -36.208405
2695.429758 37.582489
2696.253667 37.945190
2697.077577 54.697601
2697.901487 12.038544
2698.725397 -9.917725
2699.549306 39.479767
2700.373216 -1.660767
2701.197126 19.629791
2702.021036 -38.708710
2702.844945 31.422852
2703.668855 24.559174
2704.492765 26.688416
2705.316675 38.965973
2706.140584 2.932983
2706.964494 52.552002
2707.788404 -14.131470
2708.612314 -7.363739
2709.436223 12.866577
2710.260133 -27.058990
2711.084043 4.634338
2711.907953 -7.984009
2712.731863 8.183990
2713.555772 56.054047
2714.379682 75.334961
2715.203592 -19.245667
2716.027502 19.565887
2716.851411 10.128784
2717.675321 49.621490
2718.499231 -10.497528
2719.323141 38.230804
2720.147050 20.282318
2720.970960 -20.153412
2721.794870 30.263397
2722.618780 6.470886
2723.442689 22.250366
2724.266599 -28.740204
2725.090509 64.881409
2725.914419 -39.257721
2726.738329 25.924622
2727.562238 -21.134735
2728.386148 42.336395
2729.210058 53.405182
2730.033968 58.206696
2730.857877 42.932617
2731.681787 -6.849548
2732.505697 43.514099
2733.329607 23.738800
2734.153516 23.164886
2734.977426 -3.804260
2735.801336 50.245697
2736.625246 58.416748
2737.449155 10.862640
2738.273065 -9.199646
2739.096975 44.817047
2739.920885 34.560028
2740.744794 -6.033142
2741.568704 -12.132446
2742.392614 -5.103912
2743.216524 0.000000
2744.040434 28.898895
2744.864343 13.370941
2745.688253 -15.458405
2746.512163 -8.930969
2747.336073 20.284149
2748.159982 34.388733
2748.983892 63.733185
2749.807802 34.961945
2750.631712 18.331024
2751.455621 7.514526
2752.279531 5.108582
2753.103441 -15.920074
2753.927351 1.613281
2754.751260 26.875122
2755.575170 51.897583
2756.399080 63.945404
2757.222990 22.343048
2758.046900 -5.971161
2758.870809 2.847992
2759.694719 33.631866
2760.518629 7.624603
2761.342539 18.637054
2762.166448 38.229340
2762.990358 14.419495
2763.814268 43.808746
2764.638178 -0.480560
2765.462087 3.919037
2766.285997 -35.447296
2767.109907 85.612549
2767.933817 19.274719
2768.757726 14.173126
2769.581636 -20.796387
2770.405546 27.532532
2771.229456 -51.784973
2772.053366 16.993622
2772.877275 13.416595
2773.701185 15.511444
2774.525095 30.859344
2775.349005 54.780823
2776.172914 96.876404
2776.996824 59.274139
2777.820734 91.088348
2778.644644 66.593109
2779.468553 7.904999
2780.292463 -2.082489
2781.116373 46.332550
2781.940283 67.433746
2782.764192 93.998901
2783.588102 79.015686
2784.412012 78.739075
2785.235922 92.760590
2786.059831 88.280243
2786.883741 83.797394
2787.707651 86.613190
2788.531561 84.434723
2789.355471 82.026947
2790.179380 40.675385
2791.003290 84.623108
2791.827200 62.901245
2792.651110 100.382874
2793.475019 97.756531
2794.298929 54.072205
2795.122839 25.883850
2795.946749 63.356659
2796.770658 107.342102
2797.594568 99.824249
2798.418478 25.631958
2799.242388 18.959625
2800.066297 55.208649
2800.890207 24.345520
2801.714117 56.757050
2802.538027 55.775909
2803.361937 24.759430
2804.185846 120.898193
2805.009756 63.840363
2805.833666 45.226624
2806.657576 107.772644
2807.481485 46.061890
2808.305395 62.144897
2809.129305 19.710815
2809.953215 53.988281
2810.777124 36.598450
2811.601034 -9.909302
2812.424944 43.442474
2813.248854 53.098114
2814.072763 41.214325
2814.896673 47.512787
2815.720583 31.959534
2816.544493 65.312469
2817.368403 23.415680
2818.192312 26.795319
2819.016222 59.784668
2819.840132 39.571350
2820.664042 18.379211
2821.487951 -16.358856
2822.311861 30.782349
2823.135771 14.481689
2823.959681 -20.591461
2824.783590 -1.578949
2825.607500 -4.545135
2826.431410 -28.710571
2827.255320 18.195465
2828.079229 15.633820
2828.903139 36.577362
2829.727049 16.308563
2830.550959 12.269470
2831.374868 34.202972
2832.198778 12.819305
2833.022688 25.527618
2833.846598 95.578430
2834.670508 12.348083
2835.494417 -2.678284
2836.318327 24.243774
2837.142237 13.929932
2837.966147 0.615784
2838.790056 24.969910
2839.613966 3.025604
2840.437876 35.287567
2841.261786 20.978790
2842.085695 0.759247
2842.909605 -40.986542
2843.733515 -41.788818
2844.557425 26.143127
2845.381334 24.670868
2846.205244 -27.475769
2847.029154 -38.487305
2847.853064 -33.411713
2848.676974 9.363098
2849.500883 -37.296600
2850.324793 -7.761902
2851.148703 6.148315
2851.972613 15.322266
2852.796522 33.764435
2853.620432 -24.033478
2854.444342 -7.706635
2855.268252 33.969147
2856.092161 9.900604
2856.916071 73.056763
2857.739981 -4.738770
2858.563891 27.850616
2859.387800 21.877167
2860.211710 15.908417
2861.035620 29.374573
2861.859530 31.938446
2862.683440 5.808807
2863.507349 36.459076
2864.331259 43.693726
2865.155169 62.269958
2865.979079 21.759125
2866.802988 11.655762
2867.626898 72.548065
2868.450808 68.638000
2869.274718 43.982300
2870.098627 50.542633
2870.922537 44.050964
2871.746447 56.128723
2872.570357 57.989197
2873.394266 57.311493
2874.218176 110.712189
2875.042086 80.053345
2875.865996 112.987915
2876.689905 97.954895
2877.513815 152.709808
2878.337725 131.634033
2879.161635 128.048431
2879.985545 149.387360
2880.809454 125.688538
2881.633364 180.297028
2882.457274 188.405518
2883.281184 188.190033
2884.105093 169.066895
2884.929003 223.542145
2885.752913 231.273926
2886.576823 231.305847
2887.400732 209.836151
2888.224642 196.885498
2889.048552 239.614655
2889.872462 286.622833
2890.696371 218.065918
2891.520281 292.855194
2892.344191 327.725647
2893.168101 193.221344
2893.992011 231.297974
2894.815920 292.053741
2895.639830 306.661591
2896.463740 253.727325
2897.287650 258.663696
2898.111559 215.136993
2898.935469 305.897675
2899.759379 237.337616
2900.583289 252.170685
2901.407198 276.670227
2902.231108 239.920105
2903.055018 202.543030
2903.878928 196.253845
2904.702837 300.357758
2905.526747 203.227112
2906.350657 216.165924
2907.174567 220.758484
2907.998477 185.215698
2908.822386 167.921387
2909.646296 199.812164
2910.470206 211.748688
2911.294116 250.742401
2912.118025 209.358368
2912.941935 225.858887
2913.765845 175.145691
2914.589755 164.446716
2915.413664 116.120575
2916.237574 138.502869
2917.061484 169.853333
2917.885394 132.012390
2918.709303 169.604156
2919.533213 192.400146
2920.357123 181.351715
2921.181033 173.579407
2922.004942 142.427856
2922.828852 135.335602
2923.652762 126.936890
2924.476672 117.618774
2925.300582 168.592468
2926.124491 140.171387
2926.948401 156.630646
2927.772311 155.391937
2928.596221 171.105316
2929.420130 156.468536
2930.244040 204.069458
2931.067950 154.477234
2931.891860 197.381866
2932.715769 136.498962
2933.539679 171.296875
2934.363589 183.572693
2935.187499 186.410431
2936.011408 210.410797
2936.835318 257.960449
2937.659228 223.980042
2938.483138 260.370575
2939.307048 297.255646
2940.130957 311.092346
2940.954867 308.564697
2941.778777 360.125031
2942.602687 319.527557
2943.426596 419.118103
2944.250506 448.304932
2945.074416 488.630249
2945.898326 606.342224
2946.722235 586.831299
2947.546145 617.902344
2948.370055 699.645325
2949.193965 670.013000
2950.017874 804.771851
2950.841784 765.044189
2951.665694 828.561157
2952.489604 859.763062
2953.313514 1042.565552
2954.137423 968.869141
2954.961333 971.882935
2955.785243 1115.330933
2956.609153 1025.252075
2957.433062 1160.330444
2958.256972 1136.887573
2959.080882 1135.435547
2959.904792 1205.004150
2960.728701 1244.583252
2961.552611 1205.078003
2962.376521 1273.979858
2963.200431 1212.688354
2964.024340 1220.518311
2964.848250 1239.341309
2965.672160 1200.374512
2966.496070 1255.623779
2967.319979 1158.984863
2968.143889 1146.607910
2968.967799 1157.451660
2969.791709 1053.612793
2970.615619 1059.055298
2971.439528 1007.255554
2972.263438 843.690002
2973.087348 860.005005
2973.911258 889.862366
2974.735167 945.185608
2975.559077 788.441589
2976.382987 821.659973
2977.206897 800.377197
2978.030806 695.902588
2978.854716 768.868652
2979.678626 660.977783
2980.502536 626.133789
2981.326445 594.397461
2982.150355 604.945679
2982.974265 578.276123
2983.798175 532.245728
2984.622085 521.902588
2985.445994 621.580322
2986.269904 464.025879
2987.093814 462.465576
2987.917724 446.078369
2988.741633 459.733948
2989.565543 453.845093
2990.389453 470.050171
2991.213363 472.980225
2992.037272 401.121552
2992.861182 422.098724
2993.685092 434.585846
2994.509002 398.643372
2995.332911 383.883728
2996.156821 387.970367
2996.980731 425.063751
2997.804641 379.525635
2998.628550 412.925903
2999.452460 380.624176
3000.276370 373.255035
3001.100280 372.291534
3001.924190 388.175018
3002.748099 385.362091
3003.572009 403.097870
3004.395919 327.033264
3005.219829 389.098846
3006.043738 337.649353
3006.867648 328.359924
3007.691558 337.314423
3008.515468 281.240173
3009.339377 280.827667
3010.163287 257.860291
3010.987197 273.909454
3011.811107 262.047729
3012.635016 246.604767
3013.458926 228.446594
3014.282836 241.000763
3015.106746 179.419708
3015.930656 192.393188
3016.754565 180.129639
3017.578475 195.775208
3018.402385 182.721069
3019.226295 176.359497
3020.050204 230.979156
3020.874114 145.378448
3021.698024 198.841339
3022.521934 145.436981
3023.345843 204.675812
3024.169753 171.047089
3024.993663 180.347900
3025.817573 152.765167
3026.641482 155.065552
3027.465392 110.213867
3028.289302 144.618469
3029.113212 138.089661
3029.937122 134.441101
3030.761031 156.771606
3031.584941 176.267761
3032.408851 100.992493
3033.232761 105.425507
3034.056670 97.064728
3034.880580 118.593536
3035.704490 120.370117
3036.528400 80.377838
3037.352309 98.606415
3038.176219 32.843231
3039.000129 88.567841
3039.824039 123.294373
3040.647948 62.605865
3041.471858 83.708466
3042.295768 102.261536
3043.119678 52.689148
3043.943587 86.461731
3044.767497 50.216003
3045.591407 112.093719
3046.415317 91.346252
3047.239227 71.085175
3048.063136 69.207611
3048.887046 122.549652
3049.710956 71.190155
3050.534866 127.610992
3051.358775 81.519379
3052.182685 141.579590
3053.006595 151.644348
3053.830505 160.263092
3054.654414 123.119019
3055.478324 154.764740
3056.302234 162.176117
3057.126144 160.670532
3057.950053 126.392517
3058.773963 186.357941
3059.597873 179.798584
3060.421783 249.238037
3061.245693 270.850006
3062.069602 265.746552
3062.893512 289.781494
3063.717422 249.232452
3064.541332 374.998260
3065.365241 348.540314
3066.189151 352.357056
3067.013061 331.838562
3067.836971 373.810944
3068.660880 440.961243
3069.484790 461.918701
3070.308700 437.775177
3071.132610 529.226196
3071.956519 514.647705
3072.780429 527.857544
3073.604339 522.509583
3074.428249 558.429077
3075.252159 576.542847
3076.076068 672.910400
3076.899978 732.615845
3077.723888 794.075195
3078.547798 815.463623
3079.371707 802.280518
3080.195617 891.774658
3081.019527 892.534790
3081.843437 872.627258
3082.667346 958.727722
3083.491256 921.993652
3084.315166 900.297180
3085.139076 867.598328
3085.962985 896.786255
3086.786895 747.998901
3087.610805 819.474854
3088.434715 737.661621
3089.258624 716.502808
3090.082534 550.974609
3090.906444 580.382324
3091.730354 534.086304
3092.554264 504.620758
3093.378173 400.291656
3094.202083 345.352173
3095.025993 386.132751
3095.849903 319.913757
3096.673812 289.187042
3097.497722 289.683197
3098.321632 262.479797
3099.145542 193.381744
3099.969451 226.637085
3100.793361 281.668915
3101.617271 197.566650
3102.441181 181.570282
3103.265090 212.637146
3104.089000 164.785675
3104.912910 156.817841
3105.736820 169.145966
3106.560730 164.521729
3107.384639 121.480469
3108.208549 135.498016
3109.032459 145.448761
3109.856369 82.527222
3110.680278 92.804565
3111.504188 78.505920
3112.328098 140.565002
3113.152008 37.158966
3113.975917 83.630432
3114.799827 80.539246
3115.623737 40.503235
3116.447647 110.859955
3117.271556 86.435852
3118.095466 105.421539
3118.919376 68.965790
3119.743286 53.966217
3120.567196 57.420776
3121.391105 61.726776
3122.215015 45.537140
3123.038925 30.903778
3123.862835 61.700684
3124.686744 78.242981
3125.510654 24.079163
3126.334564 11.941193
3127.158474 64.264709
3127.982383 62.708984
3128.806293 51.725403
3129.630203 -9.120636
3130.454113 40.226257
3131.278022 41.322754
3132.101932 -26.846649
3132.925842 15.351746
3133.749752 1.741882
3134.573661 56.977356
3135.397571 74.004120
3136.221481 46.911346
3137.045391 34.061523
3137.869301 28.477417
3138.693210 -2.523621
3139.517120 25.038605
3140.341030 16.663208
3141.164940 35.114563
3141.988849 46.198944
3142.812759 19.172394
3143.636669 -0.640198
3144.460579 18.203735
3145.284488 -11.789703
3146.108398 42.570435
3146.932308 75.997528
3147.756218 -2.625702
3148.580127 21.931549
3149.404037 25.744385
3150.227947 49.723969
3151.051857 30.216309
3151.875767 67.838501
3152.699676 41.727600
3153.523586 33.653717
3154.347496 -30.575714
3155.171406 41.149414
3155.995315 -17.049408
3156.819225 -10.434296
3157.643135 -8.802307
3158.467045 11.793243
3159.290954 22.391754
3160.114864 18.476776
3160.938774 4.387238
3161.762684 -19.618225
3162.586593 12.494873
3163.410503 22.246307
3164.234413 43.432251
3165.058323 38.132813
3165.882233 97.316437
3166.706142 -10.370758
3167.530052 56.899963
3168.353962 14.298035
3169.177872 46.701111
3170.001781 3.122284
3170.825691 34.174286
3171.649601 47.165680
3172.473511 22.937408
3173.297420 -12.160065
3174.121330 31.216278
3174.945240 40.157318
3175.769150 4.532837
3176.593059 24.403351
3177.416969 -29.897339
3178.240879 3.216339
3179.064789 11.390350
3179.888698 15.996399
3180.712608 35.487457
3181.536518 44.440308
3182.360428 33.038940
3183.184338 37.824982
3184.008247 -1.230957
3184.832157 -2.671509
3185.656067 13.421326
3186.479977 -11.676361
3187.303886 22.188904
3188.127796 40.595581
3188.951706 8.165619
3189.775616 37.481659
3190.599525 -6.225708
3191.423435 -3.559814
3192.247345 14.533264
3193.071255 0.458099
3193.895164 -8.282562
3194.719074 11.709625
3195.542984 48.777222
3196.366894 4.154419
3197.190804 17.866882
3198.014713 -2.279633
3198.838623 0.000000
