143.781	50.7936
144.605	55.7266
145.429	64.4001
146.253	80.13
147.077	95.9771
147.901	104.438
148.725	109.329
149.549	121.675
150.372	136.17
151.196	153.877
152.02	177.844
152.844	230.215
153.668	271.013
154.492	297.251
155.316	330.462
156.14	370.927
156.964	417.82
157.788	476.654
158.612	561.508
159.436	668.899
160.259	768.276
161.083	863.173
161.907	979.589
162.731	1101.73
163.555	1218.38
164.379	1321.14
165.203	1419.82
166.027	1494.01
166.851	1553.84
167.675	1618.89
168.499	1668.8
169.322	1704.27
170.146	1725.1
170.97	1737.06
171.794	1760.88
172.618	1769.78
173.442	1765.38
174.266	1759.58
175.09	1716.34
175.914	1651.58
176.738	1574.67
177.562	1495.68
178.385	1423.04
179.209	1325.82
180.033	1205.16
180.857	1084.39
181.681	968.404
182.505	863.798
183.329	775.902
184.153	717.244
184.977	661.175
185.801	592.949
186.625	515.941
187.448	451.12
188.272	399.107
189.096	358.973
189.92	330.041
190.744	319.997
191.568	296.057
192.392	258.339
193.216	213.867
194.04	178.983
194.864	157.242
195.688	147.028
196.511	141.128
197.335	138.535
198.159	133.731
198.983	123.599
199.807	107.748
200.631	88.9938
201.455	74.0898
202.279	62.1493
203.103	49.4818
203.927	45.4439
204.751	51.5911
205.574	63.2929
206.398	68.5604
207.222	78.0347
208.046	82.5363
208.87	76.7005
209.694	76.1513
210.518	82.6022
211.342	92.1163
212.166	98.1953
212.99	80.7723
213.814	69.5913
214.637	57.3457
215.461	44.4501
216.285	48.8836
217.109	48.0853
217.933	42.8841
218.757	35.1517
219.581	43.1528
220.405	61.3765
221.229	79.7916
222.053	96.7477
222.877	118.28
223.7	122.094
224.524	115.552
225.348	118.111
226.172	145.262
226.996	161.814
227.82	165.841
228.644	161.953
229.468	156.841
230.292	150.341
231.116	149.852
231.94	156.005
232.763	159.535
233.587	170.666
234.411	190.271
235.235	211.434
236.059	222.764
236.883	238.249
237.707	260.222
238.531	287.08
239.355	322.207
240.179	376.136
241.003	438.343
241.826	492.651
242.65	528.257
243.474	563.301
244.298	601.606
245.122	641.467
245.946	677.979
246.77	704.473
247.594	720.003
248.418	727.94
249.242	717.461
250.066	704.328
250.889	687.521
251.713	655.995
252.537	622.29
253.361	589.37
254.185	567.932
255.009	567.203
255.833	563.587
256.657	568.88
257.481	568.742
258.305	545.076
259.129	509.267
259.952	469.111
260.776	432.577
261.6	400.319
262.424	371.519
263.248	345.106
264.072	313.406
264.896	273.344
265.72	256.241
266.544	251.462
267.368	248.518
268.192	244.05
269.016	233.217
269.839	201.794
270.663	152.281
271.487	99.8648
272.311	85.5544
273.135	75.8766
273.959	74.5543
274.783	89.0639
275.607	97.8483
276.431	102.922
277.255	100.034
278.079	87.8132
278.902	79.5094
279.726	67.9127
280.55	60.4274
281.374	59.5844
282.198	57.1526
283.022	55.9361
283.846	58.2347
284.67	65.8565
285.494	65.4216
286.318	68.1981
287.142	69.9365
287.965	64.4642
288.789	46.0491
289.613	25.3781
290.437	17.0996
291.261	23.0501
292.085	29.5762
292.909	45.6306
293.733	71.273
294.557	98.9387
295.381	108.675
296.205	118.272
297.028	121.033
297.852	116.181
298.676	113.495
299.5	113.053
300.324	124.604
301.148	144.365
301.972	158.47
302.796	177.774
303.62	199.718
304.444	222.061
305.268	241.034
306.091	255.85
306.915	275.332
307.739	301.163
308.563	332.115
309.387	380.397
310.211	445.836
311.035	511.159
311.859	559.983
312.683	617.027
313.507	678.416
314.331	744.06
315.154	813.114
315.978	871.127
316.802	917.421
317.626	938.045
318.45	931.599
319.274	934.077
320.098	924.936
320.922	902.846
321.746	862.671
322.57	789.551
323.394	718.814
324.217	639.602
325.041	560.17
325.865	512.561
326.689	473.394
327.513	440.601
328.337	411.197
329.161	382.759
329.985	359.219
330.809	328.273
331.633	294.004
332.457	266.383
333.28	241.033
334.104	225.571
334.928	220.03
335.752	218.051
336.576	198.698
337.4	182.166
338.224	162.909
339.048	138.248
339.872	127.772
340.696	120.506
341.52	114.899
342.343	106.366
343.167	84.9072
343.991	83.1237
344.815	89.2655
345.639	94.8647
346.463	99.0247
347.287	101.537
348.111	101.701
348.935	97.2587
349.759	89.2153
350.583	100.614
351.406	100.174
352.23	86.302
353.054	69.2828
353.878	63.3814
354.702	51.1814
355.526	38.9584
356.35	36.8444
357.174	52.6702
357.998	51.4978
358.822	54.0467
359.646	68.6738
360.469	78.4714
361.293	72.7064
362.117	60.2589
362.941	53.4643
363.765	60.1603
364.589	62.4975
365.413	69.8401
366.237	78.9949
367.061	83.4491
367.885	91.9741
368.709	105.909
369.532	124.432
370.356	145.738
371.18	162.106
372.004	170.684
372.828	164.904
373.652	153.722
374.476	159.916
375.3	197.747
376.124	238.662
376.948	277.173
377.772	320.684
378.596	355.018
379.419	378.861
380.243	399.392
381.067	429.816
381.891	477.844
382.715	525.715
383.539	575.088
384.363	638.167
385.187	727.143
386.011	831.917
386.835	950.905
387.659	1095.15
388.482	1282.4
389.306	1503.47
390.13	1798.67
390.954	2187.09
391.778	2673.2
392.602	3244.97
393.426	3843.41
394.25	4425.51
395.074	4928.76
395.898	5263.28
396.722	5390.84
397.545	5285.16
398.369	4973.08
399.193	4530.42
400.017	3986.84
400.841	3445.86
401.665	2964.19
402.489	2556.58
403.313	2215.1
404.137	1936.89
404.961	1715.08
405.785	1540.06
406.608	1401.96
407.432	1293.48
408.256	1201.58
409.08	1112.68
409.904	1021.19
410.728	941.668
411.552	860.881
412.376	789.278
413.2	739.561
414.024	701.034
414.848	661.741
415.671	614.56
416.495	565.113
417.319	536.401
418.143	512.916
418.967	491.123
419.791	473.098
420.615	459.626
421.439	441.738
422.263	429.116
423.087	423.525
423.911	423.682
424.734	421.043
425.558	408.746
426.382	392.423
427.206	376.596
428.03	366.671
428.854	367.217
429.678	379.484
430.502	387.072
431.326	379.671
432.15	376.98
432.974	369.286
433.797	370.876
434.621	380.956
435.445	389.625
436.269	401.061
437.093	413.17
437.917	427.943
438.741	450.661
439.565	458.627
440.389	472.988
441.213	501.611
442.037	533.179
442.86	559.381
443.684	594.563
444.508	644.003
445.332	704.09
446.156	766.938
446.98	846.514
447.804	950.066
448.628	1053.94
449.452	1139.7
450.276	1222.32
451.1	1292.99
451.923	1347.71
452.747	1386.32
453.571	1412.24
454.395	1414.53
455.219	1380.36
456.043	1319.37
456.867	1255.62
457.691	1198.82
458.515	1144.48
459.339	1088.15
460.163	1024.36
460.986	947.606
461.81	864.579
462.634	776.914
463.458	696.836
464.282	632.901
465.106	568.238
465.93	495.191
466.754	427.364
467.578	368.411
468.402	323.958
469.226	307.467
470.049	296.379
470.873	291.508
471.697	289.957
472.521	284.614
473.345	270.892
474.169	248.098
474.993	222.27
475.817	210.188
476.641	192.291
477.465	185.767
478.289	185.881
479.112	186.71
479.936	183.715
480.76	179.349
481.584	170.079
482.408	161.945
483.232	159.512
484.056	156.234
484.88	148.282
485.704	141.556
486.528	142.229
487.352	142.149
488.176	144.746
488.999	152.64
489.823	165.832
490.647	177.301
491.471	188.117
492.295	191.46
493.119	189.102
493.943	183.94
494.767	180.461
495.591	168.295
496.415	163.888
497.239	165.78
498.062	170.879
498.886	179.107
499.71	190.07
500.534	202.196
501.358	208.186
502.182	204.318
503.006	215.951
503.83	225.331
504.654	231.655
505.478	240.437
506.302	251.532
507.125	268.362
507.949	277.99
508.773	289.643
509.597	313.852
510.421	331.66
511.245	330.973
512.069	347.629
512.893	378.953
513.717	413.32
514.541	457.619
515.365	510.938
516.188	563.348
517.012	611.51
517.836	657.826
518.66	716.802
519.484	770.053
520.308	823.605
521.132	893.778
521.956	952.91
522.78	1013.26
523.604	1058.94
524.428	1086.57
525.251	1087.52
526.075	1088.02
526.899	1061.23
527.723	1027.74
528.547	990.151
529.371	962.068
530.195	931.042
531.019	890.577
531.843	843.534
532.667	797.12
533.491	722.183
534.314	654.59
535.138	591.659
535.962	537.485
536.786	506.91
537.61	482.234
538.434	443.789
539.258	406.907
540.082	376.283
540.906	346.553
541.73	319.522
542.554	299.528
543.377	285.72
544.201	277.451
545.025	271.457
545.849	269.892
546.673	259.194
547.497	245.562
548.321	236.359
549.145	219.734
549.969	207.006
550.793	197.964
551.617	195.614
552.44	190.549
553.264	185.612
554.088	187.598
554.912	193.141
555.736	193.295
556.56	195.994
557.384	194.024
558.208	187.27
559.032	181.482
559.856	179.141
560.68	175.898
561.503	173.221
562.327	168.281
563.151	158.599
563.975	150.561
564.799	146.749
565.623	146.278
566.447	137.724
567.271	131.491
568.095	129.795
568.919	120.62
569.743	108.886
570.566	102.172
571.39	101.512
572.214	100.992
573.038	100.21
573.862	107.826
574.686	110.348
575.51	98.4333
576.334	86.0939
577.158	81.1263
577.982	70.2158
578.806	63.5911
579.629	70.6235
580.453	83.5503
581.277	88.4743
582.101	94.2769
582.925	91.2846
583.749	83.4835
584.573	68.5401
585.397	59.885
586.221	59.7178
587.045	60.2025
587.869	58.4462
588.692	63.0538
589.516	60.7423
590.34	59.3359
591.164	57.6267
591.988	53.2496
592.812	46.2602
593.636	28.9842
594.46	17.8014
595.284	20.6528
596.108	34.2774
596.932	49.9845
597.755	57.7047
598.579	57.2492
599.403	51.416
600.227	38.9549
601.051	32.0883
601.875	38.8684
602.699	52.2753
603.523	59.9095
604.347	62.6376
605.171	66.2001
605.995	71.1051
606.819	75.0888
607.642	73.0984
608.466	73.4061
609.29	76.4262
610.114	70.6751
610.938	60.2027
611.762	58.7871
612.586	66.0244
613.41	72.5588
614.234	67.7717
615.058	67.7562
615.882	68.8815
616.705	62.0097
617.529	57.6568
618.353	67.9376
619.177	74.8555
620.001	73.3735
620.825	65.7344
621.649	61.7738
622.473	52.8832
623.297	37.0151
624.121	26.6936
624.945	28.507
625.768	31.8587
626.592	35.9509
627.416	48.4468
628.24	61.8012
629.064	68.3939
629.888	59.5688
630.712	54.5854
631.536	51.9581
632.36	46.7116
633.184	35.1779
634.008	32.2599
634.831	33.0218
635.655	34.1038
636.479	31.758
637.303	38.7295
638.127	47.7211
638.951	47.1607
639.775	45.9604
640.599	48.1121
641.423	49.6236
642.247	48.3212
643.071	43.0797
643.894	43.694
644.718	47.3291
645.542	45.9627
646.366	49.4669
647.19	58.6325
648.014	61.5504
648.838	58.2519
649.662	54.4588
650.486	52.4232
651.31	39.1028
652.134	27.5812
652.957	22.1588
653.781	25.2758
654.605	29.1752
655.429	34.553
656.253	51.1403
657.077	57.2424
657.901	54.3117
658.725	60.8611
659.549	67.9735
660.373	72.3232
661.197	73.2912
662.02	67.5703
662.844	62.1747
663.668	44.506
664.492	30.744
665.316	20.4454
666.14	14.5497
666.964	17.2828
667.788	27.6625
668.612	34.9749
669.436	43.3909
670.26	49.9269
671.083	55.38
671.907	57.5431
672.731	56.4939
673.555	63.4108
674.379	68.0862
675.203	63.0834
676.027	55.2677
676.851	43.4513
677.675	36.7099
678.499	38.851
679.323	44.9334
680.146	59.3517
680.97	62.9221
681.794	58.0396
682.618	53.0013
683.442	44.3855
684.266	36.8239
685.09	38.2937
685.914	37.9782
686.738	34.7022
687.562	27.4656
688.386	25.7414
689.209	31.5518
690.033	31.0788
690.857	33.799
691.681	33.4912
692.505	25.855
693.329	27.0645
694.153	37.5322
694.977	47.3726
695.801	59.1639
696.625	66.4183
697.449	71.1964
698.272	62.7985
699.096	46.3726
699.92	34.2484
700.744	28.049
701.568	23.4295
702.392	26.0293
703.216	30.1165
704.04	40.0333
704.864	43.659
705.688	36.8724
706.512	30.6993
707.335	28.0167
708.159	30.8255
708.983	34.2526
709.807	37.1206
710.631	46.967
711.455	56.6371
712.279	56.0028
713.103	47.8596
713.927	44.2239
714.751	51.5042
715.575	59.5535
716.399	57.8739
717.222	54.9574
718.046	54.573
718.87	45.4167
719.694	33.5979
720.518	30.355
721.342	33.8545
722.166	40.1946
722.99	40.1711
723.814	42.1895
724.638	50.1641
725.462	53.2026
726.285	53.6558
727.109	50.2251
727.933	44.3124
728.757	42.6719
729.581	47.6597
730.405	56.3163
731.229	61.3574
732.053	57.5005
732.877	58.2811
733.701	65.3429
734.525	66.3452
735.348	74.1822
736.172	84.6247
736.996	83.8004
737.82	68.3706
738.644	54.4944
739.468	45.1396
740.292	41.562
741.116	32.8363
741.94	32.5102
742.764	36.1916
743.588	39.6577
744.411	50.014
745.235	67.9358
746.059	80.6815
746.883	86.3497
747.707	85.2348
748.531	74.8714
749.355	67.1668
750.179	62.8372
751.003	69.5719
751.827	84.848
752.651	87.2126
753.474	95.9811
754.298	105.998
755.122	110.707
755.946	117.904
756.77	122.658
757.594	133.624
758.418	151.815
759.242	166.909
760.066	195.121
760.89	216.262
761.714	230.646
762.537	245.658
763.361	245.994
764.185	242.351
765.009	240.721
765.833	238.556
766.657	237.949
767.481	234.126
768.305	235.317
769.129	244.863
769.953	248.846
770.777	261.884
771.6	272.302
772.424	270.318
773.248	270.503
774.072	275.748
774.896	285.813
775.72	288.398
776.544	289.758
777.368	298.412
778.192	296.806
779.016	287.266
779.84	290.971
780.663	313.965
781.487	339.158
782.311	367.078
783.135	403.035
783.959	437.63
784.783	461.778
785.607	476.79
786.431	497.365
787.255	521.76
788.079	547.43
788.903	592.645
789.726	644.65
790.55	687.401
791.374	734.244
792.198	803.023
793.022	894.523
793.846	984.957
794.67	1095.19
795.494	1215.53
796.318	1324.78
797.142	1422.37
797.966	1541.61
798.789	1714.54
799.613	1917.8
800.437	2186.35
801.261	2580.85
802.085	3119.52
802.909	3823.7
803.733	4709.96
804.557	5731.22
805.381	6775.55
806.205	7656.96
807.029	8239.51
807.852	8400
808.676	8094.72
809.5	7377.55
810.324	6022.12
811.148	5222.83
811.972	5321.78
812.796	5456.9
813.62	5359.05
814.444	4996.77
815.268	4346.05
816.092	3356.03
816.915	2007.39
817.739	1517.29
818.563	1707.93
819.387	1737.97
820.211	1674.95
821.035	1619.59
821.859	1599.73
822.683	1603.85
823.507	1639.57
824.331	1715.16
825.155	1797.73
825.979	1894.62
826.802	2003.19
827.626	2097.41
828.45	2205.17
829.274	2317.68
830.098	2442.44
830.922	2581.53
831.746	2729.89
832.57	2900.7
833.394	3092.83
834.218	3303.21
835.042	3614.59
835.865	4043.65
836.689	4590.04
837.513	5223.45
838.337	5886.24
839.161	6420.17
839.985	6691.67
840.809	6617.72
841.633	6211.43
842.457	5546.44
843.281	4732.64
844.105	3935.11
844.928	3269.05
845.752	2735.73
846.576	2340.93
847.4	2067.69
848.224	1878.25
849.048	1744.3
849.872	1622.45
850.696	1511.42
851.52	1404.01
852.344	1308.35
853.168	1218.45
853.991	1147.68
854.815	1083.16
855.639	1026.26
856.463	965.296
857.287	891.616
858.111	824.753
858.935	762.761
859.759	699.523
860.583	645.86
861.407	595.876
862.231	557.128
863.054	532.124
863.878	518.584
864.702	513.126
865.526	503.826
866.35	498.36
867.174	493.089
867.998	484.43
868.822	467.244
869.646	443.289
870.47	422.776
871.294	399.326
872.117	377.139
872.941	369.425
873.765	357.731
874.589	347.509
875.413	328.784
876.237	305.345
877.061	292.541
877.885	290.296
878.709	291.586
879.533	295.947
880.357	286.913
881.18	280.091
882.004	271.482
882.828	260.433
883.652	257.523
884.476	260.98
885.3	260.972
886.124	257.753
886.948	259.307
887.772	270.92
888.596	288.932
889.42	320.668
890.243	367.118
891.067	417.35
891.891	465.988
892.715	523.847
893.539	599.976
894.363	683.978
895.187	770.899
896.011	863.218
896.835	939.148
897.659	976.818
898.483	967.704
899.306	924.323
900.13	866.808
900.954	790.354
901.778	705.52
902.602	620.447
903.426	535.761
904.25	460.625
905.074	381.749
905.898	309.632
906.722	259.904
907.546	224.064
908.369	197.017
909.193	184.083
910.017	184.278
910.841	188.63
911.665	187.702
912.489	184.416
913.313	178.36
914.137	172.515
914.961	164.243
915.785	159.394
916.609	169.531
917.432	173.138
918.256	173.587
919.08	174.805
919.904	172.823
920.728	172.829
921.552	169.117
922.376	173.952
923.2	189.566
924.024	189.464
924.848	188.003
925.672	196.459
926.495	199.795
927.319	204.244
928.143	214.956
928.967	241.627
929.791	272.685
930.615	309.966
931.439	361.681
932.263	431.172
933.087	499.43
933.911	578.003
934.735	675.197
935.559	784.076
936.382	909.032
937.206	1030.84
938.03	1122.96
938.854	1174.53
939.678	1172.67
940.502	1131.99
941.326	1055.83
942.15	952.464
942.974	829.807
943.798	718.28
944.622	625.3
945.445	545.45
946.269	496.998
947.093	471.32
947.917	449.786
948.741	434.371
949.565	410.663
950.389	402.274
951.213	393.048
952.037	371.359
952.861	370.661
953.685	362.922
954.508	358.164
955.332	361.315
956.156	367.423
956.98	377.707
957.804	383.639
958.628	405.857
959.452	444.789
960.276	478.777
961.1	525.032
961.924	583.652
962.748	658.004
963.571	756.504
964.395	866.389
965.219	1022.66
966.043	1195.07
966.867	1411.07
967.691	1697
968.515	2034.95
969.339	2391.81
970.163	2755.77
970.987	3026.75
971.811	3151.02
972.634	3102.85
973.458	2920.64
974.282	2632.55
975.106	2277.7
975.93	1885.36
976.754	1539.23
977.578	1238.22
978.402	990.303
979.226	806.499
980.05	679.992
980.874	580.602
981.697	517.928
982.521	450.911
983.345	407.736
984.169	405.415
984.993	435.161
985.817	469.281
986.641	503.428
987.465	534.694
988.289	582.826
989.113	639.672
989.937	722.229
990.76	843.803
991.584	1003.38
992.408	1188.12
993.232	1406.56
994.056	1622.41
994.88	1822.68
995.704	1981.25
996.528	2064.88
997.352	2063.74
998.176	1978.43
999	1826.09
999.823	1633.07
1000.65	1410.14
1001.47	1195.7
1002.3	1008.44
1003.12	857.382
1003.94	752.218
1004.77	673.082
1005.59	614.126
1006.41	578.838
1007.24	558.859
1008.06	537.502
1008.89	515.47
1009.71	495.842
1010.53	475.129
1011.36	449.132
1012.18	422.208
1013.01	412.817
1013.83	416.277
1014.65	411.339
1015.48	411.159
1016.3	414.42
1017.13	416.042
1017.95	418.011
1018.77	422.341
1019.6	439.353
1020.42	458.863
1021.25	454.986
1022.07	461.216
1022.89	480.868
1023.72	499.763
1024.54	513.739
1025.36	539.409
1026.19	587.844
1027.01	641.844
1027.84	709.226
1028.66	805.07
1029.48	927.688
1030.31	1059.78
1031.13	1196.14
1031.96	1339.12
1032.78	1475
1033.6	1575.47
1034.43	1643.97
1035.25	1673.52
1036.08	1652.12
1036.9	1590.03
1037.72	1514.88
1038.55	1433.35
1039.37	1348.47
1040.2	1270.58
1041.02	1212.71
1041.84	1182
1042.67	1140.18
1043.49	1082.49
1044.31	1014.88
1045.14	921.166
1045.96	809.766
1046.79	705.983
1047.61	622.79
1048.43	555.269
1049.26	487.166
1050.08	425.194
1050.91	384.537
1051.73	339.621
1052.55	296.044
1053.38	262.154
1054.2	242.92
1055.03	223.691
1055.85	202.709
1056.67	193.076
1057.5	188.517
1058.32	179.484
1059.14	166.89
1059.97	149.125
1060.79	133.033
1061.62	119.377
1062.44	113.489
1063.26	113.105
1064.09	96.3232
1064.91	83.7299
1065.74	70.7721
1066.56	52.8045
1067.38	43.3867
1068.21	45.8471
1069.03	47.6908
1069.86	49.2884
1070.68	55.3824
1071.5	52.0196
1072.33	49.5411
1073.15	48.9212
1073.98	55.6352
1074.8	58.4611
1075.62	50.2327
1076.45	42.8479
1077.27	60.256
1078.09	70.0492
1078.92	70.7271
1079.74	68.9254
1080.57	68.0592
1081.39	67.7329
1082.21	65.3418
1083.04	54.1796
1083.86	61.7768
1084.69	67.2386
1085.51	63.1508
1086.33	63.5827
1087.16	71.3434
1087.98	81.1096
1088.81	89.381
1089.63	95.6608
1090.45	97.9491
1091.28	104.243
1092.1	121.403
1092.93	148.618
1093.75	180.71
1094.57	210.135
1095.4	233.675
1096.22	265.537
1097.04	277.198
1097.87	297.779
1098.69	324.899
1099.52	363.441
1100.34	408.55
1101.16	448.252
1101.99	481.816
1102.81	507.079
1103.64	481.961
1104.46	434.22
1105.28	373.778
1106.11	321.728
1106.93	283.455
1107.76	256.555
1108.58	246.573
1109.4	224.623
1110.23	195.531
1111.05	167.629
1111.88	143.959
1112.7	132.346
1113.52	125.932
1114.35	119.608
1115.17	121.037
1115.99	116.681
1116.82	124.739
1117.64	122.488
1118.47	124.675
1119.29	133.025
1120.11	136.189
1120.94	130.069
1121.76	123.288
1122.59	113.813
1123.41	108.883
1124.23	110.804
1125.06	119.324
1125.88	140.897
1126.71	160.613
1127.53	169.613
1128.35	179.36
1129.18	178.224
1130	189.282
1130.83	205.604
1131.65	208.146
1132.47	226.337
1133.3	250.193
1134.12	276.393
1134.94	319.817
1135.77	364.169
1136.59	415.672
1137.42	467.011
1138.24	538.844
1139.06	624.97
1139.89	727.353
1140.71	861.613
1141.54	1034.11
1142.36	1226.82
1143.18	1421.65
1144.01	1654.2
1144.83	1934.93
1145.66	2259.7
1146.48	2641.5
1147.3	3059.03
1148.13	3483.17
1148.95	3881.45
1149.78	4181.05
1150.6	4375.39
1151.42	4402.36
1152.25	4307.13
1153.07	4096.03
1153.89	3797.96
1154.72	3482.19
1155.54	3207.61
1156.37	2978.07
1157.19	2802.18
1158.01	2689.82
1158.84	2621.27
1159.66	2556.34
1160.49	2523.58
1161.31	2530.05
1162.13	2571.67
1162.96	2648.36
1163.78	2742.52
1164.61	2838.69
1165.43	2868.27
1166.25	2862.01
1167.08	2794.05
1167.9	2661.53
1168.72	2471.92
1169.55	2236.13
1170.37	1959.42
1171.2	1647.87
1172.02	1349.48
1172.84	1116.05
1173.67	909.674
1174.49	752.792
1175.32	629.874
1176.14	527.183
1176.96	445.941
1177.79	379.812
1178.61	326.189
1179.44	295.846
1180.26	278.574
1181.08	257.207
1181.91	231.513
1182.73	217.485
1183.56	210.99
1184.38	195.317
1185.2	175.373
1186.03	162.251
1186.85	155.841
1187.67	151.386
1188.5	165.776
1189.32	188.41
1190.15	211.04
1190.97	227.013
1191.79	235.186
1192.62	237.12
1193.44	241.718
1194.27	252.517
1195.09	257.589
1195.91	252.918
1196.74	259.095
1197.56	263.561
1198.39	268.278
1199.21	286.229
1200.03	307.656
1200.86	321.054
1201.68	328.407
1202.51	347.187
1203.33	376.892
1204.15	398.334
1204.98	422.968
1205.8	467.394
1206.62	514.165
1207.45	547.174
1208.27	594.815
1209.1	656.134
1209.92	719.22
1210.74	790.042
1211.57	868.716
1212.39	969.065
1213.22	1089.92
1214.04	1223.36
1214.86	1367.84
1215.69	1506.11
1216.51	1638.77
1217.34	1733.25
1218.16	1789.42
1218.98	1785.92
1219.81	1730.48
1220.63	1631.98
1221.46	1495.29
1222.28	1340.34
1223.1	1193.55
1223.93	1034.98
1224.75	905.901
1225.57	780.449
1226.4	678.729
1227.22	602.397
1228.05	543.651
1228.87	501.947
1229.69	472.246
1230.52	441.206
1231.34	413.778
1232.17	376.515
1232.99	346.627
1233.81	330.353
1234.64	321.891
1235.46	322.225
1236.29	326.958
1237.11	336.476
1237.93	340.991
1238.76	330.688
1239.58	319.457
1240.41	305.17
1241.23	302.972
1242.05	299.273
1242.88	309.029
1243.7	335.75
1244.52	358.38
1245.35	362.676
1246.17	359.412
1247	355.692
1247.82	374.304
1248.64	404.989
1249.47	454.188
1250.29	522.726
1251.12	591.34
1251.94	642.917
1252.76	686.211
1253.59	718.564
1254.41	727.683
1255.24	708.508
1256.06	650.366
1256.88	581.74
1257.71	508.096
1258.53	441.213
1259.36	393.333
1260.18	372.556
1261	356.392
1261.83	334.845
1262.65	312.482
1263.47	297.573
1264.3	280.724
1265.12	270.977
1265.95	268.221
1266.77	272.903
1267.59	273.092
1268.42	276.925
1269.24	279.404
1270.07	290.17
1270.89	298.607
1271.71	299.585
1272.54	303.767
1273.36	308.717
1274.19	329.562
1275.01	349.255
1275.83	354.323
1276.66	340.067
1277.48	332.921
1278.3	321.461
1279.13	318.516
1279.95	333.33
1280.78	367.478
1281.6	400.864
1282.42	431.081
1283.25	442.369
1284.07	467.485
1284.9	497.674
1285.72	506.934
1286.54	515.532
1287.37	526.886
1288.19	543.925
1289.02	572.058
1289.84	611.834
1290.66	666.112
1291.49	736.148
1292.31	786.161
1293.14	828.504
1293.96	836.857
1294.78	849.826
1295.61	864.365
1296.43	869.971
1297.25	869.044
1298.08	867.79
1298.9	864.273
1299.73	855.344
1300.55	830.365
1301.37	851.63
1302.2	889.237
1303.02	922.23
1303.85	933.803
1304.67	930.152
1305.49	910.436
1306.32	860.221
1307.14	792.726
1307.97	755.193
1308.79	735.207
1309.61	714.575
1310.44	700.93
1311.26	711.776
1312.09	751.931
1312.91	790.178
1313.73	840.874
1314.56	934.231
1315.38	1044.31
1316.2	1142.74
1317.03	1251.54
1317.85	1378.22
1318.68	1515.43
1319.5	1661.65
1320.32	1841.55
1321.15	2056.78
1321.97	2314.62
1322.8	2629.54
1323.62	3036.11
1324.44	3518.6
1325.27	4027.47
1326.09	4558.31
1326.92	5069.86
1327.74	5420.46
1328.56	5599.83
1329.39	5576.35
1330.21	5334.57
1331.04	4905.26
1331.86	4338.34
1332.68	3746.23
1333.51	3218.18
1334.33	2745.8
1335.15	2384.11
1335.98	2108.48
1336.8	1867.99
1337.63	1664.06
1338.45	1508.03
1339.27	1368.77
1340.1	1258.07
1340.92	1172.12
1341.75	1100.18
1342.57	1030.75
1343.39	958.075
1344.22	908.338
1345.04	907.878
1345.87	910.685
1346.69	915.023
1347.51	918.298
1348.34	925.292
1349.16	929.135
1349.99	961.697
1350.81	1036.52
1351.63	1144.17
1352.46	1279.66
1353.28	1438.48
1354.1	1619.97
1354.93	1825.51
1355.75	2035.74
1356.58	2240.86
1357.4	2397.59
1358.22	2466.11
1359.05	2430.9
1359.87	2353.58
1360.7	2210.23
1361.52	2030.43
1362.34	1838.62
1363.17	1651.33
1363.99	1463.23
1364.82	1287.17
1365.64	1139.58
1366.46	1051.64
1367.29	992.171
1368.11	968.997
1368.94	980.515
1369.76	988.513
1370.58	1005.37
1371.41	1005.42
1372.23	993.943
1373.05	977.071
1373.88	963.215
1374.7	936.667
1375.53	908.996
1376.35	857.347
1377.17	802.751
1378	719.888
1378.82	642.671
1379.65	581.432
1380.47	513.037
1381.29	441.392
1382.12	380.336
1382.94	326.961
1383.77	273.199
1384.59	235.614
1385.41	222.448
1386.24	213.411
1387.06	198.278
1387.88	185.4
1388.71	169.548
1389.53	154.669
1390.36	141.006
1391.18	137.838
1392	141.769
1392.83	147.317
1393.65	144.961
1394.48	141.778
1395.3	126.87
1396.12	105.598
1396.95	85.7806
1397.77	73.8681
1398.6	68.3995
1399.42	67.2707
1400.24	60.779
1401.07	62.3665
1401.89	64.1708
1402.72	61.4532
1403.54	60.7755
1404.36	76.6855
1405.19	76.1922
1406.01	71.426
1406.83	73.2039
1407.66	83.1913
1408.48	91.5541
1409.31	89.073
1410.13	85.1445
1410.95	95.6403
1411.78	81.0649
1412.6	63.4827
1413.43	71.0136
1414.25	89.8395
1415.07	96.5339
1415.9	102.544
1416.72	117.639
1417.55	138.798
1418.37	141.461
1419.19	139.514
1420.02	159.019
1420.84	181.126
1421.67	194.709
1422.49	214.078
1423.31	255.291
1424.14	295.468
1424.96	331.614
1425.78	398.322
1426.61	484.494
1427.43	577.158
1428.26	699.728
1429.08	861.571
1429.9	1098.05
1430.73	1389.36
1431.55	1721.78
1432.38	2075.38
1433.2	2385.69
1434.02	2613.41
1434.85	2739.23
1435.67	2744.24
1436.5	2639.98
1437.32	2476.81
1438.14	2292.4
1438.97	2122.39
1439.79	1995.91
1440.62	1942.46
1441.44	1958.52
1442.26	2008.12
1443.09	2058.72
1443.91	2127.28
1444.73	2212.05
1445.56	2319.83
1446.38	2466.44
1447.21	2667.96
1448.03	2921.86
1448.85	3205.98
1449.68	3525.23
1450.5	3814.66
1451.33	4153.36
1452.15	4525
1452.97	4912.45
1453.8	5296.71
1454.62	5689.96
1455.45	6086.97
1456.27	6451.26
1457.09	6709.14
1457.92	6925.42
1458.74	7017.48
1459.57	6926.78
1460.39	6624.02
1461.21	6187.32
1462.04	5664.96
1462.86	5088.36
1463.68	4527.33
1464.51	4012.19
1465.33	3545.04
1466.16	3109.87
1466.98	2692.94
1467.8	2313.44
1468.63	1980.31
1469.45	1700.45
1470.28	1470.01
1471.1	1268.85
1471.92	1110.48
1472.75	989.742
1473.57	897.77
1474.4	809.471
1475.22	723.796
1476.04	658.443
1476.87	593.54
1477.69	523.327
1478.52	489.041
1479.34	458.822
1480.16	431.569
1480.99	404.996
1481.81	371.117
1482.63	343.273
1483.46	310.233
1484.28	273.242
1485.11	262.198
1485.93	246.503
1486.75	230.874
1487.58	220.56
1488.4	211.816
1489.23	198.88
1490.05	184.714
1490.87	178.391
1491.7	180.019
1492.52	168.863
1493.35	152.242
1494.17	135.511
1494.99	113.263
1495.82	98.9964
1496.64	93.469
1497.46	95.1082
1498.29	97.8767
1499.11	93.3026
1499.94	96.2609
1500.76	93.4956
1501.58	77.3429
1502.41	75.8331
1503.23	71.8605
1504.06	70.4807
1504.88	63.0938
1505.7	51.7129
1506.53	55.2708
1507.35	61.4232
1508.18	67.9125
1509	84.7704
1509.82	99.668
1510.65	105.483
1511.47	99.3047
1512.3	82.271
1513.12	74.4696
1513.94	71.4471
1514.77	66.8785
1515.59	66.9938
1516.41	69.3157
1517.24	56.3177
1518.06	53.8287
1518.89	47.2927
1519.71	39.1519
1520.53	35.8448
1521.36	28.4384
1522.18	23.9255
1523.01	15.0759
1523.83	10
1524.65	22.3258
1525.48	35.5959
1526.3	51.4865
1527.13	69.0494
1527.95	73.3273
1528.77	70.4189
1529.6	59.5622
1530.42	51.8234
1531.25	44.5354
1532.07	36.4749
1532.89	36.2942
1533.72	41.0916
1534.54	39.9953
1535.36	45.8488
1536.19	56.1113
1537.01	60.1714
1537.84	56.7917
1538.66	60.8514
1539.48	73.1236
1540.31	81.0189
1541.13	80.2485
1541.96	78.243
1542.78	77.8989
1543.6	72.4078
1544.43	68.7687
1545.25	75.0502
1546.08	73.6465
1546.9	64.9555
1547.72	56.352
1548.55	42.3938
1549.37	33.3219
1550.2	34.229
1551.02	46.4124
1551.84	62.6372
1552.67	66.07
1553.49	70.8676
1554.31	68.173
1555.14	54.9125
1555.96	50.7213
1556.79	53.2777
1557.61	58.7045
1558.43	63.1956
1559.26	50.8633
1560.08	58.0076
1560.91	51.0588
1561.73	47.4712
1562.55	55.789
1563.38	57.657
1564.2	64.5443
1565.03	71.0539
1565.85	70.0864
1566.67	77.6021
1567.5	65.2308
1568.32	60.7848
1569.15	54.6685
1569.97	44.7871
1570.79	51.1409
1571.62	63.9431
1572.44	69.5366
1573.26	57.2131
1574.09	43.9194
1574.91	35.0906
1575.74	24.8956
1576.56	28.3104
1577.38	44.9454
1578.21	61.2427
1579.03	70.456
1579.86	65.7288
1580.68	69.1938
1581.5	67.7953
1582.33	71.5314
1583.15	75.8356
1583.98	73.7951
1584.8	68.3822
1585.62	63.0318
1586.45	50.0699
1587.27	45.2572
1588.1	49.6921
1588.92	62.3289
1589.74	65.2259
1590.57	62.4735
1591.39	60.1391
1592.21	60.0797
1593.04	61.7447
1593.86	70.7563
1594.69	83.5211
1595.51	93.6232
1596.33	85.9765
1597.16	69.7759
1597.98	59.2418
1598.81	51.6678
1599.63	53.7889
1600.45	63.0638
1601.28	69.7655
1602.1	89.0989
1602.93	89.8881
1603.75	89.7055
1604.57	84.4179
1605.4	70.2975
1606.22	57.5124
1607.04	44.297
1607.87	46.8392
1608.69	68.7384
1609.52	74.8542
1610.34	78.8795
1611.16	74.5304
1611.99	68.5742
1612.81	64.5989
1613.64	62.3228
1614.46	68.7157
1615.28	79.4833
1616.11	74.4866
1616.93	80.9854
1617.76	83.0076
1618.58	86.9125
1619.4	93.1143
1620.23	98.8816
1621.05	95.1624
1621.88	92.4769
1622.7	81.419
1623.52	82.9575
1624.35	78.7261
1625.17	74.0009
1625.99	79.7069
1626.82	84.8321
1627.64	92.6331
1628.47	93.4855
1629.29	94.3628
1630.11	99.0161
1630.94	103.51
1631.76	102.454
1632.59	98.5939
1633.41	80.6745
1634.23	66.0987
1635.06	56.73
1635.88	61.7909
1636.71	74.7811
1637.53	93.9159
1638.35	103.88
1639.18	98.8523
1640	91.1002
1640.83	83.7383
1641.65	83.8306
1642.47	83.9289
1643.3	80.6163
1644.12	76.3809
1644.94	70.4526
1645.77	78.1023
1646.59	90.6913
1647.42	107.847
1648.24	112.318
1649.06	114.097
1649.89	105.213
1650.71	87.6228
1651.54	90.1491
1652.36	97.5467
1653.18	82.2636
1654.01	84.0838
1654.83	85.6131
1655.66	99.9693
1656.48	101.947
1657.3	101.604
1658.13	105.766
1658.95	107.411
1659.78	95.2346
1660.6	98.4067
1661.42	98.0356
1662.25	104.516
1663.07	97.3299
1663.89	84.8487
1664.72	72.7595
1665.54	80.9828
1666.37	90.8114
1667.19	95.1835
1668.01	89.2227
1668.84	88.2161
1669.66	86.1286
1670.49	82.7652
1671.31	84.1852
1672.13	94.5856
1672.96	103.15
1673.78	108.007
1674.61	113.131
1675.43	109.047
1676.25	110.607
1677.08	113.074
1677.9	109.934
1678.73	106.355
1679.55	104.756
1680.37	106.025
1681.2	114.637
1682.02	118.256
1682.84	120.8
1683.67	132.247
1684.49	130.437
1685.32	128.561
1686.14	126.63
1686.96	115.913
1687.79	123.238
1688.61	120.278
1689.44	115.369
1690.26	117.688
1691.08	121.647
1691.91	131.724
1692.73	139.452
1693.56	142.535
1694.38	152.638
1695.2	137.429
1696.03	127.959
1696.85	122.812
1697.68	128.712
1698.5	129.374
1699.32	131
1700.15	135.399
1700.97	133.664
1701.79	122.504
1702.62	108.245
1703.44	109.323
1704.27	111.811
1705.09	109.305
1705.91	107.87
1706.74	110.972
1707.56	119.176
1708.39	125.859
1709.21	118.366
1710.03	119.84
1710.86	120.303
1711.68	116.656
1712.51	107.893
1713.33	96.0454
1714.15	94.2388
1714.98	97.0433
1715.8	95.3422
1716.62	99.8951
1717.45	108.433
1718.27	115.864
1719.1	112.923
1719.92	97.8224
1720.74	87.0658
1721.57	71.2373
1722.39	63.486
1723.22	61.8124
1724.04	66.8479
1724.86	79.6022
1725.69	83.6341
1726.51	82.036
1727.34	81.3553
1728.16	73.6478
1728.98	74.5727
1729.81	68.5572
1730.63	63.7811
1731.46	60.6762
1732.28	48.4825
1733.1	37.8679
1733.93	33.8599
1734.75	39.8248
1735.57	55.8943
1736.4	68.4792
1737.22	74.7433
1738.05	79.1532
1738.87	74.7439
1739.69	69.5156
1740.52	74.453
1741.34	75.64
1742.17	78.589
1742.99	79.3617
1743.81	75.1189
1744.64	66.0623
1745.46	60.0383
1746.29	57.5998
1747.11	66.383
1747.93	62.5419
1748.76	73.9252
1749.58	82.3982
1750.41	85.4183
1751.23	79.0367
1752.05	79.0834
1752.88	80.2211
1753.7	81.4191
1754.52	73.3195
1755.35	77.3752
1756.17	70.1623
1757	71.7858
1757.82	73.3643
1758.64	79.1159
1759.47	85.7104
1760.29	78.4756
1761.12	76.4586
1761.94	59.7992
1762.76	57.8652
1763.59	60.5252
1764.41	60.696
1765.24	74.1498
1766.06	94.4106
1766.88	99.0923
1767.71	111.253
1768.53	94.2143
1769.36	84.6408
1770.18	58.593
1771	48.0332
1771.83	46.0646
1772.65	61.9675
1773.47	67.2351
1774.3	73.8259
1775.12	69.3788
1775.95	66.8254
1776.77	59.7542
1777.59	67.1279
1778.42	67.7746
1779.24	76.3066
1780.07	82.9789
1780.89	86.8881
1781.71	88.3167
1782.54	77.2064
1783.36	73.8994
1784.19	62.1774
1785.01	45.9732
1785.83	31.6407
1786.66	27.9122
1787.48	16.7772
1788.31	25.1018
1789.13	30.8503
1789.95	47.7526
1790.78	53.6505
1791.6	56.6687
1792.42	71.4537
1793.25	82.4011
1794.07	81.0095
1794.9	84.202
1795.72	87.4899
1796.54	80.0874
1797.37	78.6583
1798.19	72.1691
1799.02	77.2854
1799.84	70.8141
1800.66	72.2046
1801.49	73.9931
1802.31	76.8196
1803.14	78.2186
1803.96	76.0366
1804.78	77.8941
1805.61	75.905
1806.43	65.7871
1807.26	64.7213
1808.08	56.658
1808.9	45.1545
1809.73	50.5579
1810.55	51.3374
1811.37	61.8023
1812.2	68.3535
1813.02	74.5504
1813.85	62.7514
1814.67	48.8035
1815.49	44.7525
1816.32	46.1129
1817.14	47.6636
1817.97	46.1134
1818.79	49.3335
1819.61	49.992
1820.44	49.1706
1821.26	55.6905
1822.09	71.4817
1822.91	74.1273
1823.73	74.0196
1824.56	69.5049
1825.38	65.3506
1826.2	59.8796
1827.03	64.0545
1827.85	70.7888
1828.68	78.377
1829.5	71.9478
1830.32	62.5972
1831.15	51.3606
1831.97	38.8166
1832.8	36.1932
1833.62	49.048
1834.44	62.0744
1835.27	74.766
1836.09	84.271
1836.92	86.1821
1837.74	81.2714
1838.56	77.1567
1839.39	76.3667
1840.21	80.8172
1841.04	75.4706
1841.86	73.8824
1842.68	73.1944
1843.51	74.3623
1844.33	78.4066
1845.15	78.581
1845.98	83.7604
1846.8	92.8339
1847.63	93.2559
1848.45	86.1922
1849.27	75.7769
1850.1	64.1492
1850.92	51.8848
1851.75	38.6058
1852.57	40.882
1853.39	55.0883
1854.22	64.5543
1855.04	64.9543
1855.87	59.4622
1856.69	55.7295
1857.51	51.8287
1858.34	50.5649
1859.16	47.1979
1859.99	45.0829
1860.81	48.8609
1861.63	55.6377
1862.46	66.8219
1863.28	74.6313
1864.1	70.7476
1864.93	64.0749
1865.75	60.0226
1866.58	52.1606
1867.4	51.3463
1868.22	54.8831
1869.05	65.7077
1869.87	72.1629
1870.7	65.8197
1871.52	61.7165
1872.34	72.7675
1873.17	76.8407
1873.99	75.3771
1874.82	78.4882
1875.64	82.909
1876.46	81.7698
1877.29	78.0109
1878.11	77.6616
1878.94	77.4582
1879.76	74.5936
1880.58	61.1452
1881.41	58.5633
1882.23	60.7429
1883.05	56.148
1883.88	59.3453
1884.7	66.6231
1885.53	75.1855
1886.35	82.7608
1887.17	80.4166
1888	86.4049
1888.82	86.1086
1889.65	71.2567
1890.47	60.2968
1891.29	53.9193
1892.12	57.2272
1892.94	53.4834
1893.77	53.8917
1894.59	51.8834
1895.41	49.7347
1896.24	56.885
1897.06	65.6856
1897.89	66.6781
1898.71	71.027
1899.53	70.5949
1900.36	69.7439
1901.18	59.4219
1902	55.636
1902.83	57.5799
1903.65	64.3089
1904.48	67.0078
1905.3	63.0447
1906.12	71.7047
1906.95	71.3743
1907.77	59.1965
1908.6	50.4986
1909.42	50.9178
1910.24	60.7722
1911.07	66.5424
1911.89	61.6815
1912.72	68.1223
1913.54	67.8056
1914.36	59.038
1915.19	53.393
1916.01	55.3354
1916.84	59.4927
1917.66	65.0437
1918.48	71.9497
1919.31	78.8253
1920.13	80.4937
1920.95	76.0217
1921.78	66.6577
1922.6	58.2083
1923.43	57.5331
1924.25	58.0211
1925.07	64.2813
1925.9	75.7895
1926.72	74.6198
1927.55	68.6705
1928.37	64.3311
1929.19	61.0095
1930.02	61.1825
1930.84	60.1645
1931.67	62.2326
1932.49	73.9442
1933.31	73.747
1934.14	83.5478
1934.96	87.7633
1935.78	87.1484
1936.61	81.4044
1937.43	70.8278
1938.26	57.1247
1939.08	44.182
1939.9	39.4784
1940.73	49.352
1941.55	49.4386
1942.38	47.4401
1943.2	46.8661
1944.02	48.1666
1944.85	51.0807
1945.67	50.4692
1946.5	59.2713
1947.32	69.2838
1948.14	70.6882
1948.97	65.6509
1949.79	61.073
1950.62	59.6939
1951.44	58.3408
1952.26	53.9923
1953.09	60.2289
1953.91	64.8651
1954.73	62.7292
1955.56	68.3696
1956.38	69.299
1957.21	66.0767
1958.03	60.9448
1958.85	57.6522
1959.68	58.0834
1960.5	57.2783
1961.33	60.6215
1962.15	72.2273
1962.97	75.1883
1963.8	68.9278
1964.62	64.7998
1965.45	62.4992
1966.27	56.6843
1967.09	50.8894
1967.92	51.0687
1968.74	54.0103
1969.57	55.0519
1970.39	44.8777
1971.21	37.2603
1972.04	38.7813
1972.86	34.4803
1973.68	30.4552
1974.51	28.7635
1975.33	35.9859
1976.16	39.0132
1976.98	34.7112
1977.8	32.7923
1978.63	47.1739
1979.45	60.2019
1980.28	69.388
1981.1	66.8407
1981.92	76.9041
1982.75	82.3784
1983.57	77.6966
1984.4	67.2411
1985.22	67.6928
1986.04	67.4258
1986.87	59.6043
1987.69	47.6885
1988.52	48.7647
1989.34	49.6725
1990.16	48.2255
1990.99	45.9003
1991.81	37.4594
1992.63	36.2262
1993.46	45.03
1994.28	50.6673
1995.11	58.2379
1995.93	51.5021
1996.75	57.7669
1997.58	49.8601
1998.4	37.2239
1999.23	35.4326
2000.05	41.3361
2000.87	49.5173
2001.7	57.2699
2002.52	51.8157
2003.35	54.5863
2004.17	47.1129
2004.99	47.3012
2005.82	44.9678
2006.64	44.9479
2007.47	55.9885
2008.29	70.4561
2009.11	79.6178
2009.94	84.3009
2010.76	80.2859
2011.58	76.6558
2012.41	63.2178
2013.23	58.3812
2014.06	62.892
2014.88	71.6259
2015.7	77.3757
2016.53	74.0204
2017.35	67.6868
2018.18	64.1367
2019	55.3288
2019.82	59.5388
2020.65	63.1981
2021.47	56.7492
2022.3	52.2155
2023.12	42.2719
2023.94	47.7515
2024.77	56.8505
2025.59	59.834
2026.42	71.5722
2027.24	80.7247
2028.06	78.1496
2028.89	70.7779
2029.71	61.6467
2030.53	57.6378
2031.36	52.9826
2032.18	44.3383
2033.01	44.4138
2033.83	48.3664
2034.65	51.9609
2035.48	59.4935
2036.3	65.9777
2037.13	64.4773
2037.95	69.4645
2038.77	69.488
2039.6	68.5448
2040.42	71.8122
2041.25	67.7198
2042.07	64.5531
2042.89	65.5383
2043.72	64.7936
2044.54	67.3819
2045.36	57.9554
2046.19	51.6029
2047.01	48.3194
2047.84	45.0349
2048.66	42.4881
2049.48	56.1995
2050.31	70.1205
2051.13	83.1367
2051.96	83.4228
2052.78	83.7615
2053.6	81.9109
2054.43	80.6222
2055.25	67.2964
2056.08	61.6847
2056.9	62.2636
2057.72	63.7937
2058.55	63.3546
2059.37	70.1031
2060.2	82.5662
2061.02	80.0354
2061.84	69.0124
2062.67	56.3946
2063.49	51.5337
2064.31	47.2758
2065.14	49.1056
2065.96	54.0419
2066.79	61.4898
2067.61	58.8279
2068.43	62.5009
2069.26	61.5872
2070.08	67.2322
2070.91	65.2632
2071.73	66.6395
2072.55	70.2727
2073.38	60.8414
2074.2	50.7941
2075.03	49.9569
2075.85	48.2513
2076.67	43.7518
2077.5	41.4032
2078.32	56.2045
2079.15	79.8808
2079.97	83.2828
2080.79	86.7022
2081.62	93.4758
2082.44	94.2766
2083.26	91.0039
2084.09	87.3687
2084.91	95.4189
2085.74	91.9794
2086.56	81.6703
2087.38	73.8518
2088.21	70.1183
2089.03	74.4362
2089.86	81.9172
2090.68	85.8241
2091.5	95.5902
2092.33	88.0109
2093.15	79.5512
2093.98	69.1174
2094.8	62.4512
2095.62	69.026
2096.45	74.9534
2097.27	80.744
2098.1	86.9878
2098.92	88.2561
2099.74	92.9808
2100.57	100.616
2101.39	97.1676
2102.21	94.2386
2103.04	93.2146
2103.86	93.1489
2104.69	80.1926
2105.51	73.2682
2106.33	75.4703
2107.16	77.2594
2107.98	76.1416
2108.81	81.7638
2109.63	91.625
2110.45	91.8768
2111.28	76.9858
2112.1	70.7465
2112.93	67.5779
2113.75	65.7741
2114.57	72.7911
2115.4	82.3177
2116.22	84.7599
2117.05	71.99
2117.87	67.9861
2118.69	60.8985
2119.52	61.8379
2120.34	72.6806
2121.16	86.5869
2121.99	99.8027
2122.81	109.086
2123.64	109.109
2124.46	107.685
2125.28	91.6592
2126.11	79.3878
2126.93	72.6848
2127.76	68.4392
2128.58	71.8452
2129.4	81.3275
2130.23	82.0155
2131.05	80.2886
2131.88	86.2359
2132.7	79.6916
2133.52	71.1818
2134.35	74.8783
2135.17	85.916
2136	89.5483
2136.82	84.5617
2137.64	82.6384
2138.47	85.0373
2139.29	72.6527
2140.11	54.6269
2140.94	54.2384
2141.76	51.8888
2142.59	52.4419
2143.41	53.7208
2144.23	67.5398
2145.06	84.5612
2145.88	95.3305
2146.71	89.9294
2147.53	84.626
2148.35	75.1487
2149.18	74.3418
2150	64.4324
2150.83	63.4897
2151.65	59.7393
2152.47	61.7986
2153.3	66.139
2154.12	68.6262
2154.94	77.294
2155.77	82.3738
2156.59	80.498
2157.42	74.5037
2158.24	64.0038
2159.06	67.8238
2159.89	78.3852
2160.71	86.7676
2161.54	85.7919
2162.36	81.5354
2163.18	83.4524
2164.01	77.0356
2164.83	74.1392
2165.66	79.5916
2166.48	85.5725
2167.3	86.2424
2168.13	70.3307
2168.95	64.0742
2169.78	63.102
2170.6	64.4061
2171.42	65.5855
2172.25	72.6777
2173.07	70.9482
2173.89	64.3438
2174.72	52.0493
2175.54	51.9023
2176.37	52.1875
2177.19	55.1925
2178.01	49.2674
2178.84	62.0423
2179.66	68.7665
2180.49	79.1382
2181.31	88.0517
2182.13	88.2687
2182.96	83.7524
2183.78	69.0403
2184.61	49.721
2185.43	48.2708
2186.25	48.5725
2187.08	55.7117
2187.9	63.4091
2188.73	48.7739
2189.55	36.604
2190.37	32.8283
2191.2	33.3245
2192.02	43.7891
2192.84	52.8798
2193.67	65.2404
2194.49	69.8717
2195.32	59.4407
2196.14	57.203
2196.96	65.829
2197.79	60.0807
2198.61	56.4196
2199.44	59.6051
2200.26	64.4573
2201.08	69.9841
2201.91	66.7798
2202.73	68.6577
2203.56	64.9536
2204.38	51.1915
2205.2	46.0485
2206.03	56.8256
2206.85	61.2237
2207.68	65.4998
2208.5	66.7973
2209.32	68.136
2210.15	64.4099
2210.97	63.7464
2211.79	67.8155
2212.62	70.6866
2213.44	61.0318
2214.27	60.6938
2215.09	70.2236
2215.91	73.9045
2216.74	66.3041
2217.56	60.4588
2218.39	67.612
2219.21	69.8738
2220.03	68.8624
2220.86	71.0649
2221.68	80.3832
2222.51	86.3955
2223.33	90.6055
2224.15	83.2822
2224.98	85.8317
2225.8	85.8663
2226.63	78.7977
2227.45	67.5822
2228.27	62.039
2229.1	59.2947
2229.92	72.188
2230.74	77.078
2231.57	79.8084
2232.39	83.141
2233.22	75.8045
2234.04	66.6881
2234.86	61.0044
2235.69	53.3538
2236.51	56.3082
2237.34	62.5276
2238.16	58.9437
2238.98	61.6082
2239.81	54.6611
2240.63	50.339
2241.46	65.5294
2242.28	75.4637
2243.1	91.9987
2243.93	108.058
2244.75	110.161
2245.58	108.329
2246.4	98.6439
2247.22	80.622
2248.05	84.3474
2248.87	87.293
2249.69	89.7771
2250.52	93.3111
2251.34	91.6891
2252.17	87.5946
2252.99	82.9257
2253.81	75.6221
2254.64	88.3038
2255.46	88.051
2256.29	87.26
2257.11	102.977
2257.93	110.208
2258.76	108.857
2259.58	98.4845
2260.41	97.8678
2261.23	94.5993
2262.05	63.6676
2262.88	57.8722
2263.7	66.4747
2264.52	68.1523
2265.35	67.9154
2266.17	63.083
2267	72.6532
2267.82	77.438
2268.64	68.922
2269.47	79.2796
2270.29	92.4002
2271.12	91.9411
2271.94	95.6276
2272.76	90.2581
2273.59	85.7211
2274.41	80.0672
2275.24	76.794
2276.06	84.3325
2276.88	94.3208
2277.71	90.2537
2278.53	105.133
2279.36	102.499
2280.18	96.8063
2281	88.6672
2281.83	85.9387
2282.65	78.9861
2283.47	69.7923
2284.3	63.019
2285.12	70.6108
2285.95	68.2872
2286.77	66.8596
2287.59	65.9473
2288.42	63.0517
2289.24	58.4885
2290.07	51.6719
2290.89	50.8347
2291.71	58.3134
2292.54	70.4003
2293.36	74.7557
2294.19	76.0496
2295.01	77.0616
2295.83	75.2928
2296.66	68.7489
2297.48	70.8118
2298.31	72.8713
2299.13	80.3133
2299.95	85.9114
2300.78	80.1744
2301.6	89.818
2302.42	91.6321
2303.25	92.7939
2304.07	94.807
2304.9	95.2489
2305.72	95.2413
2306.54	96.8271
2307.37	85.7089
2308.19	82.3778
2309.02	74.6867
2309.84	62.4259
2310.66	51.8458
2311.49	52.6713
2312.31	64.89
2313.14	80.8547
2313.96	88.9239
2314.78	86.9694
2315.61	96.2415
2316.43	95.7193
2317.26	80.0595
2318.08	68.5227
2318.9	65.8327
2319.73	65.4782
2320.55	68.1723
2321.37	74.807
2322.2	95.2888
2323.02	107.065
2323.85	95.0843
2324.67	76.2485
2325.49	57.8585
2326.32	51.4653
2327.14	50.0536
2327.97	62.3271
2328.79	82.3403
2329.61	98.545
2330.44	99.7296
2331.26	92.4771
2332.09	78.1849
2332.91	72.6145
2333.73	65.0765
2334.56	70.8856
2335.38	66.0071
2336.21	57.2212
2337.03	55.879
2337.85	59.1321
2338.68	58.3702
2339.5	75.2684
2340.32	86.7676
2341.15	97.4531
2341.97	96.8988
2342.8	88.1452
2343.62	81.042
2344.44	74.7381
2345.27	67.8942
2346.09	72.576
2346.92	77.4421
2347.74	71.8516
2348.56	71.1594
2349.39	70.971
2350.21	66.0842
2351.04	56.6873
2351.86	51.5703
2352.68	51.2174
2353.51	62.34
2354.33	46.4773
2355.16	41.0606
2355.98	47.9946
2356.8	49.3899
2357.63	44.5833
2358.45	40.9235
2359.27	39.4978
2360.1	56.9539
2360.92	56.5829
2361.75	60.8036
2362.57	63.7197
2363.39	67.5873
2364.22	65.5306
2365.04	58.1047
2365.87	47.2146
2366.69	46.1325
2367.51	35.329
2368.34	32.0066
2369.16	30.1814
2369.99	35.903
2370.81	44.2259
2371.63	51.3176
2372.46	52.6379
2373.28	48.3136
2374.1	50.0356
2374.93	59.2197
2375.75	70.0848
2376.58	77.3237
2377.4	75.6931
2378.22	77.6452
2379.05	75.2459
2379.87	65.2456
2380.7	66.9993
2381.52	69.1395
2382.34	66.4593
2383.17	57.4959
2383.99	47.2041
2384.82	44.7783
2385.64	39.3725
2386.46	44.7024
2387.29	59.1947
2388.11	67.0168
2388.94	63.9691
2389.76	58.0305
2390.58	66.5852
2391.41	57.5131
2392.23	44.7729
2393.05	47.3266
2393.88	44.6364
2394.7	29.3146
2395.53	24.9685
2396.35	30.5343
2397.17	47.6299
2398	49.4166
2398.82	58.27
2399.65	64.3046
2400.47	58.8959
2401.29	47.2493
2402.12	47.0917
2402.94	45.579
2403.77	42.0117
2404.59	41.1296
2405.41	50.9736
2406.24	50.7152
2407.06	54.2391
2407.89	65.8226
2408.71	66.6919
2409.53	58.7448
2410.36	51.6048
2411.18	45.0333
2412	41.5387
2412.83	24.3025
2413.65	15.4245
2414.48	28.3668
2415.3	38.3134
2416.12	50.733
2416.95	70.9502
2417.77	78.1835
2418.6	65.8777
2419.42	45.4152
2420.24	28.0846
2421.07	21.1172
2421.89	22.6966
2422.72	34.3144
2423.54	47.7994
2424.36	46.8956
2425.19	38.9185
2426.01	44.6333
2426.84	53.696
2427.66	58.3195
2428.48	63.5223
2429.31	63.7562
2430.13	54.2125
2430.95	44.0504
2431.78	36.9043
2432.6	36.677
2433.43	43.8444
2434.25	52.5327
2435.07	56.2187
2435.9	54.5917
2436.72	59.1374
2437.55	64.8839
2438.37	68.6975
2439.19	66.4359
2440.02	63.9561
2440.84	59.6614
2441.67	48.9044
2442.49	43.3922
2443.31	44.3491
2444.14	51.6594
2444.96	65.98
2445.79	62.8129
2446.61	68.7245
2447.43	60.1385
2448.26	51.5681
2449.08	46.4205
2449.9	47.2918
2450.73	57.1313
2451.55	74.2109
2452.38	77.3878
2453.2	89.6268
2454.02	76.9887
2454.85	75.3694
2455.67	71.4676
2456.5	63.2361
2457.32	51.0171
2458.14	53.7347
2458.97	56.4765
2459.79	62.1783
2460.62	52.6978
2461.44	48.3084
2462.26	44.6399
2463.09	38.8387
2463.91	43.6262
2464.74	53.6494
2465.56	65.2261
2466.38	83.6952
2467.21	76.998
2468.03	65.8362
2468.85	55.9202
2469.68	49.3828
2470.5	56.3313
2471.33	56.1146
2472.15	64.1458
2472.97	73.8126
2473.8	77.0162
2474.62	82.8853
2475.45	80.7772
2476.27	73.3073
2477.09	79.0798
2477.92	70.2339
2478.74	70.8569
2479.57	65.2398
2480.39	70.4239
2481.21	78.743
2482.04	84.4996
2482.86	77.5696
2483.68	83.0186
2484.51	71.0661
2485.33	64.4688
2486.16	54.3543
2486.98	49.3199
2487.8	55.3728
2488.63	61.839
2489.45	59.4997
2490.28	59.1478
2491.1	54.0441
2491.92	55.1278
2492.75	55.8623
2493.57	62.3604
2494.4	67.8294
2495.22	74.2346
2496.04	83.5741
2496.87	76.2412
2497.69	75.1695
2498.52	67.9525
2499.34	60.8409
2500.16	57.4654
2500.99	48.5085
2501.81	52.2787
2502.63	52.7796
2503.46	52.994
2504.28	62.3274
2505.11	62.6439
2505.93	64.235
2506.75	58.6686
2507.58	66.7739
2508.4	65.035
2509.23	61.5399
2510.05	65.9067
2510.87	75.7021
2511.7	77.1714
2512.52	60.5287
2513.35	43.5758
2514.17	41.8635
2514.99	34.3687
2515.82	43.7687
2516.64	61.5018
2517.47	85.1931
2518.29	91.78
2519.11	87.7808
2519.94	84.9972
2520.76	77.8658
2521.58	76.4372
2522.41	78.655
2523.23	79.9351
2524.06	78.8339
2524.88	73.2773
2525.7	78.0749
2526.53	82.5943
2527.35	86.9804
2528.18	90.5893
2529	90.9515
2529.82	77.5208
2530.65	75.9795
2531.47	73.222
2532.3	75.7214
2533.12	79.2139
2533.94	83.9751
2534.77	84.3411
2535.59	77.5397
2536.42	64.0865
2537.24	71.9845
2538.06	72.4629
2538.89	71.1
2539.71	73.7544
2540.53	85.8624
2541.36	95.7018
2542.18	91.8797
2543.01	84.0055
2543.83	90.9855
2544.65	87.0648
2545.48	80.462
2546.3	79.8349
2547.13	85.8722
2547.95	83.1608
2548.77	68.347
2549.6	53.1916
2550.42	54.5946
2551.25	50.2519
2552.07	46.0063
2552.89	49.0101
2553.72	51.468
2554.54	64.1334
2555.37	64.0084
2556.19	69.8764
2557.01	80.4175
2557.84	86.4221
2558.66	83.7153
2559.48	81.6491
2560.31	73.1523
2561.13	63.3216
2561.96	51.6591
2562.78	42.2601
2563.6	51.2557
2564.43	61.7316
2565.25	68.1928
2566.08	75.4351
2566.9	86.6017
2567.72	80.7247
2568.55	80.9665
2569.37	66.0864
2570.2	63.9829
2571.02	60.0308
2571.84	68.845
2572.67	78.8936
2573.49	85.9232
2574.32	81.0509
2575.14	71.9397
2575.96	60.491
2576.79	64.8074
2577.61	70.8048
2578.43	89.2124
2579.26	96.0049
2580.08	87.7929
2580.91	90.3865
2581.73	99.1843
2582.55	107.945
2583.38	113.208
2584.2	103.957
2585.03	92.761
2585.85	78.915
2586.67	71.5308
2587.5	77.1152
2588.32	90.1197
2589.15	83.6335
2589.97	78.8235
2590.79	80.0334
2591.62	80.7454
2592.44	83.5508
2593.26	85.6026
2594.09	86.0136
2594.91	95.7929
2595.74	87.266
2596.56	82.0639
2597.38	86.2126
2598.21	89.3494
2599.03	81.474
2599.86	80.4049
2600.68	84.8034
2601.5	92.8799
2602.33	88.7267
2603.15	91.0145
2603.98	91.0776
2604.8	83.9404
2605.62	85.1523
2606.45	92.3344
2607.27	100.055
2608.1	97.2911
2608.92	91.6544
2609.74	90.8138
2610.57	95.8585
2611.39	95.3139
2612.21	108.131
2613.04	108.711
2613.86	111.995
2614.69	106.768
2615.51	87.8728
2616.33	72.9608
2617.16	84.4069
2617.98	71.7118
2618.81	67.0989
2619.63	69.4082
2620.45	71.4465
2621.28	77.1917
2622.1	68.5642
2622.93	77.8158
2623.75	89.2462
2624.57	90.1245
2625.4	93.4988
2626.22	91.1409
2627.05	91.4086
2627.87	82.2218
2628.69	68.5636
2629.52	77.2742
2630.34	64.222
2631.16	62.5291
2631.99	55.1875
2632.81	41.1645
2633.64	52.821
2634.46	51.9486
2635.28	56.8163
2636.11	73.0504
2636.93	68.6891
2637.76	77.2252
2638.58	73.0538
2639.4	74.6451
2640.23	86.4502
2641.05	91.2688
2641.88	93.8944
2642.7	102.531
2643.52	111.231
2644.35	113.537
2645.17	119.966
2646	140.713
2646.82	145.049
2647.64	157.406
2648.47	162.192
2649.29	168.304
2650.11	165.847
2650.94	166.153
2651.76	172.267
2652.59	169.97
2653.41	162.948
2654.23	149.658
2655.06	155.827
2655.88	164.456
2656.71	166.907
2657.53	177.649
2658.35	167.003
2659.18	153.787
2660	148.512
2660.83	134.435
2661.65	154.933
2662.47	165.881
2663.3	181.678
2664.12	179.8
2664.95	164.706
2665.77	146.595
2666.59	139.53
2667.42	137.737
2668.24	135.743
2669.06	122.614
2669.89	137.086
2670.71	127.063
2671.54	118.361
2672.36	107.012
2673.18	108.803
2674.01	111.315
2674.83	116.807
2675.66	112.197
2676.48	132.164
2677.3	134.304
2678.13	143.714
2678.95	149.49
2679.78	150.288
2680.6	150.533
2681.42	148.779
2682.25	131.232
2683.07	122.05
2683.9	112.811
2684.72	110.293
2685.54	128.024
2686.37	121.315
2687.19	118.037
2688.01	111.569
2688.84	91.6469
2689.66	81.58
2690.49	75.4018
2691.31	81.4568
2692.13	107.763
2692.96	109.188
2693.78	120.378
2694.61	123.872
2695.43	119.564
2696.25	126.217
2697.08	134.783
2697.9	148.943
2698.73	165.441
2699.55	180.916
2700.37	199.034
2701.2	190.884
2702.02	190.246
2702.84	195.772
2703.67	208.881
2704.49	230.623
2705.32	264.142
2706.14	296.165
2706.96	322.194
2707.79	327.463
2708.61	330.871
2709.44	320.827
2710.26	322.593
2711.08	324.087
2711.91	336.238
2712.73	348.709
2713.56	366.956
2714.38	395.336
2715.2	418.512
2716.03	434.876
2716.85	448.069
2717.68	464.648
2718.5	500.538
2719.32	535.491
2720.15	567.373
2720.97	601.592
2721.79	627.079
2722.62	640.467
2723.44	632.402
2724.27	622.899
2725.09	613.303
2725.91	573.538
2726.74	537.069
2727.56	501.723
2728.39	472.196
2729.21	442.418
2730.03	418.89
2730.86	404.317
2731.68	392.493
2732.51	371.365
2733.33	361.125
2734.15	344.315
2734.98	324.414
2735.8	308.663
2736.63	298.146
2737.45	294.635
2738.27	276.907
2739.1	269.902
2739.92	256.263
2740.74	237.477
2741.57	227.653
2742.39	235.127
2743.22	235.518
2744.04	223.553
2744.86	204.683
2745.69	210.179
2746.51	208.472
2747.34	198.626
2748.16	190.579
2748.98	185.09
2749.81	174.978
2750.63	158.133
2751.46	147.245
2752.28	152.046
2753.1	155.207
2753.93	149.995
2754.75	144.298
2755.58	137.344
2756.4	132.359
2757.22	129.161
2758.05	123.994
2758.87	112.888
2759.69	109.759
2760.52	99.546
2761.34	92.079
2762.17	82.3729
2762.99	76.9655
2763.81	84.1619
2764.64	84.0931
2765.46	78.4842
2766.29	88.9468
2767.11	78.2263
2767.93	80.5575
2768.76	76.3826
2769.58	74.6907
2770.41	69.307
2771.23	65.5154
2772.05	62.8573
2772.88	72.1372
2773.7	55.3946
2774.53	49.44
2775.35	43.0939
2776.17	41.8359
2777	39.1096
2777.82	36.9529
2778.64	47.2063
2779.47	63.1884
2780.29	77.704
2781.12	75.9603
2781.94	80.2274
2782.76	87.3201
2783.59	77.8902
2784.41	53.7335
2785.24	46.993
2786.06	43.3824
2786.88	61.6797
2787.71	58.2702
2788.53	54.3251
2789.36	61.6372
2790.18	69.919
2791	81.22
2791.83	85.8973
2792.65	99.5511
2793.48	119.986
2794.3	116.294
2795.12	102.48
2795.95	91.2758
2796.77	94.8716
2797.59	90.2745
2798.42	78.3757
2799.24	85.0889
2800.07	77.7055
2800.89	73.5429
2801.71	72.8315
2802.54	91.3236
2803.36	113.775
2804.19	135.535
2805.01	145.414
2805.83	158.216
2806.66	145.302
2807.48	144.203
2808.31	135.26
2809.13	144.298
2809.95	157.716
2810.78	185.853
2811.6	193.601
2812.42	195.291
2813.25	189.751
2814.07	193.999
2814.9	191.075
2815.72	195.455
2816.54	221.472
2817.37	243.378
2818.19	257.784
2819.02	276.162
2819.84	289.892
2820.66	302.358
2821.49	302.066
2822.31	314.421
2823.14	332.421
2823.96	349.495
2824.78	384.789
2825.61	424.42
2826.43	460.242
2827.26	506.223
2828.08	561.938
2828.9	644.55
2829.73	724.033
2830.55	822.165
2831.37	932.394
2832.2	1046.94
2833.02	1196.26
2833.85	1361.11
2834.67	1561.44
2835.49	1794.73
2836.32	2004.39
2837.14	2190.34
2837.97	2355.76
2838.79	2498.67
2839.61	2598.57
2840.44	2628.76
2841.26	2628.91
2842.09	2578.23
2842.91	2468.26
2843.73	2337.55
2844.56	2214.91
2845.38	2057.89
2846.21	1906.12
2847.03	1765.93
2847.85	1624.92
2848.68	1485.94
2849.5	1356.84
2850.32	1248.23
2851.15	1170.67
2851.97	1081.89
2852.8	1061.57
2853.62	1049.77
2854.44	1060.08
2855.27	1057.05
2856.09	1081.28
2856.92	1092.53
2857.74	1127.26
2858.56	1178.57
2859.39	1289.35
2860.21	1434.35
2861.04	1642.97
2861.86	1874.02
2862.68	2157.88
2863.51	2453.76
2864.33	2764.07
2865.16	3051.94
2865.98	3310.44
2866.8	3506.71
2867.63	3617.34
2868.45	3679.05
2869.27	3649.26
2870.1	3616.48
2870.92	3587.46
2871.75	3559.5
2872.57	3515.79
2873.39	3481.09
2874.22	3459.75
2875.04	3526.67
2875.87	3601.17
2876.69	3706
2877.51	3841.89
2878.34	3978.34
2879.16	4135.36
2879.99	4313.88
2880.81	4429.33
2881.63	4561.32
2882.46	4680.24
2883.28	4708.83
2884.11	4716.59
2884.93	4705.04
2885.75	4708.42
2886.58	4672.06
2887.4	4562.47
2888.22	4457.72
2889.05	4357.49
2889.87	4173.01
2890.7	3995.22
2891.52	3840.39
2892.34	3685.91
2893.17	3570.48
2893.99	3476.53
2894.82	3417.35
2895.64	3368.55
2896.46	3273.16
2897.29	3188.53
2898.11	3143.91
2898.94	3123
2899.76	3169.33
2900.58	3222.85
2901.41	3293.7
2902.23	3353.73
2903.06	3417.2
2903.88	3448.08
2904.7	3475.18
2905.53	3434.78
2906.35	3392.95
2907.17	3322.06
2908	3194.42
2908.82	3074.23
2909.65	2982.43
2910.47	2883.31
2911.29	2777.93
2912.12	2645.19
2912.94	2553.89
2913.77	2483.29
2914.59	2367.69
2915.41	2308.27
2916.24	2275.02
2917.06	2272.04
2917.89	2260.41
2918.71	2265.49
2919.53	2278.33
2920.36	2297.26
2921.18	2288.81
2922	2309.71
2922.83	2320.31
2923.65	2331.56
2924.48	2348.98
2925.3	2340.14
2926.12	2301.61
2926.95	2263.91
2927.77	2211.57
2928.6	2144.15
2929.42	2080.73
2930.24	2009.05
2931.07	1912.26
2931.89	1803.78
2932.72	1674.97
2933.54	1571.79
2934.36	1460.47
2935.19	1345.51
2936.01	1288.33
2936.84	1211.36
2937.66	1132.07
2938.48	1095.43
2939.31	1061.6
2940.13	1041.42
2940.95	1015.43
2941.78	1008.2
2942.6	1032.46
2943.43	1052.44
2944.25	1086.01
2945.07	1136.72
2945.9	1190
2946.72	1256.75
2947.55	1319.14
2948.37	1404.19
2949.19	1511.26
2950.02	1617.27
2950.84	1720.54
2951.67	1794.27
2952.49	1826.01
2953.31	1840.73
2954.14	1809.03
2954.96	1751.64
2955.79	1713.11
2956.61	1666.98
2957.43	1658.58
2958.26	1648.45
2959.08	1662.89
2959.9	1679.2
2960.73	1690.8
2961.55	1693.74
2962.38	1678.51
2963.2	1625.99
2964.02	1574.1
2964.85	1504.77
2965.67	1444.08
2966.5	1367.07
2967.32	1302.64
2968.14	1263.78
2968.97	1209.51
2969.79	1153.86
2970.62	1112.57
2971.44	1055.6
2972.26	987.086
2973.09	910.58
2973.91	830.329
2974.74	771.681
2975.56	710.177
2976.38	661.88
2977.21	619.708
2978.03	572.711
2978.85	529.912
2979.68	487.777
2980.5	445.566
2981.33	425.509
2982.15	391.199
2982.97	367.841
2983.8	345.521
2984.62	329.658
2985.45	313.484
2986.27	287.478
2987.09	263.238
2987.92	241.347
2988.74	224.462
2989.57	220.941
2990.39	219.231
2991.21	218.886
2992.04	220.251
2992.86	199.827
2993.69	193.153
2994.51	183.249
2995.33	181.652
2996.16	174.776
2996.98	172.147
2997.8	170.036
2998.63	174.621
2999.45	163.18
3000.28	161.709
3001.1	164.172
3001.92	155.977
3002.75	152.63
3003.57	145.769
3004.4	147.32
3005.22	145.283
3006.04	132.894
3006.87	122.443
3007.69	123.679
3008.52	115.079
3009.34	113.096
3010.16	111.228
3010.99	101.937
3011.81	102.441
3012.64	103.975
3013.46	103.145
3014.28	102.123
3015.11	90.9349
3015.93	87.1729
3016.75	89.3744
3017.58	83.4199
3018.4	91.0601
3019.23	111.091
3020.05	117.328
3020.87	115.335
3021.7	100.444
3022.52	88.1952
3023.35	71.7711
3024.17	55.5891
3024.99	62.9187
3025.82	76.0986
3026.64	82.9568
3027.47	103.141
3028.29	108.887
3029.11	104.81
3029.94	91.7469
3030.76	80.7494
3031.58	81.2328
3032.41	58.6769
3033.23	49.8895
3034.06	61.4713
3034.88	76.1597
3035.7	83.253
3036.53	91.271
3037.35	95.3906
3038.18	81.3164
3039	61.2418
3039.82	46.4258
3040.65	43.1498
3041.47	55.188
3042.3	58.7661
3043.12	63.4329
3043.94	74.9449
3044.77	66.4011
3045.59	66.1582
3046.42	59.0839
3047.24	58.2403
3048.06	58.3076
3048.89	57.0782
3049.71	53.4301
3050.53	44.7355
3051.36	38.1438
3052.18	42.4794
3053.01	58.7237
3053.83	66.3769
3054.65	71.772
3055.48	83.2566
3056.3	78.6008
3057.13	64.6886
3057.95	66.6869
3058.77	61.1413
3059.6	69.7512
3060.42	54.4199
3061.25	50.5092
3062.07	53.9519
3062.89	48.1607
3063.72	51.2498
3064.54	62.0558
3065.37	65.3999
3066.19	67.6782
3067.01	66.6399
3067.84	64.3589
3068.66	61.2102
3069.48	54.4491
3070.31	57.9388
3071.13	73.3871
3071.96	84.8158
3072.78	89.1214
3073.6	93.569
3074.43	82.2057
3075.25	69.0915
3076.08	58.839
3076.9	51.2715
3077.72	52.5086
3078.55	48.4324
3079.37	47.4462
3080.2	46.6823
3081.02	41.2936
3081.84	48.5525
3082.67	63.0815
3083.49	68.1923
3084.32	71.9838
3085.14	61.1716
3085.96	60.0519
3086.79	48.316
3087.61	43.1201
3088.43	46.9764
3089.26	66.586
3090.08	85.4737
3090.91	97.6692
3091.73	80.1294
3092.55	78.707
3093.38	57.3596
3094.2	45.1261
3095.03	37.3169
3095.85	41.1535
3096.67	45.6231
3097.5	50.1893
3098.32	42.171
3099.15	47.3129
3099.97	47.4365
3100.79	49.4255
3101.62	55.8414
3102.44	51.2774
3103.27	47.8135
3104.09	53.3012
3104.91	47.4589
3105.74	54.4904
3106.56	68.5488
3107.38	69.7023
3108.21	75.2135
3109.03	82.5687
3109.86	69.1919
3110.68	66.2609
3111.5	53.65
3112.33	53.1418
3113.15	58.6289
3113.98	57.361
3114.8	70.0002
3115.62	75.9854
3116.45	68.9812
3117.27	77.3251
3118.1	73.9414
3118.92	70.4331
3119.74	72.3976
3120.57	55.9739
3121.39	48.1935
3122.22	45.0414
3123.04	53.7939
3123.86	66.6697
3124.69	64.1505
3125.51	80.3863
3126.33	84.3008
3127.16	74.3995
3127.98	63.9567
3128.81	65.6433
3129.63	49.2836
3130.45	38.4193
3131.28	30.4508
3132.1	44.7821
3132.93	49.7563
3133.75	51.4629
3134.57	42.625
3135.4	53.5591
3136.22	45.1199
3137.05	51.8836
3137.87	61.0032
3138.69	56.8166
3139.52	48.4445
3140.34	26.0511
3141.16	16.0587
3141.99	27.9462
3142.81	39.3721
3143.64	52.2836
3144.46	69.2475
3145.28	65.8657
3146.11	61.1316
3146.93	57.396
3147.76	47.9509
3148.58	51.2168
3149.4	57.1894
3150.23	54.9768
3151.05	64.2197
3151.88	68.7502
3152.7	73.0676
3153.52	67.6757
3154.35	58.6136
3155.17	58.6028
3156	56.9212
3156.82	46.2188
3157.64	40.1093
3158.47	40.1372
3159.29	39.5293
3160.11	33.0818
3160.94	33.6253
3161.76	33.535
3162.59	39.2818
3163.41	38.0996
3164.23	47.4779
3165.06	51.816
3165.88	61.978
3166.71	60.2317
3167.53	51.3498
3168.35	47.2088
3169.18	48.1083
3170	56.2514
3170.83	62.7055
3171.65	61.5127
3172.47	64.8946
3173.3	55.6721
3174.12	44.6397
3174.95	40.5756
3175.77	48.3065
3176.59	58.9006
3177.42	59.9242
3178.24	54.6007
3179.06	56.7497
3179.89	54.4168
3180.71	46.908
3181.54	34.9496
3182.36	28.0703
3183.18	24.8804
3184.01	18.322
3184.83	18.0818
3185.66	28.0336
3186.48	36.9498
3187.3	28.1469
3188.13	26.1281
3188.95	33.2425
3189.78	41.9683
3190.6	47.9164
3191.42	59.4452
3192.25	67.993
3193.07	67.1384
3193.9	70.6199
3194.72	77.0181
3195.54	79.4743
