99.064995 19.000000
99.739878 24.007496
100.414762 24.893297
101.089645 23.540398
101.764529 21.613195
102.439412 20.724695
103.114296 19.961016
103.789179 19.526365
104.464063 18.739798
105.138946 18.100225
105.813829 16.804098
106.488713 15.550797
107.163596 14.010897
107.838480 12.881197
108.513363 11.572197
109.188247 11.212399
109.863130 11.972898
110.538014 14.462997
111.212897 16.811096
111.887781 18.250317
112.562664 18.078476
113.237548 18.040417
113.912431 18.306196
114.587315 19.000000
115.262198 21.717295
115.937081 24.225098
116.611965 27.295195
117.286848 32.279999
117.961732 37.254997
118.636615 40.682999
119.311499 41.573997
119.986382 42.963997
120.661266 47.144997
121.336149 55.185989
122.011033 64.162994
122.685916 72.370987
123.360800 78.989990
124.035683 85.853989
124.710566 92.774986
125.385450 99.700989
126.060333 105.833977
126.735217 113.160980
127.410100 122.519989
128.084984 134.169983
128.759867 145.219986
129.434751 154.219986
130.109634 160.429977
130.784518 166.149994
131.459401 172.599991
132.134285 180.969986
132.809168 189.669983
133.484052 198.149994
134.158935 205.699997
134.833818 214.089981
135.508702 223.209976
136.183585 232.329971
136.858469 238.849991
137.533352 243.729965
138.208236 249.129974
138.883119 257.709961
139.558003 267.379974
140.232886 275.759979
140.907770 281.559967
141.582653 287.659973
142.257537 294.949982
142.932420 302.869995
143.607304 309.019989
144.282187 314.629974
144.957070 320.969971
145.631954 328.809967
146.306837 335.369995
146.981721 339.569977
147.656604 340.839966
148.331488 340.750000
149.006371 339.279999
149.681255 338.250000
150.356138 338.729980
151.031022 341.909973
151.705905 345.250000
152.380789 346.819977
153.055672 344.869995
153.730556 340.289978
154.405439 332.419983
155.080322 322.139984
155.755206 310.539978
156.430089 300.649994
157.104973 292.059967
157.779856 283.219971
158.454740 271.939972
159.129623 260.179962
159.804507 249.449997
160.479390 240.519989
161.154274 231.219986
161.829157 221.869995
162.504041 213.309982
163.178924 207.269989
163.853807 201.979980
164.528691 196.059998
165.203574 187.889999
165.878458 178.989990
166.553341 170.259995
167.228225 163.539978
167.903108 158.079987
168.577992 153.259995
169.252875 147.069992
169.927759 140.250000
170.602642 133.519989
171.277526 128.669983
171.952409 124.589981
172.627293 120.849998
173.302176 116.388985
173.977059 112.380989
174.651943 108.444992
175.326826 104.929985
176.001710 100.750000
176.676593 96.753990
177.351477 92.880989
178.026360 90.462990
178.701244 88.895988
179.376127 88.024986
180.051011 85.720985
180.725894 81.906990
181.400778 76.706993
182.075661 72.580986
182.750545 69.971985
183.425428 69.468994
184.100311 69.643990
184.775195 70.451996
185.450078 70.438988
186.124962 69.817986
186.799845 68.305992
187.474729 67.695992
188.149612 67.617989
188.824496 67.622993
189.499379 65.633995
190.174263 62.520988
190.849146 59.120987
191.524030 57.327995
192.198913 56.210991
192.873796 55.459995
193.548680 53.553997
194.223563 50.899998
194.898447 47.017994
195.573330 43.539997
196.248214 41.078995
196.923097 41.078995
197.597981 42.200993
198.272864 43.740993
198.947748 44.065994
199.622631 44.066994
200.297515 43.611996
200.972398 43.494995
201.647282 42.566994
202.322165 41.464996
202.997048 40.225998
203.671932 40.371994
204.346815 40.766994
205.021699 40.542999
205.696582 37.953995
206.371466 34.636997
207.046349 31.743996
207.721233 30.566998
208.396116 29.118996
209.071000 27.034597
209.745883 24.400997
210.420767 23.690596
211.095650 24.558794
211.770534 26.341097
212.445417 26.979794
213.120300 27.331795
213.795184 27.392996
214.470067 27.655798
215.144951 26.249895
215.819834 23.498894
216.494718 19.940475
217.169601 18.214098
217.844485 18.191586
218.519368 19.331757
219.194252 19.222876
219.869135 18.453785
220.544019 17.709295
221.218902 18.748907
221.893786 19.915426
222.568669 20.116796
223.243552 18.217047
223.918436 16.559698
224.593319 15.988195
225.268203 16.988697
225.943086 17.439598
226.617970 17.582296
227.292853 17.432697
227.967737 18.302795
228.642620 18.868547
229.317504 19.000000
229.992387 19.000000
230.667271 18.528984
231.342154 18.113256
232.017037 18.383707
232.691921 18.232576
233.366804 18.221697
234.041688 17.604698
234.716571 17.239296
235.391455 16.469496
236.066338 16.054197
236.741222 15.261597
237.416105 15.148596
238.090989 15.360397
238.765872 16.480598
239.440756 16.866096
240.115639 16.785894
240.790523 16.440796
241.465406 18.160686
242.140289 21.186794
242.815173 24.077696
243.490056 23.871794
244.164940 21.732195
244.839823 19.578026
245.514707 20.177696
246.189590 22.056097
246.864474 23.770798
247.539357 23.538998
248.214241 23.108095
248.889124 22.926294
249.564008 23.475798
250.238891 22.728497
250.913775 21.103598
251.588658 18.978294
252.263541 18.336676
252.938425 18.246536
253.613308 18.427786
254.288192 17.775597
254.963075 17.923897
255.637959 18.841606
256.312842 20.651697
256.987726 21.012796
257.662609 19.920715
258.337493 17.473495
259.012376 16.058395
259.687260 15.651798
260.362143 16.469894
261.037026 16.846197
261.711910 17.415598
262.386793 17.800896
263.061677 18.802498
263.736560 19.164557
264.411444 19.686584
265.086327 20.497295
265.761211 22.988794
266.436094 25.386999
267.110978 26.623196
267.785861 25.298998
268.460745 23.565397
269.135628 22.345797
269.810512 22.657097
270.485395 22.523598
271.160278 21.543297
271.835162 18.723806
272.510045 15.743597
273.184929 13.346296
273.859812 13.495695
274.534696 14.973297
275.209579 16.637999
275.884463 16.263897
276.559346 15.479399
277.234230 15.591898
277.909113 18.086927
278.583997 20.578894
279.258880 22.002697
279.933764 21.472397
280.608647 21.064295
281.283530 20.739494
281.958414 20.743597
282.633297 19.354778
283.308181 17.432598
283.983064 15.518097
284.657948 15.947397
285.332831 17.949896
286.007715 20.350498
286.682598 20.103197
287.357482 17.986795
288.032365 15.556898
288.707249 15.765598
289.382132 17.511297
290.057015 19.661963
290.731899 20.147297
291.406782 19.954626
292.081666 18.835627
292.756549 17.894999
293.431433 16.831696
294.106316 17.316597
294.781200 18.830305
295.456083 21.334599
296.130967 22.791197
296.805850 23.586294
297.480734 23.476896
298.155617 24.140297
298.830501 25.134796
299.505384 26.841696
300.180267 27.483696
300.855151 27.238396
301.530034 25.651394
302.204918 24.569199
302.879801 23.784897
303.554685 23.868498
304.229568 23.529598
304.904452 23.570000
305.579335 23.383196
306.254219 23.755596
306.929102 23.691395
307.603986 24.170395
308.278869 24.826395
308.953753 26.732895
309.628636 28.735796
310.303519 30.905996
310.978403 31.743996
311.653286 32.067993
312.328170 31.875998
313.003053 33.067997
313.677937 35.212994
314.352820 38.576996
315.027704 41.362995
315.702587 43.643997
316.377471 44.177994
317.052354 43.831993
317.727238 42.433994
318.402121 41.829998
319.077005 41.752995
319.751888 42.925995
320.426771 44.402996
321.101655 47.290993
321.776538 50.660000
322.451422 54.378994
323.126305 56.683994
323.801189 58.660992
324.476072 60.356991
325.150956 62.813992
325.825839 64.900993
326.500723 68.084991
327.175606 72.977989
327.850490 80.680992
328.525373 88.508987
329.200256 95.386986
329.875140 100.750992
330.550023 107.289986
331.224907 115.088982
331.899790 124.369995
332.574674 133.929977
333.249557 145.659988
333.924441 159.619995
334.599324 175.289993
335.274208 188.619995
335.949091 198.189987
336.623975 203.829987
337.298858 209.139984
337.973742 215.179962
338.648625 222.149994
339.323508 226.819992
339.998392 228.209976
340.673275 225.509979
341.348159 221.129974
342.023042 216.059982
342.697926 212.429962
343.372809 209.589981
344.047693 207.629974
344.722576 204.739990
345.397460 201.909988
346.072343 199.569992
346.747227 199.179993
347.422110 198.419983
348.096994 196.199997
348.771877 192.299988
349.446760 191.059998
350.121644 194.099991
350.796527 200.250000
351.471411 203.909988
352.146294 203.659988
352.821178 201.029984
353.496061 200.619995
354.170945 202.169983
354.845828 203.879990
355.520712 202.689987
356.195595 200.250000
356.870479 197.809998
357.545362 196.709991
358.220245 194.500000
358.895129 190.629990
359.570012 184.839996
360.244896 180.059998
360.919779 176.919983
361.594663 176.049988
362.269546 175.199997
362.944430 173.959991
363.619313 171.059998
364.294197 167.500000
364.969080 162.429977
365.643964 156.579987
366.318847 149.429977
366.993731 143.089981
367.668614 137.699997
368.343497 133.409988
369.018381 126.919991
369.693264 117.414986
370.368148 105.098984
371.043031 93.984985
371.717915 85.327995
372.392798 79.515991
373.067682 74.042992
373.742565 69.310989
374.417449 65.089989
375.092332 62.243992
375.767216 58.672997
376.442099 54.548996
377.116983 50.083996
377.791866 47.852993
378.466749 47.144997
379.141633 47.495991
379.816516 47.074997
380.491400 47.160992
381.166283 47.254997
381.841167 47.323997
382.516050 45.128998
383.190934 41.629997
383.865817 37.544994
384.540701 35.225998
385.215584 33.942997
385.890468 33.900997
386.565351 33.424999
387.240235 32.565994
387.915118 29.740995
388.590001 26.260796
389.264885 23.074097
389.939768 22.795395
390.614652 24.254097
391.289535 26.375395
391.964419 26.795696
392.639302 26.749096
393.314186 26.502995
393.989069 27.424597
394.663953 28.261696
395.338836 29.521996
396.013720 30.034996
396.688603 30.136999
397.363486 28.302895
398.038370 25.700594
398.713253 22.880396
399.388137 22.350895
400.063020 23.671896
400.737904 26.834896
401.412787 29.460995
402.087671 31.280996
402.762554 30.858995
403.437438 29.271996
404.112321 26.494997
404.787205 24.760796
405.462088 24.187996
406.136972 25.662096
406.811855 27.262096
407.486738 28.827795
408.161622 29.166996
408.836505 29.543997
409.511389 29.252995
410.186272 28.980894
410.861156 27.673998
411.536039 26.621895
412.210923 25.456198
412.885806 25.200798
413.560690 24.647896
414.235573 24.559998
414.910457 24.247099
415.585340 24.840698
416.260224 25.192295
416.935107 25.584198
417.609990 24.550896
418.284874 23.014999
418.959757 20.679794
419.634641 19.250765
420.309524 18.199064
420.984408 18.338926
421.659291 18.568127
422.334175 19.796677
423.009058 20.973295
423.683942 22.504498
424.358825 22.952099
425.033709 23.239197
425.708592 22.767696
426.383475 22.470297
427.058359 21.099895
427.733242 19.583405
428.408126 17.625895
429.083009 16.891098
429.757893 16.744297
430.432776 17.906498
431.107660 18.856245
431.782543 19.618866
432.457427 18.641245
433.132310 17.356497
433.807194 16.276598
434.482077 17.149496
435.156961 18.252499
435.831844 19.209206
436.506727 19.000000
437.181611 19.538727
437.856494 20.117998
438.531378 20.669395
439.206261 19.507685
439.881145 18.266464
440.556028 17.250597
441.230912 17.563196
441.905795 17.429697
442.580679 17.334000
443.255562 16.869698
443.930446 17.571198
444.605329 18.253235
445.280213 18.996773
445.955096 18.311266
446.629979 17.395895
447.304863 16.191298
447.979746 16.425297
448.654630 17.102898
449.329513 18.160997
450.004397 17.671196
450.679280 16.705894
451.354164 15.401999
452.029047 15.335598
452.703931 15.050398
453.378814 14.823996
454.053698 14.131697
454.728581 14.931696
455.403465 16.339798
456.078348 18.126915
456.753231 18.460207
457.428115 18.726406
458.102998 18.757456
458.777882 19.119806
459.452765 17.768797
460.127649 15.695000
460.802532 13.667496
461.477416 14.196697
462.152299 15.887897
462.827183 17.694498
463.502066 17.240196
464.176950 15.838297
464.851833 14.031597
465.526716 13.997398
466.201600 14.982098
466.876483 17.135197
467.551367 18.271067
468.226250 18.536835
468.901134 17.266796
469.576017 16.519598
470.250901 16.230198
470.925784 17.285997
471.600668 17.997297
472.275551 18.680138
472.950435 18.302826
473.625318 18.284956
474.300202 18.371607
474.975085 19.884045
475.649968 21.432695
476.324852 23.054895
476.999735 23.394896
477.674619 23.927696
478.349502 24.218393
479.024386 24.762196
479.699269 23.688997
480.374153 22.025494
481.049036 20.063999
481.723920 19.711935
482.398803 19.554886
483.073687 19.521576
483.748570 18.524036
484.423454 18.223616
485.098337 17.752897
485.773220 17.069395
486.448104 14.602297
487.122987 12.625198
487.797871 12.596497
488.472754 16.371899
489.147638 20.978796
489.822521 24.203997
490.497405 23.753296
491.172288 22.012098
491.847172 20.228796
492.522055 20.178596
493.196939 20.304296
493.871822 20.971197
494.546705 21.095297
495.221589 21.337696
495.896472 20.164497
496.571356 18.688208
497.246239 17.074295
497.921123 17.076296
498.596006 17.051495
499.270890 16.776396
499.945773 15.323597
500.620657 14.884998
501.295540 15.098198
501.970424 16.064098
502.645307 15.762999
503.320191 15.403997
503.995074 15.141899
504.669957 16.511795
505.344841 18.115494
506.019724 20.251396
506.694608 21.436195
507.369491 21.967295
508.044375 20.176498
508.719258 17.355198
509.394142 14.306498
510.069025 13.918798
510.743909 15.413097
511.418792 18.107016
512.093676 19.316746
512.768559 19.795336
513.443443 19.384283
514.118326 19.407307
514.793209 18.339315
515.468093 16.830597
516.142976 14.749197
516.817860 14.419998
517.492743 15.175797
518.167627 16.815697
518.842510 16.957796
519.517394 16.516195
520.192277 15.883997
520.867161 17.388796
521.542044 19.910727
522.216928 22.830597
522.891811 23.527195
523.566695 22.628496
524.241578 20.059496
524.916461 17.856197
525.591345 15.424295
526.266228 13.748898
526.941112 12.144697
527.615995 12.128696
528.290879 12.726398
528.965762 14.094498
529.640646 14.334196
530.315529 14.365797
530.990413 13.903397
531.665296 14.383896
532.340180 14.438597
533.015063 14.481796
533.689946 13.784798
534.364830 14.310797
535.039713 15.432396
535.714597 16.995895
536.389480 16.368998
537.064364 14.355797
537.739247 11.734098
538.414131 11.337597
539.089014 12.005098
539.763898 12.853397
540.438781 11.746998
541.113665 10.757998
541.788548 10.899696
542.463432 13.633598
543.138315 16.334295
543.813198 18.113665
544.488082 17.777597
545.162965 17.586998
545.837849 17.523296
546.512732 18.183935
547.187616 17.569197
547.862499 16.489395
548.537383 14.916397
549.212266 14.846197
549.887150 15.198196
550.562033 15.986397
551.236917 15.573898
551.911800 15.417698
552.586684 15.536797
553.261567 17.321999
553.936450 19.085386
554.611334 20.669197
555.286217 20.415495
555.961101 19.506987
556.635984 17.628796
557.310868 16.465698
557.985751 15.530697
558.660635 16.066298
559.335518 16.717598
560.010402 17.296295
560.685285 15.529598
561.360169 12.595398
562.035052 9.709497
562.709935 10.368196
563.384819 13.693998
564.059702 17.980896
564.734586 19.282967
565.409469 18.150686
566.084353 15.514498
566.759236 14.369497
567.434120 14.246397
568.109003 15.639397
568.783887 16.871494
569.458770 18.223608
570.133654 17.976696
570.808537 17.010597
571.483421 15.088097
572.158304 14.166098
572.833187 13.593697
573.508071 14.247997
574.182954 14.984497
574.857838 16.490896
575.532721 16.992296
576.207605 16.852898
576.882488 15.411596
577.557372 14.724998
578.232255 14.412897
578.907139 15.343098
579.582022 16.378798
580.256906 18.715574
580.931789 21.045296
581.606673 23.096697
582.281556 22.612499
582.956439 20.667397
583.631323 17.528498
584.306206 15.553099
584.981090 14.586597
585.655973 16.115896
586.330857 18.973913
587.005740 22.784796
587.680624 24.414598
588.355507 23.758698
589.030391 20.858297
589.705274 19.000000
590.380158 18.622864
591.055041 20.434698
591.729924 21.976498
592.404808 23.024597
593.079691 22.335596
593.754575 21.543997
594.429458 20.336098
595.104342 19.778215
595.779225 18.391865
596.454109 17.065998
597.128992 15.512297
597.803876 15.698196
598.478759 16.834497
599.153643 19.283676
599.828526 21.101698
600.503410 22.527996
601.178293 22.183395
601.853176 21.577194
602.528060 20.970997
603.202943 21.833298
603.877827 21.173597
604.552710 17.019297
605.227594 8.478998
605.902477 1.546999
606.577361 0.945000
607.252244 8.138998
607.927128 16.604797
608.602011 21.587296
609.276895 21.249695
609.951778 19.770584
610.626662 18.640165
611.301545 18.694107
611.976428 18.019165
612.651312 17.913097
613.326195 18.007795
614.001079 18.918079
614.675962 18.720377
615.350846 18.482208
616.025729 18.108906
616.700613 18.999466
617.375496 19.520498
618.050380 20.164198
618.725263 20.279495
619.400147 21.449097
620.075030 22.382996
620.749914 23.177296
621.424797 22.342196
622.099680 21.418795
622.774564 20.356697
623.449447 20.750097
624.124331 21.422195
624.799214 22.713394
625.474098 22.925493
626.148981 23.014694
626.823865 22.728996
627.498748 24.004395
628.173632 25.735195
628.848515 27.597593
629.523399 27.217695
630.198282 25.744997
630.873165 23.690197
631.548049 23.378895
632.222932 23.612597
632.897816 24.266394
633.572699 23.666697
634.247583 23.328297
634.922466 23.183296
635.597350 24.640894
636.272233 26.134695
636.947117 27.632795
637.622000 27.346096
638.296884 26.481697
638.971767 25.123297
639.646651 25.426697
640.321534 26.514196
640.996417 28.537193
641.671301 29.550997
642.346184 30.345995
643.021068 30.045994
643.695951 29.619997
644.370835 28.005394
645.045718 26.857296
645.720602 26.237997
646.395485 27.528494
647.070369 28.727293
647.745252 29.515997
648.420136 28.533895
649.095019 27.480196
649.769903 25.854597
650.444786 24.603697
651.119669 22.993597
651.794553 23.424597
652.469436 26.137194
653.144320 31.339998
653.819203 35.075996
654.494087 35.852997
655.168970 32.978996
655.843854 30.289999
656.518737 29.335995
657.193621 31.358995
657.868504 33.484997
658.543388 34.735992
659.218271 33.501995
659.893154 31.892996
660.568038 30.689999
661.242921 32.046997
661.917805 34.432999
662.592688 37.020992
663.267572 36.989998
663.942455 35.019997
664.617339 31.414999
665.292222 29.260994
665.967106 28.975594
666.641989 31.540997
667.316873 34.430996
667.991756 36.776997
668.666640 36.726997
669.341523 36.191998
670.016406 35.793995
670.691290 37.297997
671.366173 38.746994
672.041057 39.497997
672.715940 37.747997
673.390824 35.536999
674.065707 33.993996
674.740591 35.707996
675.415474 39.054996
676.090358 42.448997
676.765241 42.320992
677.440125 39.554996
678.115008 35.509995
678.789892 33.866997
679.464775 34.205994
680.139658 36.112995
680.814542 36.880993
681.489425 37.080994
682.164309 36.309994
682.839192 36.383995
683.514076 36.596996
684.188959 37.801998
684.863843 38.566998
685.538726 39.725998
686.213610 40.479996
686.888493 42.222992
687.563377 43.837994
688.238260 45.653996
688.913144 45.755993
689.588027 44.590992
690.262910 41.150993
690.937794 37.424999
691.612677 34.312996
692.287561 34.638996
692.962444 37.251995
693.637328 40.816998
694.312211 41.842995
694.987095 41.231991
695.661978 39.863995
696.336862 40.137997
697.011745 40.389999
697.686629 40.399998
698.361512 39.230995
699.036395 39.166996
699.711279 39.856995
700.386162 41.766994
701.061046 43.118996
701.735929 45.011993
702.410813 46.875000
703.085696 49.660992
703.760580 51.671989
704.435463 53.455990
705.110347 54.167992
705.785230 55.410992
706.460114 56.570988
707.134997 58.688992
707.809881 60.333992
708.484764 61.816990
709.159647 61.303997
709.834531 59.535992
710.509414 56.286991
711.184298 54.326996
711.859181 54.018993
712.534065 56.128994
713.208948 57.880989
713.883832 58.863991
714.558715 58.256992
715.233599 58.278996
715.908482 58.307995
716.583366 58.634995
717.258249 57.780991
717.933133 57.697994
718.608016 58.665989
719.282899 61.711990
719.957783 64.372993
720.632666 66.355995
721.307550 66.505997
721.982433 66.532990
722.657317 66.009995
723.332200 66.337990
724.007084 66.770988
724.681967 68.340988
725.356851 69.559998
726.031734 71.015991
726.706618 71.718994
727.381501 72.845993
728.056384 72.948997
728.731268 72.492989
729.406151 70.920990
730.081035 70.870987
730.755918 72.422997
731.430802 75.882996
732.105685 78.461990
732.780569 80.342987
733.455452 81.114983
734.130336 82.593987
734.805219 83.587990
735.480103 84.611984
736.154986 84.964981
736.829870 86.782990
737.504753 89.562988
738.179636 93.474983
738.854520 96.031982
739.529403 97.684982
740.204287 98.079994
740.879170 99.185989
741.554054 100.109993
742.228937 101.333984
742.903821 101.431984
743.578704 101.617989
744.253588 101.365990
744.928471 102.384995
745.603355 104.469994
746.278238 108.989983
746.953122 113.727982
747.628005 117.317986
748.302888 117.197998
748.977772 115.301987
749.652655 112.857994
750.327539 112.297997
751.002422 112.708977
751.677306 115.233978
752.352189 119.079987
753.027073 124.299995
753.701956 127.579987
754.376840 128.769989
755.051723 128.439987
755.726607 130.129990
756.401490 133.339981
757.076374 137.569992
757.751257 140.539978
758.426140 143.349991
759.101024 145.129990
759.775907 146.389984
760.450791 145.819992
761.125674 145.269989
761.800558 144.659988
762.475441 145.059998
763.150325 145.189987
763.825208 146.679977
764.500092 149.409988
765.174975 154.059998
765.849859 158.009995
766.524742 161.379990
767.199625 164.109985
767.874509 168.549988
768.549392 173.049988
769.224276 176.319992
769.899159 176.279984
770.574043 176.089996
771.248926 177.969986
771.923810 183.759995
772.598693 189.939987
773.273577 194.519989
773.948460 195.750000
774.623344 196.209991
775.298227 196.769989
775.973111 199.449997
776.647994 202.879990
777.322877 206.729965
777.997761 208.800003
778.672644 210.529968
779.347528 212.689987
780.022411 217.479965
780.697295 223.479965
781.372178 230.789978
782.047062 237.579971
782.721945 243.479965
783.396829 246.069992
784.071712 247.779968
784.746596 251.389984
785.421479 259.059967
786.096363 265.949982
786.771246 270.069977
787.446129 273.379974
788.121013 280.709961
788.795896 288.229950
789.470780 293.559967
790.145663 304.659973
790.820547 339.399994
791.495430 396.579987
792.170314 447.949982
792.845197 458.569946
793.520081 427.000000
794.194964 384.079987
794.869848 363.549988
795.544731 369.379974
796.219614 386.069977
796.894498 398.829987
797.569381 408.759979
798.244265 420.799988
798.919148 438.029968
799.594032 456.659943
800.268915 474.759949
800.943799 491.439972
801.618682 510.549988
802.293566 532.619934
802.968449 556.379944
803.643333 579.789978
804.318216 611.599976
804.993100 662.909912
805.667983 733.979980
806.342866 802.079956
807.017750 843.409912
807.692633 854.769897
808.367517 859.449829
809.042400 878.919861
809.717284 917.599976
810.392167 964.369873
811.067051 1013.059937
811.741934 1063.599976
812.416818 1121.000000
813.091701 1186.399902
813.766585 1261.199951
814.441468 1340.299927
815.116352 1417.099976
815.791235 1486.399902
816.466118 1555.099976
817.141002 1630.899902
817.815885 1714.099976
818.490769 1792.099976
819.165652 1857.000000
819.840536 1911.000000
820.515419 1963.299927
821.190303 2015.099976
821.865186 2063.199951
822.540070 2103.399902
823.214953 2137.599854
823.889837 2164.899902
824.564720 2182.799805
825.239604 2185.799805
825.914487 2174.199951
826.589370 2150.299805
827.264254 2121.199951
827.939137 2091.399902
828.614021 2062.399902
829.288904 2027.000000
829.963788 1978.699951
830.638671 1916.900024
831.313555 1852.199951
831.988438 1791.699951
832.663322 1735.299927
833.338205 1676.400024
834.013089 1616.299927
834.687972 1560.000000
835.362855 1510.799927
836.037739 1463.299927
836.712622 1415.399902
837.387506 1370.000000
838.062389 1333.099976
838.737273 1300.699951
839.412156 1265.299927
840.087040 1222.699951
840.761923 1178.799927
841.436807 1138.199951
842.111690 1102.399902
842.786574 1068.799927
843.461457 1040.000000
844.136341 1015.909912
844.811224 993.109924
845.486107 964.039917
846.160991 929.769897
846.835874 896.700012
847.510758 871.179932
848.185641 848.309937
848.860525 821.369873
849.535408 788.159973
850.210292 756.469971
850.885175 731.269958
851.560059 711.829956
852.234942 691.000000
852.909826 667.259949
853.584709 642.809937
854.259593 622.399963
854.934476 604.500000
855.609359 587.019958
856.284243 567.889954
856.959126 549.959900
857.634010 533.509949
858.308893 517.909912
858.983777 500.009949
859.658660 481.639984
860.333544 464.759949
861.008427 451.419952
861.683311 437.819946
862.358194 421.779968
863.033078 402.909973
863.707961 386.339966
864.382844 374.000000
865.057728 365.489990
865.732611 355.859955
866.407495 344.129974
867.082378 330.979980
867.757262 320.319977
868.432145 312.149994
869.107029 306.399994
869.781912 300.919983
870.456796 296.549988
871.131679 292.039978
871.806563 287.389984
872.481446 280.979950
873.156330 274.969971
873.831213 270.239990
874.506096 268.069977
875.180980 265.750000
875.855863 262.839966
876.530747 258.799988
877.205630 255.919983
877.880514 253.369995
878.555397 251.329971
879.230281 248.559982
879.905164 246.719986
880.580048 244.909973
881.254931 242.919983
881.929815 238.469986
882.604698 232.919983
883.279582 226.919983
883.954465 222.609970
884.629348 218.589981
885.304232 214.800003
885.979115 209.829971
886.653999 205.089981
887.328882 199.979980
888.003766 195.449997
888.678649 190.449997
889.353533 186.569992
890.028416 183.579987
890.703300 182.259995
891.378183 180.299988
892.053067 177.659988
892.727950 173.829987
893.402834 171.079987
894.077717 168.489990
894.752600 165.519989
895.427484 160.059998
896.102367 154.349991
896.777251 150.099991
897.452134 149.569992
898.127018 150.219986
898.801901 150.539978
899.476785 148.629990
900.151668 146.500000
900.826552 144.239975
901.501435 142.699997
902.176319 140.250000
902.851202 138.000000
903.526085 135.709991
904.200969 134.819992
904.875852 133.839981
905.550736 132.949997
906.225619 130.579987
906.900503 127.609993
907.575386 123.349998
908.250270 119.709991
908.925153 116.880989
909.600037 116.224998
910.274920 115.751984
910.949804 114.961983
911.624687 112.453987
912.299571 110.162987
912.974454 107.986984
913.649337 106.653992
914.324221 104.472992
914.999104 102.700989
915.673988 101.453987
916.348871 102.017990
917.023755 102.000992
917.698638 100.665985
918.373522 97.114983
919.048405 94.521980
919.723289 93.986984
920.398172 96.191978
921.073056 97.606987
921.747939 97.060989
922.422823 94.032990
923.097706 91.982994
923.772589 91.571983
924.447473 92.841980
925.122356 92.496979
925.797240 90.402992
926.472123 86.464981
927.147007 83.192993
927.821890 80.382996
928.496774 79.175987
929.171657 78.626991
929.846541 79.280991
930.521424 78.863991
931.196308 77.216988
931.871191 73.858994
932.546074 71.758995
933.220958 71.379997
933.895841 73.042992
934.570725 73.629997
935.245608 72.498993
935.920492 68.871986
936.595375 65.544983
937.270259 63.606991
937.945142 64.811989
938.620026 66.956993
939.294909 68.782990
939.969793 68.003990
940.644676 66.181992
941.319560 63.721989
941.994443 62.158993
942.669326 60.178997
943.344210 58.811993
944.019093 57.980991
944.693977 59.181992
945.368860 60.380989
946.043744 60.629997
946.718627 58.071991
947.393511 54.714993
948.068394 51.408993
948.743278 50.118996
949.418161 49.643997
950.093045 50.403996
950.767928 51.223995
951.442812 52.887993
952.117695 53.690990
952.792578 53.750000
953.467462 52.237991
954.142345 51.502995
954.817229 51.784996
955.492112 53.603996
956.166996 54.274998
956.841879 53.863991
957.516763 52.448997
958.191646 52.655991
958.866530 53.603996
959.541413 54.714993
960.216297 53.964993
960.891180 53.173996
961.566063 52.842991
962.240947 53.866989
962.915830 53.694992
963.590714 52.414993
964.265597 50.177994
964.940481 49.690994
965.615364 50.233994
966.290248 51.429996
966.965131 51.064999
967.640015 50.043995
968.314898 48.035992
968.989782 46.565994
969.664665 45.153996
970.339549 45.317993
971.014432 46.224998
971.689315 48.062996
972.364199 48.601994
973.039082 47.993996
973.713966 45.373997
974.388849 42.506992
975.063733 39.598995
975.738616 38.783993
976.413500 39.639999
977.088383 42.458996
977.763267 44.653996
978.438150 45.686996
979.113034 44.258995
979.787917 42.307995
980.462801 40.465996
981.137684 40.809994
981.812567 42.215992
982.487451 44.321991
983.162334 44.889999
983.837218 44.886993
984.512101 44.593994
985.186985 45.982994
985.861868 47.626995
986.536752 48.888996
987.211635 47.715992
987.886519 45.571991
988.561402 43.036995
989.236286 42.021992
989.911169 41.089996
990.586053 40.088997
991.260936 37.868996
991.935819 36.487995
992.610703 36.162994
993.285586 37.700996
993.960470 38.860996
994.635353 39.572998
995.310237 39.022995
995.985120 38.865997
996.660004 38.362995
997.334887 38.034996
998.009771 36.696995
998.684654 35.853996
999.359538 35.446995
1000.034421 36.547997
1000.709304 37.150997
1001.384188 36.907997
1002.059071 34.819996
1002.733955 33.324997
1003.408838 33.022995
1004.083722 34.735992
1004.758605 35.822998
1005.433489 35.791996
1006.108372 33.931995
1006.783256 32.570995
1007.458139 31.751997
1008.133023 32.280994
1008.807906 32.548996
1009.482790 33.198997
1010.157673 33.538998
1010.832556 34.746994
1011.507440 35.465996
1012.182323 35.617996
1012.857207 33.593994
1013.532090 31.009996
1014.206974 28.721495
1014.881857 29.022993
1015.556741 30.683996
1016.231624 33.206997
1016.906508 34.612000
1017.581391 35.837994
1018.256275 36.298996
1018.931158 36.890995
1019.606042 36.451996
1020.280925 36.021996
1020.955808 34.959995
1021.630692 34.162994
1022.305575 32.388996
1022.980459 30.682995
1023.655342 28.985893
1024.330226 29.195995
1025.005109 30.397993
1025.679993 32.406994
1026.354876 33.068996
1027.029760 33.128998
1027.704643 32.464996
1028.379527 32.672993
1029.054410 32.594997
1029.729293 32.589996
1030.404177 31.796997
1031.079060 31.750998
1031.753944 31.657995
1032.428827 31.762997
1033.103711 30.631996
1033.778594 29.792995
1034.453478 29.479998
1035.128361 30.862997
1035.803245 31.880995
1036.478128 32.140995
1037.153012 30.678997
1037.827895 29.689999
1038.502779 29.451998
1039.177662 30.808996
1039.852545 31.727995
1040.527429 32.228996
1041.202312 31.430996
1041.877196 30.732994
1042.552079 29.321997
1043.226963 27.998894
1043.901846 26.337996
1044.576730 26.443392
1045.251613 28.072294
1045.926497 31.206997
1046.601380 32.930996
1047.276264 32.873997
1047.951147 30.651999
1048.626031 28.806095
1049.300914 27.518196
1049.975797 27.483395
1050.650681 26.942793
1051.325564 26.514692
1052.000448 25.816694
1052.675331 26.304794
1053.350215 26.846697
1054.025098 27.618095
1054.699982 27.298094
1055.374865 26.997396
1056.049749 26.142395
1056.724632 25.778095
1057.399516 25.126698
1058.074399 25.269598
1058.749283 25.080196
1059.424166 24.821795
1060.099049 23.399294
1060.773933 22.613396
1061.448816 22.666395
1062.123700 24.392996
1062.798583 25.733995
1063.473467 26.877293
1064.148350 27.381697
1064.823234 28.789293
1065.498117 29.956997
1066.173001 31.138996
1066.847884 31.379997
1067.522768 31.949999
1068.197651 31.782995
1068.872534 31.072994
1069.547418 28.776794
1070.222301 26.768196
1070.897185 25.410698
1071.572068 26.036497
1072.246952 27.147396
1072.921835 28.567293
1073.596719 28.499195
1074.271602 27.688494
1074.946486 26.137394
1075.621369 26.092394
1076.296253 27.072294
1076.971136 28.782497
1077.646020 28.736095
1078.320903 27.683697
1078.995786 26.198296
1079.670670 26.443296
1080.345553 27.185894
1081.020437 28.112495
1081.695320 27.925894
1082.370204 28.127293
1083.045087 28.183996
1083.719971 28.492393
1084.394854 27.838497
1085.069738 27.858597
1085.744621 28.611595
1086.419505 30.577995
1087.094388 31.164999
1087.769272 29.967997
1088.444155 26.400795
1089.119038 22.686794
1089.793922 19.264507
1090.468805 18.071714
1091.143689 19.018612
1091.818572 22.891495
1092.493456 27.292995
1093.168339 31.021996
1093.843223 32.191998
1094.518106 32.274998
1095.192990 31.438997
1095.867873 30.901999
1096.542757 29.602995
1097.217640 28.676195
1097.892523 28.112394
1098.567407 29.321997
1099.242290 30.691998
1099.917174 31.451998
1100.592057 29.721996
1101.266941 27.199093
1101.941824 24.968895
1102.616708 25.031197
1103.291591 25.808495
1103.966475 26.818396
1104.641358 26.791695
1105.316242 26.993696
1105.991125 26.402697
1106.666009 25.154999
1107.340892 22.497496
1108.015775 20.687696
1108.690659 19.915247
1109.365542 20.599495
1110.040426 21.050497
1110.715309 22.412098
1111.390193 24.286097
1112.065076 26.277496
1112.739960 25.173796
1113.414843 21.508394
1114.089727 17.328695
1114.764610 16.793495
1115.439494 19.148415
1116.114377 22.319199
1116.789261 22.800997
1117.464144 21.422499
1118.139027 19.000000
1118.813911 17.759598
1119.488794 16.999197
1120.163678 17.424894
1120.838561 18.021116
1121.513445 19.172606
1122.188328 19.273167
1122.863212 19.003782
1123.538095 18.388817
1124.212979 19.330284
1124.887862 20.777395
1125.562746 22.126795
1126.237629 21.398895
1126.912513 19.922537
1127.587396 18.244547
1128.262279 17.942099
1128.937163 17.784697
1129.612046 18.123106
1130.286930 18.120016
1130.961813 18.636826
1131.636697 18.363377
1132.311580 17.831596
1132.986464 16.747396
1133.661347 16.948597
1134.336231 17.907394
1135.011114 19.835247
1135.685998 20.959396
1136.360881 21.468393
1137.035764 20.209797
1137.710648 18.306185
1138.385531 16.097097
1139.060415 15.987597
1139.735298 17.660894
1140.410182 20.748198
1141.085065 22.568394
1141.759949 23.283895
1142.434832 22.928696
1143.109716 23.474396
1143.784599 24.192995
1144.459483 25.212797
1145.134366 25.266998
1145.809250 25.506699
1146.484133 25.461294
1147.159016 25.667995
1147.833900 24.667795
1148.508783 23.358496
1149.183667 21.918394
1149.858550 22.216997
1150.533434 23.469999
1151.208317 25.706997
1151.883201 27.349094
1152.558084 28.964794
1153.232968 29.515997
1153.907851 29.382996
1154.582735 27.503492
1155.257618 25.290495
1155.932502 23.045696
1156.607385 22.332796
1157.282268 22.149696
1157.957152 22.718096
1158.632035 22.941998
1159.306919 23.807295
1159.981802 24.465597
1160.656686 25.186295
1161.331569 24.604696
1162.006453 23.856497
1162.681336 23.210894
1163.356220 24.290297
1164.031103 25.961096
1164.705987 28.011196
1165.380870 28.768492
1166.055753 28.658596
1166.730637 26.718496
1167.405520 24.131598
1168.080404 21.379696
1168.755287 20.887196
1169.430171 22.224895
1170.105054 24.912395
1170.779938 26.557297
1171.454821 27.579697
1172.129705 27.606895
1172.804588 27.517494
1173.479472 26.122896
1174.154355 24.397495
1174.829239 22.445196
1175.504122 21.914999
1176.179005 22.249495
1176.853889 24.111698
1177.528772 25.949196
1178.203656 26.890997
1178.878539 24.653198
1179.553423 20.987394
1180.228306 18.507816
1180.903190 20.631495
1181.578073 25.403297
1182.252957 30.004997
1182.927840 31.327995
1183.602724 30.625000
1184.277607 28.360397
1184.952491 25.816393
1185.627374 22.670996
1186.302257 21.081097
1186.977141 21.319796
1187.652024 23.592499
1188.326908 25.537195
1189.001791 27.063093
1189.676675 27.282696
1190.351558 26.847795
1191.026442 24.993196
1191.701325 23.598198
1192.376209 23.272499
1193.051092 24.692795
1193.725976 25.418497
1194.400859 25.359098
1195.075743 24.791998
1195.750626 25.729195
1196.425509 26.703892
1197.100393 26.886595
1197.775276 25.398394
1198.450160 24.711195
1199.125043 25.178596
1199.799927 26.812597
