100.189995 0.609985
101.578913 22.029968
102.967831 71.039978
104.356749 76.439941
105.745666 86.750000
107.134584 115.609985
108.523502 150.609985
109.912420 214.129944
111.301338 283.219971
112.690256 321.370850
114.079174 324.281128
115.468092 350.554932
116.857010 316.287109
118.245928 303.270935
119.634846 322.620544
121.023764 375.731934
122.412681 460.259949
123.801599 572.529968
125.190517 648.089966
126.579435 693.219910
127.968353 728.199951
129.357271 713.299988
130.746189 676.579956
132.135107 689.609924
133.524025 711.109924
134.912943 640.250000
136.301861 615.729980
137.690778 551.459900
139.079696 491.579956
140.468614 553.259949
141.857532 947.799988
143.246450 2723.099854
144.635368 1792.900024
146.024286 571.279968
147.413204 382.239990
148.802122 375.972900
150.191040 467.339966
151.579958 503.439941
152.968876 564.989990
154.357793 702.459961
155.746711 818.279968
157.135629 937.789917
158.524547 1025.250000
159.913465 1033.000000
161.302383 943.719849
162.691301 880.309937
164.080219 760.369934
165.469137 710.019958
166.858055 699.359985
168.246973 667.500000
169.635891 642.019958
171.024808 688.229980
172.413726 753.199951
173.802644 799.039978
175.191562 798.489990
176.580480 836.669861
177.969398 850.059937
179.358316 845.059937
180.747234 824.609924
182.136152 791.409912
183.525070 759.569946
184.913988 770.749939
186.302905 778.469971
187.691823 782.529968
189.080741 815.129944
190.469659 881.459900
191.858577 909.379944
193.247495 917.659912
194.636413 923.179932
196.025331 942.419861
197.414249 869.089905
198.803167 813.039978
200.192085 754.559998
201.581003 692.799988
202.969920 647.399963
204.358838 625.649963
205.747756 582.479980
207.136674 546.479980
208.525592 532.869934
209.914510 540.189941
211.303428 507.369934
212.692346 486.789978
214.081264 447.979919
215.470182 400.995972
216.859100 411.458923
218.248018 418.077881
219.636935 411.204895
221.025853 403.863953
222.414771 403.565918
223.803689 410.037903
225.192607 377.533936
226.581525 377.658936
227.970443 385.979980
229.359361 382.758911
230.748279 357.138916
232.137197 367.742920
233.526115 361.435913
234.915032 372.297913
236.303950 398.860901
237.692868 394.131958
239.081786 373.608948
240.470704 357.601929
241.859622 368.533936
243.248540 394.670959
244.637458 387.536926
246.026376 377.248962
247.415294 358.502930
248.804212 346.600952
250.193130 356.253967
251.582047 399.779968
252.970965 380.608948
254.359883 405.696960
255.748801 401.281982
257.137719 366.936951
258.526637 359.578918
259.915555 398.464966
261.304473 395.845947
262.693391 401.122925
264.082309 411.500000
265.471227 398.222900
266.860145 403.932922
268.249062 409.025940
269.637980 398.841980
271.026898 382.210938
272.415816 380.004944
273.804734 426.159912
275.193652 420.069946
276.582570 423.759949
277.971488 530.959900
279.360406 744.059998
280.749324 504.419922
282.138242 450.219910
283.527159 448.239990
284.916077 456.229919
286.304995 460.039978
287.693913 485.959900
289.082831 460.769958
290.471749 484.849976
291.860667 500.419922
293.249585 476.339966
294.638503 495.809937
296.027421 507.669922
297.416339 499.689941
298.805257 501.309937
300.194174 520.779968
301.583092 532.189941
302.972010 537.239990
304.360928 532.559937
305.749846 541.339966
307.138764 565.829956
308.527682 587.229980
309.916600 566.199951
311.305518 597.539978
312.694436 632.079956
314.083354 660.379944
315.472272 687.919922
316.861189 671.069946
318.250107 722.439941
319.639025 794.949890
321.027943 863.459900
322.416861 915.809937
323.805779 966.819885
325.194697 1108.579956
326.583615 1260.989868
327.972533 1453.399902
329.361451 1728.599976
330.750369 2123.399902
332.139286 2865.500000
333.528204 3889.099854
334.917122 4994.299805
336.306040 5991.899902
337.694958 6717.499512
339.083876 6603.099609
340.472794 6148.799805
341.861712 5693.599609
343.250630 5511.299805
344.639548 5791.599609
346.028466 6411.099609
347.417384 6898.799805
348.806301 7018.199707
350.195219 6707.499512
351.584137 6036.099609
352.973055 5269.899902
354.361973 4794.799805
355.750891 4435.399902
357.139809 4116.599609
358.528727 3852.500000
359.917645 3767.800049
361.306563 4005.699951
362.695481 4394.599609
364.084398 4921.199707
365.473316 5526.699707
366.862234 6129.000000
368.251152 6702.899902
369.640070 7335.000000
371.028988 7834.000000
372.417906 8257.299805
373.806824 8593.699219
375.195742 8402.000000
376.584660 7858.799805
377.973578 7006.899902
379.362496 5986.000000
380.751413 4951.299805
382.140331 4041.500000
383.529249 3378.399902
384.918167 2803.699951
386.307085 2363.399902
387.696003 2070.399902
389.084921 1906.199951
390.473839 1779.699951
391.862757 1744.199951
393.251675 1865.299927
394.640593 2170.399902
396.029511 2670.899902
397.418428 3375.599854
398.807346 4015.500000
400.196264 4556.399902
401.585182 4850.699707
402.974100 4828.899902
404.363018 4503.099609
405.751936 3984.199951
407.140854 3314.000000
408.529772 2591.199951
409.918690 1923.799927
411.307608 1394.699951
412.696525 1023.729980
414.085443 898.669861
415.474361 764.049927
416.863279 674.289978
418.252197 648.500000
419.641115 662.069946
421.030033 692.419922
422.418951 814.559998
423.807869 946.339905
425.196787 1054.419800
426.585705 1129.309937
427.974623 1183.679932
429.363540 1243.979980
430.752458 1260.479980
432.141376 1255.059937
433.530294 1211.469849
434.919212 1086.169800
436.308130 883.219849
437.697048 712.809937
439.085966 596.799988
440.474884 519.769958
441.863802 467.359924
443.252720 455.139954
444.641638 391.611938
446.030555 392.825928
447.419473 393.501953
448.808391 378.677917
450.197309 371.990967
451.586227 377.856934
452.975145 376.447937
454.364063 379.012939
455.752981 367.618958
457.141899 340.153931
458.530817 328.447510
459.919735 363.086975
461.308652 364.417908
462.697570 364.719971
464.086488 352.807922
465.475406 320.000000
466.864324 350.492920
468.253242 345.990967
469.642160 353.937927
471.031078 348.727905
472.419996 343.082947
473.808914 380.111938
475.197832 347.337891
476.586750 374.147888
477.975667 378.679993
479.364585 365.866943
480.753503 353.781982
482.142421 339.013916
483.531339 376.790955
484.920257 355.668945
486.309175 350.973938
487.698093 363.546936
489.087011 360.397888
490.475929 352.244934
491.864847 340.255920
493.253765 367.593933
494.642682 359.958923
496.031600 334.674927
497.420518 381.176941
498.809436 340.774902
500.198354 331.867920
501.587272 341.416931
502.976190 337.463928
504.365108 324.263977
505.754026 363.920959
507.142944 314.423828
508.531862 344.006958
509.920779 350.825928
511.309697 332.212952
512.698615 320.539185
514.087533 326.435608
515.476451 303.415955
516.865369 326.828064
518.254287 350.348938
519.643205 355.505920
521.032123 346.846924
522.421041 329.598816
523.809959 339.117920
525.198877 319.345703
526.587794 326.080139
527.976712 347.007935
529.365630 318.496155
530.754548 325.227051
532.143466 338.611938
533.532384 316.184814
534.921302 327.552551
536.310220 356.497925
537.699138 284.286926
539.088056 295.964966
540.476974 318.317566
541.865892 314.091980
543.254809 303.786926
544.643727 312.237122
546.032645 341.298950
547.421563 341.414917
548.810481 326.456421
550.199399 310.865051
551.588317 312.832947
552.977235 330.842957
554.366153 325.909241
555.755071 312.722595
557.143989 310.924316
558.532906 308.382935
559.921824 302.225952
561.310742 298.455933
562.699660 313.546936
564.088578 347.532959
565.477496 344.882935
566.866414 342.231934
568.255332 339.581970
569.644250 336.930908
571.033168 334.279968
572.422086 331.629944
573.811004 328.979675
575.199921 326.329163
576.588839 323.678406
577.977757 321.027954
579.366675 318.377563
580.755593 315.726929
582.144511 313.076233
583.533429 316.780212
584.922347 311.675049
586.311265 309.671936
587.700183 297.247925
589.089101 280.840942
590.478018 303.639954
591.866936 307.742920
593.255854 294.222961
594.644772 293.554932
596.033690 316.132141
597.422608 276.752930
598.811526 297.796936
600.200444 292.718933
601.589362 281.389954
602.978280 301.677979
604.367198 282.668945
605.756116 320.474243
607.145033 286.263977
608.533951 295.739990
609.922869 320.891052
611.311787 306.524963
612.700705 294.290955
614.089623 329.554138
615.478541 322.194031
616.867459 311.935608
618.256377 308.303955
619.645295 302.932983
621.034213 282.527954
622.423131 305.241943
623.812048 295.926941
625.200966 288.683960
626.589884 292.211975
627.978802 303.649963
629.367720 313.972412
630.756638 285.652954
632.145556 310.116943
633.534474 335.034973
634.923392 322.651245
636.312310 288.972961
637.701228 296.537964
639.090145 320.089050
640.479063 340.002930
641.867981 317.433716
643.256899 321.490967
644.645817 338.369995
646.034735 304.029968
647.423653 349.331970
648.812571 334.371948
650.201489 336.481934
651.590407 341.639954
652.979325 340.091980
654.368243 334.844910
655.757160 340.031982
657.146078 362.517883
658.534996 369.351929
659.923914 391.812927
661.312832 392.697937
662.701750 354.793945
664.090668 351.562927
665.479586 373.600952
666.868504 392.772888
668.257422 378.266907
669.646340 360.210938
671.035258 360.880920
672.424175 368.886963
673.813093 371.545959
675.202011 412.279968
676.590929 422.629944
677.979847 405.168945
679.368765 386.167908
680.757683 391.401978
682.146601 411.032898
683.535519 396.982910
684.924437 410.989990
686.313355 414.455933
687.702272 414.971924
689.091190 423.359924
690.480108 410.905945
691.869026 399.254944
693.257944 380.343933
694.646862 392.953979
696.035780 397.737915
697.424698 382.281982
698.813616 383.410950
700.202534 412.154968
701.591452 390.122925
702.980370 429.629944
704.369287 438.179932
705.758205 413.059937
707.147123 408.908936
708.536041 439.339966
709.924959 455.459900
711.313877 445.769958
712.702795 434.489990
714.091713 446.089966
715.480631 471.299988
716.869549 469.419922
718.258467 464.469910
719.647385 455.649963
721.036302 460.159912
722.425220 479.919922
723.814138 507.369934
725.203056 525.949951
726.591974 511.519958
727.980892 482.019958
729.369810 498.949951
730.758728 517.079956
732.147646 531.549988
733.536564 537.899963
734.925482 523.119934
736.314399 518.149963
737.703317 498.179932
739.092235 519.889954
740.481153 529.399963
741.870071 519.019958
743.258989 507.159912
744.647907 495.669922
746.036825 576.229980
747.425743 558.699951
748.814661 572.939941
750.203579 580.919922
751.592497 569.549988
752.981414 573.189941
754.370332 558.000000
755.759250 563.519958
757.148168 584.489990
758.537086 583.459900
759.926004 579.079956
761.314922 590.699951
762.703840 601.339966
764.092758 589.549988
765.481676 620.629944
766.870594 635.519958
768.259512 634.669922
769.648429 637.799988
771.037347 643.669922
772.426265 604.319946
773.815183 670.029968
775.204101 660.289978
776.593019 657.359985
777.981937 645.039978
779.370855 643.309937
780.759773 688.449890
782.148691 707.399963
783.537609 700.719910
784.926526 724.399963
786.315444 690.729980
787.704362 672.809937
789.093280 691.879944
790.482198 680.579956
791.871116 705.609924
793.260034 758.479980
794.648952 758.179932
796.037870 744.369934
797.426788 745.789978
798.815706 768.969971
800.204624 793.509949
801.593541 758.479980
802.982459 789.399963
804.371377 790.459961
805.760295 807.819946
807.149213 822.119873
808.538131 826.349854
809.927049 875.449829
811.315967 866.159912
812.704885 880.459900
814.093803 902.639893
815.482721 949.200012
816.871639 985.989929
818.260556 1003.289917
819.649474 1071.759888
821.038392 1105.359863
822.427310 1122.599976
823.816228 1150.889893
825.205146 1199.909912
826.594064 1253.799927
827.982982 1299.879883
829.371900 1354.399902
830.760818 1414.599976
832.149736 1561.399902
833.538653 1692.299927
834.927571 1885.099976
836.316489 2098.899902
837.705407 2279.199951
839.094325 2502.399902
840.483243 2709.299805
841.872161 2963.599854
843.261079 3229.799805
844.649997 3567.699951
846.038915 4002.300049
847.427833 4600.099609
848.816751 5540.599609
850.205668 7073.600098
851.594586 9458.000000
852.983504 13408.000000
854.372422 19142.000000
855.761340 25897.000000
857.150258 32327.000000
858.539176 37182.000000
859.928094 39861.000000
861.317012 42470.000000
862.705930 48731.000000
864.094848 57217.000000
865.483765 64551.000000
866.872683 66973.000000
868.261601 61684.000000
869.650519 48252.000000
871.039437 33323.000000
872.428355 22303.000000
873.817273 15571.000000
875.206191 11715.000000
876.595109 9464.799805
877.984027 8333.399414
879.372945 7764.600098
880.761863 7845.299805
882.150780 8719.099609
883.539698 10728.000000
884.928616 14993.000000
886.317534 21802.000000
887.706452 30472.000000
889.095370 40115.000000
890.484288 49853.000000
891.873206 57362.000000
893.262124 60006.000000
894.651042 57863.000000
896.039960 50856.000000
897.428878 39553.000000
898.817795 26524.000000
900.206713 17033.000000
901.595631 11716.000000
902.984549 8700.099609
904.373467 6935.199707
905.762385 5929.500000
907.151303 5443.500000
908.540221 5355.299805
909.929139 5795.399902
911.318057 7181.499512
912.706975 9406.599609
914.095892 11786.000000
915.484810 13515.000000
916.873728 13885.000000
918.262646 12627.000000
919.651564 10190.000000
921.040482 7769.399902
922.429400 5983.299805
923.818318 5092.000000
925.207236 4876.199707
926.596154 5175.199707
927.985072 5763.599609
929.373990 6265.099609
930.762907 6261.399902
932.151825 5523.699707
933.540743 4398.899902
934.929661 3429.399902
936.318579 2705.899902
937.707497 2228.000000
939.096415 1975.299927
940.485333 1828.900024
941.874251 1638.199951
943.263169 1596.500000
944.652087 1500.899902
946.041005 1447.500000
947.429922 1404.000000
948.818840 1331.500000
950.207758 1269.019897
951.596676 1271.169800
952.985594 1253.099976
954.374512 1195.839844
955.763430 1115.559937
957.152348 1105.069824
958.541266 1106.869873
959.930184 1067.909912
961.319102 1057.319824
962.708019 970.119873
964.096937 963.139893
965.485855 944.789917
966.874773 957.639893
968.263691 945.200012
969.652609 901.379944
971.041527 878.709900
972.430445 899.329956
973.819363 849.989929
975.208281 867.229980
976.597199 868.779968
977.986117 843.119873
979.375034 827.119873
980.763952 835.389893
982.152870 847.969849
983.541788 848.159912
984.930706 802.019958
986.319624 792.249939
987.708542 816.729980
989.097460 835.639893
990.486378 824.329956
991.875296 791.319946
993.264214 768.699951
994.653132 773.779968
996.042049 755.489990
997.430967 747.649902
998.819885 719.399963
