105.997	1.18264
106.479	1.3081
106.961	1.43716
107.443	1.55408
107.925	1.64253
108.407	1.69891
108.889	1.72657
109.372	1.72806
109.854	1.71249
110.336	1.6988
110.818	1.70836
111.3	1.70363
111.782	1.67294
112.264	1.6205
112.746	1.54476
113.229	1.45714
113.711	1.38593
114.193	1.36361
114.675	1.41394
115.157	1.51984
115.639	1.64891
116.121	1.78487
116.603	1.91925
117.085	2.04485
117.568	2.16126
118.05	2.28384
118.532	2.42416
119.014	2.58606
119.496	2.77612
119.978	2.99172
120.46	3.20516
120.942	3.35616
121.424	3.43621
121.907	3.50075
122.389	3.593
122.871	3.72157
123.353	3.87261
123.835	4.02814
124.317	4.16634
124.799	4.24331
125.281	4.24081
125.763	4.1941
126.246	4.15251
126.728	4.14032
127.21	4.14467
127.692	4.15271
128.174	4.15473
128.656	4.14296
129.138	4.11551
129.62	4.08104
130.102	4.05954
130.585	4.06988
131.067	4.09177
131.549	4.09366
132.031	4.08873
132.513	4.10123
132.995	4.14923
133.477	4.22485
133.959	4.29116
134.442	4.33242
134.924	4.3577
135.406	4.39434
135.888	4.44263
136.37	4.47209
136.852	4.46399
137.334	4.42126
137.816	4.35555
138.298	4.26969
138.781	4.18676
139.263	4.14551
139.745	4.1553
140.227	4.17513
140.709	4.14992
141.191	4.0785
141.673	4.03826
142.155	4.07505
142.638	4.17963
143.12	4.31657
143.602	4.44667
144.084	4.55939
144.566	4.626
145.048	4.63744
145.53	4.59674
146.012	4.50128
146.494	4.3779
146.977	4.25813
147.459	4.17129
147.941	4.11115
148.423	4.07247
148.905	4.04702
149.387	4.00893
149.869	3.9271
150.351	3.81468
150.834	3.72293
151.316	3.70849
151.798	3.74258
152.28	3.75565
152.762	3.71787
153.244	3.63682
153.726	3.54237
154.208	3.44074
154.69	3.32243
155.173	3.18237
155.655	3.03142
156.137	2.90219
156.619	2.81488
157.101	2.76212
157.583	2.71724
158.065	2.67241
158.547	2.62164
159.03	2.55548
159.512	2.49041
159.994	2.4685
160.476	2.51661
160.958	2.60643
161.44	2.65819
161.922	2.63406
162.404	2.5885
162.887	2.57581
163.369	2.604
163.851	2.64952
164.333	2.68283
164.815	2.69441
165.297	2.68499
165.779	2.65056
166.261	2.59853
166.743	2.53313
167.226	2.45918
167.708	2.37879
168.19	2.28567
168.672	2.18318
169.154	2.0851
169.636	1.99094
170.118	1.89467
170.6	1.77051
171.083	1.63616
171.565	1.47738
172.047	1.39584
172.529	1.34054
173.011	1.29404
173.493	1.26511
173.975	1.25232
174.457	1.25255
174.939	1.24013
175.422	1.20711
175.904	1.177
176.386	1.16331
176.868	1.18253
177.35	1.2421
177.832	1.28138
178.314	1.31724
178.796	1.35883
179.278	1.36263
179.761	1.36635
180.243	1.35474
180.725	1.33517
181.207	1.30446
181.689	1.29086
182.171	1.24432
182.653	1.20945
183.135	1.18221
183.618	1.15467
184.1	1.12642
184.582	1.09915
185.064	1.09178
185.546	1.06923
186.028	1.07
186.51	1.13331
186.992	1.16002
187.474	1.15139
187.957	1.17288
188.439	1.2092
188.921	1.22896
189.403	1.27383
189.885	1.31557
190.367	1.35547
190.849	1.40806
191.331	1.46876
191.814	1.54215
192.296	1.59505
192.778	1.59785
193.26	1.56535
193.742	1.5291
194.224	1.50884
194.706	1.49466
195.188	1.4743
195.67	1.51195
196.153	1.589
196.635	1.64017
197.117	1.7314
197.599	1.83457
198.081	1.92317
198.563	2.00933
199.045	2.11799
199.527	2.25868
200.01	2.41564
200.492	2.56916
200.974	2.71158
201.456	2.84357
201.938	2.9745
202.42	3.09241
202.902	3.18435
203.384	3.26276
203.866	3.36386
204.349	3.52917
204.831	3.76261
205.313	4.02614
205.795	4.28574
206.277	4.52409
206.759	4.72796
207.241	4.88734
207.723	5.0166
208.205	5.15299
208.688	5.29779
209.17	5.4251
209.652	5.51183
210.134	5.56023
210.616	5.59386
211.098	5.63246
211.58	5.69294
212.062	5.77659
212.545	5.87712
213.027	6.01499
213.509	6.22083
213.991	6.48735
214.473	6.76694
214.955	7.0187
215.437	7.25026
215.919	7.48284
216.401	7.72088
216.884	7.9581
217.366	8.18956
217.848	8.41094
218.33	8.61355
218.812	8.79691
219.294	8.94687
219.776	9.05409
220.258	9.1238
220.741	9.17952
221.223	9.25828
221.705	9.35972
222.187	9.43761
222.669	9.44883
223.151	9.44351
223.633	9.4845
224.115	9.56494
224.597	9.64306
225.08	9.69056
225.562	9.70156
226.044	9.69512
226.526	9.68894
227.008	9.70049
227.49	9.75441
227.972	9.84376
228.454	9.93736
228.937	9.99353
229.419	10
229.901	9.96169
230.383	9.87247
230.865	9.76203
231.347	9.66292
231.829	9.56941
232.311	9.46883
232.793	9.39618
233.275	9.33572
233.758	9.23785
234.24	9.07839
234.722	8.89044
235.204	8.74308
235.686	8.65653
236.168	8.59214
236.65	8.51381
237.132	8.41008
237.615	8.26841
238.097	8.08559
238.579	7.88225
239.061	7.68588
239.543	7.51572
240.025	7.3881
240.507	7.33631
240.989	7.32838
241.471	7.27347
241.954	7.11904
242.436	6.91351
242.918	6.72734
243.4	6.59692
243.882	6.51982
244.364	6.49411
244.846	6.49036
245.328	6.43327
245.811	6.28394
246.293	6.07541
246.775	5.86254
247.257	5.68128
247.739	5.54346
248.221	5.46078
248.703	5.42444
249.185	5.41849
249.667	5.41671
250.15	5.36684
250.632	5.20155
251.114	4.91001
251.596	4.56161
252.078	4.24509
252.56	3.973
253.042	3.71711
253.524	3.45858
254.006	3.19613
254.489	2.9316
254.971	2.67194
255.453	2.44367
255.935	2.27964
256.417	2.19121
256.899	2.18125
257.381	2.23669
257.863	2.33232
258.346	2.43538
258.828	2.52901
259.31	2.60233
259.792	2.64249
260.274	2.63343
260.756	2.5882
261.238	2.52515
261.72	2.43907
262.202	2.31614
262.685	2.16376
263.167	2.01136
263.649	1.88283
264.131	1.78411
264.613	1.71643
265.095	1.67486
265.577	1.65574
266.059	1.65925
266.542	1.6813
267.024	1.7037
267.506	1.71229
267.988	1.71804
268.47	1.75133
268.952	1.80007
269.434	1.822
269.916	1.80548
270.399	1.75441
270.881	1.68645
271.363	1.61622
271.845	1.5319
272.327	1.44326
272.809	1.36939
273.291	1.31326
273.773	1.27082
274.255	1.24176
274.738	1.219
275.22	1.19886
275.702	1.19367
276.184	1.22153
276.666	1.2783
277.148	1.35422
277.63	1.45043
278.112	1.56492
278.594	1.6802
279.077	1.80399
279.559	1.95772
280.041	2.13515
280.523	2.31094
281.005	2.45073
281.487	2.5255
281.969	2.55233
282.451	2.5536
282.933	2.53777
283.416	2.50716
283.898	2.4717
284.38	2.42622
284.862	2.36118
285.344	2.29809
285.826	2.2708
286.308	2.29933
286.791	2.3921
287.273	2.52602
287.755	2.67505
288.237	2.8525
288.719	3.0659
289.201	3.29649
289.683	3.51876
290.165	3.69502
290.647	3.8164
291.13	3.9081
291.612	4.00525
292.094	4.08904
292.576	4.12303
293.058	4.11278
293.54	4.09455
294.022	4.09135
294.504	4.12117
294.986	4.20748
295.469	4.36605
295.951	4.59211
296.433	4.85382
296.915	5.10701
297.397	5.34444
297.879	5.59053
298.361	5.83954
298.843	6.06892
299.325	6.26286
299.808	6.4221
300.29	6.55461
300.772	6.68146
301.254	6.8069
301.736	6.90481
302.218	6.98554
302.7	7.09647
303.182	7.26299
303.665	7.44092
304.147	7.55748
304.629	7.61706
305.111	7.65271
305.593	7.68783
306.075	7.72067
306.557	7.73594
307.039	7.72713
307.522	7.70008
308.004	7.65265
308.486	7.61287
308.968	7.62332
309.45	7.67779
309.932	7.72548
310.414	7.72359
310.896	7.67037
311.378	7.63774
311.861	7.69955
312.343	7.79827
312.825	7.86477
313.307	7.8425
313.789	7.73477
314.271	7.60324
314.753	7.46714
315.235	7.32741
315.717	7.18024
316.2	7.03149
316.682	6.89318
317.164	6.77918
317.646	6.69825
318.128	6.6741
318.61	6.69453
319.092	6.69844
319.574	6.64527
320.057	6.53148
320.539	6.40015
321.021	6.33112
321.503	6.32746
321.985	6.29901
322.467	6.22043
322.949	6.07676
323.431	5.86678
323.914	5.63961
324.396	5.45678
324.878	5.30024
325.36	5.1339
325.842	4.95359
326.324	4.78138
326.806	4.64697
327.288	4.55872
327.77	4.49419
328.253	4.43447
328.735	4.35414
329.217	4.22108
329.699	4.02307
330.181	3.79032
330.663	3.57817
331.145	3.39151
331.627	3.18264
332.109	2.90209
332.592	2.59628
333.074	2.34591
333.556	2.19822
334.038	2.13613
334.52	2.08511
335.002	2.01889
335.484	1.9374
335.966	1.84549
336.449	1.79481
336.931	1.8183
337.413	1.87375
337.895	1.92162
338.377	1.93389
338.859	1.91488
339.341	1.89133
339.823	1.84101
340.305	1.77868
340.788	1.7009
341.27	1.59895
341.752	1.49308
342.234	1.45049
342.716	1.48674
343.198	1.58156
343.68	1.6144
344.162	1.61904
344.644	1.63932
345.127	1.5997
345.609	1.56806
346.091	1.56318
346.573	1.59371
347.055	1.6264
347.537	1.64555
348.019	1.64257
348.501	1.60005
348.984	1.53437
349.466	1.44616
349.948	1.34598
350.43	1.2765
350.912	1.25036
351.394	1.24752
351.876	1.24402
352.358	1.2576
352.841	1.28047
353.323	1.23153
353.805	1.23995
354.287	1.25057
354.769	1.24998
355.251	1.27434
355.733	1.25791
356.215	1.24297
356.697	1.25761
357.18	1.2982
357.662	1.33758
358.144	1.35838
358.626	1.38367
359.108	1.40436
359.59	1.41132
360.072	1.45147
360.554	1.49497
361.036	1.5076
361.519	1.49392
362.001	1.49431
362.483	1.50328
362.965	1.49622
363.447	1.50613
363.929	1.52194
364.411	1.61358
364.893	1.71671
365.375	1.79776
365.858	1.85822
366.34	1.91995
366.822	1.9866
367.304	2.04264
367.786	2.08465
368.268	2.12018
368.75	2.16077
369.233	2.21784
369.715	2.28969
370.197	2.35505
370.679	2.39387
371.161	2.41253
371.643	2.44129
372.125	2.49669
372.607	2.59143
373.089	2.75068
373.572	2.97683
374.054	3.2302
374.536	3.44465
375.018	3.57932
375.5	3.64357
375.982	3.66653
376.464	3.66394
376.946	3.62748
377.428	3.57669
377.911	3.55095
378.393	3.58004
378.875	3.65771
379.357	3.74651
379.839	3.81331
380.321	3.87113
380.803	3.96882
381.285	4.11515
381.767	4.27835
382.25	4.44749
382.732	4.62883
383.214	4.80763
383.696	4.96176
384.178	5.08186
384.66	5.18207
385.142	5.24478
385.624	5.24767
386.106	5.19906
386.589	5.12603
387.071	5.07943
387.553	5.08721
388.035	5.14514
388.517	5.23516
388.999	5.32682
389.481	5.40586
389.964	5.49157
390.446	5.58401
390.928	5.66078
391.41	5.73406
391.892	5.84392
392.374	6.01157
392.856	6.20974
393.338	6.39869
393.82	6.56061
394.303	6.68044
394.785	6.7404
395.267	6.76237
395.749	6.78589
396.231	6.82951
396.713	6.8952
397.195	6.98009
397.677	7.0645
398.159	7.12872
398.642	7.13586
399.124	7.07235
399.606	6.96332
400.088	6.83844
400.57	6.72987
401.052	6.65898
401.534	6.63833
402.016	6.66549
402.498	6.68405
402.981	6.65546
403.463	6.58626
403.945	6.4911
404.427	6.39803
404.909	6.33868
405.391	6.34317
405.873	6.41652
406.355	6.52024
406.838	6.6129
407.32	6.66386
407.802	6.66414
408.284	6.60465
408.766	6.50429
409.248	6.41409
409.73	6.35901
410.212	6.31736
410.695	6.26781
411.177	6.22409
411.659	6.19299
412.141	6.14233
412.623	6.06794
413.105	6.00127
413.587	5.9519
414.069	5.91838
414.551	5.90921
415.034	5.92409
415.516	5.9342
415.998	5.90206
416.48	5.8259
416.962	5.71939
417.444	5.61465
417.926	5.54847
418.408	5.52728
418.89	5.52482
419.373	5.49242
419.855	5.40457
420.337	5.28244
420.819	5.16942
421.301	5.10621
421.783	5.12191
422.265	5.1761
422.747	5.22385
423.229	5.22855
423.712	5.1823
424.194	5.09349
424.676	4.97766
425.158	4.85688
425.64	4.75355
426.122	4.67242
426.604	4.61744
427.087	4.60475
427.569	4.63414
428.051	4.66933
428.533	4.67324
429.015	4.62456
429.497	4.52336
429.979	4.38977
430.461	4.23552
430.943	4.10739
431.426	4.02604
431.908	3.94541
432.39	3.8515
432.872	3.75186
433.354	3.64843
433.836	3.52888
434.318	3.38999
434.8	3.27685
435.282	3.23017
435.765	3.22817
436.247	3.23884
436.729	3.24505
437.211	3.24159
437.693	3.20757
438.175	3.13417
438.657	3.04591
439.139	2.97825
439.622	2.94469
440.104	2.94566
440.586	2.99493
441.068	3.06503
441.55	3.10792
442.032	3.11823
442.514	3.11103
442.996	3.08455
443.478	3.02576
443.961	2.9481
444.443	2.89422
444.925	2.86879
445.407	2.83448
445.889	2.76223
446.371	2.64509
446.853	2.51691
447.335	2.4205
447.818	2.39201
448.3	2.43641
448.782	2.52234
449.264	2.61304
449.746	2.69925
450.228	2.77463
450.71	2.82257
451.192	2.84918
451.674	2.88462
452.156	2.93355
452.639	2.97769
453.121	3.00798
453.603	3.04048
454.085	3.09121
454.567	3.13815
455.049	3.1373
455.531	3.09393
456.014	3.0477
456.496	3.0326
456.978	3.03414
457.46	3.01163
457.942	2.94401
458.424	2.84749
458.906	2.749
459.388	2.68611
459.87	2.69179
460.353	2.73671
460.835	2.78658
461.317	2.82367
461.799	2.85244
462.281	2.88864
462.763	2.94591
463.245	3.02643
463.727	3.11403
464.209	3.17976
464.692	3.22517
465.174	3.28705
465.656	3.36014
466.138	3.40504
466.62	3.41319
467.102	3.41861
467.584	3.44994
468.066	3.50236
468.548	3.55981
469.031	3.63394
469.513	3.73095
469.995	3.81609
470.477	3.87384
470.959	3.91652
471.441	3.95798
471.923	4.00415
472.405	4.04726
472.887	4.07006
473.37	4.05773
473.852	4.00999
474.334	3.9486
474.816	3.89807
475.298	3.84991
475.78	3.79787
476.262	3.7707
476.745	3.78912
477.227	3.82784
477.709	3.84713
478.191	3.83483
478.673	3.808
479.155	3.78895
479.637	3.7792
480.119	3.78796
480.601	3.82979
481.084	3.8964
481.566	3.97033
482.048	4.02898
482.53	4.06186
483.012	4.08077
483.494	4.10577
483.976	4.14119
484.458	4.1693
484.94	4.17299
485.423	4.17512
485.905	4.19657
486.387	4.22241
486.869	4.21289
487.351	4.16017
487.833	4.09228
488.315	4.03087
488.797	3.96652
489.279	3.88077
489.762	3.78285
490.244	3.68112
490.726	3.56726
491.208	3.43976
491.69	3.30014
492.172	3.16939
492.654	3.07554
493.136	3.01437
493.619	2.94851
494.101	2.84977
494.583	2.73105
495.065	2.63091
495.547	2.57287
496.029	2.51043
496.511	2.4103
496.993	2.32065
497.476	2.29407
497.958	2.31974
498.44	2.34046
498.922	2.31122
499.404	2.2365
499.886	2.17945
500.368	2.19239
500.85	2.23993
501.332	2.27118
501.815	2.29843
502.297	2.30659
502.779	2.26715
503.261	2.16889
503.743	2.04568
504.225	1.94178
504.707	1.86427
505.189	1.78213
505.671	1.65824
506.154	1.53608
506.636	1.47616
507.118	1.44103
507.6	1.42871
508.082	1.39743
508.564	1.33147
509.046	1.28128
509.528	1.30204
510.01	1.35405
510.493	1.36025
510.975	1.3384
511.457	1.2342
511.939	1.12014
512.421	1.09981
512.903	1.14807
513.385	1.20844
513.867	1.25851
514.35	1.27971
514.832	1.30319
515.314	1.31391
515.796	1.35441
516.278	1.40861
516.76	1.39971
517.242	1.41558
517.724	1.42959
518.207	1.42176
518.689	1.40096
519.171	1.36387
519.653	1.29163
520.135	1.2061
520.617	1.14336
521.099	1.08544
521.581	1.12979
522.063	1.21617
522.545	1.25872
523.028	1.2635
523.51	1.27239
523.992	1.26564
524.474	1.27076
524.956	1.24187
525.438	1.24563
525.92	1.24074
526.403	1.20554
526.885	1.21112
527.367	1.21833
527.849	1.17964
528.331	1.10552
528.813	1.03384
529.295	1.00166
529.777	1.03035
530.259	1.12165
530.741	1.24754
531.224	1.3679
531.706	1.4653
532.188	1.55551
532.67	1.63774
533.152	1.6631
533.634	1.65031
534.116	1.66164
534.598	1.66672
535.081	1.66321
535.563	1.62318
536.045	1.56796
536.527	1.5104
537.009	1.4362
537.491	1.34937
537.973	1.30031
538.455	1.31622
538.938	1.39443
539.42	1.50009
539.902	1.59349
540.384	1.64755
540.866	1.6735
541.348	1.69643
541.83	1.70689
542.312	1.68386
542.794	1.60762
543.277	1.54869
543.759	1.53745
544.241	1.5502
544.723	1.55379
545.205	1.53495
545.687	1.52045
546.169	1.52594
546.651	1.56393
547.134	1.64338
547.616	1.75921
548.098	1.8951
548.58	2.03523
549.062	2.15486
549.544	2.23673
550.026	2.29402
550.508	2.34722
550.99	2.38097
551.472	2.37327
551.955	2.32937
552.437	2.28709
552.919	2.28134
553.401	2.31745
553.883	2.36794
554.365	2.39665
554.847	2.40157
555.33	2.41755
555.812	2.46036
556.294	2.53426
556.776	2.62565
557.258	2.71872
557.74	2.80286
558.222	2.86681
558.704	2.90845
559.186	2.9338
559.668	2.94317
560.151	2.91678
560.633	2.84105
561.115	2.74092
561.597	2.65681
562.079	2.61788
562.561	2.59112
563.043	2.54055
563.525	2.47023
564.008	2.40561
564.49	2.36924
564.972	2.36364
565.454	2.36637
565.936	2.35613
566.418	2.33099
566.9	2.29978
567.382	2.2662
567.865	2.23005
568.347	2.19784
568.829	2.17028
569.311	2.13491
569.793	2.07224
570.275	1.97623
570.757	1.8749
571.239	1.80332
571.721	1.75874
572.204	1.70241
572.686	1.6395
573.168	1.60044
573.65	1.58036
574.132	1.54487
574.614	1.48457
575.096	1.39811
575.578	1.32009
576.061	1.29124
576.543	1.31298
577.025	1.35886
577.507	1.40353
577.989	1.43696
578.471	1.4571
578.953	1.48297
579.435	1.47594
579.917	1.50628
580.399	1.54192
580.882	1.58679
581.364	1.59323
581.846	1.57721
582.328	1.56012
582.81	1.54281
583.292	1.52937
583.774	1.51854
584.256	1.48666
584.739	1.46246
585.221	1.43144
585.703	1.42925
586.185	1.4548
586.667	1.47455
587.149	1.4809
587.631	1.47441
588.114	1.44936
588.596	1.42008
589.078	1.38791
589.56	1.41327
590.042	1.41988
590.524	1.41344
591.006	1.37576
591.488	1.36707
591.97	1.40144
592.452	1.46012
592.935	1.52204
593.417	1.5543
593.899	1.53466
594.381	1.50296
594.863	1.46344
595.345	1.49993
595.827	1.58353
596.309	1.61509
596.792	1.62796
597.274	1.62842
597.756	1.60976
598.238	1.58511
598.72	1.57535
599.202	1.5642
599.684	1.54769
600.166	1.50588
600.649	1.4548
601.131	1.40368
601.613	1.35201
602.095	1.30201
602.577	1.24085
603.059	1.19189
603.541	1.14129
604.023	1.12485
604.505	1.15632
604.987	1.21929
605.47	1.26283
605.952	1.27275
606.434	1.31135
606.916	1.34099
607.398	1.35621
607.88	1.35859
608.362	1.33764
608.845	1.29187
609.327	1.24261
609.809	1.18736
610.291	1.14549
610.773	1.11686
611.255	1.1099
611.737	1.14043
612.219	1.22161
612.701	1.33365
613.183	1.41879
613.666	1.49444
614.148	1.55786
614.63	1.62108
615.112	1.68347
615.594	1.72425
616.076	1.72675
616.558	1.71119
617.04	1.71134
617.523	1.71693
618.005	1.72038
618.487	1.73545
618.969	1.75799
619.451	1.78388
619.933	1.81305
620.415	1.84891
620.897	1.89165
621.38	1.93976
621.862	1.97989
622.344	1.96385
622.826	1.8928
623.308	1.81633
623.79	1.79239
624.272	1.84846
624.754	1.91188
625.236	1.92447
625.719	1.90986
626.201	1.90071
626.683	1.90354
627.165	1.91826
627.647	1.94695
628.129	1.97915
628.611	2.00352
629.093	2.01683
629.576	2.01611
630.058	1.99843
630.54	1.97018
631.022	1.94781
631.504	1.9442
631.986	1.95885
632.468	1.99891
632.95	2.0924
633.432	2.25414
633.915	2.44733
634.397	2.58661
634.879	2.67223
635.361	2.75624
635.843	2.86332
636.325	2.99671
636.807	3.13608
637.289	3.26106
637.771	3.35763
638.254	3.41473
638.736	3.44201
639.218	3.45408
639.7	3.46916
640.182	3.50934
640.664	3.58689
641.146	3.67072
641.628	3.7143
642.111	3.71607
642.593	3.71116
643.075	3.72221
643.557	3.7501
644.039	3.79269
644.521	3.85641
645.003	3.93681
645.485	4.01455
645.967	4.06497
646.45	4.06397
646.932	4.02523
647.414	3.97652
647.896	3.93554
648.378	3.91629
648.86	3.91619
649.342	3.94276
649.824	4.01942
650.307	4.14677
650.789	4.26838
651.271	4.34987
651.753	4.42404
652.235	4.53545
652.717	4.69179
653.199	4.87022
653.681	5.06178
654.164	5.22955
654.646	5.32115
655.128	5.34362
655.61	5.34541
656.092	5.36071
656.574	5.40538
657.056	5.47244
657.538	5.53783
658.02	5.55724
658.503	5.50228
658.985	5.44815
659.467	5.47014
659.949	5.54714
660.431	5.62191
660.913	5.68194
661.395	5.74376
661.877	5.80457
662.359	5.86785
662.842	5.94173
663.324	6.03259
663.806	6.11929
664.288	6.20305
664.77	6.31208
665.252	6.44433
665.734	6.57139
666.216	6.68447
666.698	6.78606
667.181	6.85045
667.663	6.86074
668.145	6.83894
668.627	6.84503
669.109	6.87458
669.591	6.88896
670.073	6.88393
670.555	6.85942
671.038	6.80062
671.52	6.70984
672.002	6.63063
672.484	6.58866
672.966	6.57455
673.448	6.56614
673.93	6.54475
674.412	6.51126
674.894	6.48886
675.377	6.47829
675.859	6.4799
676.341	6.48957
676.823	6.49561
677.305	6.50661
677.787	6.52256
678.269	6.54404
678.751	6.5833
679.234	6.65524
679.716	6.75419
680.198	6.83136
680.68	6.84753
681.162	6.82057
681.644	6.79205
682.126	6.76981
682.608	6.71818
683.091	6.60049
683.573	6.46271
684.055	6.37055
684.537	6.32063
685.019	6.25366
685.501	6.15441
685.983	6.04749
686.465	5.95044
686.947	5.87508
687.429	5.8491
687.912	5.89242
688.394	5.95731
688.876	5.99273
689.358	5.98073
689.84	5.91083
690.322	5.80363
690.804	5.71108
691.286	5.66984
691.769	5.64136
692.251	5.57039
692.733	5.46357
693.215	5.38909
693.697	5.36032
694.179	5.33604
694.661	5.28767
695.143	5.21866
695.625	5.14699
696.108	5.08697
696.59	5.06892
697.072	5.11705
697.554	5.19342
698.036	5.22817
698.518	5.21405
699	5.17771
699.482	5.13015
699.965	5.09981
700.447	5.12573
700.929	5.18998
701.411	5.2137
701.893	5.16566
702.375	5.07912
702.857	4.99048
703.339	4.90439
703.822	4.80571
704.304	4.68842
704.786	4.56315
705.268	4.43891
705.75	4.33027
706.232	4.25899
706.714	4.22108
707.196	4.18942
707.678	4.15229
708.16	4.11146
708.643	4.07237
709.125	4.04408
709.607	4.0464
710.089	4.07593
710.571	4.08546
711.053	4.04174
711.535	3.96731
712.018	3.90977
712.5	3.89025
712.982	3.86225
713.464	3.77783
713.946	3.65518
714.428	3.51947
714.91	3.39136
715.392	3.29383
715.874	3.23663
716.356	3.21814
716.839	3.24386
717.321	3.30259
717.803	3.36525
718.285	3.41351
718.767	3.44903
719.249	3.47693
719.731	3.49212
720.213	3.48416
720.696	3.45424
721.178	3.42345
721.66	3.40576
722.142	3.37489
722.624	3.28447
723.106	3.14469
723.588	3.00997
724.07	2.8938
724.553	2.78511
725.035	2.65999
725.517	2.53285
725.999	2.44524
726.481	2.40824
726.963	2.38081
727.445	2.33231
727.927	2.27391
728.409	2.22731
728.891	2.19565
729.374	2.16803
729.856	2.1418
730.338	2.11308
730.82	2.07746
731.302	2.04201
731.784	2.00906
732.266	1.98599
732.749	1.98054
733.231	1.99191
733.713	1.99739
734.195	1.97439
734.677	1.92582
735.159	1.8844
735.641	1.86682
736.123	1.86288
736.605	1.86439
737.087	1.86895
737.57	1.8591
738.052	1.81101
738.534	1.7722
739.016	1.79656
739.498	1.85494
739.98	1.9056
740.462	1.92626
740.944	1.92813
741.427	1.9212
741.909	1.90159
742.391	1.8834
742.873	1.86319
743.355	1.82109
743.837	1.74923
744.319	1.65273
744.801	1.54099
745.284	1.43128
745.766	1.34133
746.248	1.27336
746.73	1.2205
747.212	1.1887
747.694	1.18679
748.176	1.25163
748.658	1.3672
749.14	1.47256
749.623	1.54344
750.105	1.57597
750.587	1.5453
751.069	1.48464
751.551	1.45782
752.033	1.4798
752.515	1.46558
752.997	1.42639
753.48	1.35876
753.962	1.31044
754.444	1.26662
754.926	1.2323
755.408	1.21745
755.89	1.21975
756.372	1.23574
756.854	1.27302
757.336	1.28566
757.818	1.27138
758.301	1.24929
758.783	1.22512
759.265	1.18465
759.747	1.12934
760.229	1.05859
760.711	1.02672
761.193	1.04917
761.676	1.06521
762.158	1.03179
762.64	1.01077
763.122	1.00649
763.604	1.02735
764.086	1.02172
764.568	1.02118
765.05	1.03966
765.532	1.08189
766.015	1.14224
766.497	1.19941
766.979	1.23857
767.461	1.26188
767.943	1.27366
768.425	1.27601
768.907	1.27037
769.389	1.25917
769.871	1.23885
770.354	1.20253
770.836	1.16596
771.318	1.13536
771.8	1.08592
772.282	1.06182
772.764	1.05278
773.246	1.02181
773.728	1
774.211	1.01291
774.693	1.05006
775.175	1.09752
775.657	1.12945
776.139	1.13207
776.621	1.13196
777.103	1.12534
777.585	1.12569
778.067	1.13859
778.55	1.16222
779.032	1.19011
779.514	1.21457
779.996	1.23484
780.478	1.26233
780.96	1.28657
781.442	1.29621
781.924	1.31693
782.407	1.32088
782.889	1.31967
783.371	1.31588
783.853	1.29208
784.335	1.24831
784.817	1.20272
785.299	1.17772
785.781	1.15652
786.263	1.12025
786.745	1.08442
787.228	1.07869
787.71	1.10911
788.192	1.15459
788.674	1.1961
789.156	1.24637
789.638	1.33224
790.12	1.44433
790.602	1.55522
791.085	1.64413
791.567	1.69
792.049	1.69538
792.531	1.67975
793.013	1.66648
793.495	1.68859
793.977	1.71886
794.459	1.73589
794.942	1.74506
795.424	1.73768
795.906	1.71663
796.388	1.70092
796.87	1.6903
797.352	1.67348
797.834	1.63809
798.316	1.60922
798.798	1.63475
799.281	1.69982
799.763	1.73257
800.245	1.70778
800.727	1.66086
801.209	1.63453
801.691	1.64759
802.173	1.70628
802.655	1.80315
803.138	1.90016
803.62	1.95665
804.102	1.98112
804.584	2.00022
805.066	2.02067
805.548	2.03947
806.03	2.05738
806.512	2.061
806.994	2.03917
807.477	2.00802
807.959	1.99689
808.441	2.00145
808.923	1.98137
809.405	1.92656
809.887	1.87643
810.369	1.86832
810.851	1.89893
811.333	1.93892
811.816	1.96797
812.298	1.98192
812.78	1.97948
813.262	1.96154
813.744	1.93315
814.226	1.90396
814.708	1.89214
815.19	1.90384
815.673	1.9104
816.155	1.87775
816.637	1.83297
817.119	1.82747
817.601	1.8624
818.083	1.90819
818.565	1.9485
819.047	1.9921
819.529	2.05662
820.012	2.12115
820.494	2.15449
820.976	2.16323
821.458	2.17135
821.94	2.1874
822.422	2.1966
822.904	2.18184
823.386	2.14992
823.869	2.1223
824.351	2.09061
824.833	2.07137
825.315	2.03251
825.797	2.00096
826.279	2.01732
826.761	2.08311
827.243	2.17078
827.726	2.26015
828.208	2.33715
828.69	2.3927
829.172	2.43125
829.654	2.443
830.136	2.42898
830.618	2.40733
831.1	2.3867
831.582	2.36041
832.064	2.31822
832.547	2.26995
833.029	2.24489
833.511	2.2466
833.993	2.24976
834.475	2.26175
834.957	2.26322
835.439	2.28658
835.921	2.32861
836.404	2.3705
836.886	2.39922
837.368	2.41195
837.85	2.40162
838.332	2.36722
838.814	2.3226
839.296	2.27393
839.778	2.21973
840.26	2.16093
840.743	2.09626
841.225	2.02519
841.707	1.96603
842.189	1.93485
842.671	1.93142
843.153	1.941
843.635	1.95782
844.117	1.98751
844.6	2.03437
845.082	2.09131
845.564	2.14927
846.046	2.20388
846.528	2.25956
847.01	2.31271
847.492	2.34177
847.974	2.33223
848.457	2.30302
848.939	2.29038
849.421	2.29469
849.903	2.27098
850.385	2.1948
850.867	2.10634
851.349	2.05557
851.831	2.03535
852.313	2.01775
852.795	1.995
853.278	1.97804
853.76	1.97441
854.242	1.97805
854.724	1.98032
855.206	1.98607
855.688	1.99855
856.17	2.01747
856.653	2.03753
857.135	2.05482
857.617	2.07378
858.099	2.10463
858.581	2.14113
859.063	2.15079
859.545	2.11926
860.027	2.07499
860.509	2.05231
860.991	2.05066
861.474	2.0511
861.956	2.03562
862.438	1.98792
862.92	1.92232
863.402	1.83913
863.884	1.74081
864.366	1.64054
864.848	1.55528
865.331	1.48204
865.813	1.40761
866.295	1.32816
866.777	1.25844
867.259	1.20767
867.741	1.16966
868.223	1.14151
868.705	1.11887
869.188	1.09844
869.67	1.08618
870.152	1.1028
870.634	1.16111
871.116	1.23574
871.598	1.29329
872.08	1.31425
872.562	1.30381
873.044	1.27541
873.527	1.2653
874.009	1.28968
874.491	1.33053
874.973	1.35791
875.455	1.36233
875.937	1.35848
876.419	1.36333
876.901	1.36696
877.384	1.35325
877.866	1.33046
878.348	1.30741
878.83	1.29262
879.312	1.30409
879.794	1.34917
880.276	1.39552
880.758	1.40595
881.24	1.38774
881.722	1.35222
882.205	1.31235
882.687	1.30095
883.169	1.33159
883.651	1.3792
884.133	1.41111
884.615	1.4172
885.097	1.39645
885.58	1.36106
886.062	1.32813
886.544	1.29513
887.026	1.25497
887.508	1.22607
887.99	1.20079
888.472	1.17797
888.954	1.16369
889.436	1.16435
889.918	1.16488
890.401	1.15927
890.883	1.15783
891.365	1.16568
891.847	1.18538
892.329	1.21146
892.811	1.22843
893.293	1.22764
893.775	1.22099
894.258	1.21799
894.74	1.20954
895.222	1.19515
895.704	1.18282
896.186	1.17613
896.668	1.14988
897.15	1.12844
897.632	1.11457
898.115	1.10431
898.597	1.13849
899.079	1.19412
899.561	1.23383
900.043	1.25972
900.525	1.29093
901.007	1.29392
901.489	1.28962
901.971	1.32239
902.454	1.31685
902.936	1.31675
903.418	1.33064
903.9	1.32129
904.382	1.29182
904.864	1.25371
905.346	1.22815
905.828	1.2191
906.311	1.20362
906.793	1.20051
907.275	1.20512
907.757	1.20502
908.239	1.21687
908.721	1.20298
909.203	1.17654
909.685	1.16615
910.167	1.16507
910.649	1.14663
911.132	1.14957
911.614	1.16889
912.096	1.12785
912.578	1.10472
913.06	1.09201
913.542	1.08327
914.024	1.09882
914.506	1.12672
914.989	1.15573
915.471	1.17342
915.953	1.19176
916.435	1.2284
916.917	1.27904
917.399	1.32679
917.881	1.36085
918.363	1.38231
918.846	1.39262
919.328	1.40193
919.81	1.41515
920.292	1.42194
920.774	1.41032
921.256	1.38264
921.738	1.35063
922.22	1.34207
922.702	1.35188
923.185	1.35218
923.667	1.33873
924.149	1.32847
924.631	1.3243
925.113	1.32672
925.595	1.34806
926.077	1.38064
926.559	1.40175
927.042	1.40839
927.524	1.41838
928.006	1.4384
928.488	1.45775
928.97	1.47842
929.452	1.49454
929.934	1.49151
930.416	1.47173
930.898	1.45
931.381	1.4318
931.863	1.40602
932.345	1.36123
932.827	1.29673
933.309	1.22945
933.791	1.18049
934.273	1.15508
934.755	1.14568
935.237	1.14164
935.72	1.13934
936.202	1.14739
936.684	1.17283
937.166	1.2263
937.648	1.31005
938.13	1.38792
938.612	1.42389
939.094	1.42171
939.577	1.41964
940.059	1.44611
940.541	1.48058
941.023	1.4868
941.505	1.46615
941.987	1.43638
942.469	1.40081
942.951	1.36001
943.433	1.32766
943.916	1.30818
944.398	1.29294
944.88	1.27473
945.362	1.25551
945.844	1.24267
946.326	1.23951
946.808	1.25411
947.29	1.28025
947.773	1.28278
948.255	1.2533
948.737	1.22092
949.219	1.20908
949.701	1.20696
950.183	1.18668
950.665	1.15054
951.147	1.12836
951.63	1.13177
952.112	1.15359
952.594	1.18165
953.076	1.20831
953.558	1.23346
954.04	1.25938
954.522	1.28365
955.004	1.30938
955.486	1.34192
955.968	1.38027
956.451	1.41978
956.933	1.45548
957.415	1.47922
957.897	1.48287
958.379	1.46558
958.861	1.4363
959.343	1.39964
959.825	1.33829
960.308	1.27061
960.79	1.22653
961.272	1.21545
961.754	1.22177
962.236	1.22572
962.718	1.22029
963.2	1.20869
963.682	1.20307
964.164	1.20939
964.647	1.2338
965.129	1.27938
965.611	1.33888
966.093	1.39716
966.575	1.4407
967.057	1.46335
967.539	1.46021
968.021	1.434
968.504	1.39081
968.986	1.33383
969.468	1.26933
969.95	1.23002
970.432	1.21664
970.914	1.20703
971.396	1.18866
971.878	1.16298
972.361	1.13835
972.843	1.12801
973.325	1.14118
973.807	1.16831
974.289	1.20008
974.771	1.23337
975.253	1.26078
975.735	1.27289
976.217	1.26848
976.699	1.24469
977.182	1.21708
977.664	1.1767
978.146	1.13826
978.628	1.11428
979.11	1.10451
979.592	1.09948
980.074	1.08989
980.557	1.06876
981.039	1.03718
981.521	1.01035
982.003	1.0035
982.485	1.02007
982.967	1.04783
983.449	1.0771
983.931	1.11307
984.413	1.16239
984.895	1.21353
985.378	1.25116
985.86	1.27497
986.342	1.28412
986.824	1.29554
987.306	1.30845
987.788	1.34116
988.27	1.37805
988.752	1.39804
989.235	1.39649
989.717	1.37037
990.199	1.33018
990.681	1.29719
991.163	1.28143
991.645	1.27454
992.127	1.26824
992.609	1.26144
993.092	1.25597
993.574	1.25276
994.056	1.24513
994.538	1.22656
995.02	1.20591
995.502	1.19512
995.984	1.19399
996.466	1.20604
996.948	1.23169
997.431	1.25873
997.913	1.26741
998.395	1.24469
998.877	1.21258
999.359	1.19684
999.841	1.21248
1000.32	1.25259
1000.8	1.295
1001.29	1.32382
1001.77	1.33246
1002.25	1.3264
1002.73	1.31775
1003.22	1.30352
1003.7	1.28128
1004.18	1.24827
1004.66	1.2168
1005.14	1.1919
1005.63	1.17254
1006.11	1.15815
1006.59	1.14861
1007.07	1.13872
1007.55	1.11812
1008.04	1.08894
1008.52	1.07738
1009	1.08844
1009.48	1.10795
1009.97	1.13328
1010.45	1.16702
1010.93	1.20061
1011.41	1.2218
1011.89	1.23122
1012.38	1.22765
1012.86	1.2032
1013.34	1.17873
1013.82	1.17294
1014.3	1.18986
1014.79	1.20789
1015.27	1.22165
1015.75	1.25503
1016.23	1.31676
1016.72	1.36979
1017.2	1.38976
1017.68	1.39022
1018.16	1.38946
1018.64	1.39367
1019.13	1.40593
1019.61	1.42899
1020.09	1.45471
1020.57	1.4521
1021.05	1.4206
1021.54	1.37402
1022.02	1.31192
1022.5	1.25863
1022.98	1.21533
1023.47	1.18248
1023.95	1.14804
1024.43	1.11487
1024.91	1.10506
1025.39	1.12886
1025.88	1.16068
1026.36	1.16118
1026.84	1.13753
1027.32	1.12678
1027.8	1.14875
1028.29	1.19533
1028.77	1.23685
1029.25	1.25476
1029.73	1.25476
1030.21	1.2447
1030.7	1.23659
1031.18	1.2204
1031.66	1.19321
1032.14	1.17774
1032.63	1.16765
1033.11	1.1694
1033.59	1.17508
1034.07	1.18788
1034.55	1.21218
1035.04	1.23868
1035.52	1.25554
1036	1.26054
1036.48	1.26906
1036.96	1.2985
1037.45	1.33836
1037.93	1.35901
1038.41	1.35032
1038.89	1.32914
1039.38	1.31536
1039.86	1.31298
1040.34	1.30633
1040.82	1.28258
1041.3	1.25384
1041.79	1.24732
1042.27	1.27482
1042.75	1.31479
1043.23	1.35845
1043.71	1.40289
1044.2	1.43391
1044.68	1.44424
1045.16	1.4441
1045.64	1.44756
1046.12	1.45173
1046.61	1.44033
1047.09	1.41435
1047.57	1.39334
1048.05	1.38625
1048.54	1.38839
1049.02	1.38815
1049.5	1.37145
1049.98	1.33057
1050.46	1.28265
1050.94	1.26176
1051.43	1.27667
1051.91	1.29908
1052.39	1.31435
1052.87	1.33988
1053.36	1.36953
1053.84	1.39005
1054.32	1.40474
1054.8	1.41728
1055.29	1.42295
1055.77	1.42108
1056.25	1.42612
1056.73	1.44132
1057.21	1.44725
1057.69	1.43161
1058.18	1.4023
1058.66	1.3631
1059.14	1.32145
1059.62	1.2945
1060.11	1.28336
1060.59	1.26694
1061.07	1.23539
1061.55	1.20059
1062.03	1.19189
1062.52	1.21319
1063	1.24174
1063.48	1.26323
1063.96	1.27853
1064.44	1.29522
1064.93	1.32058
1065.41	1.34899
1065.89	1.3666
1066.37	1.35842
1066.86	1.32914
1067.34	1.30247
1067.82	1.29149
1068.3	1.29622
1068.78	1.30978
1069.27	1.31371
1069.75	1.29241
1070.23	1.25494
1070.71	1.21527
1071.19	1.18038
1071.68	1.15295
1072.16	1.12856
1072.64	1.11219
1073.12	1.10032
1073.61	1.09014
1074.09	1.09514
1074.57	1.13327
1075.05	1.18066
1075.53	1.20542
1076.02	1.21438
1076.5	1.23223
1076.98	1.27
1077.46	1.31738
1077.94	1.35872
1078.43	1.38477
1078.91	1.39079
1079.39	1.38128
1079.87	1.35965
1080.36	1.32419
1080.84	1.28786
1081.32	1.2561
1081.8	1.22492
1082.28	1.19907
1082.77	1.17538
1083.25	1.15485
1083.73	1.15902
1084.21	1.20066
1084.69	1.2459
1085.18	1.27261
1085.66	1.28881
1086.14	1.31349
1086.62	1.33699
1087.1	1.3432
1087.59	1.34434
1088.07	1.31947
1088.55	1.28736
1089.03	1.25636
1089.52	1.23553
1090	1.22929
1090.48	1.23026
1090.96	1.22656
1091.44	1.21214
1091.93	1.18402
1092.41	1.16039
1092.89	1.16559
1093.37	1.20179
1093.85	1.24731
1094.34	1.27577
1094.82	1.28058
1095.3	1.26684
1095.78	1.25059
1096.27	1.23249
1096.75	1.21479
1097.23	1.20234
1097.71	1.1802
1098.19	1.17971
1098.68	1.1958
1099.16	1.22297
1099.64	1.2485
1100.12	1.26221
1100.6	1.26426
1101.09	1.25929
1101.57	1.24963
1102.05	1.25603
1102.53	1.28356
1103.01	1.30627
1103.5	1.31496
1103.98	1.316
1104.46	1.30707
1104.94	1.28162
1105.43	1.2534
1105.91	1.24033
1106.39	1.23735
1106.87	1.24084
1107.35	1.24403
1107.84	1.23465
1108.32	1.21558
1108.8	1.20363
1109.28	1.2072
1109.76	1.21561
1110.25	1.22181
1110.73	1.22287
1111.21	1.21535
1111.69	1.2124
1112.17	1.22105
1112.66	1.23461
1113.14	1.24599
1113.62	1.2526
1114.1	1.24844
1114.59	1.25094
1115.07	1.27326
1115.55	1.30825
1116.03	1.33765
1116.51	1.35978
1116.99	1.36818
1117.48	1.36088
1117.96	1.35479
1118.44	1.36464
1118.92	1.37586
1119.41	1.37501
1119.89	1.36573
1120.37	1.34401
1120.85	1.32227
1121.34	1.30716
1121.82	1.29278
1122.3	1.27812
1122.78	1.27329
1123.26	1.28471
1123.74	1.29831
1124.23	1.31094
1124.71	1.31047
1125.19	1.29467
1125.67	1.27431
1126.16	1.25797
1126.64	1.23879
1127.12	1.20683
1127.6	1.16926
1128.08	1.14822
1128.57	1.14953
1129.05	1.17227
1129.53	1.21084
1130.01	1.2466
1130.49	1.27565
1130.98	1.2882
1131.46	1.28829
1131.94	1.28988
1132.42	1.30074
1132.91	1.3124
1133.39	1.31226
1133.87	1.30129
1134.35	1.28225
1134.83	1.25959
1135.32	1.24251
1135.8	1.23068
1136.28	1.21857
1136.76	1.21248
1137.24	1.22125
1137.73	1.24187
1138.21	1.25942
1138.69	1.2769
1139.17	1.29516
1139.66	1.29855
1140.14	1.28281
1140.62	1.2531
1141.1	1.21294
1141.58	1.17278
1142.07	1.14633
1142.55	1.13808
1143.03	1.15239
1143.51	1.16363
1143.99	1.17355
1144.48	1.18928
1144.96	1.19193
1145.44	1.19217
1145.92	1.19909
1146.41	1.22025
1146.89	1.23513
1147.37	1.22193
1147.85	1.19572
1148.33	1.18348
1148.82	1.18054
1149.3	1.17539
1149.78	1.1654
1150.26	1.15315
1150.74	1.14351
1151.23	1.146
1151.71	1.16278
1152.19	1.18681
1152.67	1.20886
1153.15	1.21255
1153.64	1.22
1154.12	1.22829
1154.6	1.21583
1155.08	1.19681
1155.57	1.18398
1156.05	1.19165
1156.53	1.18399
1157.01	1.13995
1157.49	1.08893
1157.97	1.06328
1158.46	1.06297
1158.94	1.07304
1159.42	1.08557
1159.9	1.10463
1160.39	1.1348
1160.87	1.16359
1161.35	1.18008
1161.83	1.19017
1162.31	1.19971
1162.8	1.21667
1163.28	1.24701
1163.76	1.27702
1164.24	1.28177
1164.72	1.25975
1165.21	1.23951
1165.69	1.22714
1166.17	1.20157
1166.65	1.17281
1167.14	1.16079
1167.62	1.16571
1168.1	1.17375
1168.58	1.18296
1169.06	1.20118
1169.55	1.23432
1170.03	1.2723
1170.51	1.28359
1170.99	1.26583
1171.47	1.24349
1171.96	1.23067
1172.44	1.23391
1172.92	1.25128
1173.4	1.26801
1173.89	1.27578
1174.37	1.28291
1174.85	1.29739
1175.33	1.31613
1175.81	1.34011
1176.3	1.36788
1176.78	1.39178
1177.26	1.41139
1177.74	1.43268
1178.22	1.45656
1178.71	1.47457
1179.19	1.47571
1179.67	1.45227
1180.15	1.40167
1180.64	1.34028
1181.12	1.28476
1181.6	1.2404
1182.08	1.21078
1182.56	1.1974
1183.05	1.19632
1183.53	1.21045
1184.01	1.21791
1184.49	1.19473
1184.97	1.16341
1185.46	1.15986
1185.94	1.18272
1186.42	1.2119
1186.9	1.23582
1187.39	1.25196
1187.87	1.25857
1188.35	1.25579
1188.83	1.24443
1189.31	1.2381
1189.8	1.24722
1190.28	1.26563
1190.76	1.28404
1191.24	1.30535
1191.72	1.32548
1192.21	1.34693
1192.69	1.36052
1193.17	1.36049
1193.65	1.33862
1194.13	1.30701
1194.62	1.28777
1195.1	1.2797
1195.58	1.27128
1196.06	1.27
1196.55	1.27521
1197.03	1.26096
1197.51	1.25709
1197.99	1.25528
1198.47	1.25209
1198.95	1.26756
1199.44	1.28181
1199.92	1.28615
1200.4	1.28308
1200.88	1.27544
1201.37	1.25535
1201.85	1.23986
1202.33	1.24706
1202.81	1.27324
1203.29	1.30103
1203.78	1.31696
1204.26	1.31609
1204.74	1.30946
1205.22	1.31224
1205.7	1.32124
1206.19	1.32549
1206.67	1.33688
1207.15	1.34353
1207.63	1.34365
1208.12	1.32021
1208.6	1.28898
1209.08	1.24178
1209.56	1.19819
1210.04	1.16364
1210.53	1.13354
1211.01	1.10934
1211.49	1.11834
1211.97	1.17079
1212.45	1.21731
1212.94	1.22771
1213.42	1.21905
1213.9	1.21443
1214.38	1.21544
1214.87	1.21298
1215.35	1.20966
1215.83	1.21982
1216.31	1.23872
1216.79	1.2318
1217.28	1.23343
1217.76	1.21678
1218.24	1.20229
1218.72	1.19319
1219.2	1.19053
1219.69	1.19078
1220.17	1.18557
1220.65	1.18373
1221.13	1.20895
1221.62	1.24058
1222.1	1.23964
1222.58	1.22342
1223.06	1.21156
1223.54	1.19696
1224.03	1.17622
1224.51	1.15083
1224.99	1.13161
1225.47	1.13289
1225.95	1.13581
1226.44	1.13807
1226.92	1.12753
1227.4	1.10519
1227.88	1.08017
1228.37	1.06779
1228.85	1.07395
1229.33	1.09003
1229.81	1.11154
1230.29	1.14395
1230.78	1.17462
1231.26	1.1969
1231.74	1.17844
1232.22	1.15086
1232.7	1.1345
1233.19	1.13334
1233.67	1.15078
1234.15	1.18143
1234.63	1.22516
1235.11	1.27482
1235.6	1.30226
1236.08	1.30983
1236.56	1.29232
1237.04	1.26542
1237.53	1.2494
1238.01	1.26017
1238.49	1.28801
1238.97	1.31466
1239.45	1.33241
1239.93	1.3324
1240.42	1.31491
1240.9	1.30173
1241.38	1.28113
1241.86	1.28986
1242.35	1.33091
1242.83	1.38361
1243.31	1.43688
1243.79	1.47658
1244.27	1.47957
1244.76	1.46277
1245.24	1.45124
1245.72	1.44129
1246.2	1.42084
1246.68	1.39079
1247.17	1.35964
1247.65	1.32692
1248.13	1.28753
1248.61	1.24236
1249.1	1.20391
1249.58	1.18164
1250.06	1.1733
1250.54	1.17349
1251.02	1.18765
1251.51	1.2255
1251.99	1.2841
1252.47	1.34807
1252.95	1.39637
1253.43	1.406
1253.92	1.38137
1254.4	1.37064
1254.88	1.38174
1255.36	1.39391
1255.85	1.40119
1256.33	1.40364
1256.81	1.39648
1257.29	1.37827
1257.77	1.34358
1258.26	1.31219
1258.74	1.31606
1259.22	1.32997
1259.7	1.32002
1260.18	1.29089
1260.67	1.27444
1261.15	1.28055
1261.63	1.30204
1262.11	1.33036
1262.6	1.34605
1263.08	1.34183
1263.56	1.32
1264.04	1.29124
1264.52	1.27271
1265.01	1.27789
1265.49	1.29849
1265.97	1.31819
1266.45	1.32765
1266.93	1.32527
1267.42	1.3169
1267.9	1.33107
1268.38	1.36174
1268.86	1.35526
1269.34	1.30845
1269.83	1.25823
1270.31	1.23718
1270.79	1.24295
1271.27	1.2675
1271.76	1.29369
1272.24	1.29683
1272.72	1.27737
1273.2	1.24292
1273.68	1.20498
1274.17	1.18567
1274.65	1.17183
1275.13	1.14664
1275.61	1.13313
1276.09	1.11622
1276.58	1.09714
1277.06	1.09284
1277.54	1.06756
1278.02	1.0441
1278.51	1.03455
1278.99	1.05095
1279.47	1.09576
1279.95	1.15554
1280.43	1.21173
1280.92	1.2573
1281.4	1.28681
1281.88	1.30152
1282.36	1.30671
1282.84	1.30392
1283.33	1.29242
1283.81	1.27102
1284.29	1.22898
1284.77	1.17835
1285.25	1.13752
1285.74	1.08275
