##NAMES=Aeschynite-(Ce)
##LOCALITY=Hittero, Vest-Agder, Norway
##RRUFFID=R080045
##CHEMISTRY=(Ce,Ca,Fe,Th)(Ti,Nb)_2_(O,OH)_6_
202.1405, 8894.780
204.0689, 8978.905
205.9974, 9062.885
207.9259, 9148.099
209.8543, 9235.457
211.7828, 9328.513
213.7113, 9429.202
215.6397, 9535.786
217.5682, 9646.083
219.4967, 9766.186
221.4251, 9906.418
223.3536, 10053.47
225.2821, 10195.99
227.2105, 10325.19
229.1390, 10453.07
231.0675, 10581.53
232.9959, 10712.03
234.9244, 10841.64
236.8529, 10971.70
238.7813, 11094.15
240.7098, 11203.77
242.6383, 11295.69
244.5667, 11382.39
246.4952, 11468.76
248.4237, 11552.77
250.3521, 11620.61
252.2806, 11657.24
254.2091, 11693.92
256.1375, 11757.34
258.0660, 11850.69
259.9945, 11931.31
261.9229, 11984.15
263.8514, 12014.30
265.7799, 12039.06
267.7083, 12061.41
269.6368, 12080.99
271.5653, 12096.51
273.4937, 12104.47
275.4222, 12109.50
277.3507, 12105.75
279.2791, 12099.18
281.2076, 12111.20
283.1361, 12170.41
285.0645, 12214.58
286.9930, 12209.26
288.9215, 12139.11
290.8499, 12100.90
292.7784, 12120.76
294.7069, 12165.90
296.6353, 12187.37
298.5638, 12176.83
300.4923, 12168.56
302.4207, 12177.05
304.3492, 12204.36
306.2777, 12220.31
308.2061, 12216.17
310.1346, 12210.45
312.0631, 12215.64
313.9915, 12238.28
315.9200, 12258.93
317.8485, 12271.78
319.7769, 12274.94
321.7054, 12277.26
323.6339, 12271.15
325.5623, 12268.24
327.4908, 12273.90
329.4193, 12303.85
331.3477, 12329.43
333.2762, 12345.73
335.2047, 12353.87
337.1331, 12359.56
339.0616, 12346.71
340.9901, 12366.96
342.9185, 12440.95
344.8470, 12578.67
346.7755, 12729.04
348.7039, 12879.54
350.6324, 13050.33
352.5609, 13254.41
354.4893, 13502.43
356.4178, 13777.73
358.3463, 14071.52
360.2747, 14386.09
362.2032, 14730.12
364.1317, 15105.51
366.0602, 15509.00
367.9886, 15930.85
369.9171, 16390.26
371.8456, 16864.78
373.7740, 17348.61
375.7025, 17844.75
377.6310, 18361.96
379.5594, 18897.43
381.4879, 19467.64
383.4164, 20090.33
385.3448, 20757.56
387.2733, 21413.37
389.2018, 22055.86
391.1302, 22696.98
393.0587, 23348.41
394.9872, 24017.56
396.9156, 24627.40
398.8441, 25171.82
400.7726, 25649.35
402.7010, 26066.70
404.6295, 26428.02
406.5580, 26732.35
408.4864, 26974.86
410.4149, 27132.18
412.3434, 27311.97
414.2718, 27540.03
416.2003, 27782.87
418.1288, 27989.96
420.0572, 28139.96
421.9857, 28313.10
423.9142, 28548.29
425.8426, 28827.84
427.7711, 29067.08
429.6996, 29255.65
431.6280, 29414.23
433.5565, 29569.13
435.4850, 29727.08
437.4134, 29808.23
439.3419, 29773.37
441.2704, 29677.02
443.1988, 29568.86
445.1273, 29444.38
447.0558, 29335.84
448.9842, 29230.50
450.9127, 29146.00
452.8412, 29135.62
454.7696, 29244.73
456.6981, 29384.69
458.6266, 29532.07
460.5550, 29688.37
462.4835, 29850.20
464.4120, 30027.74
466.3404, 30199.96
468.2689, 30367.17
470.1974, 30526.57
472.1258, 30663.16
474.0543, 30753.58
475.9828, 30820.08
477.9112, 30893.27
479.8397, 30936.11
481.7682, 31040.07
483.6966, 31227.06
485.6251, 31510.71
487.5536, 31845.09
489.4820, 32222.32
491.4105, 32671.70
493.3390, 33209.89
495.2674, 33871.33
497.1959, 34513.19
499.1244, 35129.73
501.0528, 35719.54
502.9813, 36283.74
504.9098, 36815.34
506.8382, 37320.65
508.7667, 37793.38
510.6952, 38247.08
512.6237, 38718.69
514.5521, 39209.17
516.4806, 39715.09
518.4091, 40255.48
520.3375, 40829.57
522.2660, 41365.43
524.1945, 41861.72
526.1229, 42303.23
528.0514, 42681.48
529.9799, 42999.19
531.9083, 43221.75
533.8368, 43330.39
535.7653, 43337.81
537.6937, 43263.48
539.6222, 43061.38
541.5507, 42840.18
543.4791, 42606.98
545.4076, 42363.82
547.3361, 42156.55
549.2645, 42006.54
551.1930, 41868.42
553.1215, 41722.31
555.0499, 41569.62
556.9784, 41393.18
558.9069, 41224.28
560.8353, 41010.76
562.7638, 40695.24
564.6923, 40270.60
566.6207, 39850.45
568.5492, 39467.93
570.4777, 39104.96
572.4061, 38741.75
574.3346, 38339.09
576.2631, 37984.13
578.1915, 37698.11
580.1200, 37471.93
582.0485, 37275.15
583.9769, 37112.77
585.9054, 36973.18
587.8339, 36850.46
589.7623, 36746.66
591.6908, 36656.37
593.6193, 36566.99
595.5477, 36496.20
597.4762, 36453.84
599.4047, 36438.14
601.3331, 36442.68
603.2616, 36463.79
605.1901, 36503.66
607.1185, 36564.96
609.0470, 36634.98
610.9755, 36763.80
612.9039, 36981.76
614.8324, 37260.85
616.7609, 37567.10
618.6893, 37915.35
620.6178, 38275.29
622.5463, 38655.20
624.4747, 39051.73
626.4032, 39414.68
628.3317, 39756.59
630.2601, 40039.85
632.1886, 40247.88
634.1171, 40384.71
636.0455, 40468.21
637.9740, 40495.39
639.9025, 40463.93
641.8309, 40386.29
643.7594, 40269.11
645.6879, 40046.44
647.6163, 39668.52
649.5448, 39207.91
651.4733, 38726.94
653.4017, 38230.71
655.3302, 37718.63
657.2587, 37194.13
659.1871, 36646.81
661.1156, 36074.98
663.0441, 35478.42
664.9725, 34890.08
666.9010, 34303.84
668.8295, 33722.67
670.7579, 33168.48
672.6864, 32641.40
674.6149, 32143.31
676.5433, 31662.61
678.4718, 31217.43
680.4003, 30818.21
682.3287, 30470.97
684.2572, 30158.02
686.1857, 29864.36
688.1141, 29593.12
690.0426, 29397.24
691.9711, 29302.13
693.8995, 29249.47
695.8280, 29211.64
697.7565, 29199.65
699.6849, 29240.72
701.6134, 29348.78
703.5419, 29502.28
705.4703, 29695.71
707.3988, 29921.19
709.3273, 30146.62
711.2557, 30395.55
713.1842, 30621.89
715.1127, 30790.70
717.0411, 30914.66
718.9696, 31002.40
720.8981, 31052.50
722.8265, 31057.61
724.7550, 31024.92
726.6835, 30962.55
728.6119, 30858.38
730.5404, 30720.72
732.4689, 30511.66
734.3973, 30226.24
736.3258, 29858.81
738.2543, 29485.68
740.1827, 29123.67
742.1112, 28747.94
744.0397, 28345.23
745.9681, 27908.91
747.8966, 27460.71
749.8251, 26996.27
751.7535, 26532.58
753.6820, 26089.14
755.6105, 25671.07
757.5389, 25272.79
759.4674, 24872.11
761.3959, 24479.38
763.3243, 24142.64
765.2528, 23866.78
767.1813, 23612.52
769.1097, 23352.53
771.0382, 23121.64
772.9667, 22949.79
774.8951, 22857.46
776.8236, 22775.90
778.7521, 22691.03
780.6805, 22620.96
782.6090, 22567.34
784.5375, 22532.62
786.4659, 22503.32
788.3944, 22474.45
790.3229, 22449.29
792.2513, 22432.62
794.1798, 22431.62
796.1083, 22427.12
798.0367, 22406.10
799.9652, 22372.31
801.8937, 22364.56
803.8221, 22400.93
805.7506, 22402.44
807.6791, 22320.66
809.6075, 22188.11
811.5360, 22049.38
813.4645, 21912.29
815.3929, 21741.34
817.3214, 21535.94
819.2499, 21316.96
821.1783, 21072.94
823.1068, 20799.99
825.0353, 20471.62
826.9637, 20068.88
828.8922, 19629.24
830.8207, 19176.02
832.7491, 18699.92
834.6776, 18196.05
836.6061, 17669.42
838.5345, 17148.85
840.4630, 16651.96
842.3915, 16175.17
844.3199, 15678.46
846.2484, 15139.90
848.1769, 14611.48
850.1053, 14104.90
852.0338, 13609.11
853.9623, 13120.31
855.8907, 12648.97
857.8192, 12209.92
859.7477, 11792.16
861.6761, 11390.23
863.6046, 11007.63
865.5331, 10654.22
867.4615, 10319.04
869.3900, 9974.185
871.3185, 9617.827
873.2469, 9283.402
875.1754, 8980.904
877.1039, 8706.958
879.0323, 8458.716
880.9608, 8232.799
882.8893, 8009.663
884.8177, 7782.416
886.7462, 7564.479
888.6747, 7377.689
890.6031, 7221.275
892.5316, 7059.654
894.4601, 6867.163
896.3885, 6673.681
898.3170, 6501.585
900.2455, 6350.325
902.1740, 6216.256
904.1024, 6101.978
906.0309, 5997.775
907.9594, 5888.851
909.8878, 5775.917
911.8163, 5666.732
913.7448, 5563.105
915.6732, 5468.818
917.6017, 5381.992
919.5302, 5295.626
921.4586, 5215.854
923.3871, 5148.911
925.3156, 5083.645
927.2440, 4998.899
929.1725, 4910.538
931.1010, 4831.032
933.0294, 4755.792
934.9579, 4677.176
936.8864, 4606.924
938.8148, 4552.041
940.7433, 4496.878
942.6718, 4431.583
944.6002, 4359.220
946.5287, 4290.958
948.4572, 4233.570
950.3856, 4168.887
952.3141, 4093.975
954.2426, 4025.674
956.1710, 3978.599
958.0995, 3945.405
960.0280, 3903.399
961.9564, 3848.286
963.8849, 3790.722
965.8134, 3737.865
967.7418, 3694.890
969.6703, 3653.233
971.5988, 3602.851
973.5272, 3556.073
975.4557, 3520.672
977.3842, 3490.729
979.3126, 3446.534
981.2411, 3401.210
983.1696, 3362.370
985.0980, 3328.243
987.0265, 3291.024
988.9550, 3254.407
990.8834, 3228.589
992.8119, 3204.290
994.7404, 3170.624
996.6688, 3126.364
998.5973, 3079.650
1000.526, 3041.871
1002.454, 3017.649
1004.383, 3004.635
1006.311, 2992.462
1008.240, 2975.159
1010.168, 2953.456
1012.097, 2926.601
1014.025, 2897.746
1015.953, 2869.983
1017.882, 2840.879
1019.810, 2806.247
1021.739, 2775.754
1023.667, 2764.709
1025.596, 2754.784
1027.524, 2736.578
1029.453, 2710.877
1031.381, 2691.348
1033.310, 2675.551
1035.238, 2664.173
1037.167, 2652.818
1039.095, 2635.511
1041.024, 2613.442
1042.952, 2600.343
1044.880, 2591.466
1046.809, 2570.515
1048.737, 2539.562
1050.666, 2509.671
1052.594, 2498.235
1054.523, 2493.318
1056.451, 2478.982
1058.380, 2455.215
1060.308, 2429.817
1062.237, 2415.080
1064.165, 2404.034
1066.094, 2377.871
1068.022, 2344.936
1069.951, 2319.050
1071.879, 2306.480
1073.807, 2302.791
1075.736, 2294.017
1077.664, 2265.055
1079.593, 2229.554
1081.521, 2204.008
1083.450, 2198.118
1085.378, 2199.163
1087.307, 2194.686
1089.235, 2189.956
1091.164, 2179.247
1093.092, 2153.873
1095.021, 2115.392
1096.949, 2081.765
1098.878, 2062.905
1100.806, 2046.666
1102.734, 2026.041
1104.663, 2003.150
1106.591, 1988.047
1108.520, 1979.144
1110.448, 1964.592
1112.377, 1946.280
1114.305, 1929.001
1116.234, 1915.504
1118.162, 1902.258
1120.091, 1885.389
1122.019, 1865.955
1123.948, 1848.393
1125.876, 1837.600
1127.805, 1833.273
1129.733, 1826.102
1131.661, 1807.656
1133.590, 1789.458
1135.518, 1777.598
1137.447, 1767.540
1139.375, 1749.700
1141.304, 1720.728
1143.232, 1699.521
1145.161, 1686.238
1147.089, 1675.044
1149.018, 1661.791
1150.946, 1646.721
1152.875, 1628.543
1154.803, 1605.134
1156.732, 1585.725
1158.660, 1577.199
1160.589, 1575.738
1162.517, 1568.414
1164.445, 1547.717
1166.374, 1526.533
1168.302, 1512.008
1170.231, 1504.732
1172.159, 1501.271
1174.088, 1501.134
1176.016, 1488.151
1177.945, 1465.100
1179.873, 1446.904
1181.802, 1432.649
1183.730, 1421.142
1185.659, 1413.820
1187.587, 1411.550
1189.516, 1400.557
1191.444, 1384.697
1193.372, 1372.972
1195.301, 1366.807
1197.229, 1363.327
1199.158, 1354.955
1201.086, 1338.724
1203.015, 1320.208
1204.943, 1300.064
1206.872, 1278.767
1208.800, 1263.148
1210.729, 1260.781
1212.657, 1258.624
1214.586, 1250.558
1216.514, 1238.590
1218.443, 1229.767
1220.371, 1225.926
1222.299, 1221.418
1224.228, 1211.097
1226.156, 1198.399
1228.085, 1188.813
1230.013, 1183.539
1231.942, 1178.970
1233.870, 1172.791
1235.799, 1161.069
1237.727, 1146.928
1239.656, 1134.395
1241.584, 1125.687
1243.513, 1121.920
1245.441, 1116.474
1247.370, 1103.322
1249.298, 1090.118
1251.226, 1086.070
1253.155, 1088.315
1255.083, 1085.015
1257.012, 1073.392
1258.940, 1064.457
1260.869, 1064.675
1262.797, 1062.499
1264.726, 1050.467
1266.654, 1031.787
1268.583, 1021.052
1270.511, 1024.209
1272.440, 1024.302
1274.368, 1014.066
1276.297, 999.6079
1278.225, 987.1648
1280.153, 976.8975
1282.082, 968.9663
1284.010, 964.9924
1285.939, 960.1137
1287.867, 955.3395
1289.796, 952.4651
1291.724, 950.0801
1293.653, 948.0139
1295.581, 943.6985
1297.510, 931.5696
1299.438, 915.2156
1301.367, 906.6130
1303.295, 906.7357
1305.224, 906.9423
1307.152, 904.1016
1309.080, 898.8428
1311.009, 894.3058
1312.937, 891.3989
1314.866, 886.8320
1316.794, 879.2076
1318.723, 870.4417
1320.651, 860.9376
1322.580, 853.8251
1324.508, 847.7239
1326.437, 842.4384
1328.365, 838.5477
1330.294, 835.9908
1332.222, 831.1099
1334.151, 824.5034
1336.079, 822.8219
1338.007, 820.6838
1339.936, 813.2144
1341.864, 809.4758
1343.793, 814.5544
1345.721, 818.4184
1347.650, 812.2638
1349.578, 800.3873
1351.507, 790.7767
1353.435, 784.4849
1355.364, 780.4927
1357.292, 778.6151
1359.221, 777.6396
1361.149, 778.5359
1363.078, 778.7211
1365.006, 776.6883
1366.934, 772.8234
1368.863, 768.4109
1370.791, 762.4764
1372.720, 756.0516
1374.648, 749.7717
1376.577, 745.6743
1378.505, 746.1679
1380.434, 751.9158
1382.362, 751.1179
1384.291, 737.9418
1386.219, 726.3949
1388.148, 720.5495
1390.076, 719.4764
1392.005, 720.5249
1393.933, 722.3558
1395.861, 724.9291
1397.790, 732.4106
1399.718, 736.3568
1401.647, 725.8521
1403.575, 710.0504
1405.504, 703.2412
1407.432, 706.8146
1409.361, 709.2140
1411.289, 707.1721
1413.218, 704.9732
1415.146, 706.5867
1417.075, 710.4359
1419.003, 710.9296
1420.932, 705.8215
1422.860, 702.3517
1424.788, 705.9159
1426.717, 706.2466
1428.645, 694.1041
1430.574, 677.3906
1432.502, 672.1234
1434.431, 683.1367
1436.359, 691.4543
1438.288, 694.6997
1440.216, 696.7343
1442.145, 699.6697
1444.073, 702.6370
1446.002, 704.0209
1447.930, 703.5737
1449.859, 701.6425
1451.787, 696.7654
1453.715, 693.0715
1455.644, 693.8924
1457.572, 696.1881
1459.501, 693.8919
1461.429, 686.4561
1463.358, 684.0760
1465.286, 692.4444
1467.215, 699.0825
1469.143, 695.9401
1471.072, 689.8270
1473.000, 688.9385
1474.929, 693.5176
1476.857, 696.2592
1478.786, 696.1479
1480.714, 694.7909
1482.642, 690.2153
1484.571, 687.0317
1486.499, 690.5490
1488.428, 701.5362
1490.356, 704.6745
1492.285, 692.0454
1494.213, 683.0229
1496.142, 682.6509
1498.070, 685.0508
1499.999, 684.6273
1501.927, 681.7793
1503.856, 681.1130
1505.784, 684.2747
1507.713, 686.6229
1509.641, 685.8787
1511.569, 685.8994
1513.498, 692.0256
1515.426, 701.2847
1517.355, 701.6566
1519.283, 690.1194
1521.212, 681.2937
1523.140, 678.4647
1525.069, 678.0763
1526.997, 680.1595
1528.926, 682.8420
1530.854, 681.5560
1532.783, 675.5344
1534.711, 674.9526
1536.640, 684.3644
1538.568, 694.9420
1540.496, 705.8461
1542.425, 713.5401
1544.353, 711.7718
1546.282, 701.0233
1548.210, 694.4774
1550.139, 694.2938
1552.067, 696.4589
1553.996, 700.7088
1555.924, 705.7633
1557.853, 711.5001
1559.781, 717.4511
1561.710, 719.8542
1563.638, 716.4375
1565.567, 715.7103
1567.495, 724.3382
1569.423, 731.1609
1571.352, 727.0228
1573.280, 717.5289
1575.209, 718.2979
1577.137, 733.5913
1579.066, 743.8781
1580.994, 743.9847
1582.923, 743.2601
1584.851, 743.8237
1586.780, 745.2579
1588.708, 747.3735
1590.637, 750.2680
1592.565, 752.0279
1594.494, 750.8127
1596.422, 751.2748
1598.350, 759.0201
1600.279, 763.8015
1602.207, 754.1609
1604.136, 735.3793
1606.064, 727.6537
1607.993, 738.8464
1609.921, 744.5704
1611.850, 738.1002
1613.778, 734.3175
1615.707, 742.7471
1617.635, 754.7291
1619.564, 757.1359
1621.492, 749.0940
1623.421, 748.1802
1625.349, 763.0428
1627.277, 771.1509
1629.206, 763.0613
1631.134, 752.9904
1633.063, 751.5146
1634.991, 755.4927
1636.920, 755.7318
1638.848, 751.6718
1640.777, 746.7078
1642.705, 738.2798
1644.634, 732.5957
1646.562, 731.4696
1648.491, 734.1744
1650.419, 743.7252
1652.348, 758.2096
1654.276, 759.9279
1656.204, 743.3077
1658.133, 730.0419
1660.061, 724.3724
1661.990, 722.6576
1663.918, 725.3210
1665.847, 729.8288
1667.775, 731.6285
1669.704, 730.7827
1671.632, 730.6781
1673.561, 730.8812
1675.489, 733.0769
1677.418, 739.2946
1679.346, 746.0604
1681.275, 753.7675
1683.203, 759.5233
1685.131, 754.1200
1687.060, 735.8203
1688.988, 726.1320
1690.917, 732.0046
1692.845, 739.0841
1694.774, 741.7437
1696.702, 743.8507
1698.631, 750.0118
1700.559, 758.4105
1702.488, 761.9536
1704.416, 759.0131
1706.345, 760.2203
1708.273, 771.2621
1710.202, 780.4171
1712.130, 778.0588
1714.058, 775.0044
1715.987, 786.1589
1717.915, 807.2324
1719.844, 817.8035
1721.772, 814.4760
1723.701, 814.2788
1725.629, 824.7156
1727.558, 832.7535
1729.486, 827.5433
1731.415, 820.3068
1733.343, 827.6402
1735.272, 845.6775
1737.200, 850.7923
1739.129, 836.8680
1741.057, 831.5063
1742.985, 848.6391
1744.914, 863.9148
1746.842, 863.7444
1748.771, 858.3040
1750.699, 859.0441
1752.628, 865.3864
1754.556, 873.6370
1756.485, 884.8644
1758.413, 893.5741
1760.342, 900.6012
1762.270, 902.5142
1764.199, 889.6424
1766.127, 876.9221
1768.056, 884.6544
1769.984, 909.1002
1771.912, 923.9014
1773.841, 924.8351
1775.769, 931.6285
1777.698, 953.3688
1779.626, 972.3902
1781.555, 977.4128
1783.483, 981.1505
1785.412, 996.9064
1787.340, 1022.135
1789.269, 1047.066
1791.197, 1074.905
1793.126, 1091.395
1795.054, 1078.289
1796.983, 1078.759
1798.911, 1117.163
1800.839, 1160.354
1802.768, 1182.025
1804.696, 1188.294
1806.625, 1194.135
1808.553, 1197.780
1810.482, 1208.992
1812.410, 1240.116
1814.339, 1259.880
1816.267, 1255.616
1818.196, 1248.460
1820.124, 1250.682
1822.053, 1257.764
1823.981, 1263.013
1825.910, 1266.435
1827.838, 1266.685
1829.766, 1263.612
1831.695, 1257.234
1833.623, 1238.014
1835.552, 1227.734
1837.480, 1249.525
1839.409, 1271.431
1841.337, 1255.779
1843.266, 1211.267
1845.194, 1179.930
1847.123, 1163.760
1849.051, 1151.100
1850.980, 1144.593
1852.908, 1134.576
1854.837, 1112.508
1856.765, 1092.392
1858.693, 1084.868
1860.622, 1083.415
1862.550, 1075.625
1864.479, 1062.484
1866.407, 1056.714
1868.336, 1061.361
1870.264, 1062.099
1872.193, 1052.229
1874.121, 1044.129
1876.050, 1046.554
1877.978, 1050.218
1879.907, 1043.479
1881.835, 1032.854
1883.764, 1034.774
1885.692, 1049.677
1887.620, 1065.126
1889.549, 1082.034
1891.477, 1094.069
1893.406, 1094.833
1895.334, 1095.906
1897.263, 1103.010
1899.191, 1113.334
1901.120, 1124.908
1903.048, 1137.042
1904.977, 1145.055
1906.905, 1145.468
1908.834, 1156.282
1910.762, 1188.788
1912.691, 1215.672
1914.619, 1228.494
1916.547, 1238.307
1918.476, 1254.335
1920.404, 1269.155
1922.333, 1267.755
1924.261, 1253.338
1926.190, 1255.906
1928.118, 1281.344
1930.047, 1306.291
1931.975, 1338.235
1933.904, 1355.743
1935.832, 1341.349
1937.761, 1326.901
1939.689, 1330.617
1941.618, 1343.361
1943.546, 1352.502
1945.475, 1359.522
1947.403, 1373.970
1949.332, 1397.288
1951.260, 1413.671
1953.188, 1417.678
1955.117, 1423.547
1957.045, 1440.578
1958.974, 1454.008
1960.902, 1449.508
1962.831, 1441.088
1964.759, 1447.598
1966.688, 1463.958
1968.616, 1471.381
1970.545, 1468.812
1972.473, 1467.071
1974.402, 1467.333
1976.330, 1467.343
1978.259, 1462.147
1980.187, 1462.410
1982.115, 1475.838
1984.044, 1494.085
1985.972, 1509.693
1987.901, 1523.740
1989.829, 1539.700
1991.758, 1558.204
1993.686, 1571.770
1995.615, 1577.451
1997.543, 1585.853
1999.472, 1601.572
2001.400, 1614.321
2003.329, 1616.378
2005.257, 1619.343
2007.186, 1635.855
2009.114, 1654.115
2011.042, 1655.280
2012.971, 1643.417
2014.899, 1632.709
2016.828, 1623.268
2018.756, 1625.791
2020.685, 1647.330
2022.613, 1664.229
2024.542, 1668.900
2026.470, 1669.497
2028.399, 1668.987
2030.327, 1666.355
2032.256, 1659.771
2034.184, 1650.622
2036.113, 1639.054
2038.041, 1625.109
2039.969, 1625.237
2041.898, 1648.577
2043.826, 1663.555
2045.755, 1669.061
2047.683, 1667.297
2049.612, 1653.788
2051.540, 1639.840
2053.469, 1627.588
2055.397, 1620.256
2057.326, 1624.327
2059.254, 1634.168
2061.183, 1636.572
2063.111, 1632.431
2065.040, 1630.038
2066.968, 1629.524
2068.896, 1633.045
2070.825, 1646.680
2072.753, 1651.120
2074.682, 1630.259
2076.610, 1612.917
2078.539, 1617.326
2080.467, 1627.705
2082.396, 1628.259
2084.324, 1624.153
2086.253, 1628.099
2088.181, 1639.364
2090.110, 1639.379
2092.038, 1621.788
2093.967, 1619.174
2095.895, 1640.559
2097.823, 1658.710
2099.752, 1669.137
2101.680, 1673.916
2103.609, 1670.834
2105.537, 1666.161
2107.466, 1664.339
2109.394, 1663.914
2111.323, 1661.435
2113.251, 1658.576
2115.180, 1662.595
2117.108, 1674.092
2119.037, 1683.064
2120.965, 1688.592
2122.894, 1693.154
2124.822, 1694.580
2126.750, 1698.712
2128.679, 1710.182
2130.607, 1720.352
2132.536, 1720.857
2134.464, 1721.799
2136.393, 1736.137
2138.321, 1755.772
2140.250, 1764.227
2142.178, 1763.782
2144.107, 1763.132
2146.035, 1762.551
2147.964, 1772.675
2149.892, 1799.200
2151.821, 1818.304
2153.749, 1819.443
2155.677, 1821.648
2157.606, 1831.774
2159.534, 1842.402
2161.463, 1847.381
2163.391, 1853.310
2165.320, 1867.875
2167.248, 1887.615
2169.177, 1908.067
2171.105, 1928.273
2173.034, 1935.393
2174.962, 1928.711
2176.891, 1939.357
2178.819, 1973.035
2180.748, 2003.553
2182.676, 2026.615
2184.604, 2044.489
2186.533, 2054.698
2188.461, 2064.259
2190.390, 2072.322
2192.318, 2085.811
2194.247, 2118.452
2196.175, 2154.203
2198.104, 2165.844
2200.032, 2162.052
2201.961, 2172.115
2203.889, 2195.767
2205.818, 2216.810
2207.746, 2234.628
2209.675, 2253.033
2211.603, 2272.574
2213.531, 2292.961
2215.460, 2317.025
2217.388, 2336.279
2219.317, 2339.821
2221.245, 2347.852
2223.174, 2377.519
2225.102, 2408.904
2227.031, 2420.854
2228.959, 2425.737
2230.888, 2446.797
2232.816, 2476.177
2234.745, 2483.634
2236.673, 2470.804
2238.602, 2466.515
2240.530, 2471.868
2242.458, 2483.316
2244.387, 2503.730
2246.315, 2515.797
2248.244, 2511.438
2250.172, 2508.317
2252.101, 2510.804
2254.029, 2516.594
2255.958, 2525.961
2257.886, 2536.354
2259.815, 2549.927
2261.743, 2559.750
2263.672, 2557.843
2265.600, 2546.252
2267.529, 2526.696
2269.457, 2501.499
2271.385, 2480.136
2273.314, 2462.576
2275.242, 2441.954
2277.171, 2416.938
2279.099, 2395.839
2281.028, 2384.802
2282.956, 2365.576
2284.885, 2330.580
2286.813, 2294.823
2288.742, 2267.851
2290.670, 2232.426
2292.599, 2175.723
2294.527, 2115.068
2296.456, 2062.474
2298.384, 2011.021
2300.313, 1950.967
2302.241, 1889.393
2304.169, 1838.254
2306.098, 1794.903
2308.026, 1749.859
2309.955, 1703.242
2311.883, 1661.688
2313.812, 1627.098
2315.740, 1588.655
2317.669, 1545.536
2319.597, 1500.827
2321.526, 1452.705
2323.454, 1410.248
2325.383, 1379.502
2327.311, 1346.129
2329.240, 1293.997
2331.168, 1253.349
2333.096, 1249.050
2335.025, 1249.224
2336.953, 1231.313
2338.882, 1206.115
2340.810, 1182.484
2342.739, 1160.866
2344.667, 1144.211
2346.596, 1129.704
2348.524, 1105.910
2350.453, 1076.286
2352.381, 1058.226
2354.310, 1051.988
2356.238, 1047.617
2358.167, 1045.950
2360.095, 1039.980
2362.023, 1025.403
2363.952, 1013.673
2365.880, 1008.788
2367.809, 998.9359
2369.737, 977.5289
2371.666, 959.8600
2373.594, 950.8787
2375.523, 946.5353
2377.451, 950.7968
2379.380, 951.8622
2381.308, 935.3719
2383.237, 919.0834
2385.165, 927.0872
2387.094, 939.3705
2389.022, 923.8354
2390.950, 894.5156
2392.879, 880.7393
2394.807, 878.7630
2396.736, 878.3980
2398.664, 878.1245
2400.593, 867.1373
2402.521, 844.9619
2404.450, 836.5911
2406.378, 849.8439
2408.307, 851.6701
2410.235, 834.7471
2412.164, 824.2291
2414.092, 825.5538
2416.021, 821.4812
2417.949, 806.0905
2419.877, 792.7411
2421.806, 784.3885
2423.734, 780.5367
2425.663, 788.6639
2427.591, 790.4968
2429.520, 767.9825
2431.448, 746.9261
2433.377, 748.8707
2435.305, 755.7209
2437.234, 752.9552
2439.162, 744.8584
2441.091, 733.8007
2443.019, 722.6144
2444.948, 717.0232
2446.876, 713.9355
2448.804, 705.5829
2450.733, 693.3593
2452.661, 682.8066
2454.590, 673.8423
2456.518, 665.6049
2458.447, 657.9977
2460.375, 652.9338
2462.304, 650.4637
2464.232, 647.8624
2466.161, 645.3412
2468.089, 639.5685
2470.018, 628.9881
2471.946, 618.1871
2473.875, 605.0746
2475.803, 596.6124
2477.731, 596.1510
2479.660, 594.0202
2481.588, 585.2656
2483.517, 580.5649
2485.445, 587.2155
2487.374, 593.0241
2489.302, 594.4766
2491.231, 591.1367
2493.159, 577.6326
2495.088, 565.7696
2497.016, 567.6755
2498.945, 569.8205
2500.873, 558.8069
2502.802, 545.3381
2504.730, 537.7740
2506.658, 534.9503
2508.587, 539.9312
2510.515, 545.4288
2512.444, 537.4237
2514.372, 521.6197
2516.301, 509.0275
2518.229, 500.1897
2520.158, 500.4990
2522.086, 505.6849
2524.015, 496.3550
2525.943, 475.4851
2527.872, 469.5161
2529.800, 478.4906
2531.729, 479.3219
2533.657, 470.5977
2535.585, 464.2635
2537.514, 460.4944
2539.442, 457.4708
2541.371, 455.4612
2543.299, 449.3206
2545.228, 436.5864
2547.156, 428.0615
2549.085, 428.4309
2551.013, 426.2614
2552.942, 418.7111
2554.870, 415.0912
2556.799, 417.9554
2558.727, 420.4597
2560.656, 421.7031
2562.584, 420.7127
2564.512, 414.6457
2566.441, 410.4552
2568.369, 411.3521
2570.298, 412.2990
2572.226, 412.7030
2574.155, 411.4088
2576.083, 407.8720
2578.012, 402.8336
2579.940, 393.1858
2581.869, 387.0558
2583.797, 391.9419
2585.726, 397.7162
2587.654, 398.1816
2589.583, 396.9680
2591.511, 394.8966
2593.439, 394.0746
2595.368, 398.4366
2597.296, 401.8933
2599.225, 398.2111
2601.153, 392.0919
2603.082, 386.1294
2605.010, 382.5372
2606.939, 387.4720
2608.867, 393.0557
2610.796, 388.4977
2612.724, 379.1798
2614.653, 369.9334
2616.581, 362.1628
2618.510, 359.4530
2620.438, 358.8320
2622.366, 352.8679
2624.295, 346.0570
2626.223, 350.5154
2628.152, 359.9685
2630.080, 359.5894
2632.009, 353.9753
2633.937, 355.5403
2635.866, 360.4066
2637.794, 353.7459
2639.723, 340.7213
2641.651, 344.3169
2643.580, 358.0409
2645.508, 356.7554
2647.437, 344.6922
2649.365, 340.2390
2651.293, 341.7915
2653.222, 339.8960
2655.150, 335.1145
2657.079, 332.0579
2659.007, 330.5260
2660.936, 330.0278
2662.864, 329.9742
2664.793, 324.8667
2666.721, 315.7052
2668.650, 317.7445
2670.578, 330.5668
2672.507, 333.8564
2674.435, 328.3264
2676.364, 322.9815
2678.292, 318.2713
2680.220, 316.1461
2682.149, 316.6713
2684.077, 318.6342
2686.006, 322.2077
2687.934, 322.1256
2689.863, 318.4699
2691.791, 313.5780
2693.720, 307.9486
2695.648, 308.9594
2697.577, 317.4266
2699.505, 315.3298
2701.434, 301.2962
2703.362, 296.8660
2705.291, 301.8526
2707.219, 302.1971
2709.147, 297.9450
2711.076, 300.4008
2713.004, 310.6972
2714.933, 310.2104
2716.861, 297.6597
2718.790, 292.8500
2720.718, 295.5746
2722.647, 298.7058
2724.575, 301.7343
2726.504, 300.4022
2728.432, 294.4729
2730.361, 290.6213
2732.289, 288.8835
2734.218, 288.4662
2736.146, 289.3050
2738.074, 291.5296
2740.003, 294.7059
2741.931, 292.9837
2743.860, 286.6940
2745.788, 286.3990
2747.717, 291.8942
2749.645, 294.4643
2751.574, 294.6369
2753.502, 296.5837
2755.431, 299.8166
2757.359, 300.2609
2759.288, 298.0331
2761.216, 292.4608
2763.145, 284.9831
2765.073, 291.3870
2767.001, 305.8541
2768.930, 301.3164
2770.858, 283.2559
2772.787, 273.6964
2774.715, 271.7330
2776.644, 275.1165
2778.572, 282.4279
2780.501, 290.4163
2782.429, 297.2040
2784.358, 296.8051
2786.286, 292.3381
2788.215, 291.0671
2790.143, 292.0729
2792.072, 295.7541
2794.000, 298.4771
2795.928, 288.5805
2797.857, 275.9591
2799.785, 278.3884
2801.714, 287.0435
2803.642, 287.4858
2805.571, 285.4685
2807.499, 292.2745
2809.428, 298.3001
2811.356, 288.5509
2813.285, 276.6927
2815.213, 279.6572
2817.142, 286.2438
2819.070, 283.8029
2820.999, 281.2197
2822.927, 287.4012
2824.855, 294.0995
2826.784, 296.7719
2828.712, 295.2677
2830.641, 285.3791
2832.569, 277.0370
2834.498, 277.0514
2836.426, 278.3140
2838.355, 276.6909
2840.283, 276.0884
2842.212, 279.4539
2844.140, 282.4368
2846.069, 284.8973
2847.997, 283.5208
2849.926, 274.3304
2851.854, 268.2268
2853.782, 271.0004
2855.711, 273.5744
2857.639, 273.1280
2859.568, 275.3676
2861.496, 282.5445
2863.425, 286.3794
2865.353, 284.8858
2867.282, 281.1931
2869.210, 273.2096
2871.139, 269.7431
2873.067, 271.3416
2874.996, 274.6406
2876.924, 279.5719
2878.853, 281.1509
2880.781, 278.1879
2882.709, 284.0173
2884.638, 298.4790
2886.566, 299.6371
2888.495, 289.6047
2890.423, 282.5995
2892.352, 278.8060
2894.280, 276.2847
2896.209, 276.4720
2898.137, 290.3434
2900.066, 307.8787
2901.994, 301.1400
2903.923, 285.3317
2905.851, 286.7936
2907.780, 295.3141
2909.708, 297.3571
2911.636, 296.4931
2913.565, 295.3444
2915.493, 294.8626
2917.422, 296.4987
2919.350, 298.3568
2921.279, 298.7962
2923.207, 299.3727
2925.136, 301.3162
2927.064, 302.7565
2928.993, 300.9721
2930.921, 301.4574
2932.850, 309.9904
2934.778, 313.7142
2936.707, 308.4148
2938.635, 304.0296
2940.563, 301.7509
2942.492, 304.3988
2944.420, 317.4642
2946.349, 318.4246
2948.277, 304.6297
2950.206, 302.6189
2952.134, 315.1456
2954.063, 323.8184
2955.991, 328.1365
2957.920, 325.7705
2959.848, 318.4828
2961.777, 317.1711
2963.705, 320.5305
2965.634, 324.7342
2967.562, 328.8910
2969.490, 331.5768
2971.419, 332.2963
2973.347, 329.1192
2975.276, 324.8426
2977.204, 318.6041
2979.133, 317.5345
2981.061, 335.9722
2982.990, 350.5059
2984.918, 343.4451
2986.847, 336.4787
2988.775, 340.7029
2990.704, 347.0384
2992.632, 356.4823
2994.561, 358.8285
2996.489, 349.6203
2998.417, 343.6915
3000.346, 345.1154
3002.274, 347.1024
3004.203, 348.7396
3006.131, 355.1367
3008.060, 366.1028
3009.988, 368.4038
3011.917, 362.4460
3013.845, 361.0038
3015.774, 363.4479
3017.702, 368.2138
3019.631, 373.6109
3021.559, 374.2996
3023.488, 374.7932
3025.416, 382.8491
3027.344, 393.6136
3029.273, 405.0277
3031.201, 412.3825
3033.130, 406.7391
3035.058, 404.3205
3036.987, 419.6842
3038.915, 430.1889
3040.844, 426.7985
3042.772, 424.8516
3044.701, 429.5915
3046.629, 433.4900
3048.558, 434.9337
3050.486, 439.2609
3052.415, 446.9033
3054.343, 446.1013
3056.271, 436.5710
3058.200, 435.8265
3060.128, 442.7439
3062.057, 453.2166
3063.985, 464.4902
3065.914, 472.5941
3067.842, 475.4604
3069.771, 463.1920
3071.699, 451.8429
3073.628, 459.6644
3075.556, 471.3660
3077.485, 478.5549
3079.413, 484.3267
3081.342, 488.6671
3083.270, 494.8132
3085.198, 505.3378
3087.127, 510.8294
3089.055, 504.5020
3090.984, 508.3705
3092.912, 525.0490
3094.841, 528.1436
3096.769, 519.0432
3098.698, 524.6849
3100.626, 541.6461
3102.555, 556.9359
3104.483, 568.0991
3106.412, 566.9785
3108.340, 561.0784
3110.269, 555.6872
3112.197, 554.0206
3114.125, 560.1040
3116.054, 569.1699
3117.982, 583.2327
3119.911, 591.4307
3121.839, 580.2652
3123.768, 584.1160
3125.696, 611.0020
3127.625, 627.0848
3129.553, 626.8484
3131.482, 630.9660
3133.410, 639.8213
3135.339, 644.5370
3137.267, 647.8336
3139.196, 661.0198
3141.124, 677.3664
3143.052, 686.7192
3144.981, 690.0090
3146.909, 683.3987
3148.838, 678.7730
3150.766, 685.2930
3152.695, 693.5223
3154.623, 695.8608
3156.552, 709.3171
3158.480, 741.3857
3160.409, 765.3826
3162.337, 774.9880
3164.266, 783.8284
3166.194, 792.1973
3168.123, 804.5032
3170.051, 819.6221
3171.979, 832.4810
3173.908, 844.8218
3175.836, 859.2504
3177.765, 875.8156
3179.693, 898.3983
3181.622, 916.9955
3183.550, 915.5513
3185.479, 926.2912
3187.407, 965.4069
3189.336, 995.1299
3191.264, 997.6755
3193.193, 1014.060
3195.121, 1046.012
3197.050, 1076.061
3198.978, 1102.211
3200.906, 1113.264
3202.835, 1118.419
3204.763, 1142.951
3206.692, 1175.078
3208.620, 1202.807
3210.549, 1227.994
3212.477, 1255.959
3214.406, 1273.729
3216.334, 1270.271
3218.263, 1277.391
3220.191, 1311.134
3222.120, 1335.857
3224.048, 1349.295
3225.977, 1377.326
3227.905, 1419.264
3229.833, 1465.275
3231.762, 1509.943
3233.690, 1534.007
3235.619, 1554.759
3237.547, 1593.337
3239.476, 1634.322
3241.404, 1658.893
3243.333, 1700.127
3245.261, 1778.012
3247.190, 1837.699
3249.118, 1847.509
3251.047, 1894.021
3252.975, 1976.446
3254.904, 2045.317
3256.832, 2104.861
3258.760, 2173.108
3260.689, 2252.807
3262.617, 2358.170
3264.546, 2465.513
3266.474, 2551.514
3268.403, 2639.133
3270.331, 2743.419
3272.260, 2842.623
3274.188, 2932.875
3276.117, 3014.622
3278.045, 3085.870
3279.974, 3170.416
3281.902, 3264.013
3283.831, 3355.107
3285.759, 3431.617
3287.688, 3455.316
3289.616, 3470.822
3291.544, 3515.610
3293.473, 3571.914
3295.401, 3650.469
3297.330, 3697.845
3299.258, 3702.406
3301.187, 3687.328
3303.115, 3651.474
3305.044, 3669.495
3306.972, 3726.532
3308.901, 3730.246
3310.829, 3707.518
3312.758, 3692.359
3314.686, 3686.943
3316.615, 3703.902
3318.543, 3711.882
3320.471, 3685.328
3322.400, 3677.319
3324.328, 3699.564
3326.257, 3726.161
3328.185, 3755.000
3330.114, 3770.228
3332.042, 3781.860
3333.971, 3837.670
3335.899, 3894.900
3337.828, 3882.799
3339.756, 3881.105
3341.685, 3954.906
3343.613, 4033.569
3345.542, 4102.045
3347.470, 4166.431
3349.398, 4224.583
3351.327, 4301.238
3353.255, 4392.568
3355.184, 4489.245
3357.112, 4577.655
3359.041, 4612.485
3360.969, 4658.568
3362.898, 4781.899
3364.826, 4894.691
3366.755, 4939.930
3368.683, 5019.292
3370.612, 5145.922
3372.540, 5232.298
3374.469, 5284.884
3376.397, 5410.658
3378.325, 5575.797
3380.254, 5706.969
3382.182, 5842.644
3384.111, 6020.271
3386.039, 6208.379
3387.968, 6396.394
3389.896, 6587.009
3391.825, 6770.861
3393.753, 7003.133
3395.682, 7275.518
3397.610, 7525.582
3399.539, 7771.986
3401.467, 8047.929
3403.396, 8348.159
3405.324, 8671.359
3407.252, 9005.923
3409.181, 9363.779
3411.109, 9688.702
3413.038, 9973.598
3414.966, 10279.24
3416.895, 10604.84
3418.823, 10948.11
3420.752, 11270.71
3422.680, 11477.18
3424.609, 11696.13
3426.537, 12038.57
3428.466, 12398.14
3430.394, 12755.83
3432.323, 13098.42
3434.251, 13425.86
3436.179, 13697.71
3438.108, 13970.76
3440.036, 14443.86
3441.965, 14975.93
3443.893, 15368.37
3445.822, 15789.58
3447.750, 16365.86
3449.679, 16872.24
3451.607, 17246.02
3453.536, 17690.38
3455.464, 18210.42
3457.393, 18757.58
3459.321, 19322.86
3461.250, 19916.89
3463.178, 20475.93
3465.106, 20922.12
3467.035, 21375.55
3468.963, 21878.98
3470.892, 22319.47
3472.820, 22676.64
3474.749, 22996.77
3476.677, 23267.90
3478.606, 23432.91
3480.534, 23551.38
3482.463, 23668.86
3484.391, 23785.45
3486.320, 23916.26
3488.248, 23980.29
3490.177, 23935.73
3492.105, 23966.17
3494.033, 24062.45
3495.962, 24183.80
3497.890, 24350.99
3499.819, 24575.49
3501.747, 24900.82
3503.676, 25375.77
3505.604, 25883.08
3507.533, 26393.03
3509.461, 27010.86
3511.390, 27713.59
3513.318, 28353.76
3515.247, 28983.47
3517.175, 29680.49
3519.104, 30407.81
3521.032, 31153.76
3522.960, 31921.28
3524.889, 32716.06
3526.817, 33459.70
3528.746, 34138.21
3530.674, 34712.11
3532.603, 35163.76
3534.531, 35481.50
3536.460, 35681.00
3538.388, 35760.90
3540.317, 35736.31
3542.245, 35602.65
3544.174, 35372.06
3546.102, 35072.23
3548.031, 34851.50
3549.959, 34655.53
3551.887, 34376.63
3553.816, 34165.32
3555.744, 34076.40
3557.673, 34086.20
3559.601, 34180.64
3561.530, 34487.43
3563.458, 34972.19
3565.387, 35491.47
3567.315, 36110.82
3569.244, 36933.68
3571.172, 37860.71
3573.101, 38897.35
3575.029, 39915.02
3576.958, 40904.05
3578.886, 41926.57
3580.814, 43002.87
3582.743, 44198.18
3584.671, 45427.84
3586.600, 46694.76
3588.528, 47797.20
3590.457, 48684.50
3592.385, 49349.96
3594.314, 49781.68
3596.242, 49903.64
3598.171, 49864.60
3600.099, 49907.65
3602.028, 49893.58
3603.956, 49728.30
3605.885, 49508.39
3607.813, 49246.72
3609.741, 48980.80
3611.670, 48725.04
3613.598, 48549.03
3615.527, 48367.63
3617.455, 48022.73
3619.384, 47799.05
3621.312, 47810.14
3623.241, 47800.93
3625.169, 47765.50
3627.098, 47938.43
3629.026, 48203.74
3630.955, 48346.83
3632.883, 48500.31
3634.812, 48711.42
3636.740, 49027.20
3638.668, 49454.44
3640.597, 49924.11
3642.525, 50455.90
3644.454, 51207.04
3646.382, 51992.02
3648.311, 52713.46
3650.239, 53305.67
3652.168, 53766.92
3654.096, 54044.73
3656.025, 54159.79
3657.953, 54157.98
3659.882, 54098.60
3661.810, 54102.94
3663.739, 53979.56
3665.667, 53640.89
3667.595, 53273.46
3669.524, 52897.83
3671.452, 52446.89
3673.381, 51940.09
3675.309, 51434.39
3677.238, 50873.42
3679.166, 50214.03
3681.095, 49557.88
3683.023, 48919.59
3684.952, 48423.63
3686.880, 47950.18
3688.809, 47119.87
3690.737, 46326.02
3692.666, 45924.59
3694.594, 45480.42
3696.522, 44886.84
3698.451, 44283.49
3700.379, 43660.66
3702.308, 42972.06
3704.236, 42271.83
3706.165, 41626.94
3708.093, 40952.91
3710.022, 40209.09
3711.950, 39621.00
3713.879, 39126.50
3715.807, 38395.00
3717.736, 37591.18
3719.664, 36822.75
3721.593, 36151.75
3723.521, 35617.81
3725.449, 35033.67
3727.378, 34412.66
3729.306, 33896.18
3731.235, 33430.62
3733.163, 32986.81
3735.092, 32533.61
3737.020, 32042.73
3738.949, 31699.25
3740.877, 31484.34
3742.806, 31239.14
3744.734, 31032.75
3746.663, 30939.80
3748.591, 30926.00
3750.520, 31010.81
3752.448, 30987.30
3754.376, 30892.98
3756.305, 30960.95
3758.233, 31087.48
3760.162, 31175.97
3762.090, 31278.17
3764.019, 31401.97
3765.947, 31566.58
3767.876, 31767.11
3769.804, 32010.48
3771.733, 32239.69
3773.661, 32380.72
3775.590, 32539.59
3777.518, 32737.93
3779.447, 32966.33
3781.375, 33213.91
3783.303, 33448.28
3785.232, 33688.13
3787.160, 33945.10
3789.089, 34232.02
3791.017, 34565.80
3792.946, 34708.74
3794.874, 34761.83
3796.803, 34962.66
3798.731, 35119.68
3800.660, 35089.88
3802.588, 35145.96
3804.517, 35312.58
3806.445, 35240.18
3808.374, 35097.50
3810.302, 35161.64
3812.230, 35192.98
3814.159, 35107.30
3816.087, 34969.31
3818.016, 34803.54
3819.944, 34720.16
3821.873, 34645.60
3823.801, 34460.81
3825.730, 34359.99
3827.658, 34386.91
3829.587, 34410.52
3831.515, 34447.62
3833.444, 34577.32
3835.372, 34783.42
3837.301, 35085.09
3839.229, 35388.02
3841.157, 35683.27
3843.086, 36044.28
3845.014, 36436.30
3846.943, 36788.08
3848.871, 37171.22
3850.800, 37617.39
3852.728, 38140.57
3854.657, 38725.75
3856.585, 39312.34
3858.514, 39829.95
3860.442, 40192.91
3862.371, 40520.86
3864.299, 40826.29
3866.228, 41339.62
3868.156, 41934.49
3870.084, 42345.32
3872.013, 42700.04
3873.941, 43076.88
3875.870, 43363.44
3877.798, 43568.74
3879.727, 43858.23
3881.655, 44153.57
3883.584, 44396.50
3885.512, 44532.87
3887.441, 44522.92
3889.369, 44437.64
3891.298, 44292.58
3893.226, 44145.87
3895.155, 43877.62
3897.083, 43430.05
3899.011, 42939.46
3900.940, 42416.67
3902.868, 41827.80
3904.797, 41103.44
3906.725, 40092.82
3908.654, 39037.16
3910.582, 38002.59
3912.511, 36991.52
3914.439, 35961.58
3916.368, 34843.04
3918.296, 33702.71
3920.225, 32546.28
3922.153, 31365.79
3924.082, 30209.98
3926.010, 29232.99
3927.938, 28268.64
3929.867, 27144.37
3931.795, 26074.38
3933.724, 25094.33
3935.652, 24253.46
3937.581, 23442.55
3939.509, 22441.64
3941.438, 21529.03
3943.366, 20855.17
3945.295, 20159.57
3947.223, 19448.87
3949.152, 18739.76
3951.080, 18084.31
3953.009, 17545.24
3954.937, 16954.42
3956.865, 16283.03
3958.794, 15705.15
3960.722, 15202.44
3962.651, 14688.14
3964.579, 14160.69
3966.508, 13674.18
3968.436, 13257.11
3970.365, 12846.18
3972.293, 12358.35
3974.222, 11898.71
3976.150, 11509.50
3978.079, 11144.89
3980.007, 10812.54
3981.936, 10448.97
3983.864, 10088.16
3985.792, 9808.269
3987.721, 9551.453
3989.649, 9298.157
3991.578, 8969.726
3993.506, 8674.446
3995.435, 8528.329
3997.363, 8340.373
3999.292, 8118.688
4001.220, 7924.493
4003.149, 7760.121
4005.077, 7610.319
4007.006, 7448.463
4008.934, 7299.197
4010.863, 7170.128
4012.791, 7046.105
4014.719, 6899.454
4016.648, 6735.490
4018.576, 6601.078
4020.505, 6500.241
4022.433, 6385.354
4024.362, 6310.926
4026.290, 6246.647
4028.219, 6106.624
4030.147, 5971.504
4032.076, 5860.964
4034.004, 5759.083
4035.933, 5683.957
4037.861, 5639.935
4039.790, 5565.158
4041.718, 5450.752
4043.646, 5364.331
4045.575, 5312.302
4047.503, 5209.014
4049.432, 5108.245
4051.360, 5061.917
4053.289, 4973.352
4055.217, 4862.130
4057.146, 4792.654
4059.074, 4768.481
4061.003, 4722.782
4062.931, 4615.987
4064.860, 4519.950
4066.788, 4468.495
4068.717, 4423.021
4070.645, 4369.824
4072.573, 4318.795
4074.502, 4282.834
4076.430, 4235.014
4078.359, 4170.613
4080.287, 4104.925
4082.216, 4061.458
4084.144, 4034.368
4086.073, 3985.949
4088.001, 3957.985
4089.930, 3946.021
4091.858, 3900.963
4093.787, 3832.148
4095.715, 3772.315
4097.644, 3762.959
4099.572, 3748.305
4101.500, 3722.586
4103.429, 3700.452
4105.357, 3670.966
4107.286, 3632.746
4109.214, 3591.545
4111.143, 3552.368
4113.071, 3531.621
4115.000, 3512.860
4116.928, 3494.405
4118.857, 3477.842
4120.785, 3462.896
4122.714, 3422.304
4124.642, 3372.964
4126.571, 3345.939
4128.499, 3327.180
4130.428, 3308.841
4132.356, 3270.208
4134.285, 3219.317
4136.213, 3164.271
4138.142, 3111.379
4140.070, 3066.559
4141.999, 3053.059
4143.927, 3048.533
4145.855, 3032.626
4147.784, 3010.631
4149.712, 2987.731
4151.641, 2955.247
4153.569, 2919.452
4155.498, 2884.073
4157.426, 2850.539
4159.354, 2828.502
4161.283, 2796.475
4163.211, 2759.338
4165.140, 2728.561
4167.068, 2706.685
4168.997, 2684.399
4170.925, 2659.080
4172.854, 2638.128
4174.782, 2613.792
4176.711, 2580.938
4178.639, 2541.897
4180.568, 2557.968
4182.496, 2578.696
4184.425, 2547.305
4186.353, 2515.037
4188.282, 2487.931
4190.210, 2449.336
4192.139, 2417.117
4194.067, 2423.156
4195.996, 2398.489
4197.924, 2341.979
4199.853, 2327.947
4201.781, 2323.151
4203.709, 2301.901
4205.638, 2280.105
4207.566, 2259.283
4209.495, 2246.629
4211.423, 2239.204
4213.352, 2241.988
4215.280, 2225.303
4217.208, 2192.255
4219.137, 2164.297
4221.065, 2131.882
4222.994, 2087.082
4224.922, 2070.244
4226.851, 2064.047
4228.779, 2029.222
4230.708, 1989.863
4232.636, 1953.504
4234.565, 1924.825
4236.493, 1910.856
4238.422, 1935.318
4240.350, 1935.922
4242.279, 1901.444
4244.207, 1881.793
4246.136, 1864.648
4248.064, 1833.385
4249.993, 1803.660
4251.921, 1777.124
4253.850, 1744.769
4255.778, 1720.065
4257.707, 1718.611
4259.635, 1694.876
4261.563, 1655.571
4263.492, 1644.581
4265.420, 1637.798
4267.349, 1623.306
4269.277, 1612.171
4271.206, 1598.149
4273.134, 1556.307
4275.063, 1528.512
4276.991, 1526.592
4278.919, 1513.387
4280.848, 1489.774
4282.776, 1452.800
4284.705, 1427.840
4286.633, 1417.672
4288.562, 1415.253
4290.490, 1402.332
4292.419, 1358.262
4294.347, 1330.156
4296.276, 1317.057
4298.204, 1291.353
4300.133, 1274.623
4302.061, 1278.781
4303.990, 1268.418
4305.918, 1249.121
4307.847, 1235.192
4309.775, 1224.944
4311.704, 1217.201
4313.632, 1196.978
4315.561, 1171.065
4317.489, 1138.607
4319.417, 1135.261
4321.346, 1153.873
4323.274, 1134.683
4325.203, 1110.632
4327.131, 1104.065
4329.060, 1081.481
4330.988, 1056.005
4332.917, 1064.532
4334.845, 1071.360
4336.773, 1065.315
4338.702, 1060.763
4340.630, 1052.399
4342.559, 1029.599
4344.487, 1011.879
4346.416, 1002.804
4348.344, 1013.927
4350.273, 1017.527
4352.201, 991.7149
4354.130, 964.9166
4356.058, 941.3802
4357.987, 931.8401
4359.915, 918.2982
4361.844, 895.5338
4363.772, 908.8863
4365.701, 924.9442
4367.629, 911.3824
4369.558, 895.5542
4371.486, 881.1161
4373.415, 872.3790
4375.343, 862.6107
4377.271, 848.3630
4379.200, 849.7077
4381.128, 852.1069
4383.057, 833.7250
4384.985, 819.3771
4386.914, 813.4498
4388.842, 824.3328
4390.771, 826.5178
4392.699, 805.2057
4394.627, 793.9966
4396.556, 792.5201
4398.484, 804.6746
4400.413, 795.1930
4402.341, 762.7208
4404.270, 752.3669
4406.198, 755.2794
4408.127, 770.7442
4410.055, 766.4849
4411.984, 751.4221
4413.912, 748.5670
4415.841, 749.7316
4417.769, 752.6807
4419.698, 730.2047
4421.626, 711.3196
4423.555, 727.6557
4425.483, 732.6039
4427.412, 725.0598
4429.340, 702.3105
4431.269, 695.2167
4433.197, 712.3900
4435.125, 707.5137
4437.054, 689.5803
4438.982, 661.1774
4440.911, 654.6622
4442.839, 663.4853
4444.768, 669.1924
4446.696, 660.4926
4448.625, 637.0598
4450.553, 637.3655
4452.481, 645.7017
4454.410, 652.6046
4456.338, 641.3751
4458.267, 620.8663
4460.195, 615.5706
4462.124, 608.5975
4464.052, 595.5261
4465.981, 595.9645
4467.909, 604.1899
4469.838, 622.5908
4471.766, 598.3150
4473.695, 560.4630
4475.623, 574.3282
4477.552, 596.0324
4479.480, 612.6259
4481.409, 595.6132
4483.337, 579.6147
4485.266, 584.5304
4487.194, 584.2321
4489.123, 581.3497
4491.051, 586.2101
4492.979, 577.7462
4494.908, 557.0499
4496.836, 542.3106
4498.765, 538.8201
4500.693, 552.6367
4502.622, 537.8392
4504.550, 520.7040
4506.479, 530.0053
4508.407, 531.5058
4510.335, 527.2867
4512.264, 535.1849
4514.192, 540.4134
4516.121, 540.1038
4518.049, 549.1848
4519.978, 551.3956
4521.906, 530.5322
4523.835, 515.0533
4525.763, 505.0150
4527.692, 499.0994
4529.620, 500.9507
4531.549, 506.9282
4533.477, 490.5547
4535.406, 481.0172
4537.334, 488.0830
4539.263, 487.2213
4541.191, 479.6477
4543.120, 463.5296
4545.048, 462.8163
4546.977, 473.8549
4548.905, 493.1759
4550.833, 494.0470
4552.762, 476.0610
4554.690, 473.7728
4556.619, 477.3722
4558.547, 483.5667
4560.476, 471.1252
4562.404, 457.8422
4564.333, 461.1221
4566.261, 461.0872
4568.189, 456.5960
4570.118, 446.7689
4572.046, 443.1517
4573.975, 447.3094
4575.903, 455.1367
4577.832, 461.5691
4579.760, 464.8003
4581.689, 459.1767
4583.617, 448.9344
4585.546, 436.0689
4587.474, 429.0022
4589.403, 429.2205
4591.331, 447.0479
4593.260, 438.9037
4595.188, 409.6737
4597.117, 414.2305
4599.045, 419.4254
4600.974, 413.2205
4602.902, 398.9245
4604.831, 395.8438
4606.759, 418.7839
4608.688, 413.0879
4610.616, 397.2907
4612.544, 401.4508
4614.473, 396.3360
4616.401, 385.1788
4618.330, 384.4572
4620.258, 386.5093
4622.187, 389.5597
4624.115, 397.2140
4626.043, 398.0534
4627.972, 387.9099
4629.900, 376.7108
4631.829, 370.5804
4633.757, 375.2555
4635.686, 379.0984
4637.614, 381.0730
4639.543, 381.0182
4641.471, 376.0960
4643.400, 368.6779
4645.328, 365.0284
4647.257, 366.8682
4649.185, 371.7187
4651.114, 365.2021
4653.042, 357.1058
4654.971, 351.3588
4656.899, 361.9597
4658.828, 370.9903
4660.756, 365.4385
4662.685, 357.3303
4664.613, 353.0895
4666.542, 360.8764
4668.470, 364.6564
4670.398, 363.6340
4672.327, 357.8819
4674.255, 356.2641
4676.184, 357.4668
4678.112, 347.7105
4680.041, 343.0750
4681.969, 346.8194
4683.897, 352.3126
4685.826, 358.6141
4687.754, 365.6353
4689.683, 352.6649
4691.611, 338.9462
4693.540, 339.1090
4695.468, 339.3662
4697.397, 341.7993
4699.325, 350.7448
4701.254, 355.0572
4703.182, 353.3295
4705.111, 341.8673
4707.039, 335.7810
4708.968, 337.1221
4710.896, 348.8680
4712.825, 357.5536
4714.753, 360.1962
4716.682, 353.5167
4718.610, 350.4699
4720.539, 354.9645
4722.467, 357.7776
4724.396, 359.7059
4726.324, 361.1805
4728.252, 358.7047
4730.181, 354.4153
4732.109, 349.1657
4734.038, 354.8839
4735.966, 360.0424
4737.895, 348.6843
4739.823, 351.1470
4741.751, 358.4643
4743.680, 357.6814
4745.608, 350.1103
4747.537, 342.5475
4749.465, 347.3572
4751.394, 353.6958
4753.322, 357.5706
4755.251, 351.9484
4757.179, 341.9401
4759.108, 332.7810
4761.036, 343.9055
4762.965, 348.9954
4764.893, 341.8170
4766.822, 332.6530
4768.750, 327.6851
4770.679, 328.3398
4772.607, 325.8081
4774.536, 320.2592
4776.464, 311.9603
4778.393, 329.7592
4780.321, 343.7434
4782.250, 335.2810
4784.178, 320.9733
4786.106, 310.3338
4788.035, 309.8626
4789.963, 310.5417
4791.892, 308.7611
4793.820, 299.1432
4795.749, 304.3626
4797.677, 311.6917
4799.605, 305.4805
4801.534, 301.8041
4803.462, 300.0682
4805.391, 297.8691
4807.319, 294.0733
4809.248, 288.0301
4811.176, 276.2345
4813.105, 275.5800
4815.033, 281.3099
4816.962, 280.0710
4818.890, 280.8366
4820.819, 281.0192
4822.747, 267.6071
4824.676, 265.6056
4826.604, 272.8162
4828.533, 272.5659
4830.461, 272.6813
4832.390, 273.7862
4834.318, 273.7378
4836.247, 268.2715
4838.175, 259.7572
4840.104, 258.8317
4842.032, 259.1219
4843.960, 259.1190
4845.889, 258.5571
4847.817, 261.9428
4849.746, 268.2633
4851.674, 267.8135
4853.603, 269.8405
4855.531, 276.1122
4857.459, 279.8602
4859.388, 286.7498
4861.316, 294.7954
4863.245, 283.1331
4865.173, 274.8373
4867.102, 275.7257
4869.030, 269.0930
4870.959, 268.1488
4872.887, 275.0025
4874.816, 282.7004
4876.744, 278.3654
4878.673, 260.9796
4880.601, 260.7124
4882.530, 265.1590
4884.458, 269.8517
4886.387, 273.5879
4888.315, 277.1271
4890.244, 280.1781
4892.172, 279.4836
4894.101, 269.3359
4896.029, 252.6684
4897.958, 263.5253
4899.886, 262.4663
4901.814, 244.3247
4903.743, 252.6369
4905.671, 262.1780
4907.600, 265.4095
4909.528, 260.5766
4911.457, 263.4898
4913.385, 272.5860
4915.313, 259.0759
4917.242, 255.5096
4919.170, 264.9237
4921.099, 264.4003
4923.027, 262.3779
4924.956, 261.2716
4926.884, 264.8529
4928.813, 259.0711
4930.741, 247.8154
4932.670, 252.5214
4934.598, 257.1195
4936.527, 257.4554
4938.455, 250.1603
4940.384, 242.3798
4942.312, 237.1267
4944.241, 238.9645
4946.169, 244.4400
4948.098, 246.4321
4950.026, 229.1966
4951.955, 224.6008
4953.883, 228.4565
4955.812, 232.3416
4957.740, 229.5175
4959.668, 223.0252
4961.597, 215.4865
4963.525, 227.7498
4965.454, 238.3416
4967.382, 218.0332
4969.311, 212.7063
4971.239, 215.5894
4973.167, 220.5711
4975.096, 226.2029
4977.024, 232.3435
4978.953, 239.9074
4980.881, 227.6181
4982.810, 217.3389
4984.738, 219.3484
4986.667, 223.6154
4988.595, 221.4100
4990.524, 211.5660
4992.452, 211.7764
4994.381, 222.7994
4996.309, 239.9737
4998.238, 235.3113
5000.166, 227.9362
5002.095, 225.0880
5004.023, 240.4406
5005.952, 235.7772
5007.880, 217.3458
5009.809, 213.3929
5011.737, 223.9801
5013.666, 235.6168
5015.594, 223.9681
5017.522, 228.1875
5019.451, 235.8248
5021.379, 226.0029
5023.308, 225.0081
5025.236, 225.9456
5027.165, 222.5307
5029.093, 224.6241
5031.021, 226.7635
5032.950, 225.0692
5034.878, 236.4431
5036.807, 237.9993
5038.735, 222.9898
5040.664, 211.7644
5042.592, 209.6536
5044.521, 214.2966
5046.449, 210.5907
5048.378, 209.0066
5050.306, 211.8285
5052.235, 220.3484
5054.163, 226.3709
5056.092, 229.0286
5058.020, 229.5466
5059.949, 221.2071
5061.877, 213.1815
5063.806, 215.3799
5065.734, 212.8823
5067.663, 208.8553
5069.591, 205.8642
5071.520, 207.9856
5073.448, 214.2891
5075.376, 223.3633
5077.305, 224.8791
5079.233, 231.8913
5081.162, 242.2505
5083.090, 238.7776
5085.019, 220.8193
5086.947, 201.6521
5088.875, 205.5009
5090.804, 208.1927
5092.732, 212.5631
5094.661, 225.3626
5096.589, 212.2394
5098.518, 200.6156
5100.446, 208.3892
5102.375, 202.4306
5104.303, 199.8977
5106.232, 205.8580
5108.160, 201.1079
5110.089, 190.1946
5112.017, 180.1034
5113.946, 187.4900
5115.874, 196.5856
5117.803, 201.3280
5119.731, 192.3807
5121.660, 199.3465
5123.588, 201.5280
5125.517, 182.5028
5127.445, 189.5003
5129.374, 194.6822
5131.302, 186.1304
5133.230, 184.6193
5135.159, 189.3690
5137.087, 195.6291
5139.016, 187.1850
5140.944, 194.5276
5142.873, 208.3221
5144.801, 208.8630
5146.729, 204.8506
5148.658, 198.2736
5150.586, 188.8831
5152.515, 193.1949
5154.443, 189.9050
5156.372, 177.5515
5158.300, 204.4749
5160.229, 206.9935
5162.157, 186.8084
5164.086, 179.3602
5166.014, 189.1783
5167.943, 197.2602
5169.871, 181.6949
5171.800, 187.5963
5173.728, 194.9515
5175.657, 192.0469
5177.585, 201.3694
5179.514, 205.3978
5181.442, 201.2895
5183.371, 198.1387
5185.299, 198.2543
5187.228, 198.8535
5189.156, 195.2665
5191.084, 196.3046
5193.013, 200.2676
5194.941, 205.4815
5196.870, 215.6102
5198.798, 215.7835
5200.727, 207.4250
5202.655, 218.3269
5204.583, 222.0480
5206.512, 216.1204
5208.440, 199.2700
5210.369, 201.9019
5212.297, 214.5192
5214.226, 230.2953
5216.154, 216.2534
5218.083, 207.5823
5220.011, 213.1041
5221.940, 226.7538
5223.868, 230.8121
5225.797, 230.2920
5227.725, 236.5675
5229.654, 238.0117
5231.582, 235.6263
5233.511, 231.3265
5235.439, 241.1489
5237.368, 241.6202
5239.296, 232.8690
5241.225, 231.4756
5243.153, 238.2407
5245.082, 241.5810
5247.010, 226.9279
5248.938, 231.9264
5250.867, 243.1031
5252.795, 251.0049
5254.724, 239.3177
5256.652, 235.8631
5258.581, 243.1045
5260.509, 258.7049
5262.438, 260.4486
5264.366, 260.7216
5266.294, 268.5700
5268.223, 270.8234
5270.151, 268.3048
5272.080, 265.7623
5274.008, 276.6373
5275.937, 284.4251
5277.865, 287.7418
5279.794, 284.0044
5281.722, 311.9140
5283.651, 319.9149
5285.579, 297.4213
5287.508, 292.2992
5289.436, 303.3186
5291.365, 317.6513
5293.293, 316.1699
5295.222, 324.7083
5297.150, 344.2890
5299.079, 371.1522
5301.007, 366.6434
5302.936, 365.0244
5304.864, 374.3146
5306.792, 395.5443
5308.721, 416.8400
5310.649, 429.1061
5312.578, 428.0141
5314.506, 460.0832
5316.435, 478.9148
5318.363, 483.8363
5320.292, 501.3739
5322.220, 493.6100
5324.148, 502.2280
5326.077, 554.5316
5328.005, 579.4397
5329.934, 598.0125
5331.862, 618.1234
5333.791, 641.3626
5335.719, 665.9108
5337.648, 686.5193
5339.576, 701.4320
5341.505, 734.1677
5343.433, 771.9254
5345.362, 806.1076
5347.290, 827.5000
5349.219, 835.3026
5351.147, 853.5185
5353.076, 898.1584
5355.004, 944.1758
5356.933, 959.4947
5358.861, 967.5464
5360.790, 1035.678
5362.718, 1047.327
5364.646, 1050.226
5366.575, 1081.159
5368.503, 1113.387
5370.432, 1135.897
5372.360, 1141.258
5374.289, 1117.452
5376.217, 1129.654
5378.146, 1155.035
5380.074, 1174.625
5382.002, 1168.891
5383.931, 1172.317
5385.859, 1181.263
5387.788, 1185.093
5389.716, 1162.757
5391.645, 1153.597
5393.573, 1168.350
5395.502, 1184.582
5397.430, 1205.604
5399.359, 1214.728
5401.287, 1197.743
5403.216, 1185.857
5405.144, 1182.702
5407.073, 1184.830
5409.001, 1182.918
5410.930, 1181.371
5412.858, 1178.222
5414.787, 1171.411
5416.715, 1146.753
5418.644, 1161.080
5420.572, 1189.490
5422.500, 1182.346
5424.429, 1182.748
5426.357, 1190.670
5428.286, 1202.010
5430.214, 1204.195
5432.143, 1216.327
5434.071, 1222.677
5436.000, 1209.741
5437.928, 1199.953
5439.856, 1197.674
5441.785, 1199.623
5443.713, 1196.685
5445.642, 1221.567
5447.570, 1236.166
5449.499, 1230.723
5451.427, 1260.934
5453.356, 1281.409
5455.284, 1291.271
5457.213, 1298.291
5459.141, 1347.791
5461.070, 1349.026
5462.998, 1323.496
5464.927, 1351.831
5466.855, 1346.295
5468.784, 1375.293
5470.712, 1444.321
5472.641, 1406.519
5474.569, 1395.939
5476.498, 1413.421
5478.426, 1442.246
5480.354, 1476.627
5482.283, 1486.245
5484.211, 1493.826
5486.140, 1540.157
5488.068, 1582.574
5489.997, 1634.580
5491.925, 1699.422
5493.854, 1779.315
5495.782, 1786.973
5497.710, 1824.312
5499.639, 1941.708
5501.567, 2008.544
5503.496, 2094.833
5505.424, 2192.502
5507.353, 2281.638
5509.281, 2370.260
5511.210, 2489.900
5513.138, 2620.892
5515.067, 2717.473
5516.995, 2781.770
5518.924, 2879.059
5520.852, 3006.368
5522.781, 3082.718
5524.709, 3129.401
5526.638, 3183.356
5528.566, 3263.745
5530.495, 3378.576
5532.423, 3429.667
5534.352, 3475.052
5536.280, 3569.916
5538.208, 3589.157
5540.137, 3653.224
5542.065, 3741.780
5543.994, 3793.561
5545.922, 3826.796
5547.851, 3845.926
5549.779, 3867.490
5551.708, 3916.537
5553.636, 3978.087
5555.564, 4055.028
5557.493, 4139.822
5559.421, 4202.385
5561.350, 4304.695
5563.278, 4390.417
5565.207, 4451.711
5567.135, 4624.521
5569.064, 4726.335
5570.992, 4832.483
5572.921, 4998.724
5574.849, 5124.702
5576.778, 5233.895
5578.706, 5290.052
5580.635, 5269.732
5582.563, 5286.885
5584.492, 5238.146
5586.420, 5159.108
5588.349, 5116.499
5590.277, 4936.062
5592.206, 4849.095
5594.134, 4807.818
5596.063, 4659.684
5597.991, 4581.316
5599.919, 4454.577
5601.848, 4299.386
5603.776, 4203.898
5605.705, 4043.339
5607.633, 3842.753
5609.562, 3641.185
5611.490, 3483.861
5613.418, 3361.146
5615.347, 3222.310
5617.275, 3083.246
5619.204, 3041.032
5621.132, 2950.214
5623.061, 2918.380
5624.989, 2942.573
5626.918, 2890.170
5628.846, 2926.693
5630.775, 2945.916
5632.703, 2919.050
5634.632, 2921.597
5636.560, 2937.223
5638.489, 2940.292
5640.417, 2919.699
5642.346, 2881.452
5644.274, 2804.458
5646.203, 2717.987
5648.131, 2642.966
5650.060, 2607.989
5651.988, 2522.504
5653.917, 2416.133
5655.845, 2316.201
5657.773, 2245.536
5659.702, 2169.469
5661.630, 2075.833
5663.559, 1965.035
5665.487, 1840.266
5667.416, 1784.452
5669.344, 1725.067
5671.272, 1646.826
5673.201, 1621.985
5675.129, 1581.079
5677.058, 1561.898
5678.986, 1559.503
5680.915, 1509.962
5682.843, 1482.135
5684.772, 1477.582
5686.700, 1479.499
5688.629, 1458.008
5690.557, 1465.954
5692.486, 1481.775
5694.414, 1485.573
5696.343, 1461.407
5698.271, 1468.559
5700.200, 1462.731
5702.128, 1434.334
5704.057, 1390.927
5705.985, 1393.243
5707.914, 1365.506
5709.842, 1328.995
5711.771, 1343.059
5713.699, 1318.193
5715.627, 1286.367
5717.556, 1250.092
5719.484, 1204.201
5721.413, 1157.665
5723.341, 1088.874
5725.270, 1039.174
5727.198, 1028.916
5729.126, 958.6744
5731.055, 906.9694
5732.983, 867.0329
5734.912, 826.4902
5736.840, 783.1189
5738.769, 758.9615
5740.697, 724.9154
5742.626, 681.0978
5744.554, 677.1338
5746.483, 672.8908
5748.411, 653.7654
5750.340, 626.5280
5752.268, 611.3846
5754.197, 611.7350
5756.125, 605.4930
5758.054, 597.1745
5759.982, 599.0975
5761.911, 591.0424
5763.839, 585.6244
5765.768, 574.8779
5767.696, 553.8705
5769.625, 550.2292
5771.553, 560.3276
5773.481, 571.6286
5775.410, 571.7050
5777.338, 529.7946
5779.267, 535.2777
5781.195, 533.6614
5783.124, 516.9581
5785.052, 531.1506
5786.980, 531.1174
5788.909, 526.1527
5790.837, 514.1424
5792.766, 490.5417
5794.694, 512.0869
5796.623, 493.1129
5798.551, 472.3094
5800.480, 485.3149
5802.408, 483.5596
5804.337, 470.3548
5806.265, 461.7211
5808.194, 461.8643
5810.122, 461.4939
5812.051, 457.5186
5813.979, 445.7607
5815.908, 431.4688
5817.836, 423.0290
5819.765, 422.5049
5821.693, 432.2788
5823.622, 437.4703
5825.550, 428.5052
5827.479, 412.7261
5829.407, 419.5491
5831.335, 423.0905
5833.264, 416.6028
5835.192, 416.2906
5837.121, 408.5194
5839.049, 405.9502
5840.978, 406.9273
5842.906, 405.1132
5844.834, 397.5495
5846.763, 410.5534
5848.691, 412.6056
5850.620, 396.3669
5852.548, 406.6883
5854.477, 423.7196
5856.405, 417.6671
5858.334, 400.7551
5860.262, 401.8199
5862.191, 403.7611
5864.119, 406.1512
5866.048, 415.8058
5867.976, 429.5963
5869.905, 407.7484
5871.833, 396.7781
5873.762, 391.7606
5875.690, 392.0562
5877.619, 405.0283
5879.547, 389.4308
5881.476, 369.5448
5883.404, 371.4698
5885.333, 394.6080
5887.261, 372.1922
5889.189, 381.8326
5891.118, 379.1850
5893.046, 366.2608
5894.975, 374.3312
5896.903, 375.1828
5898.832, 380.2865
5900.760, 378.6446
5902.688, 366.3993
5904.617, 361.0895
5906.545, 356.7658
5908.474, 353.2345
5910.402, 353.8148
5912.331, 360.8138
5914.259, 362.4517
5916.188, 363.1848
5918.116, 351.7628
5920.045, 333.7112
5921.973, 342.1099
5923.902, 339.6674
5925.830, 339.0091
5927.759, 338.1724
5929.687, 332.4066
5931.616, 327.8451
5933.544, 328.5430
5935.473, 332.5790
5937.401, 332.8038
5939.330, 316.8066
5941.258, 331.6130
5943.187, 337.6331
5945.115, 337.9243
5947.043, 337.4619
5948.972, 329.0786
5950.900, 301.6338
5952.829, 310.9857
5954.757, 333.5969
5956.686, 330.5875
5958.614, 307.2467
5960.542, 319.0859
5962.471, 324.4938
5964.399, 327.7050
5966.328, 355.4942
5968.256, 325.8687
5970.185, 321.7343
5972.113, 332.9842
5974.042, 339.0647
5975.970, 330.2620
5977.899, 327.4698
5979.827, 333.5124
5981.756, 340.7705
5983.684, 341.6346
5985.613, 330.4422
5987.541, 338.4098
5989.470, 340.4387
5991.398, 340.4052
5993.327, 348.0403
5995.255, 355.4149
5997.184, 352.3565
5999.112, 338.5338
6001.041, 333.0615
6002.969, 351.6867
6004.897, 352.4493
6006.826, 350.3079
6008.754, 356.2237
6010.683, 360.7189
6012.611, 345.6819
6014.540, 359.1569
6016.468, 360.3562
6018.396, 356.8046
6020.325, 356.6212
6022.253, 361.7420
6024.182, 347.7116
6026.110, 360.1426
6028.039, 360.3511
6029.967, 343.7372
6031.896, 364.0291
6033.824, 359.4157
6035.753, 348.4740
6037.681, 347.5641
6039.610, 357.9794
6041.538, 365.6985
6043.467, 391.6288
6045.395, 394.7540
6047.324, 388.6718
6049.252, 388.5497
6051.181, 393.6639
6053.109, 414.6079
6055.038, 400.3532
6056.966, 397.9418
6058.895, 426.3171
6060.823, 440.9114
6062.751, 425.1718
6064.680, 445.9276
6066.608, 468.6174
6068.537, 472.4183
6070.465, 482.8616
6072.394, 504.9292
6074.322, 528.2603
6076.250, 559.9245
6078.179, 590.6812
6080.107, 593.4049
6082.036, 627.0664
6083.964, 666.5059
6085.893, 703.7454
6087.821, 741.8014
6089.750, 786.7213
6091.678, 816.6044
6093.607, 820.8138
6095.535, 831.5077
6097.464, 857.5548
6099.392, 884.8279
6101.321, 889.6262
6103.249, 880.1016
6105.178, 882.6588
6107.106, 889.2437
6109.035, 879.9498
6110.963, 867.1374
6112.892, 870.0010
6114.820, 851.3969
6116.749, 822.1053
6118.677, 814.0851
6120.605, 854.8521
6122.534, 836.0948
6124.462, 841.9025
6126.391, 864.0588
6128.319, 879.6080
6130.248, 899.4734
6132.176, 918.7531
6134.104, 912.4238
6136.033, 922.1900
6137.961, 953.5245
6139.890, 969.4333
6141.818, 976.9810
6143.747, 976.6675
6145.675, 997.3566
6147.604, 1023.603
6149.532, 1031.545
6151.461, 1069.281
6153.389, 1083.598
6155.318, 1103.958
6157.246, 1132.437
6159.175, 1164.569
6161.103, 1209.183
6163.032, 1266.590
6164.960, 1292.996
6166.889, 1329.556
6168.817, 1391.897
6170.746, 1459.361
6172.674, 1545.615
6174.603, 1610.771
6176.531, 1642.479
6178.459, 1679.453
6180.388, 1747.219
6182.316, 1781.634
6184.245, 1834.387
6186.173, 1928.788
6188.102, 2002.663
6190.030, 2036.271
6191.958, 2071.340
6193.887, 2125.777
6195.815, 2188.399
6197.744, 2237.593
6199.672, 2274.289
6201.601, 2298.906
6203.529, 2270.988
6205.458, 2237.802
6207.386, 2252.975
6209.315, 2252.629
6211.243, 2222.650
6213.172, 2216.792
6215.100, 2180.630
6217.029, 2183.901
6218.957, 2197.520
6220.886, 2208.122
6222.814, 2227.347
6224.743, 2296.604
6226.671, 2346.731
6228.600, 2417.771
6230.528, 2515.389
6232.457, 2599.782
6234.385, 2638.199
6236.313, 2746.076
6238.242, 2854.585
6240.170, 2952.068
6242.099, 3058.134
6244.027, 3155.166
6245.956, 3196.134
6247.884, 3353.507
6249.813, 3392.054
6251.741, 3452.891
6253.669, 3538.183
6255.598, 3600.891
6257.526, 3645.825
6259.455, 3644.605
6261.383, 3698.562
6263.312, 3760.818
6265.240, 3787.236
6267.169, 3775.158
6269.097, 3762.434
6271.026, 3824.756
6272.954, 3818.758
6274.883, 3846.496
6276.811, 3870.929
6278.740, 3819.059
6280.668, 3845.213
6282.597, 3794.790
6284.525, 3843.671
6286.454, 3865.687
6288.382, 3861.438
6290.311, 3911.524
6292.239, 3860.568
6294.167, 3810.394
6296.096, 3791.327
6298.024, 3816.048
6299.953, 3804.585
6301.881, 3684.859
6303.810, 3701.970
6305.738, 3678.935
6307.667, 3609.378
6309.595, 3558.088
6311.523, 3529.172
6313.452, 3485.127
6315.380, 3448.379
6317.309, 3371.455
6319.237, 3303.161
6321.166, 3291.990
6323.094, 3282.117
6325.023, 3198.872
6326.951, 3100.612
6328.880, 3118.950
6330.808, 3075.044
6332.737, 3106.922
6334.665, 3183.919
6336.594, 3198.541
6338.522, 3206.725
6340.451, 3248.781
6342.379, 3305.674
6344.308, 3417.687
6346.236, 3516.102
6348.165, 3575.482
6350.093, 3711.361
6352.021, 3800.973
6353.950, 3962.541
6355.878, 4047.371
6357.807, 4145.915
6359.735, 4301.837
6361.664, 4409.935
6363.592, 4614.406
6365.521, 4724.367
6367.449, 4787.125
6369.377, 4897.777
6371.306, 5024.736
6373.234, 5086.985
6375.163, 5192.690
6377.091, 5150.119
6379.020, 5145.033
6380.948, 5112.704
6382.877, 5043.873
6384.805, 4955.804
6386.734, 4804.036
6388.662, 4731.767
6390.591, 4502.268
6392.519, 4379.249
6394.448, 4244.729
6396.376, 4077.055
6398.305, 4000.544
6400.233, 3838.070
6402.162, 3719.565
6404.090, 3657.100
6406.019, 3625.141
6407.947, 3616.890
6409.875, 3614.946
6411.804, 3576.298
6413.732, 3597.422
6415.661, 3670.629
6417.589, 3748.177
6419.518, 3814.361
6421.446, 3918.747
6423.375, 4085.359
6425.303, 4126.435
6427.231, 4295.386
6429.160, 4405.690
6431.088, 4463.151
6433.017, 4532.433
6434.945, 4571.689
6436.874, 4475.109
6438.802, 4315.677
6440.731, 4287.178
6442.659, 4234.089
6444.588, 4181.709
6446.516, 4121.487
6448.445, 4053.508
6450.373, 4029.667
6452.302, 4008.613
6454.230, 4062.070
6456.159, 4042.973
6458.087, 4107.511
6460.016, 4182.435
6461.944, 4165.751
6463.873, 4177.110
6465.801, 4310.419
6467.729, 4319.294
6469.658, 4264.948
6471.586, 4193.653
6473.515, 4120.425
6475.443, 4040.043
6477.372, 3938.589
6479.300, 3857.541
6481.229, 3729.438
6483.157, 3648.942
6485.085, 3553.142
6487.014, 3429.658
6488.942, 3322.290
6490.871, 3250.530
6492.799, 3126.644
6494.728, 3016.770
6496.656, 2895.661
6498.585, 2808.836
6500.513, 2725.359
6502.442, 2633.514
6504.370, 2584.212
6506.299, 2512.452
6508.227, 2532.426
6510.156, 2450.027
6512.084, 2425.088
6514.013, 2409.228
6515.941, 2376.551
6517.870, 2388.105
6519.798, 2377.534
6521.727, 2363.469
6523.655, 2423.406
6525.583, 2458.836
6527.512, 2500.961
6529.440, 2546.862
6531.369, 2583.323
6533.297, 2677.940
6535.226, 2748.277
6537.154, 2805.266
6539.083, 2810.050
6541.011, 2860.669
6542.939, 2917.644
6544.868, 2951.090
6546.796, 2999.176
6548.725, 3019.036
6550.653, 3032.601
6552.582, 3049.154
6554.510, 3071.252
6556.439, 3097.571
6558.367, 3088.456
6560.296, 3046.243
6562.224, 3047.200
6564.153, 2984.322
6566.081, 2978.894
6568.010, 3003.261
6569.938, 3017.040
6571.867, 2975.669
6573.795, 2938.434
6575.724, 2934.829
6577.652, 2844.927
6579.581, 2793.045
6581.509, 2826.312
6583.438, 2848.774
6585.366, 2740.170
6587.294, 2673.261
6589.223, 2686.474
6591.151, 2653.756
6593.080, 2558.574
6595.008, 2568.701
6596.937, 2564.788
6598.865, 2511.808
6600.793, 2523.573
6602.722, 2500.172
6604.650, 2425.112
6606.579, 2375.004
6608.507, 2313.369
6610.436, 2343.065
6612.364, 2319.378
6614.293, 2293.799
6616.221, 2299.859
6618.150, 2293.131
6620.078, 2295.046
6622.007, 2325.310
6623.935, 2313.113
6625.864, 2343.647
6627.792, 2309.454
6629.721, 2345.653
##END=



