104.152	10
104.635	10.5288
105.117	10.8771
105.599	10.6396
106.081	10.1558
106.563	10.0561
107.045	10.0658
107.527	10.3342
108.009	10.3785
108.492	10.2903
108.974	10.1852
109.456	10.0586
109.938	10.0712
110.42	10.1715
110.902	10.4351
111.384	10.3737
111.866	10.2991
112.348	11.3107
112.831	12.2778
113.313	12.9227
113.795	13.2375
114.277	13.6032
114.759	14.1751
115.241	14.6503
115.723	14.8517
116.205	14.825
116.687	14.7763
117.17	14.9284
117.652	15.3626
118.134	15.6209
118.616	15.5541
119.098	15.4077
119.58	15.374
120.062	15.4946
120.544	15.7196
121.027	15.9624
121.509	16.1999
121.991	16.6236
122.473	17.4971
122.955	18.6111
123.437	19.417
123.919	19.6714
124.401	19.6731
124.883	19.6976
125.366	19.7307
125.848	19.9863
126.33	20.7602
126.812	22.1008
127.294	23.312
127.776	24.0258
128.258	24.6463
128.74	25.4297
129.223	26.4453
129.705	27.5491
130.187	28.4835
130.669	29.0928
131.151	29.8304
131.633	30.8157
132.115	31.9098
132.597	33.0178
133.079	34.0906
133.562	35.1074
134.044	35.9717
134.526	36.4631
135.008	37.0304
135.49	37.7117
135.972	38.512
136.454	39.46
136.936	40.6013
137.418	41.9118
137.901	42.9857
138.383	43.8386
138.865	44.5139
139.347	44.8397
139.829	44.902
140.311	45.192
140.793	46.1935
141.275	47.8444
141.757	49.302
142.24	50.5423
142.722	51.557
143.204	52.2455
143.686	52.5373
144.168	52.8077
144.65	53.4817
145.132	54.3864
145.614	55.1324
146.096	55.3281
146.579	55.2141
147.061	55.5926
147.543	56.772
148.025	58.0979
148.507	59.2155
148.989	60.1573
149.471	61.0375
149.953	61.9925
150.436	63.0467
150.918	63.8397
151.4	64.3007
151.882	64.5221
152.364	64.3472
152.846	63.8726
153.328	63.4481
153.81	63.5794
154.292	64.7568
154.775	65.0725
155.257	63.8935
155.739	62.5019
156.221	61.7655
156.703	61.8278
157.185	62.1605
157.667	61.9243
158.149	60.5069
158.632	59.5503
159.114	59.2221
159.596	59.2581
160.078	59.4769
160.56	59.8269
161.042	60.1804
161.524	60.2372
162.006	59.8059
162.488	59.4247
162.971	59.2525
163.453	59.2051
163.935	59.1177
164.417	58.9369
164.899	58.6919
165.381	58.4005
165.863	58.0435
166.345	57.6948
166.828	57.4123
167.31	57.1867
167.792	56.9235
168.274	56.5824
168.756	56.1851
169.238	55.7054
169.72	55.0656
170.202	54.6004
170.685	54.7464
171.167	55.6097
171.649	56.4647
172.131	57.1323
172.613	57.6503
173.095	57.9917
173.577	58.1299
174.059	58.1852
174.541	58.3048
175.024	58.3022
175.506	58.8106
175.988	60.235
176.47	62.0027
176.952	63.6342
177.434	64.9126
177.916	65.8848
178.398	66.6914
178.881	67.0341
179.363	67.5974
179.845	68.5484
180.327	69.7353
180.809	70.9894
181.291	72.2165
181.773	73.4206
182.255	74.6356
182.737	75.9508
183.22	77.1847
183.702	78.312
184.184	79.3337
184.666	80.2359
185.148	80.9973
185.63	81.6408
186.112	82.3918
186.594	83.4537
187.077	84.3906
187.559	85.1214
188.041	85.609
188.523	85.7478
189.005	85.4258
189.487	84.6611
189.969	83.799
190.451	82.6941
190.933	81.614
191.416	80.8876
191.898	80.4809
192.38	79.7876
192.862	78.2756
193.344	76.178
193.826	74.2445
194.308	72.6774
194.79	71.1641
195.272	69.3673
195.755	67.2514
196.237	65.1752
196.719	63.6084
197.201	62.1837
197.683	60.3607
198.165	57.8194
198.647	54.9563
199.129	52.3638
199.612	50.0751
200.094	47.8917
200.576	45.7052
201.058	43.567
201.54	41.5459
202.022	39.6888
202.504	37.9187
202.986	36.0088
203.468	33.8116
203.951	31.7695
204.433	29.9511
204.915	28.3617
205.397	27.0374
205.879	26.0384
206.361	25.2709
206.843	24.2041
207.325	22.3496
207.808	20.7452
208.29	19.6909
208.772	19.0295
209.254	18.5444
209.736	18.1173
210.218	17.7086
210.7	17.0796
211.182	15.8698
211.664	14.8314
212.147	14.1052
212.629	13.6314
213.111	13.3166
213.593	13.1303
214.075	13.0666
214.557	12.9576
215.039	12.7309
215.521	12.541
216.004	12.4489
216.486	12.4328
216.968	12.4432
217.45	12.4414
217.932	12.4281
218.414	12.4395
218.896	12.5292
219.378	12.586
219.86	12.5087
220.343	12.354
220.825	12.3047
221.307	12.5117
221.789	12.9078
222.271	13.0544
222.753	12.7245
223.235	12.3979
223.717	12.3665
224.199	12.572
224.682	12.713
225.164	12.5809
225.646	12.2515
226.128	12.0465
226.61	11.9619
227.092	11.9973
227.574	12.2738
228.056	12.7555
228.539	13.0368
229.021	12.735
229.503	12.1496
229.985	11.9658
230.467	12.4354
230.949	13.0268
231.431	13.2406
231.913	13.0728
232.395	12.9853
232.878	13.3892
233.36	13.8978
233.842	13.9409
234.324	13.2474
234.806	12.4819
235.288	12.4494
235.77	13.2419
236.252	13.9091
236.735	13.9399
237.217	13.7442
237.699	13.6754
238.181	13.8214
238.663	14.0271
239.145	14.1132
239.627	14.0677
240.109	13.9678
240.591	13.7874
241.074	13.5882
241.556	13.4217
242.038	13.2986
242.52	13.1805
243.002	12.9878
243.484	12.6787
243.966	12.4623
244.448	12.5128
244.93	12.5764
245.413	12.4817
245.895	12.1931
246.377	11.8026
246.859	11.4086
247.341	10.9762
247.823	10.657
248.305	10.5416
248.787	10.4764
249.269	10.3963
249.752	10.2784
250.234	10.1056
250.716	10.1941
251.198	10.7722
251.68	11.0478
252.162	10.8046
252.644	10.4567
253.126	10.2093
253.609	10.1026
254.091	10.0782
254.573	10.0482
255.055	10.0536
255.537	10.062
256.019	10.6669
256.501	11.2335
256.983	11.4133
257.466	11.2197
257.948	10.9387
258.43	10.8981
258.912	11.2043
259.394	11.3121
259.876	11.0912
260.358	10.8294
260.84	10.6481
261.322	10.5635
261.805	10.5503
262.287	10.5953
262.769	10.7143
263.251	10.7777
263.733	10.8233
264.215	10.7934
264.697	10.5921
265.179	10.2714
265.661	10.0043
266.144	10.056
266.626	10.1033
267.108	10.1792
267.59	10.0861
268.072	10.0147
268.554	10.1103
269.036	10.3085
269.518	10.4137
270	10.2744
270.483	10.0889
270.965	10.3675
271.447	10.5531
271.929	10.685
272.411	10.7702
272.893	10.8127
273.375	10.8056
273.858	10.732
274.34	10.6177
274.822	10.6017
275.304	10.7175
275.786	10.8675
276.268	11.072
276.75	11.2882
277.232	11.4059
277.714	11.35
278.197	11.2074
278.679	11.256
279.161	11.5898
279.643	11.8961
280.125	12.0405
280.607	12.1069
281.089	12.2666
281.571	12.6003
282.053	12.997
282.536	13.2104
283.018	13.1733
283.5	13.2205
283.982	13.5172
284.464	13.9272
284.946	14.2361
285.428	14.38
285.91	14.4473
286.392	14.5627
286.875	14.7334
287.357	14.8706
287.839	14.8756
288.321	14.8685
288.803	15.0301
289.285	15.4038
289.767	15.8359
290.249	16.1515
290.731	16.3596
291.214	16.6176
291.696	17.0021
292.178	17.4205
292.66	17.7721
293.142	18.0461
293.624	18.2867
294.106	18.5088
294.589	18.723
295.071	18.9778
295.553	19.3005
296.035	19.6504
296.517	19.9876
296.999	20.3121
297.481	20.6622
297.963	21.0839
298.445	21.5423
298.928	21.9296
299.41	22.1903
299.892	22.4386
300.374	22.7716
300.856	23.1749
301.338	23.5396
301.82	23.7992
302.302	24.0054
302.784	24.2487
303.267	24.4909
303.749	24.8502
304.231	25.4957
304.713	26.3346
305.195	27.0412
305.677	27.499
306.159	27.7945
306.641	28.0342
307.123	28.2089
307.606	28.4183
308.088	28.7386
308.57	29.1175
309.052	29.3992
309.534	29.5368
310.016	29.7179
310.498	30.2013
310.98	30.9351
311.463	31.5614
311.945	31.9602
312.427	32.16
312.909	32.1565
313.391	31.8922
313.873	31.6493
314.355	31.7636
314.837	32.1518
315.32	32.5106
315.802	32.8389
316.284	33.0741
316.766	33.107
317.248	32.9394
317.73	32.7274
318.212	32.5075
318.694	32.3073
319.176	32.1997
319.659	32.2364
320.141	32.3251
320.623	32.3851
321.105	32.4156
321.587	32.4626
322.069	32.5767
322.551	32.7055
323.033	32.7487
323.515	32.6846
323.998	32.6014
324.48	32.5356
324.962	32.4821
325.444	32.4235
325.926	32.3532
326.408	32.2569
326.89	32.1387
327.372	32.0112
327.854	31.8092
328.337	31.4247
328.819	30.9734
329.301	30.7035
329.783	30.689
330.265	30.6346
330.747	30.1784
331.229	29.4031
331.712	28.7449
332.194	28.3486
332.676	28.0944
333.158	27.8658
333.64	27.641
334.122	27.3752
334.604	27.0186
335.086	26.5849
335.568	26.1732
336.051	25.8515
336.533	25.5222
337.015	25.0461
337.497	24.4723
337.979	24.0433
338.461	23.8869
338.943	23.9064
339.425	23.9323
339.907	24.078
340.39	23.992
340.872	23.3281
341.354	22.3513
341.836	21.6186
342.318	21.3088
342.8	21.191
343.282	20.9301
343.764	20.5043
344.247	20.1774
344.729	20.1134
345.211	20.1072
345.693	19.9321
346.175	19.5561
346.657	19.0882
347.139	18.5957
347.621	18.083
348.103	17.6781
348.586	17.4883
349.068	17.3138
349.55	16.9952
350.032	16.5601
350.514	16.1646
350.996	15.9062
351.478	15.7546
351.96	15.5673
352.442	15.2854
352.925	15.0437
353.407	14.9027
353.889	14.8262
354.371	14.7525
354.853	14.6591
355.335	14.5557
355.817	14.4684
356.299	14.4437
356.781	14.3239
357.264	14.043
357.746	13.6899
358.228	13.3199
358.71	12.9531
359.192	12.6358
359.674	12.4275
360.156	12.3485
360.638	12.272
361.12	12.1818
361.603	12.1082
362.085	12.1086
362.567	12.1478
363.049	12.1085
363.531	11.8966
364.013	11.5442
364.495	11.3209
364.978	11.3245
365.46	11.3322
365.942	11.3258
366.424	11.2907
366.906	11.2049
367.388	11.0596
367.87	10.8758
368.352	10.6883
368.834	10.3938
369.317	10.2806
369.799	10.4699
370.281	10.7397
370.763	10.9657
371.245	11.1098
371.727	11.1555
372.209	11.075
372.691	10.8478
373.173	10.6232
373.656	10.3373
374.138	10.1174
374.62	10.0236
375.102	10.0323
375.584	10.1092
376.066	10.2464
376.548	10.4079
377.03	10.4064
377.512	10.071
377.995	10.1848
378.477	10.2762
378.959	10.2731
379.441	10.2267
379.923	10.1577
380.405	10.0955
380.887	10.0891
381.369	10.1558
381.852	10.2232
382.334	10.2865
382.816	10.3524
383.298	10.414
383.78	10.4806
384.262	10.5438
384.744	10.6063
385.226	10.6656
385.709	10.6885
386.191	10.6732
386.673	10.619
387.155	10.4929
387.637	10.3413
388.119	10.2277
388.601	10.1669
389.083	10.1797
389.565	10.3495
390.048	10.7337
390.53	11.012
391.012	11.0453
391.494	10.9464
391.976	10.7433
392.458	10.4367
392.94	10.1996
393.422	10.2184
393.904	10.4505
394.387	10.642
394.869	10.7802
395.351	10.8308
395.833	10.7168
396.315	10.4884
396.797	10.3106
397.279	10.3134
397.761	10.371
398.243	10.2902
398.726	10.062
399.208	10.1986
399.69	10.5097
400.172	10.7664
400.654	10.7436
401.136	10.255
401.618	10.181
402.101	10.2031
402.583	10.0711
403.065	10.3162
403.547	10.4296
404.029	10.4919
404.511	10.6207
404.993	10.82
405.475	11.0118
405.957	11.2166
406.44	11.385
406.922	11.4068
407.404	11.2969
407.886	11.2818
408.368	11.5764
408.85	12.1429
409.332	12.4701
409.814	12.3848
410.296	12.2956
410.779	12.3403
411.261	12.4803
411.743	12.627
412.225	12.7405
412.707	12.8876
413.189	13.2079
413.671	13.8549
414.153	14.405
414.635	14.8197
415.118	15.1694
415.6	15.4654
416.082	15.7325
416.564	16.0364
417.046	16.4419
417.528	16.9501
418.01	17.4415
418.492	17.7912
418.974	18.2619
419.457	19.0041
419.939	19.876
420.421	20.6709
420.903	21.2863
421.385	21.842
421.867	22.5971
422.349	23.6715
422.832	24.6452
423.314	25.2687
423.796	25.9582
424.278	27.0262
424.76	28.449
425.242	29.9252
425.724	31.2057
426.206	32.3118
426.688	33.3939
427.171	34.4181
427.653	35.5042
428.135	36.6951
428.617	37.9712
429.099	39.3206
429.581	40.7502
430.063	42.2226
430.545	43.6564
431.027	45.0455
431.51	46.5905
431.992	48.4957
432.474	50.4363
432.956	51.981
433.438	53.1413
433.92	54.5386
434.402	56.7028
434.884	59.2158
435.366	61.3024
435.849	62.8756
436.331	64.2655
436.813	65.7223
437.295	67.1753
437.777	68.3647
438.259	69.2247
438.741	69.8858
439.223	70.3298
439.706	70.6221
440.188	70.9259
440.67	71.3055
441.152	71.6981
441.634	72.0174
442.116	72.2809
442.598	72.3994
443.08	72.0222
443.563	71.7605
444.045	72.3114
444.527	73.5211
445.009	74.5088
445.491	74.5579
445.973	73.7916
446.455	73.4403
446.937	73.8076
447.419	74.215
447.902	74.5045
448.384	74.8021
448.866	75.2634
449.348	75.9356
449.83	76.7606
450.312	77.6971
450.794	78.8365
451.276	79.6975
451.759	80.1016
452.241	80.366
452.723	80.5325
453.205	80.6594
453.687	80.8462
454.169	81.1663
454.651	81.5589
455.133	81.9344
455.615	82.3937
456.098	82.5223
456.58	81.98
457.062	81.1673
457.544	80.3414
458.026	79.544
458.508	78.7285
458.99	77.9305
459.472	77.097
459.955	76.0067
460.437	74.5749
460.919	73.0602
461.401	71.6779
461.883	70.3626
462.365	68.9527
462.847	67.3719
463.329	65.7309
463.811	64.0447
464.293	62.3523
464.776	60.8201
465.258	59.5437
465.74	58.3666
466.222	57.041
466.704	55.5269
467.186	54.0255
467.668	52.4372
468.151	50.9546
468.633	49.8922
469.115	49.1504
469.597	48.2226
470.079	46.7103
470.561	44.7244
471.043	43.0384
471.525	41.8821
472.007	40.7392
472.49	39.4295
472.972	38.1749
473.454	37.2805
473.936	36.7791
474.418	36.3569
474.9	35.6012
475.382	34.448
475.864	33.5345
476.346	33.2028
476.829	32.7516
477.311	31.8054
477.793	30.625
478.275	29.6536
478.757	29.108
479.239	28.7743
479.721	28.3281
480.203	27.7613
480.685	27.1295
481.168	26.3489
481.65	25.5924
482.132	24.9942
482.614	24.5441
483.096	24.1633
483.578	23.8256
484.06	23.5275
484.542	23.2719
485.024	23.0608
485.507	22.8556
485.989	22.6728
486.471	22.4574
486.953	22.0554
487.435	21.311
487.917	20.7307
488.399	20.6589
488.882	20.7773
489.364	20.5807
489.846	19.9938
490.328	19.4736
490.81	19.5241
491.292	20.1901
491.774	20.3007
492.256	19.3123
492.738	18.4875
493.221	18.2724
493.703	18.436
494.185	18.6822
494.667	18.8904
495.149	19.034
495.631	19.0675
496.113	18.9722
496.595	18.825
497.077	18.6034
497.56	18.3477
498.042	18.0194
498.524	17.678
499.006	17.4199
499.488	17.279
499.97	17.268
500.452	17.4774
500.934	17.9642
501.416	18.2712
501.899	18.1731
502.381	17.9269
502.863	17.702
503.345	17.5097
503.827	17.4924
504.309	17.8662
504.791	18.3863
505.273	18.6735
505.756	18.7218
506.238	18.6709
506.72	18.5601
507.202	18.4146
507.684	18.3085
508.166	18.1673
508.648	18.161
509.13	18.5165
509.613	18.938
510.095	19.0041
510.577	18.6853
511.059	18.3864
511.541	18.5214
512.023	19.0879
512.505	19.3178
512.987	18.7269
513.469	18.3801
513.952	18.7231
514.434	19.2961
514.916	19.5519
515.398	19.348
515.88	18.9871
516.362	18.8252
516.844	18.8757
517.326	19.005
517.808	19.3625
518.291	19.5978
518.773	19.5076
519.255	19.2167
519.737	18.914
520.219	18.6291
520.701	18.4376
521.183	18.5069
521.665	18.7901
522.148	18.8216
522.63	18.2653
523.112	17.8843
523.594	19.0241
524.076	21.3994
524.558	22.6437
525.04	21.5081
525.522	19.8739
526.005	18.9821
526.487	18.7057
526.969	18.5358
527.451	18.2567
527.933	17.9721
528.415	17.8861
528.897	18.129
529.379	18.2752
529.861	18.2194
530.343	18.1699
530.826	18.2576
531.308	18.4496
531.79	18.6564
532.272	18.8338
532.754	18.9552
533.236	18.9341
533.718	18.7118
534.2	18.5124
534.683	18.0803
535.165	17.921
535.647	18.4713
536.129	19.6318
536.611	20.8601
537.093	21.8207
537.575	22.6533
538.057	23.9482
538.539	25.7839
539.022	26.3332
539.504	24.2752
539.986	21.0045
540.468	18.8021
540.95	17.702
541.432	17.0712
541.914	17.0458
542.396	17.197
542.879	17.0911
543.361	16.7304
543.843	16.3597
544.325	16.1485
544.807	16.0232
545.289	15.7092
545.771	14.9843
546.253	14.3703
546.736	13.8655
547.218	13.4895
547.7	13.3626
548.182	13.4085
548.664	13.3367
549.146	12.8823
549.628	12.1617
550.11	11.6864
550.592	11.5433
551.074	11.4142
551.557	11.1514
552.039	10.8954
552.521	10.7733
553.003	10.7922
553.485	10.8312
553.967	10.8839
554.449	10.888
554.932	10.674
555.414	10.2328
555.896	10.1379
556.378	10.2406
556.86	10.1891
557.342	10.3018
557.824	10.6668
558.306	10.9561
558.788	11.0362
559.27	11.0618
559.753	11.2183
560.235	11.4772
560.717	11.636
561.199	11.5399
561.681	11.2406
562.163	10.9548
562.645	10.5581
563.127	10.4055
563.61	10.6972
564.092	11.0872
564.574	11.3838
565.056	11.548
565.538	11.5698
566.02	11.3818
566.502	11.0756
566.984	10.9092
567.467	10.9083
567.949	10.8745
568.431	10.7108
568.913	10.4945
569.395	10.3264
569.877	10.2068
570.359	10.1177
570.841	10.1016
571.323	10.0794
571.806	10.0424
572.288	10.2535
572.77	10.4814
573.252	10.6894
573.734	10.8775
574.216	11.0401
574.698	11.1093
575.18	11.2769
575.663	11.6071
576.145	11.9722
576.627	12.3266
577.109	12.6482
577.591	12.8985
578.073	13.0393
578.555	13.1407
579.037	13.362
579.519	13.7185
580.001	14.1093
580.484	14.537
580.966	14.9705
581.448	15.3875
581.93	15.7909
582.412	16.1933
582.894	16.564
583.376	16.9652
583.859	17.5105
584.341	18.1476
584.823	18.6587
585.305	18.9501
585.787	19.1833
586.269	19.5713
586.751	20.138
587.233	20.7688
587.715	21.4833
588.197	22.2374
588.68	22.9931
589.162	23.7846
589.644	24.7312
590.126	25.8575
590.608	26.9474
591.09	27.5796
591.572	27.6658
592.054	28.1728
592.537	29.3044
593.019	30.5819
593.501	31.8214
593.983	33.0316
594.465	34.246
594.947	35.478
595.429	36.6655
595.911	37.721
596.393	38.6937
596.875	39.6825
597.358	40.7006
597.84	41.7213
598.322	42.6702
598.804	43.6014
599.286	44.9124
599.768	46.9257
600.25	48.8285
600.732	50.4898
601.215	51.9985
601.697	53.3047
602.179	54.5038
602.661	55.9556
603.143	58.0005
603.625	60.4638
604.107	62.4829
604.589	63.8367
605.072	65.3304
605.554	67.1795
606.036	69.2414
606.518	71.5348
607	73.9996
607.482	76.325
607.964	78.1539
608.446	79.8902
608.928	82.0936
609.411	84.6888
609.893	87.1619
610.375	89.3156
610.857	91.2705
611.339	93.2243
611.821	95.2123
612.303	97.0115
612.785	98.7957
613.268	100.217
613.75	101.136
614.232	101.581
614.714	101.62
615.196	101.27
615.678	100.507
616.16	99.2176
616.642	97.3829
617.125	95.672
617.607	94.1865
618.089	92.6316
618.571	90.6968
619.053	88.6731
619.535	87.0329
620.017	85.9768
620.499	84.7267
620.981	82.602
621.463	80.0468
621.946	77.7943
622.428	75.9071
622.91	74.0093
623.392	71.8119
623.874	69.5065
624.356	67.766
624.838	67.0773
625.32	66.2585
625.803	65.3438
626.285	64.2468
626.767	62.8464
627.249	61.221
627.731	59.5642
628.213	57.9694
628.695	56.3995
629.177	54.6665
629.659	52.7658
630.142	51.3302
630.624	50.6775
631.106	50.1779
631.588	49.3484
632.07	48.2384
632.552	46.9447
633.034	45.177
633.516	43.5936
633.999	42.7516
634.481	42.2109
634.963	41.2128
635.445	39.6504
635.927	38.0693
636.409	36.9812
636.891	36.3218
637.373	35.5886
637.856	34.7837
638.338	33.9017
638.82	32.9001
639.302	31.8733
639.784	30.82
640.266	29.7633
640.748	28.8308
641.23	28.1443
641.712	27.6223
642.194	27.2158
642.677	26.9002
643.159	26.362
643.641	25.4327
644.123	24.4383
644.605	23.8201
645.087	23.6523
645.569	23.2752
646.052	22.4329
646.534	21.6232
647.016	21.0823
647.498	20.709
647.98	20.3732
648.462	20.0208
648.944	19.6631
649.426	19.3193
649.908	18.9812
650.39	18.5618
650.873	17.9921
651.355	17.5202
651.837	17.3229
652.319	17.2047
652.801	16.964
653.283	16.5949
653.765	16.2243
654.247	15.8723
654.73	15.542
655.212	15.2087
655.694	14.9106
656.176	14.7891
656.658	14.8898
657.14	15.0072
657.622	14.8344
658.104	14.3122
658.587	13.8776
659.069	13.3953
659.551	13.1717
660.033	13.6188
660.515	14.1986
660.997	14.2288
661.479	13.5966
661.961	12.8983
662.443	12.5641
662.926	12.4707
663.408	12.4026
663.89	12.3572
664.372	12.3427
664.854	12.3788
665.336	12.4119
665.818	12.3387
666.3	12.1122
666.783	11.95
667.265	11.9016
667.747	11.8694
668.229	11.7944
668.711	11.7083
669.193	11.6902
669.675	11.757
670.157	11.7974
670.639	11.6496
671.121	11.3414
671.604	11.1053
672.086	10.9435
672.568	10.8148
673.05	10.6886
673.532	10.6003
674.014	10.5992
674.496	10.6963
674.979	10.7887
675.461	10.8572
675.943	10.9066
676.425	10.9495
676.907	10.9715
677.389	10.9323
677.871	10.8152
678.353	10.666
678.835	10.5456
679.318	10.4537
679.8	10.4044
680.282	10.4541
680.764	10.4581
681.246	10.3551
681.728	10.1895
682.21	10.0363
682.692	10.325
683.174	10.4857
683.657	10.3461
684.139	10.0692
684.621	10.1973
685.103	10.4233
685.585	10.5126
686.067	10.4153
686.549	10.2381
687.031	10.1399
687.514	10.1343
687.996	10.1351
688.478	10.1793
688.96	10.1863
689.442	10.0989
689.924	10.0177
690.406	10.0935
690.888	10.1141
691.37	10.1053
691.852	10.063
692.335	10.0145
692.817	10.0365
693.299	10.1211
693.781	10.1247
694.263	10.031
694.745	10.2198
695.227	10.2639
695.71	10.138
696.192	10.0103
696.674	10.2112
697.156	10.3243
697.638	10.1601
698.12	10.0898
698.602	10.1908
699.084	10.1129
699.566	10.0165
700.048	10.0279
700.531	10.1215
701.013	10.2789
701.495	10.5077
701.977	10.5386
702.459	10.2008
702.941	10.1962
703.423	10.2533
703.905	10.0535
704.388	10.2134
704.87	10.0555
705.352	10.0508
705.834	10.1001
706.316	10.3257
706.798	10.4077
707.28	10.3256
707.762	10.2044
708.245	10.1409
708.727	10.1178
709.209	10.0925
709.691	10.0655
710.173	10.0232
710.655	10.0655
711.137	10.1237
711.619	10.0229
712.101	10.1918
712.584	10.2496
713.066	10.0451
713.548	10.2777
714.03	10.2869
714.512	10.1791
714.994	10.0382
715.476	10.1085
715.958	10.2369
716.441	10.3337
716.923	10.3955
717.405	10.4252
717.887	10.4299
718.369	10.3083
718.851	10.075
719.333	10.3752
719.815	10.2361
720.297	10.1633
720.779	10.3694
721.262	10.2354
721.744	10.1448
722.226	10.2881
722.708	10.487
723.19	10.5705
723.672	10.5499
724.154	10.5289
724.636	10.5628
725.119	10.6029
725.601	10.5481
726.083	10.3882
726.565	10.294
727.047	10.3173
727.529	10.3103
728.011	10.0964
728.493	10.148
728.976	10.097
729.458	10.3506
729.94	10.6421
730.422	10.4361
730.904	10.1794
731.386	10.2995
731.868	10.6337
732.35	10.7742
732.832	10.5834
733.315	10.2793
733.797	10.1147
734.279	10.0849
734.761	10.1314
735.243	10.2907
735.725	10.4146
736.207	10.435
736.689	10.4099
737.172	10.3814
737.654	10.3521
738.136	10.41
738.618	10.6998
739.1	10.9425
739.582	10.9582
740.064	10.8429
740.546	10.6936
741.028	10.5587
741.511	10.5021
741.993	10.5898
742.475	10.7528
742.957	10.7742
743.439	10.6222
743.921	10.5286
744.403	10.5641
744.885	10.6264
745.367	10.6131
745.85	10.5583
746.332	10.5827
746.814	10.7931
747.296	10.9221
747.778	10.8
748.26	10.6195
748.742	10.5617
749.224	10.6233
749.707	10.7341
750.189	10.861
750.671	10.9682
751.153	11.0022
751.635	10.9688
752.117	10.8876
752.599	10.716
753.081	10.623
753.563	10.7468
754.046	10.9708
754.528	11.0484
755.01	10.9595
755.492	10.8922
755.974	10.8303
756.456	10.8268
756.938	10.9654
757.42	11.1612
757.903	11.2889
758.385	11.3205
758.867	11.3224
759.349	11.3589
759.831	11.398
760.313	11.288
760.795	11.0213
761.277	10.9263
761.76	11.1157
762.242	11.3731
762.724	11.5094
763.206	11.522
763.688	11.4578
764.17	11.096
764.652	10.9268
765.134	11.2327
765.616	11.6096
766.098	11.7127
766.581	11.5905
767.063	11.4868
767.545	11.5193
768.027	11.6108
768.509	11.6729
768.991	11.7207
769.473	11.8074
769.955	11.9251
770.438	12.0233
770.92	12.0783
771.402	12.0791
771.884	11.9941
772.366	11.749
772.848	11.636
773.33	11.7993
773.812	11.9198
774.294	11.8739
774.777	11.7386
775.259	11.5726
775.741	11.3905
776.223	11.2759
776.705	11.2643
777.187	11.3355
777.669	11.5628
778.151	11.8899
778.634	12.0963
779.116	12.1221
779.598	12.0298
780.08	11.8643
780.562	11.6484
781.044	11.5313
781.526	11.5803
782.008	11.5672
782.491	11.3995
782.973	11.2226
783.455	11.1037
783.937	11.043
784.419	11.0406
784.901	11.0948
785.383	11.2151
785.865	11.5415
786.347	11.8233
786.83	11.7282
787.312	11.3818
787.794	11.1804
788.276	11.2985
788.758	11.5284
789.24	11.5968
789.722	11.5106
790.204	11.3759
790.687	11.1616
791.169	11.0125
791.651	11.0051
792.133	11.0673
792.615	11.1327
793.097	11.2037
793.579	11.1961
794.061	11.0395
794.543	10.8818
795.025	10.6954
795.508	10.5815
795.99	10.7192
796.472	11.0412
796.954	11.2519
797.436	11.1662
797.918	10.9506
798.4	10.8166
798.882	10.7478
799.365	10.6734
799.847	10.585
800.329	10.5292
800.811	10.5319
801.293	10.5811
801.775	10.6658
802.257	10.8291
802.739	10.8862
803.221	10.6945
803.704	10.5613
804.186	10.6112
804.668	10.74
805.15	10.8487
805.632	10.9207
806.114	10.9405
806.596	10.8748
807.078	10.7829
807.561	10.6934
808.043	10.6202
808.525	10.6005
809.007	10.634
809.489	10.6732
809.971	10.682
810.453	10.6725
810.935	10.6656
811.418	10.6548
811.9	10.7347
812.382	10.9874
812.864	11.1697
813.346	11.0996
813.828	10.886
814.31	10.7778
814.792	10.8257
815.274	10.7689
815.756	10.3902
816.239	10.0932
816.721	10.232
817.203	10.5068
817.685	10.4193
818.167	10.0584
818.649	10.3892
819.131	10.0506
819.614	10.5252
820.096	10.5669
820.578	10.1943
821.06	10.0448
821.542	10.0387
822.024	10.0437
822.506	10.0883
822.988	10.0987
823.47	10.0765
823.952	10.0022
824.435	10.0559
824.917	10.0685
825.399	10.0991
825.881	10.2421
826.363	10.3832
826.845	10.3256
827.327	10.0352
827.809	10.1576
828.292	10.0393
828.774	10.1283
829.256	10.1799
829.738	10.1408
830.22	10.0209
830.702	10.149
831.184	10.2448
831.666	10.1571
832.149	10.0296
832.631	10.1598
833.113	10.2309
833.595	10.1686
834.077	10.0542
834.559	10.3386
835.041	10.6673
835.523	10.9693
836.005	11.064
836.487	10.8885
836.97	10.6819
837.452	10.3149
837.934	10.074
838.416	10.1572
838.898	10.3508
839.38	10.4258
839.862	10.3634
840.345	10.279
840.827	10.1685
841.309	10.1244
841.791	10.2957
842.273	10.5571
842.755	10.6649
843.237	10.6193
843.719	10.6465
844.201	10.8995
844.683	11.2029
845.166	11.1602
845.648	10.7672
846.13	10.6899
846.612	11.058
847.094	11.3093
847.576	11.1396
848.058	10.8118
848.54	10.7056
849.023	10.8514
849.505	11.0091
849.987	11.2053
850.469	11.3623
850.951	11.4814
851.433	11.5369
851.915	11.4755
852.397	11.3283
852.88	11.2207
853.362	11.2169
853.844	11.2071
854.326	11.059
854.808	10.8702
855.29	10.7898
855.772	10.8125
856.254	10.8386
856.736	10.8238
857.219	10.8718
857.701	11.1542
858.183	11.621
858.665	11.799
859.147	11.6294
859.629	11.5575
860.111	11.7148
860.593	11.9217
861.076	12.048
861.558	12.0902
862.04	12.0252
862.522	11.715
863.004	11.5584
863.486	11.6995
863.968	11.8351
864.45	11.7827
864.932	11.6432
865.415	11.5596
865.897	11.5659
866.379	11.653
866.861	11.8919
867.343	12.1383
867.825	12.294
868.307	12.3409
868.789	12.1537
869.271	11.7744
869.754	11.5666
870.236	11.8093
870.718	12.2675
871.2	12.4476
871.682	12.3573
872.164	12.3118
872.646	12.356
873.128	12.3059
873.611	12.0194
874.093	11.6828
874.575	11.6121
875.057	11.8421
875.539	11.9991
876.021	12.0737
876.503	12.049
876.985	11.8335
877.467	11.6635
877.95	11.7906
878.432	12.1078
878.914	12.2537
879.396	12.0878
879.878	11.919
880.36	11.9484
880.842	12.0046
881.324	11.8913
881.807	11.6734
882.289	11.5238
882.771	11.496
883.253	11.5012
883.735	11.4358
884.217	11.353
884.699	11.4362
885.181	11.6685
885.664	11.7631
886.146	11.6506
886.628	11.503
887.11	11.4479
887.592	11.4622
888.074	11.4775
888.556	11.4836
889.038	11.5269
889.52	11.6972
890.003	11.7454
890.485	11.4873
890.967	11.1332
891.449	10.8874
891.931	10.7583
892.413	10.707
892.895	10.7925
893.377	10.8678
893.859	10.8744
894.342	10.8656
894.824	10.8976
895.306	10.9489
895.788	10.9527
896.27	10.8859
896.752	10.8216
897.234	10.8718
897.716	10.9239
898.198	10.7395
898.681	10.4255
899.163	10.3195
899.645	10.49
900.127	10.7354
900.609	10.9063
901.091	10.9876
901.573	10.8887
902.055	10.6044
902.538	10.4967
903.02	10.6528
903.502	10.7143
903.984	10.4593
904.466	10.089
904.948	10.0665
905.43	10.0218
905.912	10.0387
906.394	10.2036
906.877	10.2422
907.359	10.2981
907.841	10.7831
908.323	10.6355
908.805	10.0965
909.287	10.1371
909.769	10.189
910.251	10.423
910.734	10.1967
911.216	10.0801
911.698	10.0621
912.18	10.0881
912.662	10.0663
913.144	10.164
913.626	10.3852
914.108	10.4812
914.591	10.4451
915.073	10.1381
915.555	10.2769
916.037	10.3238
916.519	10.0164
917.001	10.1676
917.483	10.0156
917.965	10.3146
918.447	10.369
918.929	10.1974
919.412	10.0474
919.894	10.3942
920.376	10.5891
920.858	10.5403
921.34	10.4025
921.822	10.2903
922.304	10.1944
922.786	10.0769
923.269	10.0699
923.751	10.2201
924.233	10.3878
924.715	10.5421
925.197	10.7144
925.679	10.8413
926.161	10.8107
926.643	10.6394
927.125	10.5535
927.607	10.6535
928.09	10.7858
928.572	10.9417
929.054	11.0655
929.536	11.0885
930.018	11.0446
930.5	10.999
930.982	10.9741
931.465	10.998
931.947	11.1091
932.429	11.2681
932.911	11.4509
933.393	11.6371
933.875	11.7853
934.357	11.8884
934.839	11.9459
935.321	11.9519
935.803	11.954
936.286	12.015
936.768	12.1412
937.25	12.4204
937.732	12.8612
938.214	13.197
938.696	13.3162
939.178	13.3958
939.66	13.6265
940.143	13.8047
940.625	14.0185
941.107	14.3412
941.589	14.5525
942.071	14.9682
942.553	15.354
943.035	15.5262
943.517	15.6421
944	15.9797
944.482	16.5622
944.964	17.0668
945.446	17.4237
945.928	17.7807
946.41	18.0771
946.892	18.4676
947.374	19.1558
947.856	20.0061
948.339	20.7123
948.821	21.1824
949.303	21.6126
949.785	21.9346
950.267	22.4093
950.749	23.3699
951.231	24.5327
951.713	25.4345
952.196	26.0925
952.678	26.9447
953.16	28.267
953.642	29.7172
954.124	30.8094
954.606	32.3701
955.088	33.8871
955.57	35.3501
956.052	37.1854
956.534	38.7275
957.017	40.4741
957.499	42.9257
957.981	45.8317
958.463	48.5829
958.945	51.2004
959.427	53.9892
959.909	56.9631
960.391	60.3115
960.874	64.1688
961.356	68.2627
961.838	72.1471
962.32	75.8576
962.802	80.0021
963.284	84.6967
963.766	89.5481
964.248	94.3072
964.731	99.5385
965.213	105.574
965.695	112.355
966.177	119.617
966.659	127.256
967.141	135.806
967.623	145.136
968.105	155.462
968.587	167.029
969.07	179.396
969.552	192.099
970.034	206.18
970.516	219.829
970.998	236.25
971.48	252.519
971.962	269.169
972.444	284.175
972.927	296.771
973.409	306.798
973.891	313.779
974.373	317.971
974.855	320.637
975.337	322.595
975.819	322.465
976.301	318.001
976.783	311.927
977.266	306.959
977.748	302.969
978.23	298.844
978.712	294.518
979.194	291.38
979.676	290.273
980.158	291.225
980.64	294.223
981.122	299.321
981.605	306.349
982.087	315.5
982.569	327.557
983.051	342.881
983.533	361.532
984.015	383.5
984.497	408.91
984.979	437.42
985.462	469.238
985.944	507.461
986.426	552.49
986.908	605.5
987.39	667.932
987.872	736.764
988.354	810.216
988.836	887.31
989.318	945.952
989.801	988.791
990.283	1000
990.765	974.699
991.247	920.766
991.729	836.865
992.211	734.15
992.693	635.217
993.175	539.289
993.658	453.418
994.14	377.551
994.622	312.367
995.104	259.454
995.586	216.148
996.068	182.587
996.55	157.152
997.032	135.44
997.515	117.769
997.997	102.923
998.479	91.639
998.961	82.1361
999.443	74.3372
999.925	67.6796
1000.41	61.8817
1000.89	56.8005
1001.37	52.1408
1001.85	47.7201
1002.34	43.9734
1002.82	41.2998
1003.3	39.0087
1003.78	36.8146
1004.26	34.6993
1004.75	32.6466
1005.23	30.6991
1005.71	29.0388
1006.19	27.8213
1006.68	26.6188
1007.16	24.9984
1007.64	23.4496
1008.12	22.516
1008.6	21.9266
1009.09	21.1838
1009.57	20.238
1010.05	19.4308
1010.53	19.0005
1011.01	18.6312
1011.5	17.98
1011.98	17.2302
1012.46	16.6247
1012.94	16.1525
1013.42	15.7691
1013.91	15.4455
1014.39	15.0851
1014.87	14.5915
1015.35	14.1007
1015.84	13.8266
1016.32	13.6983
1016.8	13.5829
1017.28	13.4582
1017.76	13.2888
1018.25	13.0647
1018.73	12.8045
1019.21	12.5238
1019.69	12.2281
1020.17	11.8775
1020.66	11.5159
1021.14	11.4442
1021.62	11.6507
1022.1	11.6502
1022.59	11.2538
1023.07	10.8
1023.55	10.6396
1024.03	10.6969
1024.51	10.7252
1024.99	10.7265
1025.48	10.8166
1025.96	11.017
1026.44	11.129
1026.92	11.0633
1027.41	10.9059
1027.89	10.7478
1028.37	10.5891
1028.85	10.4219
1029.33	10.2335
1029.82	10.1447
1030.3	10.192
1030.78	10.2246
1031.26	10.1714
1031.74	10.087
1032.23	10.0434
1032.71	10.0307
1033.19	10.0561
1033.67	10.268
1034.16	10.3631
1034.64	10.2504
1035.12	10.1996
1035.6	10.3841
1036.08	10.6174
1036.57	10.66
1037.05	10.5221
1037.53	10.3579
1038.01	10.084
1038.49	10.0265
1038.98	10.1327
1039.46	10.3169
1039.94	10.4316
1040.42	10.5028
1040.91	10.5511
1041.39	10.5784
1041.87	10.6326
1042.35	10.7788
1042.83	10.8431
1043.32	10.7973
1043.8	10.6928
1044.28	10.4909
1044.76	10.2806
1045.24	10.1949
1045.73	10.0545
1046.21	10.067
1046.69	10.0684
1047.17	10.2085
1047.66	10.1589
1048.14	10.0703
1048.62	10.0444
1049.1	10.1262
1049.58	10.0535
1050.07	10.1475
1050.55	10.1869
1051.03	10.2435
1051.51	10.3941
1051.99	10.0809
1052.48	10.5852
1052.96	10.8896
1053.44	11.0169
1053.92	10.9507
1054.4	10.7277
1054.89	10.5483
1055.37	10.4026
1055.85	10.3941
1056.33	10.7177
1056.82	10.9891
1057.3	10.9257
1057.78	10.7493
1058.26	10.7456
1058.74	10.8982
1059.22	10.971
1059.71	10.8254
1060.19	10.7867
1060.67	11.0398
1061.15	11.326
1061.64	11.4911
1062.12	11.6177
1062.6	11.8678
1063.08	12.1864
1063.56	12.281
1064.05	11.9724
1064.53	11.7473
1065.01	11.8575
1065.49	12.0141
1065.97	12.0289
1066.46	12.0156
1066.94	12.1336
1067.42	12.3502
1067.9	12.4988
1068.39	12.514
1068.87	12.5438
1069.35	12.6889
1069.83	12.8181
1070.31	12.8057
1070.8	12.7749
1071.28	12.8884
1071.76	13.1017
1072.24	13.2341
1072.72	13.2166
1073.21	13.2587
1073.69	13.51
1074.17	13.7767
1074.65	13.9445
1075.14	14.0764
1075.62	14.2744
1076.1	14.4881
1076.58	14.522
1077.06	14.3079
1077.55	14.2938
1078.03	14.8611
1078.51	15.4566
1078.99	15.7858
1079.47	15.9951
1079.96	16.2275
1080.44	16.3846
1080.92	16.5817
1081.4	16.5837
1081.89	16.6005
1082.37	16.6075
1082.85	16.7535
1083.33	17.2106
1083.81	17.747
1084.3	18.1889
1084.78	18.553
1085.26	18.9087
1085.74	19.2638
1086.22	19.5723
1086.71	19.8147
1087.19	20.0039
1087.67	19.9889
1088.15	20.0891
1088.64	20.7246
1089.12	21.5329
1089.6	21.8855
1090.08	21.8028
1090.56	21.9561
1091.05	22.6976
1091.53	23.4131
1092.01	23.7902
1092.49	24.153
1092.97	24.8284
1093.46	25.505
1093.94	25.6866
1094.42	25.5025
1094.9	25.6367
1095.38	26.3829
1095.87	27.1035
1096.35	27.5592
1096.83	27.8901
1097.31	28.03
1097.8	28.2094
1098.28	28.7176
1098.76	29.4571
1099.24	30.135
1099.72	30.7144
1100.2	31.0802
1100.69	30.9153
1101.17	30.9153
1101.65	31.633
1102.13	32.3917
1102.62	32.5288
1103.1	32.308
1103.58	32.363
1104.06	32.7958
1104.54	33.1412
1105.03	33.1176
1105.51	33.2432
1105.99	33.8493
1106.47	34.4434
1106.95	34.6927
1107.44	34.7564
1107.92	34.8462
1108.4	34.9764
1108.88	35.1578
1109.37	35.2925
1109.85	35.7024
1110.33	36.7999
1110.81	37.6791
1111.29	37.6491
1111.78	37.3921
1112.26	37.7065
1112.74	38.5016
1113.22	39.1129
1113.7	39.338
1114.19	39.7417
1114.67	40.5061
1115.15	41.2472
1115.63	41.7374
1116.12	42.2739
1116.6	43.1143
1117.08	44.1771
1117.56	45.261
1118.04	46.3925
1118.53	47.4224
1119.01	48.2654
1119.49	49.1492
1119.97	50.1176
1120.45	51.1268
1120.94	52.1474
1121.42	53.2095
1121.9	54.3645
1122.38	55.6175
1122.87	56.8982
1123.35	58.2614
1123.83	59.5114
1124.31	60.5082
1124.79	61.7034
1125.28	63.4233
1125.76	65.2056
1126.24	66.5191
1126.72	67.419
1127.2	68.1672
1127.69	68.6656
1128.17	69.5813
1128.65	71.1562
1129.13	72.1696
1129.61	72.1319
1130.1	71.8702
1130.58	72.0532
1131.06	72.5044
1131.54	72.8806
1132.03	73.1886
1132.51	72.8694
1132.99	71.8939
1133.47	70.6779
1133.95	69.288
1134.44	67.8356
1134.92	66.4079
1135.4	64.7961
1135.88	62.6708
1136.36	60.1306
1136.85	57.4781
1137.33	54.7638
1137.81	52.4587
1138.29	50.5845
1138.78	48.6526
1139.26	46.4752
1139.74	44.3202
1140.22	42.4308
1140.7	40.6514
1141.18	38.6407
1141.67	36.5013
1142.15	34.4011
1142.63	32.4693
1143.11	31.3395
1143.6	30.9995
1144.08	30.369
1144.56	28.7783
1145.04	26.9076
1145.52	25.3463
1146.01	24.1706
1146.49	23.7693
1146.97	23.7173
1147.45	23.1383
1147.93	22.0713
1148.42	21.0547
1148.9	20.2767
1149.38	19.544
1149.86	18.6643
1150.35	17.8386
1150.83	17.2723
1151.31	16.8428
1151.79	16.4396
1152.27	16.0596
1152.76	15.7298
1153.24	15.449
1153.72	15.1935
1154.2	14.9689
1154.68	14.7188
1155.17	14.4105
1155.65	14.073
1156.13	13.6635
1156.61	13.2976
1157.1	13.1319
1157.58	13.0965
1158.06	12.9502
1158.54	12.6303
1159.02	12.3608
1159.51	12.2457
1159.99	12.1146
1160.47	11.8755
1160.95	11.655
1161.43	11.5632
1161.92	11.5236
1162.4	11.4172
1162.88	11.2409
1163.36	11.0845
1163.85	10.9953
1164.33	10.8691
1164.81	10.6473
1165.29	10.4809
1165.77	10.4402
1166.26	10.4271
1166.74	10.3616
1167.22	10.2625
1167.7	10.1763
1168.18	10.1075
1168.67	10.1106
1169.15	10.2013
1169.63	10.2247
1170.11	10.1326
1170.59	10.0894
1171.08	10.1905
1171.56	10.3513
1172.04	10.46
1172.52	10.5097
1173.01	10.5272
1173.49	10.5177
1173.97	10.3927
1174.45	10.1617
1174.93	10.057
1175.42	10.1372
1175.9	10.2358
1176.38	10.2422
1176.86	10.227
1177.34	10.3349
1177.83	10.4728
1178.31	10.3282
1178.79	10.0738
1179.27	10.245
1179.76	10.768
1180.24	11.0667
1180.72	10.9431
1181.2	10.7655
1181.68	10.7902
1182.17	10.8875
1182.65	11.0302
1183.13	11.1012
1183.61	10.8074
1184.09	10.4304
1184.58	10.5221
1185.06	11.0264
1185.54	11.3683
1186.02	11.3185
1186.5	11.2858
1186.99	11.482
1187.47	11.7007
1187.95	11.824
1188.43	11.9324
1188.92	12.1612
1189.4	12.4049
1189.88	12.416
1190.36	12.1799
1190.84	12.1253
1191.33	12.5119
1191.81	12.7191
1192.29	12.6624
1192.77	12.499
1193.25	12.1408
1193.74	11.8844
1194.22	12.0495
1194.7	12.4648
1195.18	12.693
1195.66	12.7262
1196.15	12.6577
1196.63	12.4614
1197.11	12.311
1197.59	12.2407
1198.08	12.1685
1198.56	12.0474
1199.04	11.9364
1199.52	11.902
1200	11.9194
1200.49	11.9458
1200.97	11.966
1201.45	11.8984
1201.93	11.7469
1202.41	11.5174
1202.9	11.2371
1203.38	11.0616
1203.86	11.0803
1204.34	11.123
1204.83	11.0204
1205.31	10.8276
1205.79	10.5426
1206.27	10.2679
1206.75	10.1612
1207.23	10.1947
1207.72	10.3261
1208.2	10.5095
1208.68	10.5676
1209.16	10.3738
1209.65	10.1976
1210.13	10.1789
1210.61	10.2104
1211.09	10.2864
1211.57	10.3344
1212.06	10.2911
1212.54	10.1638
1213.02	10.0717
1213.5	10.4356
1213.98	10.5674
1214.47	10.2382
1214.95	10.0126
1215.43	10.066
1215.91	10.0545
1216.4	10.08
1216.88	10.2078
1217.36	10.1969
1217.84	10.1096
1218.32	10.1142
1218.81	10.2136
1219.29	10.2716
1219.77	10.2882
1220.25	10.2229
1220.73	10.0666
1221.22	10.0467
1221.7	10.2657
1222.18	10.485
1222.66	10.4656
1223.15	10.3141
1223.63	10.2051
1224.11	10.1288
1224.59	10.035
1225.07	10.0402
1225.56	10.0548
1226.04	10.2795
1226.52	10.394
1227	10.304
1227.48	10.167
1227.97	10.0834
1228.45	10.0571
1228.93	10.1675
1229.41	10.2596
1229.9	10.1415
1230.38	10.0484
1230.86	10.097
1231.34	10.0187
1231.82	10.0233
1232.31	10.0006
1232.79	10.0562
1233.27	10.2026
1233.75	10.2926
1234.23	10.2555
1234.72	10.2235
1235.2	10.2939
1235.68	10.3614
1236.16	10.2661
1236.64	10.3377
1237.13	10.3417
1237.61	10.3041
1238.09	10.3674
1238.57	10.2365
1239.06	10.1879
1239.54	10.2827
1240.02	10.3949
1240.5	10.4571
1240.98	10.4719
1241.46	10.4194
1241.95	10.3604
1242.43	10.4426
1242.91	10.5903
1243.39	10.6612
1243.88	10.6561
1244.36	10.5619
1244.84	10.4209
1245.32	10.4035
1245.81	10.59
1246.29	10.782
1246.77	10.8489
1247.25	10.9059
1247.73	11.0547
1248.21	11.1803
1248.7	11.1452
1249.18	11.2207
1249.66	11.0397
1250.14	11.2351
1250.63	11.199
1251.11	11.1912
1251.59	11.284
1252.07	11.0216
1252.55	11.2657
1253.04	11.1778
1253.52	10.97
1254	10.8661
1254.48	10.8339
1254.96	10.731
1255.45	10.5646
1255.93	10.6466
1256.41	11.0044
1256.89	11.0285
1257.38	10.7379
1257.86	10.5712
1258.34	10.5059
1258.82	10.5043
1259.3	10.5692
1259.79	10.6606
1260.27	10.8285
1260.75	10.9394
1261.23	10.79
1261.71	10.5941
1262.2	10.6065
1262.68	10.739
1263.16	10.7482
1263.64	10.6536
1264.13	10.6743
1264.61	10.8401
1265.09	10.9085
1265.57	10.8451
1266.05	10.8128
1266.54	10.882
1267.02	10.9015
1267.5	10.8104
1267.98	10.6466
1268.46	10.4053
1268.95	10.1749
1269.43	10.202
1269.91	10.4665
1270.39	10.5537
1270.88	10.4869
1271.36	10.3989
1271.84	10.3125
1272.32	10.317
1272.8	10.4293
1273.29	10.5121
1273.77	10.4581
1274.25	10.4066
1274.73	10.5837
1275.21	10.7957
1275.7	10.7986
1276.18	10.6883
1276.66	10.5566
1277.14	10.4193
1277.62	10.3642
1278.11	10.3725
1278.59	10.4206
1279.07	10.5466
1279.55	10.6365
1280.04	10.7107
1280.52	10.6837
1281	10.471
1281.48	10.2455
1281.96	10.0552
1282.44	10.0089
1282.93	10.2283
1283.41	10.6102
1283.89	10.465
1284.37	10
