108.024	100
108.506	118.29
108.988	118.469
109.47	114.397
109.952	101.157
110.434	110.303
110.916	113.132
111.399	112.119
111.881	104.229
112.363	112.854
112.845	131.907
113.327	164.267
113.809	213.511
114.291	279.089
114.773	355.435
115.256	441.819
115.738	536.984
116.22	637.257
116.702	762.11
117.184	876.281
117.666	959.586
118.148	1005.02
118.63	1039.84
119.113	1079.13
119.595	1117.47
120.077	1142.31
120.559	1141.47
121.041	1126.67
121.523	1108.62
122.005	1091.39
122.487	1069.24
122.969	1033.47
123.451	985.872
123.934	939.612
124.416	901.051
124.898	870.461
125.38	848.337
125.862	829.654
126.344	821.378
126.826	837.224
127.308	878.098
127.791	929.528
128.273	975.321
128.755	1018.1
129.237	1068.85
129.719	1136.9
130.201	1217.76
130.683	1297.96
131.165	1377.41
131.648	1454.55
132.13	1531.44
132.612	1608.13
133.094	1679.87
133.576	1738.07
134.058	1783.45
134.54	1840.32
135.022	1915.91
135.504	2005.81
135.986	2090
136.469	2170.07
136.951	2242.44
137.433	2299.89
137.915	2338.77
138.397	2382.05
138.879	2438.07
139.361	2507.22
139.844	2571.14
140.326	2627.25
140.808	2681.24
141.29	2740.45
141.772	2802.47
142.254	2874.34
142.736	2958.75
143.218	3060.74
143.7	3163.71
144.182	3261.8
144.665	3361.96
145.147	3494.33
145.629	3685.9
146.111	3876.82
146.593	4031.81
147.075	4132.23
147.557	4226.2
148.039	4315.71
148.522	4400.64
149.004	4482.42
149.486	4575.78
149.968	4657.83
150.45	4711.8
150.932	4719.56
151.414	4717.59
151.896	4722.94
152.378	4748.81
152.861	4716.32
153.343	4591.54
153.825	4415.81
154.307	4240.36
154.789	4071.67
155.271	3903.94
155.753	3734.19
156.235	3557.95
156.717	3393.65
157.2	3237.22
157.682	3093.78
158.164	2978.39
158.646	2913.32
159.128	2864.61
159.61	2813.44
160.092	2749.58
160.574	2691.49
161.057	2646.68
161.539	2613.22
162.021	2582.88
162.503	2553.39
162.985	2524.83
163.467	2497.1
163.949	2472.32
164.431	2446.91
164.913	2417.9
165.396	2385.43
165.878	2344.64
166.36	2305.36
166.842	2272.02
167.324	2249.97
167.806	2254.95
168.288	2263.54
168.77	2254.38
169.253	2222.89
169.735	2197.92
170.217	2172.09
170.699	2199.1
171.181	2213.7
171.663	2216.55
172.145	2171.51
172.627	2188.96
173.109	2181.73
173.592	2173.73
174.074	2200.67
174.556	2187.02
175.038	2212.31
175.52	2258.67
176.002	2314.98
176.484	2359.97
176.966	2381.47
177.449	2401.53
177.931	2451.02
178.413	2527.12
178.895	2607.52
179.377	2674.62
179.859	2732.6
180.341	2792.81
180.823	2862.63
181.305	2934.18
181.788	2989.44
182.27	3027.33
182.752	3066.71
183.234	3132.15
183.716	3217.06
184.198	3291.93
184.68	3345.45
185.162	3380.47
185.645	3407.01
186.127	3424.63
186.609	3434.54
187.091	3436.37
187.573	3430.52
188.055	3421.51
188.537	3414.33
189.019	3406.7
189.501	3387.21
189.984	3353.88
190.466	3311.56
190.948	3268.5
191.43	3224.4
191.912	3174.72
192.394	3115.67
192.876	3047.87
193.358	2977.55
193.84	2905.72
194.323	2831.86
194.805	2755.01
195.287	2676.36
195.769	2588.57
196.251	2480.39
196.733	2350.12
197.215	2233.64
197.697	2139.36
198.18	2060.77
198.662	1974.77
199.144	1879.98
199.626	1784.01
200.108	1691.84
200.59	1602.1
201.072	1526.85
201.554	1469.91
202.036	1429.66
202.519	1395.86
203.001	1370.55
203.483	1346.16
203.965	1309.24
204.447	1253.84
204.929	1215.94
205.411	1209.58
205.893	1234.23
206.376	1254.64
206.858	1263.29
207.34	1279.3
207.822	1333.92
208.304	1438.01
208.786	1546.18
209.268	1644.84
209.75	1734.41
210.232	1807.92
210.715	1855.87
211.197	1898.04
211.679	1971.94
212.161	2088.29
212.643	2213.17
213.125	2339.77
213.607	2482.73
214.089	2567.75
214.572	2567.22
215.054	2523.36
215.536	2533.24
216.018	2602.13
216.5	2716.27
216.982	2899.35
217.464	3225.2
217.946	3389.14
218.428	3361.48
218.911	3164.49
219.393	2850.46
219.875	2355.18
220.357	1855.12
220.839	1455.83
221.321	1171.35
221.803	950.894
222.285	806.021
222.768	726.614
223.25	658.984
223.732	601.638
224.214	557.029
224.696	527.744
225.178	520.854
225.66	513.818
226.142	502.953
226.624	489.081
227.107	482.604
227.589	487.037
228.071	493.29
228.553	493.49
229.035	482.972
229.517	476.655
229.999	479.464
230.481	491.263
230.964	491.479
231.446	471.793
231.928	449.171
232.41	440.714
232.892	454.677
233.374	466.166
233.856	470.448
234.338	467.124
234.82	463.451
235.303	460.655
235.785	456.608
236.267	447.416
236.749	424.841
237.231	412.058
237.713	419.405
238.195	452.067
238.677	467.798
239.159	459.325
239.642	439.348
240.124	424.193
240.606	414.198
241.088	408.028
241.57	405.146
242.052	404.958
242.534	411.611
243.016	432.616
243.499	455.718
243.981	461.146
244.463	440.459
244.945	415.531
245.427	392.921
245.909	374.12
246.391	352.673
246.873	326.987
247.355	299.394
247.837	273.987
248.32	251.782
248.802	230.688
249.284	210.479
249.766	192.792
250.248	171.294
250.73	142.625
251.212	111.769
251.695	110.531
252.177	122.151
252.659	129.052
253.141	131.941
253.623	126.213
254.105	130.201
254.587	149.978
255.069	176.719
255.551	189.676
256.034	182.781
256.516	172.447
256.998	165.345
257.48	162.081
257.962	160.527
258.444	160.948
258.926	163.057
259.408	166.818
259.89	173.918
260.373	179.798
260.855	182.215
261.337	179.925
261.819	178.054
262.301	177.576
262.783	177.297
263.265	173.262
263.747	163.798
264.229	154.165
264.712	146.313
265.194	139.35
265.676	138.321
266.158	146.535
266.64	159.273
267.122	162.124
267.604	152.456
268.086	139.298
268.569	125.829
269.051	110.157
269.533	102.898
270.015	107.412
270.497	119.104
270.979	125.768
271.461	127.285
271.943	124.439
272.426	115.677
272.908	100.836
273.39	111.475
273.872	113.795
274.354	110.599
274.836	108.787
275.318	108.157
275.8	109.293
276.282	114.173
276.764	123.656
277.247	126.478
277.729	117.732
278.211	105.069
278.693	111.044
279.175	139.423
279.657	167.078
280.139	177.696
280.621	170.699
281.104	166.882
281.586	168.306
282.068	173.809
282.55	182.414
283.032	194.777
283.514	204.377
283.996	203.189
284.478	192.225
284.961	192.395
285.443	208.751
285.925	233.234
286.407	247.958
286.889	252.671
287.371	257.408
287.853	271.894
288.335	293.846
288.817	303.971
289.299	295.424
289.782	282.743
290.264	295.877
290.746	333.751
291.228	371.97
291.71	394.03
292.192	403.404
292.674	414.66
293.156	430.267
293.639	446.284
294.121	454.688
294.603	456.427
295.085	460.119
295.567	469.393
296.049	474.946
296.531	514.808
297.013	546.273
297.496	569.806
297.978	561.732
298.46	594.329
298.942	610.556
299.424	626.054
299.906	664.271
300.388	660.617
300.87	698.45
301.352	719.701
301.835	748.609
302.317	761.182
302.799	778.884
303.281	812.973
303.763	837.95
304.245	848.816
304.727	878.868
305.209	875.6
305.691	901.269
306.174	939.205
306.656	950.377
307.138	965
307.62	1000.62
308.102	1031.73
308.584	1057.42
309.066	1077.77
309.548	1088.22
310.03	1094.12
310.513	1104.98
310.995	1128.34
311.477	1155.74
311.959	1180.71
312.441	1201.94
312.923	1221.44
313.405	1245.46
313.888	1269.28
314.37	1284.31
314.852	1280
315.334	1271.83
315.816	1267.49
316.298	1267.57
316.78	1272.33
317.262	1286.74
317.744	1303.19
318.227	1313.12
318.709	1304.17
319.191	1297.82
319.673	1306.24
320.155	1331.08
320.637	1346.26
321.119	1336.84
321.601	1319.13
322.083	1307.83
322.566	1310.06
323.048	1314.01
323.53	1317.18
324.012	1318.91
324.494	1318.81
324.976	1319.65
325.458	1319.12
325.94	1315.38
326.422	1308.62
326.905	1297.77
327.387	1277.11
327.869	1246.94
328.351	1226.24
328.833	1225.13
329.315	1226.7
329.797	1221
330.279	1204.87
330.762	1186.9
331.244	1165.83
331.726	1142.22
332.208	1121.46
332.69	1107.21
333.172	1092.48
333.654	1073.09
334.136	1045.88
334.618	1022.14
335.101	1003.02
335.583	986.401
336.065	968.041
336.547	949.396
337.029	930.475
337.511	909.964
337.993	886.497
338.475	863.133
338.957	840.484
339.44	818.1
339.922	794.938
340.404	770.605
340.886	747.821
341.368	729.084
341.85	714.259
342.332	695.047
342.815	669.536
343.297	644.573
343.779	633.436
344.261	636.598
344.743	633.704
345.225	610.701
345.707	573.126
346.189	550.067
346.671	543.347
347.154	542.294
347.636	536.571
348.118	526.885
348.6	515.156
349.082	501.263
349.564	485.517
350.046	467.394
350.528	446.775
351.01	427.727
351.493	415.168
351.975	406.867
352.457	398.081
352.939	387.308
353.421	375.339
353.903	360.797
354.385	344.536
354.867	333.031
355.349	337.51
355.832	347.265
356.314	348.093
356.796	332.661
357.278	313.165
357.76	298.609
358.242	287.718
358.724	275.573
359.206	256.401
359.689	236.857
360.171	223.003
360.653	219.446
361.135	213.885
361.617	193.975
362.099	168.358
362.581	154.536
363.063	171.345
363.546	191.059
364.028	199.792
364.51	192.704
364.992	185.536
365.474	185.232
365.956	185.95
366.438	179.345
366.92	151.355
367.402	128.496
367.884	119.75
368.367	128.639
368.849	133.896
369.331	132.839
369.813	129.261
370.295	126.51
370.777	124.591
371.259	123.706
371.741	125.793
372.224	130.491
372.706	126.502
373.188	106.989
373.67	112.608
374.152	119.599
374.634	108.365
375.116	101.233
375.598	102.583
376.081	109.232
376.563	107.862
377.045	104.869
377.527	115.174
378.009	112.221
378.491	104.875
378.973	115.027
379.455	115.394
379.937	110.691
380.419	109.205
380.902	110.983
381.384	112.827
381.866	111.342
382.348	108.068
382.83	111.979
383.312	124.412
383.794	137.527
384.276	140.347
384.759	135.447
385.241	132.4
385.723	138.546
386.205	147.477
386.687	149.112
387.169	143.569
387.651	135.376
388.133	126.692
388.616	118.113
389.098	110.114
389.58	101.021
390.062	105.115
390.544	104.089
391.026	102.956
391.508	110.525
391.99	117.288
392.472	122.439
392.955	125.22
393.437	125.037
393.919	123.15
394.401	120.215
394.883	115.924
395.365	109.75
395.847	105.672
396.329	117.215
396.811	117.208
397.294	100.175
397.776	111.941
398.258	108.619
398.74	100.286
399.222	100.454
399.704	119.742
400.186	132.974
400.668	131.853
401.151	115.399
401.633	102.562
402.115	104.134
402.597	109.767
403.079	119.379
403.561	136.738
404.043	148.172
404.525	149.119
405.008	143.179
405.49	146.721
405.972	162.648
406.454	179.298
406.936	188.239
407.418	188.902
407.9	196.378
408.382	213.577
408.864	233.92
409.346	245.622
409.829	248.919
410.311	250.598
410.793	249.868
411.275	250.009
411.757	264.602
412.239	295.045
412.721	326.482
413.203	337.717
413.686	337.558
414.168	349.116
414.65	387.025
415.132	435.284
415.614	483.209
416.096	528.835
416.578	561.352
417.06	563.254
417.543	552.26
418.025	545.488
418.507	543.254
418.989	552.559
419.471	581.202
419.953	624.084
420.435	668.782
420.917	714.5
421.399	759.973
421.882	803.119
422.364	841.091
422.846	885.434
423.328	944.572
423.81	1009.6
424.292	1069.58
424.774	1104.97
425.256	1155.3
425.738	1235.64
426.221	1345.72
426.703	1442.74
427.185	1517
427.667	1588.22
428.149	1668.38
428.631	1756.18
429.113	1856.74
429.595	1975.17
430.078	2103.79
430.56	2223.74
431.042	2332.89
431.524	2436.44
432.006	2536.12
432.488	2633.11
432.97	2729.27
433.452	2823.52
433.934	2918.02
434.417	3018.29
434.899	3124.06
435.381	3228.33
435.863	3335.32
436.345	3434.59
436.827	3502.5
437.309	3540.7
437.791	3572.27
438.273	3618.39
438.756	3669.04
439.238	3709.29
439.72	3735.54
440.202	3750.74
440.684	3750.87
441.166	3739.77
441.648	3729.91
442.13	3730.38
442.612	3733.5
443.095	3729.94
443.577	3712.53
444.059	3711.58
444.541	3749.97
445.023	3806.73
445.505	3856.57
445.987	3885.7
446.47	3916.33
446.952	3955.86
447.434	4004.34
447.916	4045.4
448.398	4069.61
448.88	4094.46
449.362	4130.59
449.844	4181.19
450.326	4236.72
450.809	4302.9
451.291	4371.34
451.773	4418.5
452.255	4440.14
452.737	4456.38
453.219	4473.27
453.701	4491.18
454.183	4518.86
454.665	4560.4
455.148	4596.42
455.63	4598.12
456.112	4570.81
456.594	4547.52
457.076	4537.66
457.558	4536.59
458.04	4542.26
458.522	4553.2
459.004	4556.02
459.487	4539.34
459.969	4509.04
460.451	4472.06
460.933	4428.29
461.415	4382.44
461.897	4336.19
462.379	4290.9
462.862	4250.07
463.344	4214.02
463.826	4183.56
464.308	4161.51
464.79	4148.26
465.272	4133.59
465.754	4111.84
466.236	4089.68
466.718	4071.81
467.201	4065.15
467.683	4054.88
468.165	4032.29
468.647	4005.15
469.129	3999.9
469.611	4034.75
470.093	4064.41
470.575	4074.43
471.057	4065.95
471.539	4033.44
472.022	3983.21
472.504	3897.65
472.986	3748.96
473.468	3533.66
473.95	3293.82
474.432	3027.34
474.914	2750.15
475.397	2503.69
475.879	2287.83
476.361	2093.38
476.843	1907.59
477.325	1740.01
477.807	1611.83
478.289	1531.86
478.771	1468.46
479.253	1390.74
479.736	1307.23
480.218	1235.2
480.7	1184.68
481.182	1146.2
481.664	1118.72
482.146	1101.27
482.628	1078.73
483.11	1038.22
483.592	994.151
484.075	957.019
484.557	931.48
485.039	908.813
485.521	889.526
486.003	872.161
486.485	853.59
486.967	836.524
487.449	814.929
487.931	784.483
488.414	743.532
488.896	713.991
489.378	701.457
489.86	691.679
490.342	668.492
490.824	629.347
491.306	597.831
491.788	578.371
492.271	568.125
492.753	562.432
493.235	561.12
493.717	559.38
494.199	553.153
494.681	543.998
495.163	539.215
495.645	540.777
496.128	540.358
496.61	523.396
497.092	498.534
497.574	482.191
498.056	487.51
498.538	498.77
499.02	506.313
499.502	508.505
499.984	507.567
500.466	506.251
500.949	505.26
501.431	503.669
501.913	499.02
502.395	492.852
502.877	483.249
503.359	474.102
503.841	469.037
504.323	467.642
504.806	469.828
505.288	478.813
505.77	493.954
506.252	501.392
506.734	497.822
507.216	489.829
507.698	480.807
508.18	471.52
508.663	474.709
509.145	494.281
509.627	514.069
510.109	506.167
510.591	475.755
511.073	453.929
511.555	461.089
512.037	478.889
512.519	476.881
513.002	457.537
513.484	439.187
513.966	432.567
514.448	433.735
514.93	440.421
515.412	455.324
515.894	466.235
516.376	464.083
516.859	455.032
517.341	448.229
517.823	445.036
518.305	445.215
518.787	448.984
519.269	456.385
519.751	466.708
520.233	488.303
520.715	503.941
521.198	502.208
521.68	474.418
522.162	454.441
522.644	443.161
523.126	439.603
523.608	443.48
524.09	455.376
524.572	468.888
525.054	484.539
525.537	499.101
526.019	498.832
526.501	484.175
526.983	471.399
527.465	475.981
527.947	490.075
528.429	500.457
528.911	505.138
529.393	505.419
529.876	493.695
530.358	479.825
530.84	479.547
531.322	525.277
531.804	561.3
532.286	556.461
532.768	514.458
533.25	476.88
533.732	448.084
534.215	429.605
534.697	423.999
535.179	439.647
535.661	448.558
536.143	446.58
536.625	441.219
537.107	443.954
537.589	458.711
538.072	467.233
538.554	463.791
539.036	451.504
539.518	442.076
540	435.53
540.482	429.497
540.964	424.785
541.446	419.305
541.929	405.061
542.411	380.09
542.893	355.84
543.375	346.441
543.857	344.652
544.339	337.599
544.821	314.228
545.303	290.831
545.786	277.37
546.268	271.832
546.75	266.331
547.232	263.488
547.714	255.718
548.196	237.406
548.678	203.478
549.16	176.679
549.642	163.466
550.125	152.876
550.607	132.584
551.089	107.226
551.571	130.194
552.053	126.269
552.535	106.407
553.017	101.67
553.499	113.824
553.981	122.643
554.464	109.402
554.946	116.109
555.428	109.283
555.91	131.049
556.392	168.7
556.874	161.94
557.356	134.658
557.838	127.747
558.32	160.804
558.803	194.161
559.285	197.139
559.767	181.113
560.249	167.589
560.731	167.43
561.213	167.711
561.695	161.074
562.177	147.249
562.659	142.751
563.142	160.597
563.624	176.723
564.106	176.713
564.588	150.126
565.07	136.757
565.552	141.871
566.034	153.071
566.516	152.732
566.999	140.325
567.481	123.987
567.963	103.293
568.445	117.766
568.927	129.749
569.409	133.504
569.891	136.377
570.373	141.489
570.856	149.245
571.338	161.013
571.82	177.008
572.302	193.8
572.784	211.538
573.266	227.739
573.748	239.962
574.23	244.397
574.713	248.347
575.195	248.728
575.677	249.647
576.159	262.781
576.641	300.502
577.123	333.682
577.605	351.982
578.087	355.508
578.569	365.309
579.052	383.227
579.534	402.67
580.016	414.784
580.498	420.978
580.98	443.36
581.462	487.956
581.944	535.543
582.426	560.009
582.908	567.059
583.391	573.65
583.873	580.465
584.355	595.03
584.837	628.89
585.319	677.583
585.801	724.26
586.283	763.842
586.765	796.48
587.247	819.153
587.73	827.121
588.212	844.844
588.694	881.961
589.176	925.585
589.658	965.148
590.14	993.537
590.622	1035.76
591.104	1101.48
591.586	1175.4
592.069	1223.24
592.551	1242.47
593.033	1265.89
593.515	1305.84
593.997	1358.99
594.479	1419.23
594.961	1486.57
595.443	1556.46
595.925	1628.15
596.408	1700.15
596.89	1769.71
597.372	1834.79
597.854	1903.3
598.336	1983.58
598.818	2068.83
599.3	2149.08
599.782	2210.82
600.265	2282.03
600.747	2369.35
601.229	2469.62
601.711	2577.67
602.193	2701.04
602.675	2819.81
603.157	2923.61
603.639	3014.42
604.122	3123.12
604.604	3254.25
605.086	3385.99
605.568	3494.36
606.05	3588.11
606.532	3707.02
607.014	3858.79
607.496	4020.05
607.979	4175.22
608.461	4321.97
608.943	4459.12
609.425	4578.16
609.907	4693.93
610.389	4815.03
610.871	4937.06
611.353	5054.14
611.835	5185.11
612.318	5291.74
612.8	5354.28
613.282	5370.41
613.764	5372.7
614.246	5358.13
614.728	5336.06
615.21	5316.09
615.692	5299.62
616.174	5258.97
616.657	5191.43
617.139	5103.1
617.621	4990.05
618.103	4858.86
618.585	4739.99
619.067	4648.38
619.549	4567.77
620.031	4481.28
620.513	4389.39
620.996	4296.78
621.478	4208.02
621.96	4118.32
622.442	4024.88
622.924	3925.68
623.406	3831.86
623.888	3750.98
624.37	3672.85
624.852	3592.1
625.335	3510.47
625.817	3423.5
626.299	3325.97
626.781	3226.39
627.263	3137.88
627.745	3060.76
628.227	2987.43
628.709	2919.17
629.192	2849.45
629.674	2764.97
630.156	2668.96
630.638	2572.9
631.12	2472.44
631.602	2379.24
632.084	2311.89
632.566	2269.01
633.049	2220.17
633.531	2148.77
634.013	2069.42
634.495	1990.73
634.977	1909.4
635.459	1838.61
635.941	1786.51
636.423	1739.23
636.906	1681.49
637.388	1607.18
637.87	1543.97
638.352	1497.72
638.834	1460.99
639.316	1422.66
639.798	1382
640.28	1335.86
640.762	1281.45
641.245	1221.85
641.727	1159.26
642.209	1095.29
642.691	1040.74
643.173	1009.04
643.655	984.766
644.137	958.455
644.619	928.985
645.101	896.416
645.584	854.825
646.066	813.887
646.548	779.992
647.03	756.613
647.512	733.531
647.994	710.272
648.476	687.466
648.958	666.765
649.44	648.126
649.923	629.679
650.405	610.435
650.887	591.832
651.369	578.896
651.851	569.503
652.333	554.247
652.815	519.008
653.297	481.495
653.779	459.871
654.262	453.779
654.744	448.904
655.226	440.37
655.708	427.232
656.19	408.202
656.672	379.274
657.154	359.112
657.636	350.567
658.119	345.887
658.601	339.755
659.083	333.247
659.565	318.859
660.047	292.243
660.529	264.192
661.011	255.085
661.493	261.634
661.976	267.576
662.458	267.255
662.94	263.476
663.422	257.237
663.904	248.749
664.386	240.217
664.868	234.061
665.35	227.732
665.833	218.616
666.315	205.937
666.797	196.272
667.279	191.645
667.761	188.382
668.243	184.374
668.725	179.104
669.207	175.703
669.689	174.299
670.171	174.967
670.654	180.928
671.136	189.774
671.618	188.069
672.1	169.427
672.582	149.12
673.064	145.236
673.546	152.109
674.028	158.598
674.51	159.429
674.993	160.152
675.475	165.262
675.957	172.703
676.439	174.368
676.921	165.772
677.403	155.4
677.885	145.571
678.367	136.315
678.849	123.875
679.332	106.296
679.814	107.257
680.296	107.634
680.778	102.103
681.26	104.148
681.742	102.606
682.224	111.657
682.706	121.363
683.189	127.629
683.671	122.242
684.153	104.361
684.635	124.16
685.117	117.038
685.599	101.583
686.081	110.955
686.563	106.8
687.045	114.441
687.528	102.422
688.01	119.538
688.492	125.388
688.974	113.084
689.456	104.546
689.938	127.832
690.42	150.714
690.903	151.338
691.385	131.875
691.867	114.056
692.349	115.038
692.831	123.027
693.313	125.359
693.795	121.346
694.277	118.553
694.759	124.853
695.242	130.873
695.724	127.869
696.206	107.559
696.688	100.677
697.17	110.095
697.652	125.315
698.134	129.725
698.616	121.881
699.098	118.068
699.581	121.135
700.063	126.564
700.545	127.246
701.027	124.681
701.509	123.603
701.991	127.04
702.473	130.734
702.955	130.284
703.438	127.42
703.92	126.31
704.402	131.458
704.884	135.093
705.366	132.876
705.848	126.199
706.33	124.174
706.812	130.388
707.294	133.84
707.777	127.569
708.259	113.04
708.741	106.527
709.223	108.217
709.705	113.312
710.187	123.926
710.669	133.444
711.151	126.873
711.633	101.065
712.116	120.27
712.598	117.384
713.08	106.485
713.562	102.892
714.044	117.327
714.526	124.167
715.008	117.37
715.49	105.116
715.972	103.744
716.455	108.432
716.937	113.017
717.419	118.742
717.901	123.45
718.383	122.75
718.865	117.265
719.347	110.239
719.83	100.146
720.312	108.031
720.794	107.084
721.276	100.009
721.758	104.703
722.24	100.082
722.722	104.142
723.204	104.698
723.686	101.429
724.169	106.109
724.651	123.548
725.133	135.228
725.615	132.56
726.097	116.587
726.579	102.892
727.061	108.467
727.543	116.106
728.026	119.825
728.508	118.604
728.99	108.388
729.472	111.851
729.954	130.563
730.436	143.86
730.918	150.381
731.4	147.842
731.882	128.167
732.365	116.268
732.847	117.133
733.329	123.416
733.811	128.279
734.293	131.748
734.775	132.908
735.257	130.55
735.739	128.424
736.221	133.692
736.704	144.294
737.186	130.138
737.668	149.978
738.15	161.484
738.632	165.398
739.114	137.934
739.596	150.876
740.078	147.147
740.56	142.159
741.043	159.403
741.525	135.368
742.007	153.85
742.489	155.819
742.971	165.17
743.453	158.069
743.935	155.553
744.417	169.902
744.899	157.067
745.382	143.917
745.864	145.004
746.346	152.869
746.828	160.407
747.31	167.127
747.792	172.441
748.274	177.106
748.756	179.431
749.239	177.819
749.721	171.193
750.203	167.482
750.685	171.367
751.167	170.734
751.649	150.936
752.131	112.451
752.613	100.736
753.096	115.215
753.578	138.463
754.06	148.207
754.542	148.442
755.024	147.448
755.506	146.166
755.988	145.526
756.47	145.059
756.952	145.95
757.435	149.14
757.917	155.112
758.399	163.159
758.881	176.361
759.363	188.843
759.845	192.258
760.327	186.392
760.809	174.588
761.291	153.608
761.774	136.901
762.256	148.85
762.738	177.431
763.22	198.036
763.702	197.779
764.184	190.852
764.666	179.879
765.148	168.206
765.63	163.96
766.113	174.838
766.595	183.681
767.077	185.357
767.559	183.651
768.041	193.948
768.523	217.963
769.005	236.753
769.487	240.535
769.969	235.966
770.452	235.906
770.934	237.668
771.416	241.264
771.898	251.711
772.38	256.456
772.862	240.898
773.344	207.451
773.826	191.127
774.309	211.263
774.791	232.915
775.273	241.425
775.755	236.692
776.237	238.027
776.719	246.818
777.201	251.784
777.683	239.349
778.166	220.318
778.648	217.74
779.13	230.666
779.612	242.391
780.094	241.82
780.576	235.979
781.058	228.845
781.54	219.711
782.023	217.424
782.505	230.11
782.987	240.842
783.469	235.131
783.951	208.883
784.433	201.459
784.915	216.108
785.397	230.712
785.879	217.837
786.362	190.861
786.844	179.073
787.326	189.113
787.808	198.877
788.29	188.986
788.772	175.263
789.254	172.562
789.736	193.156
790.218	205.93
790.701	208.3
791.183	205.112
791.665	200.496
792.147	194.355
792.629	186.523
793.111	175.585
793.593	167.977
794.075	179.162
794.557	197.896
795.04	200.168
795.522	171.758
796.004	146.028
796.486	142.994
796.968	150.621
797.45	154.282
797.932	151.828
798.414	145.849
798.896	133.591
799.379	121.313
799.861	121.927
800.343	134.572
800.825	142.156
801.307	140.061
801.789	133.603
802.271	127.071
802.753	121.208
803.236	117.615
803.718	119.89
804.2	121.074
804.682	116.757
805.164	110.274
805.646	107.843
806.128	110.984
806.61	114.953
807.093	119.874
807.575	124.093
808.057	124.326
808.539	120.928
809.021	115.636
809.503	107.533
809.985	100.509
810.467	107.393
810.95	110.547
811.432	107.195
811.914	113.594
812.396	128.728
812.878	130.065
813.36	122.769
813.842	116.37
814.324	108.969
814.806	111.604
815.289	131.133
815.771	156.954
816.253	168.467
816.735	167.568
817.217	161.142
817.699	150.239
818.181	136.859
818.663	116.595
819.145	105.188
819.628	114.167
820.11	106.959
820.592	123.646
821.074	129.667
821.556	127.305
822.038	121.366
822.52	111.525
823.002	104.86
823.484	104.315
823.967	107.935
824.449	116.52
824.931	126.899
825.413	130.592
825.895	120.439
826.377	106.167
826.859	119.06
827.341	145.863
827.823	140.445
828.306	120.662
828.788	160.962
829.27	154.011
829.752	118.014
830.234	104.196
830.716	109.659
831.198	112.897
831.68	102.141
832.163	117.362
832.645	111.364
833.127	108.301
833.609	122.364
834.091	125.141
834.573	119.857
835.055	100.935
835.537	123.688
836.019	127.683
836.502	107.975
836.984	112.199
837.466	126.647
837.948	135.046
838.43	135.235
838.912	128.932
839.394	121.294
839.877	107.804
840.359	100.695
840.841	109.079
841.323	128.882
841.805	148.613
842.287	174.736
842.769	186.434
843.251	174.776
843.733	150.345
844.216	137.853
844.698	136.74
845.18	140.649
845.662	148.442
846.144	158.37
846.626	171.467
847.108	184.938
847.59	193.233
848.072	190.982
848.555	187.435
849.037	183.6
849.519	180.236
850.001	178.884
850.483	179.742
850.965	181.545
851.447	184.005
851.929	187.334
852.411	192.927
852.894	199.274
853.376	205.516
853.858	213.456
854.34	218.463
854.822	210.28
855.304	198.766
855.786	201.933
856.268	233.689
856.75	249.224
857.233	233.3
857.715	207.942
858.197	211.969
858.679	240.74
859.161	261.543
859.643	263.323
860.125	261.096
860.607	273.878
861.089	290.347
861.572	294.687
862.054	264.328
862.536	246.826
863.018	252.771
863.5	266.719
863.982	269.141
864.464	258.649
864.946	257.956
865.429	272.555
865.911	286.537
866.393	275.331
866.875	252.588
867.357	241.572
867.839	251.354
868.321	262.125
868.803	269.757
869.286	273.619
869.768	273.437
870.25	265.963
870.732	261.146
871.214	259.47
871.696	259.161
872.178	259.89
872.66	260.597
873.143	255.647
873.625	243.429
874.107	235.729
874.589	251.704
875.071	268.271
875.553	261.914
876.035	216.914
876.517	198.551
876.999	217.562
877.482	242.235
877.964	251.019
878.446	245.128
878.928	245.101
879.41	251.198
879.892	254.712
880.374	250.426
880.856	239.327
881.338	214.583
881.821	175.808
882.303	162.799
882.785	218.426
883.267	260.276
883.749	247.108
884.231	186.14
884.713	168.972
885.195	196.696
885.677	227.791
886.16	241.263
886.642	240.832
887.124	228.685
887.606	208.678
888.088	197.012
888.57	214.029
889.052	225.892
889.534	213.187
890.016	185.076
890.499	174.888
890.981	191.678
891.463	202.195
891.945	206.768
892.427	187.572
892.909	198.857
893.391	196.315
893.873	193.039
894.356	208.153
894.838	192.458
895.32	208.064
895.802	211.186
896.284	220.036
896.766	213.956
897.248	235.175
897.73	230.176
898.213	212.705
898.695	203.849
899.177	200.811
899.659	196.151
900.141	187.72
900.623	178.055
901.105	167.171
901.587	156.717
902.07	148.869
902.552	143.291
903.034	141.451
903.516	144.882
903.998	148.87
904.48	148.906
904.962	145.262
905.444	137.152
905.926	124.063
906.409	114.782
906.891	119.473
907.373	128.26
907.855	133.812
908.337	135.441
908.819	130.53
909.301	112.711
909.783	114.084
910.265	112.808
910.748	126.678
911.23	128.227
911.712	119.475
912.194	103.56
912.676	113.13
913.158	123.739
913.64	101.145
914.122	139.352
914.604	115.01
915.087	116.532
915.569	106.193
916.051	121.486
916.533	128.837
917.015	132.229
917.497	126.697
917.979	121.664
918.461	123.892
918.943	126.87
919.426	126.456
919.908	121.972
920.39	112.045
920.872	115.436
921.354	131.623
921.836	129.296
922.318	118.97
922.8	116.821
923.283	122.32
923.765	125.476
924.247	123.186
924.729	123.485
925.211	141.579
925.693	163.451
926.175	170.349
926.657	151.228
927.14	138.237
927.622	137.051
928.104	140.676
928.586	145.079
929.068	150.25
929.55	153.47
930.032	154.614
930.514	157.583
930.997	167.353
931.479	179.319
931.961	190.628
932.443	200.695
932.925	204.465
933.407	191.685
933.889	183.903
934.371	190.992
934.853	208.341
935.336	209.843
935.818	196.374
936.3	191.398
936.782	210.529
937.264	238.513
937.746	265.677
938.228	289.343
938.71	304.111
939.192	301.139
939.674	297.475
940.157	291.128
940.639	289.177
941.121	309.72
941.603	350.189
942.085	371.409
942.567	361.563
943.049	349.777
943.531	367.872
944.013	398.467
944.496	419.502
944.978	417.379
945.46	434.977
945.942	492.195
946.424	546.667
946.906	563.043
947.388	544.528
947.87	541.287
948.353	553.838
948.835	576.954
949.317	614.237
949.799	654.687
950.281	684.469
950.763	705.311
951.245	743.113
951.727	814.658
952.209	877.966
952.692	914.484
953.174	938.047
953.656	997.751
954.138	1087.04
954.62	1161.16
955.102	1188.49
955.584	1216.23
956.067	1280.3
956.549	1368.41
957.031	1460.94
957.513	1550.4
957.995	1651.09
958.477	1762.23
958.959	1885.75
959.441	2023.31
959.923	2174.28
960.406	2341.89
960.888	2526.82
961.37	2724.41
961.852	2916.86
962.334	3128.66
962.816	3382.75
963.298	3685.1
963.78	4000.86
964.263	4326.61
964.745	4682.45
965.227	5082.46
965.709	5526.12
966.191	5998.01
966.673	6502.36
967.155	7030.35
967.637	7556.22
968.119	8136.02
968.602	8812.09
969.084	9559.18
969.566	10302.3
970.048	11050.1
970.53	11770.2
971.012	12465.4
971.494	13106.9
971.976	13670.3
972.458	14134.1
972.941	14441.7
973.423	14578.9
973.905	14567.9
974.387	14344.3
974.869	14024.4
975.351	13678.8
975.833	13302.3
976.315	12973.7
976.797	12688.5
977.28	12474.8
977.762	12342.7
978.244	12300.8
978.726	12341.2
979.208	12474.3
979.69	12757.4
980.172	13232.2
980.654	13849.9
981.136	14605.9
981.619	15478.6
982.101	16362.8
982.583	17273.9
983.065	18424.9
983.547	19883.2
984.029	21591.1
984.511	23423.6
984.994	25460.6
985.476	27799.3
985.958	30513.4
986.44	33499.9
986.922	36907.3
987.404	40315.5
987.886	43628.3
988.368	46681.5
988.85	48819.4
989.333	50000
989.815	49696.9
990.297	47160.4
990.779	43423.1
991.261	38701.9
991.743	33163.8
992.225	28066.7
992.707	23333.9
993.19	19201.2
993.672	15799.8
994.154	13020.4
994.636	10796.2
995.118	9040.54
995.6	7620.74
996.082	6548.16
996.564	5647.4
997.046	4896.57
997.529	4274.65
998.011	3769.79
998.493	3391.91
998.975	3044.4
999.457	2720.75
999.939	2431.89
1000.42	2189.97
1000.9	1984.39
1001.39	1813.01
1001.87	1672.81
1002.35	1543.2
1002.83	1420.01
1003.31	1307.72
1003.8	1208.48
1004.28	1120.39
1004.76	1043.25
1005.24	975.233
1005.72	908.166
1006.21	835.972
1006.69	770.455
1007.17	724.217
1007.65	689.435
1008.14	658.411
1008.62	634.671
1009.1	599.303
1009.58	544.742
1010.06	501.568
1010.55	512.574
1011.03	551.663
1011.51	559.065
1011.99	534.039
1012.47	481.105
1012.96	524.413
1013.44	544.352
1013.92	542.179
1014.4	451.655
1014.89	475.2
1015.37	453.033
1015.85	428.985
1016.33	468.566
1016.81	390.885
1017.3	429.446
1017.78	421.597
1018.26	434.96
1018.74	402.35
1019.22	383.939
1019.71	411.526
1020.19	413.636
1020.67	375.71
1021.15	390.412
1021.63	311.071
1022.12	314.242
1022.6	311.704
1023.08	302.137
1023.56	285.824
1024.05	269.24
1024.53	253.485
1025.01	241.095
1025.49	232.202
1025.97	227.658
1026.45	230.902
1026.94	229.711
1027.42	200.025
1027.9	156.038
1028.38	121.464
1028.87	102.407
1029.35	109.625
1029.83	112.259
1030.31	113.528
1030.8	120.562
1031.28	132.084
1031.76	120.341
1032.24	112.356
1032.72	130.672
1033.2	108.321
1033.69	150.58
1034.17	150.668
1034.65	123.056
1035.13	109.901
1035.62	119.071
1036.1	128.924
1036.58	137.677
1037.06	144.08
1037.54	146.615
1038.03	145.843
1038.51	142.378
1038.99	136.167
1039.47	129.75
1039.95	117.807
1040.44	113.229
1040.92	126.535
1041.4	153.779
1041.88	160.52
1042.37	147.438
1042.85	129.577
1043.33	108.654
1043.81	107.39
1044.29	106.189
1044.78	103.741
1045.26	107.98
1045.74	100.083
1046.22	104.538
1046.7	104.624
1047.19	101.654
1047.67	108.718
1048.15	119.643
1048.63	110.859
1049.12	117.257
1049.6	139.887
1050.08	141.65
1050.56	138.943
1051.04	136.779
1051.53	136.069
1052.01	140.665
1052.49	150.437
1052.97	157.969
1053.45	158.034
1053.94	164.062
1054.42	201.534
1054.9	245.977
1055.38	266.252
1055.87	248.02
1056.35	236.992
1056.83	234.654
1057.31	235.301
1057.79	236.697
1058.28	237.789
1058.76	232.733
1059.24	224.335
1059.72	223.456
1060.2	245.819
1060.69	262.829
1061.17	262.544
1061.65	255.6
1062.13	258.761
1062.61	271.591
1063.1	275.999
1063.58	268.38
1064.06	266.867
1064.54	298.713
1065.03	334.139
1065.51	343.868
1065.99	324.627
1066.47	322.122
1066.95	341.69
1067.43	359.438
1067.92	366.288
1068.4	367.007
1068.88	369.034
1069.36	371.458
1069.85	371.83
1070.33	363.818
1070.81	364.933
1071.29	381.431
1071.77	403.587
1072.26	426.545
1072.74	449.572
1073.22	461.202
1073.7	462.123
1074.18	462.364
1074.67	466.332
1075.15	473.328
1075.63	480.326
1076.11	490.823
1076.6	515.959
1077.08	561.031
1077.56	591.243
1078.04	599.471
1078.52	603.531
1079.01	625.504
1079.49	654.049
1079.97	673.843
1080.45	682.083
1080.93	692.932
1081.42	704.662
1081.9	725.414
1082.38	760.854
1082.86	805.078
1083.35	843.047
1083.83	875.785
1084.31	906.097
1084.79	931.51
1085.27	960.981
1085.76	1004.63
1086.24	1048.27
1086.72	1076.88
1087.2	1088.8
1087.68	1119.17
1088.17	1168.22
1088.65	1219.23
1089.13	1263.24
1089.61	1304.42
1090.1	1338.78
1090.58	1372.48
1091.06	1431.07
1091.54	1533.64
1092.02	1592.71
1092.51	1588.8
1092.99	1570.91
1093.47	1593.63
1093.95	1640.26
1094.43	1690.51
1094.92	1742.24
1095.4	1782.25
1095.88	1799.86
1096.36	1816.29
1096.84	1836.8
1097.33	1862.77
1097.81	1901.15
1098.29	1948.67
1098.77	1993.89
1099.26	2035.73
1099.74	2068.76
1100.22	2088.38
1100.7	2101.62
1101.18	2111.47
1101.67	2116.97
1102.15	2145.25
1102.63	2195.53
1103.11	2230.1
1103.59	2203.76
1104.08	2174.35
1104.56	2193.57
1105.04	2242.03
1105.52	2277.77
1106.01	2299.09
1106.49	2302.92
1106.97	2284.92
1107.45	2267.9
1107.93	2279.23
1108.42	2304.85
1108.9	2327.41
1109.38	2345.51
1109.86	2357.73
1110.34	2365.47
1110.83	2362.79
1111.31	2342.18
1111.79	2452.8
1112.27	2531.58
1112.75	2580.27
1113.24	2508.94
1113.72	2593.69
1114.2	2616.24
1114.68	2635.9
1115.17	2741.96
1115.65	2688.06
1116.13	2792.57
1116.61	2833.79
1117.09	2903.93
1117.58	2898.41
1118.06	2991.12
1118.54	3093.29
1119.02	3178.46
1119.5	3253.82
1119.99	3325.98
1120.47	3389.73
1120.95	3479.31
1121.43	3597.33
1121.92	3716.66
1122.4	3812.93
1122.88	3906.72
1123.36	4020.3
1123.84	4149.36
1124.33	4280.19
1124.81	4416.4
1125.29	4542.65
1125.77	4656.02
1126.25	4759.71
1126.74	4854.55
1127.22	4942.64
1127.7	5028.61
1128.18	5112.34
1128.66	5187.96
1129.15	5274.69
1129.63	5316.05
1130.11	5287.36
1130.59	5217.61
1131.08	5156.73
1131.56	5104.42
1132.04	5070.96
1132.52	5069.96
1133	5024.37
1133.48	4868.3
1133.97	4687.65
1134.45	4523.79
1134.93	4374.27
1135.41	4228
1135.9	4083.65
1136.38	3925.05
1136.86	3734.66
1137.34	3546.16
1137.82	3388.74
1138.31	3235.83
1138.79	3053.61
1139.27	2834.38
1139.75	2635.56
1140.23	2456.78
1140.72	2307.39
1141.2	2220.27
1141.68	2138.38
1142.16	2001.27
1142.65	1834.97
1143.13	1695.86
1143.61	1593.47
1144.09	1496.31
1144.57	1401.57
1145.06	1316.69
1145.54	1254.5
1146.02	1201.39
1146.5	1139.83
1146.98	1070.14
1147.47	1001.96
1147.95	933.056
1148.43	870.547
1148.91	815.753
1149.4	767.779
1149.88	728.998
1150.36	695.623
1150.84	660.018
1151.32	620.714
1151.81	586.79
1152.29	563
1152.77	540.707
1153.25	517.804
1153.73	493.968
1154.22	467.877
1154.7	440.098
1155.18	409.239
1155.66	370.711
1156.15	345.086
1156.63	357.272
1157.11	366.948
1157.59	352.676
1158.07	319.639
1158.56	290.64
1159.04	266.302
1159.52	249.402
1160	246.586
1160.48	242.629
1160.97	225.692
1161.45	208.78
1161.93	205.844
1162.41	216.819
1162.89	212.1
1163.38	192.316
1163.86	168.501
1164.34	138.397
1164.82	115.533
1165.31	115.113
1165.79	124.324
1166.27	121.675
1166.75	105.772
1167.23	102.787
1167.72	102.885
1168.2	103.27
1168.68	126.205
1169.16	143.266
1169.64	131.461
1170.13	100.947
1170.61	126.391
1171.09	146.219
1171.57	151.68
1172.06	139.879
1172.54	124.4
1173.02	117.65
1173.5	113.348
1173.98	108.271
1174.46	102.852
1174.95	108.487
1175.43	130.747
1175.91	145.13
1176.39	144.641
1176.88	136.386
1177.36	132.738
1177.84	130.375
1178.32	122.382
1178.8	106.468
1179.29	105.267
1179.77	124.739
1180.25	143.088
1180.73	148.085
1181.21	145.727
1181.7	151.613
1182.18	162.578
1182.66	171.681
1183.14	175.626
1183.63	186.559
1184.11	209.053
1184.59	225.726
1185.07	226.378
1185.55	218.289
1186.04	208.331
1186.52	197.54
1187	192.215
1187.48	189.911
1187.96	197.479
1188.45	222.489
1188.93	241.575
1189.41	222.462
1189.89	189.831
1190.38	208.108
1190.86	260.845
1191.34	301.324
1191.82	309.263
1192.3	305.431
1192.79	285.553
1193.27	267.518
1193.75	272.28
1194.23	290.019
1194.71	297.966
1195.2	295.99
1195.68	287.976
1196.16	264.202
1196.64	251.835
1197.13	259.979
1197.61	271.469
1198.09	264.421
1198.57	244.836
1199.05	225.911
1199.54	209.187
1200.02	197.008
1200.5	194.341
1200.98	191.054
1201.46	183.063
1201.95	175.537
1202.43	182.979
1202.91	196.693
1203.39	187.497
1203.87	153.084
1204.36	129.24
1204.84	140.098
1205.32	152.09
1205.8	156.226
1206.29	156.135
1206.77	161.788
1207.25	168.687
1207.73	160.867
1208.21	133.934
1208.69	112.447
1209.18	109.902
1209.66	111.128
1210.14	111.905
1210.62	112.522
1211.11	115.229
1211.59	118.253
1212.07	114.806
1212.55	100.988
1213.04	107.166
1213.52	100.26
1214	109.944
1214.48	121.39
1214.96	130.728
1215.44	124.87
1215.93	109.177
1216.41	100.504
1216.89	102.087
1217.37	105.324
1217.86	107.193
1218.34	107.023
1218.82	103.076
1219.3	102.549
1219.78	103.335
1220.27	100.053
1220.75	106.34
1221.23	120.032
1221.71	124.913
1222.19	112.595
1222.68	101.779
1223.16	109.014
1223.64	111.242
1224.12	115.424
1224.61	120.542
1225.09	123.694
1225.57	123.811
1226.05	121.548
1226.53	116.429
1227.02	110.457
1227.5	105.903
1227.98	101.396
1228.46	110.894
1228.94	126.738
1229.43	133.598
1229.91	120.982
1230.39	107.241
1230.87	109.629
1231.36	120.034
1231.84	107.969
1232.32	114.22
1232.8	109.745
1233.28	112.826
1233.77	122.392
1234.25	109.044
1234.73	128.391
1235.21	127.428
1235.69	121.703
1236.18	133.259
1236.66	147.154
1237.14	121.116
1237.62	131.884
1238.11	159.249
1238.59	122.035
1239.07	104.723
1239.55	114.757
1240.03	116.178
1240.52	113.802
1241	110.307
1241.48	112.121
1241.96	117.399
1242.44	115.286
1242.93	104.707
1243.41	111.203
1243.89	103.692
1244.37	110.562
1244.85	115.933
1245.34	132.526
1245.82	139.748
1246.3	109.563
1246.78	127.664
1247.27	126.409
1247.75	124.353
1248.23	149.239
1248.71	124.468
1249.19	148.916
1249.68	153.71
1250.16	167.491
1250.64	161.792
1251.12	162.098
1251.6	181.875
1252.09	169.192
1252.57	172.196
1253.05	172.572
1253.53	179.381
1254.01	186.609
1254.5	185.693
1254.98	179.856
1255.46	186.456
1255.94	207.312
1256.43	222.89
1256.91	230.201
1257.39	226.607
1257.87	195.793
1258.35	167.989
1258.84	175.321
1259.32	204.022
1259.8	211.406
1260.28	196.809
1260.76	180.672
1261.25	166.938
1261.73	160.691
1262.21	171.963
1262.69	182.063
1263.18	179.453
1263.66	168.784
1264.14	156.876
1264.62	145.352
1265.1	145.894
1265.59	158.436
1266.07	171.371
1266.55	185.286
1267.03	198.804
1267.51	197.464
1268	195.25
1268.48	188.864
1268.96	180.218
1269.44	173.155
1269.92	167.811
1270.41	170.994
1270.89	162.962
1271.37	157.023
1271.85	159.281
1272.34	160.433
1272.82	160.273
1273.3	163.573
1273.78	168.513
1274.26	177.435
1274.74	177.38
1275.23	158.891
1275.71	147.199
1276.19	148.703
1276.67	157.013
1277.16	165.784
1277.64	172.774
1278.12	174.148
1278.6	169.275
1279.08	161.005
1279.57	147.765
1280.05	137.062
1280.53	131.853
1281.01	133.919
1281.49	157.433
1281.98	183.303
1282.46	183.03
1282.94	155.459
1283.42	141.389
1283.91	131.865
1284.39	143.81
1284.87	150.562
1285.35	152.103
1285.83	134.787
1286.32	142.179
1286.8	139.666
1287.28	137.171
1287.76	148.642
1288.24	134.353
1288.73	145.207
1289.21	146.05
1289.69	151.453
1290.17	146.666
1290.66	144.511
1291.14	151.938
1291.62	143.458
1292.1	149.549
1292.58	156.149
1293.07	155.753
1293.55	146.427
1294.03	134.205
1294.51	114.77
1294.99	101.631
1295.48	100.648
1295.96	104.636
1296.44	118.203
1296.92	132.694
1297.41	132.95
1297.89	114.381
1298.37	100.482
1298.85	108.264
1299.33	115.87
1299.82	112.968
1300.3	107.066
1300.78	100
