3600	5.21434
3599	5.20996
3598	5.20925
3597	5.21177
3596	5.21107
3595	5.20357
3594	5.19283
3593	5.18461
3592	5.18118
3591	5.18061
3590	5.18003
3589	5.17887
3588	5.17765
3587	5.17584
3586	5.17422
3585	5.17547
3584	5.17746
3583	5.1728
3582	5.16227
3581	5.15915
3580	5.16909
3579	5.17899
3578	5.17687
3577	5.16877
3576	5.16368
3575	5.1585
3574	5.14985
3573	5.14426
3572	5.14566
3571	5.14757
3570	5.14598
3569	5.14599
3568	5.15059
3567	5.15521
3566	5.15645
3565	5.15461
3564	5.14886
3563	5.14065
3562	5.13893
3561	5.14834
3560	5.15776
3559	5.15466
3558	5.14428
3557	5.13944
3556	5.14022
3555	5.13913
3554	5.13678
3553	5.13691
3552	5.13615
3551	5.13189
3550	5.12964
3549	5.13265
3548	5.13489
3547	5.13268
3546	5.13105
3545	5.13286
3544	5.13316
3543	5.12956
3542	5.12753
3541	5.13138
3540	5.13785
3539	5.14147
3538	5.14077
3537	5.13771
3536	5.13524
3535	5.13597
3534	5.13973
3533	5.1433
3532	5.14429
3531	5.14363
3530	5.14336
3529	5.14333
3528	5.14134
3527	5.13707
3526	5.13479
3525	5.13892
3524	5.14592
3523	5.14719
3522	5.14317
3521	5.14418
3520	5.1526
3519	5.1576
3518	5.15306
3517	5.14561
3516	5.13925
3515	5.13046
3514	5.12252
3513	5.12525
3512	5.13708
3511	5.14639
3510	5.15093
3509	5.15772
3508	5.16549
3507	5.16649
3506	5.1632
3505	5.16451
3504	5.16975
3503	5.17303
3502	5.17585
3501	5.18109
3500	5.18361
3499	5.18083
3498	5.18101
3497	5.18857
3496	5.19512
3495	5.19605
3494	5.19959
3493	5.20925
3492	5.21458
3491	5.20979
3490	5.20491
3489	5.20989
3488	5.22147
3487	5.23103
3486	5.23443
3485	5.23118
3484	5.22401
3483	5.221
3482	5.23025
3481	5.24998
3480	5.2694
3479	5.27935
3478	5.27971
3477	5.27761
3476	5.28019
3475	5.28901
3474	5.30002
3473	5.30873
3472	5.31444
3471	5.31942
3470	5.32632
3469	5.33505
3468	5.34076
3467	5.34008
3466	5.34019
3465	5.3516
3464	5.36975
3463	5.3802
3462	5.38385
3461	5.39436
3460	5.40928
3459	5.41221
3458	5.40474
3457	5.40697
3456	5.42357
3455	5.4393
3454	5.44817
3453	5.45832
3452	5.47018
3451	5.47618
3450	5.47819
3449	5.48265
3448	5.48641
3447	5.48638
3446	5.49119
3445	5.50635
3444	5.52192
3443	5.52988
3442	5.53736
3441	5.5495
3440	5.55753
3439	5.55704
3438	5.55804
3437	5.56616
3436	5.57223
3435	5.5701
3434	5.56729
3433	5.57132
3432	5.57972
3431	5.58775
3430	5.59561
3429	5.60417
3428	5.6109
3427	5.61286
3426	5.6124
3425	5.61636
3424	5.6271
3423	5.63744
3422	5.6402
3421	5.63886
3420	5.6402
3419	5.64358
3418	5.64666
3417	5.65261
3416	5.66141
3415	5.66466
3414	5.66011
3413	5.6572
3412	5.65927
3411	5.65712
3410	5.64851
3409	5.64499
3408	5.65115
3407	5.65728
3406	5.65871
3405	5.66158
3404	5.6665
3403	5.66683
3402	5.66504
3401	5.66891
3400	5.67356
3399	5.66947
3398	5.66315
3397	5.66731
3396	5.67765
3395	5.68093
3394	5.67683
3393	5.67158
3392	5.66227
3391	5.64709
3390	5.63731
3389	5.64173
3388	5.6519
3387	5.65736
3386	5.66075
3385	5.66616
3384	5.66863
3383	5.66479
3382	5.66043
3381	5.66051
3380	5.66313
3379	5.66694
3378	5.67314
3377	5.67814
3376	5.67386
3375	5.65883
3374	5.6441
3373	5.64367
3372	5.65834
3371	5.67238
3370	5.67108
3369	5.65766
3368	5.64637
3367	5.64382
3366	5.64733
3365	5.65399
3364	5.66029
3363	5.66015
3362	5.65429
3361	5.65255
3360	5.65825
3359	5.66181
3358	5.65808
3357	5.65592
3356	5.6614
3355	5.66715
3354	5.6655
3353	5.65766
3352	5.6455
3351	5.62995
3350	5.61962
3349	5.62323
3348	5.63352
3347	5.63658
3346	5.63474
3345	5.63963
3344	5.64791
3343	5.64692
3342	5.63752
3341	5.62996
3340	5.62445
3339	5.61651
3338	5.61055
3337	5.60956
3336	5.60472
3335	5.59212
3334	5.58452
3333	5.59152
3332	5.60367
3331	5.60898
3330	5.60924
3329	5.60997
3328	5.60871
3327	5.60288
3326	5.59684
3325	5.59476
3324	5.59509
3323	5.59545
3322	5.59569
3321	5.59554
3320	5.59487
3319	5.5953
3318	5.59774
3317	5.59946
3316	5.59672
3315	5.59015
3314	5.58644
3313	5.59098
3312	5.59765
3311	5.59252
3310	5.57347
3309	5.556
3308	5.55148
3307	5.5525
3306	5.54997
3305	5.5479
3304	5.54855
3303	5.54314
3302	5.53004
3301	5.52159
3300	5.52214
3299	5.52145
3298	5.51732
3297	5.51988
3296	5.52925
3295	5.53363
3294	5.53133
3293	5.53074
3292	5.53027
3291	5.52201
3290	5.51195
3289	5.51224
3288	5.51855
3287	5.51775
3286	5.51049
3285	5.50608
3284	5.50416
3283	5.49925
3282	5.49288
3281	5.48652
3280	5.47513
3279	5.45993
3278	5.45413
3277	5.4648
3276	5.48102
3275	5.48858
3274	5.48595
3273	5.47986
3272	5.47493
3271	5.47211
3270	5.4715
3269	5.47205
3268	5.47137
3267	5.46837
3266	5.46526
3265	5.46634
3264	5.47261
3263	5.47901
3262	5.47902
3261	5.47243
3260	5.46432
3259	5.45821
3258	5.4554
3257	5.45703
3256	5.46051
3255	5.45942
3254	5.45378
3253	5.45181
3252	5.45536
3251	5.45587
3250	5.45244
3249	5.45559
3248	5.46476
3247	5.46457
3246	5.45187
3245	5.44249
3244	5.44376
3243	5.44425
3242	5.43764
3241	5.43154
3240	5.42921
3239	5.42484
3238	5.41938
3237	5.42067
3236	5.42764
3235	5.43111
3234	5.4282
3233	5.42242
3232	5.41393
3231	5.40328
3230	5.39762
3229	5.40121
3228	5.4071
3227	5.40804
3226	5.40576
3225	5.40181
3224	5.3921
3223	5.3792
3222	5.37512
3221	5.38253
3220	5.38922
3219	5.38789
3218	5.38747
3217	5.39738
3216	5.41174
3215	5.4161
3214	5.40489
3213	5.38664
3212	5.37368
3211	5.36948
3210	5.36953
3209	5.37162
3208	5.37846
3207	5.39025
3206	5.40153
3205	5.40639
3204	5.40198
3203	5.38898
3202	5.37317
3201	5.36302
3200	5.36042
3199	5.35903
3198	5.35522
3197	5.35312
3196	5.35467
3195	5.35379
3194	5.34653
3193	5.33811
3192	5.33365
3191	5.33146
3190	5.32978
3189	5.32956
3188	5.32874
3187	5.32514
3186	5.32475
3185	5.33187
3184	5.33548
3183	5.32433
3182	5.30964
3181	5.31026
3180	5.32234
3179	5.32767
3178	5.32246
3177	5.31484
3176	5.30509
3175	5.29223
3174	5.28694
3173	5.2965
3172	5.30993
3171	5.31524
3170	5.31527
3169	5.31355
3168	5.30474
3167	5.29081
3166	5.28577
3165	5.29387
3164	5.30217
3163	5.30238
3162	5.30148
3161	5.30576
3160	5.30982
3159	5.30698
3158	5.29916
3157	5.29284
3156	5.29106
3155	5.29161
3154	5.29139
3153	5.29031
3152	5.28891
3151	5.28597
3150	5.28332
3149	5.28696
3148	5.29616
3147	5.29959
3146	5.2929
3145	5.28737
3144	5.29045
3143	5.2918
3142	5.28171
3141	5.26768
3140	5.26045
3139	5.25935
3138	5.2611
3137	5.26644
3136	5.27105
3135	5.26811
3134	5.26316
3133	5.26738
3132	5.27588
3131	5.27494
3130	5.26773
3129	5.26906
3128	5.27795
3127	5.28137
3126	5.27945
3125	5.28108
3124	5.28291
3123	5.27609
3122	5.265
3121	5.25744
3120	5.24972
3119	5.23969
3118	5.23902
3117	5.25477
3116	5.27338
3115	5.27876
3114	5.27228
3113	5.26445
3112	5.26062
3111	5.26286
3110	5.27191
3109	5.28116
3108	5.28097
3107	5.27256
3106	5.26784
3105	5.27312
3104	5.2823
3103	5.28645
3102	5.28418
3101	5.28091
3100	5.28101
3099	5.28306
3098	5.28383
3097	5.28328
3096	5.28135
3095	5.27555
3094	5.26842
3093	5.26901
3092	5.27839
3091	5.28357
3090	5.27722
3089	5.27047
3088	5.27438
3087	5.28412
3086	5.29262
3085	5.30141
3084	5.30881
3083	5.30738
3082	5.30125
3081	5.30322
3080	5.31066
3079	5.30872
3078	5.29843
3077	5.29498
3076	5.29898
3075	5.29703
3074	5.2892
3073	5.28739
3072	5.29125
3071	5.29037
3070	5.28588
3069	5.28578
3068	5.2883
3067	5.28908
3066	5.29328
3065	5.30303
3064	5.30779
3063	5.3021
3062	5.29776
3061	5.3043
3060	5.31343
3059	5.31444
3058	5.31082
3057	5.31222
3056	5.32059
3055	5.33181
3054	5.34235
3053	5.34962
3052	5.3522
3051	5.35261
3050	5.35638
3049	5.36677
3048	5.38017
3047	5.3882
3046	5.38539
3045	5.3755
3044	5.36826
3043	5.37015
3042	5.38076
3041	5.39611
3040	5.41078
3039	5.42062
3038	5.4279
3037	5.43991
3036	5.45762
3035	5.47277
3034	5.48143
3033	5.49002
3032	5.50154
3031	5.51041
3030	5.51696
3029	5.52955
3028	5.54594
3027	5.5555
3026	5.56185
3025	5.57936
3024	5.60506
3023	5.62315
3022	5.6361
3021	5.6603
3020	5.69359
3019	5.71947
3018	5.73835
3017	5.76237
3016	5.78954
3015	5.81229
3014	5.8392
3013	5.87874
3012	5.91834
3011	5.94426
3010	5.96545
3009	5.99522
3008	6.02866
3007	6.05587
3006	6.08212
3005	6.11792
3004	6.16316
3003	6.21152
3002	6.26027
3001	6.30857
3000	6.35466
2999	6.39839
2998	6.4414
2997	6.48386
2996	6.5261
2995	6.57129
2994	6.62284
2993	6.67869
2992	6.73083
2991	6.77197
2990	6.80502
2989	6.84256
2988	6.89237
2987	6.9496
2986	7.01023
2985	7.07987
2984	7.15692
2983	7.22473
2982	7.27616
2981	7.32721
2980	7.38806
2979	7.44578
2978	7.49135
2977	7.53749
2976	7.59189
2975	7.64323
2974	7.68741
2973	7.73802
2972	7.8003
2971	7.86347
2970	7.92412
2969	7.98986
2968	8.05813
2967	8.11934
2966	8.17901
2965	8.24995
2964	8.32629
2963	8.39135
2962	8.44416
2961	8.49561
2960	8.54794
2959	8.5999
2958	8.65928
2957	8.73119
2956	8.80378
2955	8.86345
2954	8.91227
2953	8.96051
2952	9.01064
2951	9.06
2950	9.10782
2949	9.1536
2948	9.19376
2947	9.22681
2946	9.25483
2945	9.2808
2944	9.30529
2943	9.32781
2942	9.34869
2941	9.36897
2940	9.38755
2939	9.40033
2938	9.40633
2937	9.41148
2936	9.4197
2935	9.42476
2934	9.42014
2933	9.41001
2932	9.39885
2931	9.3819
2930	9.35918
2929	9.34577
2928	9.3511
2927	9.36384
2926	9.37247
2925	9.38395
2924	9.40691
2923	9.43635
2922	9.46762
2921	9.50502
2920	9.54754
2919	9.58691
2918	9.62574
2917	9.67435
2916	9.72756
2915	9.76893
2914	9.79873
2913	9.83307
2912	9.87516
2911	9.91335
2910	9.94282
2909	9.96769
2908	9.98486
2907	9.99138
2906	9.99481
2905	10
2904	9.99302
2903	9.96317
2902	9.92114
2901	9.88331
2900	9.84628
2899	9.79821
2898	9.73535
2897	9.66106
2896	9.57549
2895	9.48133
2894	9.3851
2893	9.28996
2892	9.1907
2891	9.0819
2890	8.96486
2889	8.84567
2888	8.72701
2887	8.60521
2886	8.47747
2885	8.34962
2884	8.229
2883	8.11384
2882	7.99906
2881	7.88785
2880	7.78493
2879	7.68551
2878	7.58448
2877	7.48973
2876	7.41001
2875	7.34056
2874	7.27199
2873	7.20419
2872	7.13587
2871	7.06048
2870	6.98113
2869	6.91301
2868	6.85704
2867	6.79786
2866	6.73315
2865	6.67852
2864	6.63442
2863	6.58225
2862	6.51763
2861	6.45647
2860	6.40502
2859	6.3553
2858	6.30988
2857	6.27967
2856	6.25969
2855	6.23377
2854	6.20091
2853	6.17176
2852	6.14753
2851	6.12071
2850	6.09118
2849	6.06378
2848	6.03873
2847	6.01469
2846	5.99557
2845	5.98389
2844	5.9754
2843	5.96476
2842	5.95206
2841	5.93901
2840	5.9257
2839	5.91307
2838	5.90389
2837	5.8989
2836	5.89508
2835	5.88863
2834	5.87907
2833	5.86921
2832	5.86047
2831	5.8503
2830	5.83783
2829	5.82858
2828	5.82574
2827	5.82239
2826	5.8121
2825	5.80114
2824	5.79681
2823	5.79382
2822	5.78622
2821	5.78054
2820	5.78054
2819	5.7753
2818	5.75809
2817	5.74027
2816	5.73123
2815	5.725
2814	5.71904
2813	5.72265
2812	5.73477
2811	5.73939
2810	5.73184
2809	5.72385
2808	5.71901
2807	5.71081
2806	5.70523
2805	5.71458
2804	5.73034
2803	5.73167
2802	5.71867
2801	5.70949
2800	5.70986
2799	5.71062
2798	5.7084
2797	5.70645
2796	5.70206
2795	5.69132
2794	5.67959
2793	5.67434
2792	5.67444
2791	5.6748
2790	5.67517
2789	5.67782
2788	5.68139
2787	5.68164
2786	5.67632
2785	5.66812
2784	5.66187
2783	5.65902
2782	5.65755
2781	5.65563
2780	5.65172
2779	5.6423
2778	5.62753
2777	5.61701
2776	5.61981
2775	5.63023
2774	5.63516
2773	5.63202
2772	5.6269
2771	5.62149
2770	5.61724
2769	5.62199
2768	5.63624
2767	5.6447
2766	5.6376
2765	5.62533
2764	5.61735
2763	5.6075
2762	5.59423
2761	5.5916
2760	5.60438
2759	5.61597
2758	5.61527
2757	5.6115
2756	5.61282
2755	5.61312
2754	5.60758
2753	5.60127
2752	5.59741
2751	5.59517
2750	5.59864
2749	5.61067
2748	5.62092
2747	5.61658
2746	5.60134
2745	5.58868
2744	5.58173
2743	5.57398
2742	5.56405
2741	5.55744
2740	5.55704
2739	5.56116
2738	5.5677
2737	5.5737
2736	5.57566
2735	5.57387
2734	5.57238
2733	5.57202
2732	5.56919
2731	5.56219
2730	5.55332
2729	5.54387
2728	5.53189
2727	5.51699
2726	5.50539
2725	5.50625
2724	5.51981
2723	5.5331
2722	5.53437
2721	5.52782
2720	5.52401
2719	5.52193
2718	5.51474
2717	5.50591
2716	5.50334
2715	5.50387
2714	5.5002
2713	5.49449
2712	5.49044
2711	5.48327
2710	5.47101
2709	5.46186
2708	5.45891
2707	5.45443
2706	5.4488
2705	5.45362
2704	5.46739
2703	5.47131
2702	5.45773
2701	5.4413
2700	5.43507
2699	5.43575
2698	5.43749
2697	5.44025
2696	5.44202
2695	5.4392
2694	5.43554
2693	5.43606
2692	5.43607
2691	5.43025
2690	5.42531
2689	5.42825
2688	5.43173
2687	5.42647
2686	5.41742
2685	5.41334
2684	5.41246
2683	5.41092
2682	5.41323
2681	5.42167
2680	5.4281
2679	5.42623
2678	5.4216
2677	5.42209
2676	5.42681
2675	5.42901
2674	5.42575
2673	5.4211
2672	5.41905
2671	5.41689
2670	5.41157
2669	5.40817
2668	5.41103
2667	5.41227
2666	5.40467
2665	5.39862
2664	5.40667
2663	5.41953
2662	5.4191
2661	5.40639
2660	5.39609
2659	5.39279
2658	5.39143
2657	5.39077
2656	5.39067
2655	5.38682
2654	5.38045
2653	5.38072
2652	5.38869
2651	5.39341
2650	5.39009
2649	5.38537
2648	5.38081
2647	5.3711
2646	5.3617
2645	5.36508
2644	5.37762
2643	5.38286
2642	5.37791
2641	5.3741
2640	5.37322
2639	5.36861
2638	5.36379
2637	5.36629
2636	5.36959
2635	5.36343
2634	5.35363
2633	5.35198
2632	5.35605
2631	5.35564
2630	5.3497
2629	5.34386
2628	5.33993
2627	5.33721
2626	5.33612
2625	5.33456
2624	5.32701
2623	5.31181
2622	5.29614
2621	5.29055
2620	5.29739
2619	5.30646
2618	5.30682
2617	5.3009
2616	5.29748
2615	5.29537
2614	5.28844
2613	5.2824
2612	5.28745
2611	5.29869
2610	5.30426
2609	5.30598
2608	5.31075
2607	5.31228
2606	5.30322
2605	5.29268
2604	5.29027
2603	5.289
2602	5.2816
2601	5.27527
2600	5.27343
2599	5.26523
2598	5.24879
2597	5.24118
2596	5.25104
2595	5.26379
2594	5.26532
2593	5.25844
2592	5.24963
2591	5.24007
2590	5.23364
2589	5.23631
2588	5.24392
2587	5.2466
2586	5.2441
2585	5.24399
2584	5.2468
2583	5.24543
2582	5.23771
2581	5.22989
2580	5.22862
2579	5.23576
2578	5.24844
2577	5.26016
2576	5.26364
2575	5.25624
2574	5.24207
2573	5.22793
2572	5.21819
2571	5.2127
2570	5.20929
2569	5.20757
2568	5.20767
2567	5.20615
2566	5.20024
2565	5.19509
2564	5.19714
2563	5.20205
2562	5.20089
2561	5.1971
2560	5.2017
2559	5.2139
2558	5.22199
2557	5.22214
2556	5.22072
2555	5.22036
2554	5.21808
2553	5.21334
2552	5.20669
2551	5.19573
2550	5.18273
2549	5.17748
2548	5.18342
2547	5.19068
2546	5.19165
2545	5.19137
2544	5.19532
2543	5.19848
2542	5.19482
2541	5.18584
2540	5.17527
2539	5.16563
2538	5.16394
2537	5.17663
2536	5.19684
2535	5.20872
2534	5.20646
2533	5.19721
2532	5.18747
2531	5.17897
2530	5.1753
2529	5.17897
2528	5.18435
2527	5.18578
2526	5.18686
2525	5.19201
2524	5.19631
2523	5.19457
2522	5.19169
2521	5.19371
2520	5.19688
2519	5.19461
2518	5.18839
2517	5.18544
2516	5.18836
2515	5.19239
2514	5.19255
2513	5.18986
2512	5.1885
2511	5.18809
2510	5.18446
2509	5.1784
2508	5.17569
2507	5.1776
2506	5.17976
2505	5.18001
2504	5.17935
2503	5.17659
2502	5.17186
2501	5.17153
2500	5.17834
2499	5.18244
2498	5.17436
2497	5.15967
2496	5.14999
2495	5.14786
2494	5.15064
2493	5.15804
2492	5.16615
2491	5.16612
2490	5.15904
2489	5.15781
2488	5.16613
2487	5.17196
2486	5.16814
2485	5.16202
2484	5.15967
2483	5.15792
2482	5.15603
2481	5.15678
2480	5.15523
2479	5.1439
2478	5.12937
2477	5.12639
2476	5.13669
2475	5.14934
2474	5.15745
2473	5.16031
2472	5.15611
2471	5.14613
2470	5.13991
2469	5.14428
2468	5.15322
2467	5.15744
2466	5.15734
2465	5.15902
2464	5.16323
2463	5.16472
2462	5.15979
2461	5.15008
2460	5.1404
2459	5.13435
2458	5.1313
2457	5.12845
2456	5.12438
2455	5.12063
2454	5.11977
2453	5.1229
2452	5.12729
2451	5.12763
2450	5.1235
2449	5.12237
2448	5.12893
2447	5.13564
2446	5.13433
2445	5.12945
2444	5.12788
2443	5.12577
2442	5.12074
2441	5.12194
2440	5.13114
2439	5.13368
2438	5.12537
2437	5.12336
2436	5.13404
2435	5.13903
2434	5.12942
2433	5.12224
2432	5.12792
2431	5.13274
2430	5.12615
2429	5.11809
2428	5.11858
2427	5.12205
2426	5.11976
2425	5.11318
2424	5.10954
2423	5.11349
2422	5.12423
2421	5.13524
2420	5.13861
2419	5.13294
2418	5.1253
2417	5.12239
2416	5.12382
2415	5.12564
2414	5.12639
2413	5.12614
2412	5.12378
2411	5.11947
2410	5.11625
2409	5.11611
2408	5.117
2407	5.11603
2406	5.1147
2405	5.11808
2404	5.127
2403	5.13344
2402	5.12867
2401	5.11585
2400	5.1059
2399	5.1021
2398	5.10033
2397	5.10142
2396	5.10833
2395	5.11447
2394	5.11145
2393	5.10394
2392	5.10023
2391	5.09587
2390	5.08449
2389	5.075
2388	5.07956
2387	5.09428
2386	5.10777
2385	5.11711
2384	5.12241
2383	5.12011
2382	5.11301
2381	5.11149
2380	5.11497
2379	5.11076
2378	5.09877
2377	5.09497
2376	5.10463
2375	5.11424
2374	5.11488
2373	5.11205
2372	5.10987
2371	5.10543
2370	5.10059
2369	5.10076
2368	5.1025
2367	5.09706
2366	5.08539
2365	5.07724
2364	5.07756
2363	5.08248
2362	5.0862
2361	5.08626
2360	5.084
2359	5.08326
2358	5.08805
2357	5.09939
2356	5.11243
2355	5.11703
2354	5.10654
2353	5.08778
2352	5.07601
2351	5.07688
2350	5.08213
2349	5.08468
2348	5.08684
2347	5.09139
2346	5.09701
2345	5.10469
2344	5.11473
2343	5.1189
2342	5.11048
2341	5.09891
2340	5.09855
2339	5.10784
2338	5.11564
2337	5.12035
2336	5.12507
2335	5.12505
2334	5.11759
2333	5.11447
2332	5.12771
2331	5.15119
2330	5.16893
2329	5.17264
2328	5.16173
2327	5.13793
2326	5.10893
2325	5.08682
2324	5.07637
2323	5.07479
2322	5.08381
2321	5.10695
2320	5.13492
2319	5.14999
2318	5.14742
2317	5.13672
2316	5.12418
2315	5.10981
2314	5.09932
2313	5.1018
2312	5.11545
2311	5.12743
2310	5.12903
2309	5.12244
2308	5.11457
2307	5.10945
2306	5.10715
2305	5.10713
2304	5.1095
2303	5.11236
2302	5.1113
2301	5.1057
2300	5.10099
2299	5.10111
2298	5.10508
2297	5.11363
2296	5.12961
2295	5.1483
2294	5.15933
2293	5.15971
2292	5.1537
2291	5.14121
2290	5.12108
2289	5.10384
2288	5.10312
2287	5.1152
2286	5.12533
2285	5.13034
2284	5.13757
2283	5.14722
2282	5.15278
2281	5.15206
2280	5.14263
2279	5.11831
2278	5.0853
2277	5.06699
2276	5.07765
2275	5.1048
2274	5.12886
2273	5.14505
2272	5.15557
2271	5.1577
2270	5.15122
2269	5.14384
2268	5.14163
2267	5.14216
2266	5.14116
2265	5.1393
2264	5.13898
2263	5.14037
2262	5.1422
2261	5.1435
2260	5.14345
2259	5.13997
2258	5.12905
2257	5.10879
2256	5.08444
2255	5.06827
2254	5.07109
2253	5.09263
2252	5.12048
2251	5.13877
2250	5.14068
2249	5.13373
2248	5.13115
2247	5.13749
2246	5.14609
2245	5.15011
2244	5.14984
2243	5.14672
2242	5.1396
2241	5.13056
2240	5.12591
2239	5.12735
2238	5.12987
2237	5.13001
2236	5.12753
2235	5.12077
2234	5.1109
2233	5.10751
2232	5.1155
2231	5.12269
2230	5.11577
2229	5.10094
2228	5.09325
2227	5.09376
2226	5.09498
2225	5.09833
2224	5.10893
2223	5.12318
2222	5.13558
2221	5.14759
2220	5.15893
2219	5.16302
2218	5.15787
2217	5.14982
2216	5.13986
2215	5.1208
2214	5.09362
2213	5.07426
2212	5.07786
2211	5.10191
2210	5.12926
2209	5.14561
2208	5.15141
2207	5.15768
2206	5.17126
2205	5.18691
2204	5.19328
2203	5.18348
2202	5.16116
2201	5.13902
2200	5.13106
2199	5.14059
2198	5.15728
2197	5.16809
2196	5.16859
2195	5.16078
2194	5.14675
2193	5.13004
2192	5.1154
2191	5.10337
2190	5.0928
2189	5.09067
2188	5.10645
2187	5.13374
2186	5.15279
2185	5.15511
2184	5.15098
2183	5.14975
2182	5.14842
2181	5.14218
2180	5.1324
2179	5.12145
2178	5.11045
2177	5.10193
2176	5.0969
2175	5.09309
2174	5.09214
2173	5.10207
2172	5.12397
2171	5.14327
2170	5.14322
2169	5.12364
2168	5.0996
2167	5.08285
2166	5.07039
2165	5.05185
2164	5.02461
2163	5.00111
2162	5
2161	5.02749
2160	5.06996
2159	5.10746
2158	5.132
2157	5.14578
2156	5.1463
2155	5.12511
2154	5.08415
2153	5.04376
2152	5.02848
2151	5.04542
2150	5.07892
2149	5.10662
2148	5.11853
2147	5.12014
2146	5.12001
2145	5.11979
2144	5.11543
2143	5.10327
2142	5.0859
2141	5.07631
2140	5.08857
2139	5.11972
2138	5.14929
2137	5.16145
2136	5.15653
2135	5.13859
2134	5.11016
2133	5.08357
2132	5.07764
2131	5.0956
2130	5.11943
2129	5.13222
2128	5.13345
2127	5.13009
2126	5.1252
2125	5.11896
2124	5.11147
2123	5.1036
2122	5.0996
2121	5.10508
2120	5.11706
2119	5.12257
2118	5.11544
2117	5.10637
2116	5.10752
2115	5.11632
2114	5.12295
2113	5.12546
2112	5.12772
2111	5.12988
2110	5.12902
2109	5.12498
2108	5.12043
2107	5.11786
2106	5.11734
2105	5.11739
2104	5.11571
2103	5.10857
2102	5.09229
2101	5.0718
2100	5.06368
2099	5.07788
2098	5.0997
2097	5.10589
2096	5.09565
2095	5.0883
2094	5.09588
2093	5.11392
2092	5.13268
2091	5.14086
2090	5.128
2089	5.09792
2088	5.07131
2087	5.06221
2086	5.06132
2085	5.05262
2084	5.03719
2083	5.03105
2082	5.0444
2081	5.07126
2080	5.09661
2079	5.11199
2078	5.1212
2077	5.13127
2076	5.14201
2075	5.14644
2074	5.13886
2073	5.12084
2072	5.10133
2071	5.09062
2070	5.08848
2069	5.08283
2068	5.06722
2067	5.05306
2066	5.05491
2065	5.07041
2064	5.08712
2063	5.1009
2062	5.11639
2061	5.13355
2060	5.14517
2059	5.14471
2058	5.13023
2057	5.10409
2056	5.07147
2055	5.04017
2054	5.01977
2053	5.01742
2052	5.0321
2051	5.05587
2050	5.08138
2049	5.10063
2048	5.10129
2047	5.08072
2046	5.05998
2045	5.063
2044	5.08417
2043	5.09801
2042	5.09544
2041	5.08744
2040	5.08081
2039	5.0731
2038	5.06793
2037	5.07285
2036	5.08519
2035	5.09257
2034	5.0874
2033	5.07654
2032	5.07319
2031	5.08127
2030	5.09149
2029	5.09491
2028	5.09233
2027	5.08688
2026	5.0801
2025	5.0803
2024	5.0962
2023	5.11791
2022	5.12345
2021	5.10755
2020	5.0866
2019	5.0742
2018	5.07011
2017	5.07311
2016	5.08332
2015	5.09306
2014	5.0924
2013	5.08399
2012	5.0796
2011	5.08506
2010	5.09695
2009	5.10979
2008	5.11833
2007	5.11752
2006	5.10666
2005	5.09256
2004	5.08457
2003	5.08603
2002	5.09123
2001	5.09283
2000	5.09109
1999	5.09282
1998	5.1007
1997	5.10898
1996	5.11137
1995	5.10939
1994	5.10938
1993	5.11407
1992	5.11952
1991	5.11994
1990	5.11481
1989	5.11079
1988	5.11625
1987	5.13202
1986	5.14957
1985	5.15998
1984	5.16185
1983	5.15851
1982	5.15115
1981	5.13945
1980	5.1258
1979	5.11378
1978	5.10517
1977	5.10186
1976	5.10581
1975	5.11334
1974	5.11612
1973	5.11249
1972	5.10959
1971	5.11132
1970	5.11364
1969	5.11372
1968	5.11345
1967	5.11248
1966	5.10942
1965	5.10942
1964	5.11838
1963	5.13019
1962	5.132
1961	5.12256
1960	5.11371
1959	5.115
1958	5.12477
1957	5.13519
1956	5.13957
1955	5.13563
1954	5.12679
1953	5.12012
1952	5.12119
1951	5.12953
1950	5.13856
1949	5.14163
1948	5.1393
1947	5.13824
1946	5.14234
1945	5.14796
1944	5.15017
1943	5.14924
1942	5.14882
1941	5.15178
1940	5.15897
1939	5.16768
1938	5.17122
1937	5.16421
1936	5.14832
1935	5.13101
1934	5.1185
1933	5.11396
1932	5.11948
1931	5.13427
1930	5.15284
1929	5.16968
1928	5.18498
1927	5.20153
1926	5.21837
1925	5.23036
1924	5.23159
1923	5.21697
1922	5.18609
1921	5.14816
1920	5.11943
1919	5.11061
1918	5.11843
1917	5.13121
1916	5.1396
1915	5.1412
1914	5.13872
1913	5.13683
1912	5.13834
1911	5.14321
1910	5.15253
1909	5.17038
1908	5.1952
1907	5.21446
1906	5.21675
1905	5.20612
1904	5.19458
1903	5.18609
1902	5.17731
1901	5.16888
1900	5.16465
1899	5.16362
1898	5.16214
1897	5.15993
1896	5.15876
1895	5.15806
1894	5.15636
1893	5.15429
1892	5.15331
1891	5.15254
1890	5.14909
1889	5.14219
1888	5.13642
1887	5.13732
1886	5.14357
1885	5.14708
1884	5.14208
1883	5.13215
1882	5.1268
1881	5.13226
1880	5.14625
1879	5.15899
1878	5.16105
1877	5.15244
1876	5.14293
1875	5.1403
1874	5.14224
1873	5.14283
1872	5.14157
1871	5.13983
1870	5.13597
1869	5.13072
1868	5.12986
1867	5.13565
1866	5.14239
1865	5.14644
1864	5.15176
1863	5.16078
1862	5.16874
1861	5.17224
1860	5.17427
1859	5.17761
1858	5.18057
1857	5.18061
1856	5.17517
1855	5.16052
1854	5.13975
1853	5.12698
1852	5.13258
1851	5.14785
1850	5.15613
1849	5.15368
1848	5.1494
1847	5.14817
1846	5.14697
1845	5.14365
1844	5.14106
1843	5.14228
1842	5.14699
1841	5.15242
1840	5.1568
1839	5.16045
1838	5.16355
1837	5.16491
1836	5.16461
1835	5.1644
1834	5.16355
1833	5.15935
1832	5.15304
1831	5.14921
1830	5.14941
1829	5.15198
1828	5.15705
1827	5.16451
1826	5.1684
1825	5.16302
1824	5.15318
1823	5.1493
1822	5.15427
1821	5.16228
1820	5.16694
1819	5.16332
1818	5.14948
1817	5.13451
1816	5.13509
1815	5.15454
1814	5.17493
1813	5.17867
1812	5.16744
1811	5.15261
1810	5.13984
1809	5.13076
1808	5.12786
1807	5.13039
1806	5.13363
1805	5.13595
1804	5.13917
1803	5.14124
1802	5.13811
1801	5.13249
1800	5.13145
1799	5.13642
1798	5.14405
1797	5.1533
1796	5.16324
1795	5.16837
1794	5.165
1793	5.15942
1792	5.16108
1791	5.17008
1790	5.17704
1789	5.17468
1788	5.16548
1787	5.157
1786	5.15123
1785	5.14332
1784	5.13227
1783	5.12541
1782	5.12837
1781	5.13814
1780	5.14893
1779	5.15702
1778	5.15871
1777	5.15347
1776	5.15035
1775	5.15899
1774	5.17404
1773	5.17959
1772	5.16965
1771	5.15369
1770	5.14352
1769	5.14355
1768	5.15186
1767	5.16118
1766	5.16226
1765	5.15502
1764	5.15078
1763	5.15639
1762	5.16425
1761	5.16636
1760	5.16585
1759	5.1663
1758	5.16391
1757	5.15933
1756	5.16128
1755	5.17062
1754	5.17606
1753	5.17194
1752	5.16624
1751	5.16514
1750	5.16417
1749	5.15936
1748	5.15514
1747	5.15745
1746	5.1653
1745	5.17233
1744	5.17316
1743	5.16828
1742	5.16421
1741	5.16803
1740	5.17932
1739	5.19027
1738	5.19431
1737	5.1925
1736	5.18998
1735	5.18917
1734	5.18891
1733	5.18814
1732	5.18739
1731	5.18678
1730	5.18348
1729	5.17507
1728	5.16528
1727	5.16074
1726	5.16186
1725	5.16341
1724	5.1649
1723	5.16864
1722	5.16907
1721	5.1589
1720	5.14555
1719	5.14338
1718	5.15201
1717	5.15991
1716	5.16487
1715	5.17131
1714	5.17462
1713	5.16773
1712	5.15696
1711	5.15361
1710	5.15624
1709	5.15589
1708	5.15131
1707	5.1478
1706	5.14783
1705	5.15226
1704	5.16211
1703	5.17331
1702	5.1786
1701	5.17895
1700	5.18152
1699	5.18484
1698	5.17936
1697	5.16575
1696	5.15616
1695	5.15561
1694	5.15853
1693	5.1627
1692	5.17062
1691	5.17776
1690	5.1759
1689	5.16703
1688	5.16084
1687	5.15978
1686	5.15699
1685	5.14872
1684	5.14122
1683	5.14303
1682	5.15226
1681	5.15799
1680	5.1557
1679	5.15372
1678	5.15827
1677	5.16354
1676	5.16398
1675	5.16471
1674	5.17069
1673	5.17809
1672	5.18312
1671	5.1873
1670	5.18897
1669	5.18363
1668	5.17486
1667	5.17074
1666	5.16958
1665	5.16432
1664	5.15842
1663	5.16085
1662	5.16912
1661	5.17541
1660	5.18225
1659	5.19373
1658	5.20078
1657	5.19575
1656	5.18893
1655	5.19248
1654	5.20101
1653	5.20604
1652	5.21255
1651	5.22384
1650	5.22937
1649	5.22272
1648	5.21287
1647	5.20614
1646	5.19716
1645	5.18587
1644	5.18235
1643	5.18829
1642	5.19268
1641	5.19092
1640	5.19098
1639	5.19819
1638	5.20732
1637	5.21207
1636	5.21341
1635	5.21571
1634	5.21948
1633	5.2208
1632	5.21818
1631	5.21571
1630	5.21602
1629	5.2155
1628	5.21321
1627	5.21626
1626	5.22617
1625	5.23159
1624	5.22617
1623	5.21967
1622	5.22057
1621	5.22433
1620	5.22794
1619	5.23502
1618	5.23946
1617	5.2294
1616	5.21313
1615	5.21324
1614	5.23043
1613	5.24247
1612	5.23977
1611	5.23364
1610	5.22984
1609	5.22398
1608	5.21989
1607	5.22541
1606	5.23437
1605	5.23587
1604	5.23382
1603	5.23693
1602	5.23984
1601	5.23282
1600	5.22079
1599	5.21683
1598	5.22398
1597	5.23334
1596	5.23509
1595	5.22556
1594	5.20905
1593	5.19645
1592	5.19578
1591	5.20294
1590	5.20652
1589	5.20245
1588	5.19759
1587	5.19874
1586	5.20373
1585	5.20564
1584	5.20289
1583	5.2014
1582	5.20646
1581	5.21479
1580	5.21842
1579	5.21426
1578	5.20625
1577	5.19934
1576	5.19677
1575	5.20031
1574	5.207
1573	5.20961
1572	5.2058
1571	5.20178
1570	5.20166
1569	5.20237
1568	5.20388
1567	5.21199
1566	5.22528
1565	5.2319
1564	5.2261
1563	5.21591
1562	5.20951
1561	5.20738
1560	5.21024
1559	5.22093
1558	5.23525
1557	5.244
1556	5.24534
1555	5.24212
1554	5.23181
1553	5.21344
1552	5.19865
1551	5.1972
1550	5.20099
1549	5.20064
1548	5.2031
1547	5.2129
1546	5.21657
1545	5.20754
1544	5.20331
1543	5.21518
1542	5.22655
1541	5.22316
1540	5.21646
1539	5.21854
1538	5.2219
1537	5.2201
1536	5.22227
1535	5.23508
1534	5.25129
1533	5.26344
1532	5.27255
1531	5.27948
1530	5.28
1529	5.27263
1528	5.26372
1527	5.26152
1526	5.26566
1525	5.26582
1524	5.25528
1523	5.24156
1522	5.23572
1521	5.23781
1520	5.24423
1519	5.25685
1518	5.27214
1517	5.27655
1516	5.26737
1515	5.26016
1514	5.26186
1513	5.26009
1512	5.25215
1511	5.25521
1510	5.27435
1509	5.29101
1508	5.29501
1507	5.29705
1506	5.30222
1505	5.30341
1504	5.30383
1503	5.31333
1502	5.32344
1501	5.3189
1500	5.30895
1499	5.31312
1498	5.32603
1497	5.3293
1496	5.32577
1495	5.32992
1494	5.33959
1493	5.34659
1492	5.35873
1491	5.38404
1490	5.41197
1489	5.42897
1488	5.43869
1487	5.44903
1486	5.45949
1485	5.4707
1484	5.49149
1483	5.52401
1482	5.55773
1481	5.58332
1480	5.60645
1479	5.64105
1478	5.69331
1477	5.75556
1476	5.81619
1475	5.87312
1474	5.93345
1473	6.00166
1472	6.07851
1471	6.16636
1470	6.26478
1469	6.36383
1468	6.45738
1467	6.55092
1466	6.64612
1465	6.72843
1464	6.79054
1463	6.84456
1462	6.89751
1461	6.93142
1460	6.93077
1459	6.90382
1458	6.86391
1457	6.8107
1456	6.74639
1455	6.68213
1454	6.61864
1453	6.54582
1452	6.46748
1451	6.39662
1450	6.32811
1449	6.24926
1448	6.17371
1447	6.12641
1446	6.10112
1445	6.07257
1444	6.04015
1443	6.0195
1442	6.0065
1441	5.98703
1440	5.96885
1439	5.96504
1438	5.96781
1437	5.96505
1436	5.96548
1435	5.9782
1434	5.99331
1433	5.99851
1432	5.99961
1431	6.00609
1430	6.017
1429	6.02841
1428	6.04393
1427	6.06812
1426	6.09712
1425	6.12177
1424	6.14202
1423	6.17158
1422	6.21968
1421	6.27313
1420	6.31247
1419	6.3403
1418	6.37289
1417	6.41219
1416	6.45103
1415	6.496
1414	6.55603
1413	6.61952
1412	6.66886
1411	6.70615
1410	6.74261
1409	6.77944
1408	6.81889
1407	6.87067
1406	6.92965
1405	6.97193
1404	6.99156
1403	7.01113
1402	7.04476
1401	7.08095
1400	7.11321
1399	7.15008
1398	7.1871
1397	7.20601
1396	7.20732
1395	7.20845
1394	7.20937
1393	7.19603
1392	7.17465
1391	7.16703
1390	7.17614
1389	7.19052
1388	7.21031
1387	7.24028
1386	7.26869
1385	7.28262
1384	7.2884
1383	7.29655
1382	7.30056
1381	7.29121
1380	7.275
1379	7.26339
1378	7.25459
1377	7.23812
1376	7.20997
1375	7.17547
1374	7.14196
1373	7.11211
1372	7.08417
1371	7.0569
1370	7.03055
1369	7.00377
1368	6.97649
1367	6.95512
1366	6.94527
1365	6.94243
1364	6.94012
1363	6.94394
1362	6.96033
1361	6.98162
1360	6.99733
1359	7.01331
1358	7.03833
1357	7.06813
1356	7.09779
1355	7.13744
1354	7.19274
1353	7.25126
1352	7.30321
1351	7.35583
1350	7.41065
1349	7.45644
1348	7.49646
1347	7.5501
1346	7.61605
1345	7.67188
1344	7.7175
1343	7.77634
1342	7.85006
1341	7.91374
1340	7.95743
1339	7.99266
1338	8.01866
1337	8.02454
1336	8.01732
1335	8.01234
1334	8.00115
1333	7.96561
1332	7.90826
1331	7.84475
1330	7.77655
1329	7.69887
1328	7.61538
1327	7.53028
1326	7.43634
1325	7.33066
1324	7.22331
1323	7.12259
1322	7.02369
1321	6.92268
1320	6.82725
1319	6.747
1318	6.68182
1317	6.62421
1316	6.56728
1315	6.50832
1314	6.44713
1313	6.3855
1312	6.33093
1311	6.2969
1310	6.28831
1309	6.29139
1308	6.29026
1307	6.28744
1306	6.28974
1305	6.28983
1304	6.2814
1303	6.27606
1302	6.27741
1301	6.26553
1300	6.22982
1299	6.19181
1298	6.16692
1297	6.14054
1296	6.10348
1295	6.0741
1294	6.06038
1293	6.0426
1292	6.01229
1291	5.98693
1290	5.97377
1289	5.95982
1288	5.9447
1287	5.94204
1286	5.947
1285	5.94221
1284	5.93341
1283	5.93851
1282	5.95093
1281	5.95147
1280	5.94634
1279	5.95511
1278	5.97589
1277	5.99465
1276	6.01412
1275	6.04416
1274	6.0801
1273	6.11269
1272	6.14432
1271	6.17802
1270	6.20773
1269	6.23279
1268	6.26409
1267	6.30586
1266	6.34505
1265	6.36668
1264	6.36972
1263	6.36401
1262	6.35729
1261	6.34951
1260	6.33879
1259	6.32781
1258	6.31791
1257	6.30223
1256	6.27821
1255	6.25899
1254	6.25415
1253	6.24872
1252	6.22641
1251	6.198
1250	6.18088
1249	6.16786
1248	6.14746
1247	6.12929
1246	6.1212
1245	6.10831
1244	6.08328
1243	6.06433
1242	6.05917
1241	6.04795
1240	6.02365
1239	6.00623
1238	5.99979
1237	5.98288
1236	5.95325
1235	5.93309
1234	5.92329
1233	5.90179
1232	5.86921
1231	5.84658
1230	5.82999
1229	5.79837
1228	5.75914
1227	5.73879
1226	5.737
1225	5.73233
1224	5.72012
1223	5.70822
1222	5.69376
1221	5.67434
1220	5.66337
1219	5.66861
1218	5.67518
1217	5.66941
1216	5.66035
1215	5.66148
1214	5.66916
1213	5.67186
1212	5.66867
1211	5.66851
1210	5.67675
1209	5.6887
1208	5.69637
1207	5.69852
1206	5.69788
1205	5.69208
1204	5.67863
1203	5.66612
1202	5.66277
1201	5.65945
1200	5.64359
1199	5.62171
1198	5.60502
1197	5.58615
1196	5.55689
1195	5.5312
1194	5.52285
1193	5.51903
1192	5.50349
1191	5.48276
1190	5.46584
1189	5.44711
1188	5.43122
1187	5.43868
1186	5.46592
1185	5.48211
1184	5.48028
1183	5.48401
1182	5.49367
1181	5.48368
1180	5.45985
1179	5.457
1178	5.47677
1177	5.48946
1176	5.49489
1175	5.51764
1174	5.55299
1173	5.57851
1172	5.60475
1171	5.6526
1170	5.705
1169	5.73355
1168	5.75166
1167	5.79138
1166	5.85387
1165	5.9169
1164	5.9737
1163	6.0338
1162	6.10391
1161	6.18514
1160	6.27712
1159	6.37365
1158	6.46285
1157	6.5373
1156	6.6009
1155	6.66491
1154	6.7361
1153	6.80886
1152	6.87414
1151	6.93286
1150	6.98816
1149	7.03114
1148	7.05586
1147	7.07847
1146	7.11344
1145	7.14552
1144	7.15996
1143	7.17838
1142	7.22474
1141	7.28044
1140	7.31882
1139	7.3507
1138	7.39639
1137	7.44565
1136	7.48764
1135	7.53694
1134	7.59727
1133	7.64396
1132	7.6742
1131	7.71796
1130	7.77891
1129	7.8218
1128	7.83644
1127	7.84989
1126	7.86599
1125	7.85919
1124	7.83295
1123	7.81884
1122	7.81646
1121	7.79717
1120	7.76112
1119	7.73214
1118	7.70826
1117	7.67475
1116	7.64434
1115	7.63668
1114	7.63674
1113	7.61963
1112	7.58996
1111	7.56669
1110	7.54905
1109	7.52738
1108	7.50492
1107	7.48834
1106	7.47053
1105	7.4362
1104	7.38056
1103	7.31458
1102	7.25266
1101	7.19709
1100	7.1443
1099	7.10066
1098	7.07421
1097	7.05374
1096	7.02501
1095	7.00221
1094	7.00893
1093	7.03628
1092	7.06154
1091	7.09246
1090	7.14852
1089	7.21612
1088	7.27291
1087	7.32766
1086	7.3919
1085	7.44356
1084	7.46562
1083	7.48009
1082	7.50249
1081	7.50684
1080	7.47487
1079	7.42756
1078	7.37417
1077	7.29005
1076	7.17173
1075	7.05256
1074	6.94371
1073	6.8247
1072	6.70353
1071	6.61722
1070	6.5665
1069	6.51709
1068	6.46681
1067	6.44715
1066	6.46222
1065	6.48464
1064	6.50394
1063	6.52703
1062	6.54609
1061	6.54986
1060	6.55253
1059	6.57241
1058	6.60223
1057	6.62274
1056	6.63222
1055	6.6381
1054	6.64024
1053	6.63551
1052	6.6292
1051	6.62912
1050	6.6332
1049	6.62946
1048	6.60985
1047	6.58245
1046	6.56125
1045	6.54716
1044	6.53217
1043	6.51993
1042	6.51782
1041	6.51345
1040	6.48938
1039	6.45494
1038	6.42941
1037	6.40549
1036	6.36925
1035	6.33681
1034	6.32613
1033	6.31876
1032	6.29588
1031	6.27674
1030	6.2761
1029	6.26847
1028	6.2404
1027	6.2235
1026	6.23236
1025	6.23012
1024	6.19748
1023	6.16751
1022	6.15861
1021	6.14289
1020	6.10792
1019	6.07816
1018	6.05683
1017	6.01764
1016	5.96414
1015	5.92953
1014	5.91507
1013	5.89185
1012	5.85937
1011	5.84194
1010	5.83865
1009	5.83081
1008	5.82274
1007	5.82737
1006	5.83231
1005	5.82059
1004	5.80421
1003	5.80416
1002	5.81534
1001	5.81708
1000	5.80482
999	5.79189
998	5.7869
997	5.78013
996	5.75575
995	5.71396
994	5.67195
993	5.64078
992	5.6149
991	5.58688
990	5.55466
989	5.51315
988	5.4634
987	5.42699
986	5.42135
985	5.42711
984	5.41565
983	5.39483
982	5.38703
981	5.38337
980	5.36603
979	5.34939
978	5.34786
977	5.33992
976	5.31119
975	5.29293
974	5.30814
973	5.3303
972	5.33663
971	5.34667
970	5.36613
969	5.36431
968	5.33821
967	5.33107
966	5.35647
965	5.38032
964	5.39107
963	5.41515
962	5.45193
961	5.47302
960	5.48761
959	5.53624
958	5.62274
957	5.72114
956	5.83556
955	5.98943
954	6.16996
953	6.34126
952	6.49263
951	6.62848
950	6.73346
949	6.7871
948	6.7949
947	6.77939
946	6.75425
945	6.72465
944	6.69708
943	6.67671
942	6.65946
941	6.63616
940	6.60489
939	6.57861
938	6.56858
937	6.56439
936	6.54522
935	6.51149
934	6.47981
933	6.4515
932	6.41669
931	6.38426
930	6.36792
929	6.35398
928	6.32623
927	6.30332
926	6.30194
925	6.2957
924	6.26367
923	6.23581
922	6.23253
921	6.21698
920	6.16521
919	6.11793
918	6.10356
917	6.0864
916	6.04505
915	6.01905
914	6.02915
913	6.03722
912	6.02349
911	6.01749
910	6.02793
909	6.02463
908	6.00484
907	5.99765
906	5.99848
905	5.97405
904	5.92902
903	5.89748
902	5.87974
901	5.84953
900	5.80704
899	5.7683
898	5.72494
897	5.66389
896	5.60413
895	5.57291
894	5.56539
893	5.55597
892	5.53472
891	5.51106
890	5.49496
889	5.48597
888	5.47986
887	5.47625
886	5.47645
885	5.47302
884	5.45999
883	5.45219
882	5.47093
881	5.50955
880	5.54525
879	5.58121
878	5.63562
877	5.69853
876	5.75007
875	5.80683
874	5.89218
873	5.9839
872	6.05276
871	6.11928
870	6.2084
869	6.29239
868	6.34444
867	6.39272
866	6.45927
865	6.50862
864	6.51819
863	6.52613
862	6.55636
861	6.57267
860	6.55577
859	6.54061
858	6.54269
857	6.53111
856	6.50036
855	6.48358
854	6.48181
853	6.46287
852	6.43304
851	6.42865
850	6.44084
849	6.42846
848	6.39227
847	6.36544
846	6.347
845	6.31211
844	6.26566
843	6.2309
842	6.20435
841	6.16622
840	6.11432
839	6.05839
838	5.99817
837	5.92877
836	5.85549
835	5.79033
834	5.73655
833	5.68315
832	5.62058
831	5.56033
830	5.52028
829	5.49207
828	5.45358
827	5.41097
826	5.38694
825	5.3723
824	5.34067
823	5.30253
822	5.28439
821	5.27056
820	5.23213
819	5.19119
818	5.18276
817	5.18752
816	5.17168
815	5.15286
814	5.15509
813	5.15455
812	5.13355
811	5.12615
810	5.14769
809	5.15471
808	5.12785
807	5.11255
806	5.12932
805	5.13621
804	5.11721
803	5.11319
802	5.13576
801	5.14621
800	5.1378
799	5.14686
798	5.1741
797	5.18189
796	5.17031
795	5.17451
794	5.19564
793	5.20723
792	5.21285
791	5.23244
790	5.2538
789	5.25244
788	5.23799
787	5.2366
786	5.24914
785	5.25969
784	5.26562
783	5.27608
782	5.29189
781	5.30336
780	5.30445
779	5.30221
778	5.30752
777	5.31689
776	5.3178
775	5.31182
774	5.30981
773	5.30473
772	5.2835
771	5.26277
770	5.26755
769	5.28245
768	5.27921
767	5.27425
766	5.29402
765	5.31312
764	5.30151
763	5.29178
762	5.31848
761	5.34377
760	5.3269
759	5.30312
758	5.31361
757	5.32859
756	5.31537
755	5.30236
754	5.30974
753	5.30294
752	5.27112
751	5.25899
750	5.27808
749	5.28074
748	5.25212
747	5.23237
746	5.23033
745	5.21107
744	5.17534
743	5.15935
742	5.15785
741	5.13563
740	5.10347
739	5.0985
738	5.10967
737	5.10041
736	5.07865
735	5.07551
734	5.08498
733	5.08265
732	5.07441
731	5.08036
730	5.09752
729	5.11023
728	5.11846
727	5.13194
726	5.15077
725	5.16476
724	5.16954
723	5.17625
722	5.1956
721	5.21517
720	5.21634
719	5.21049
718	5.22126
717	5.23657
716	5.22966
715	5.21745
714	5.23371
713	5.26055
712	5.26299
711	5.26168
710	5.28752
709	5.307
708	5.28408
707	5.25823
706	5.26911
705	5.27559
704	5.24089
703	5.2112
702	5.22291
701	5.22728
700	5.18782
699	5.14932
698	5.1416
697	5.12559
696	5.08869
695	5.07692
694	5.09482
693	5.08965
692	5.05853
691	5.05619
690	5.08678
689	5.09845
688	5.08574
687	5.09128
686	5.11517
685	5.11931
684	5.10563
683	5.10459
682	5.11119
681	5.10332
680	5.0946
679	5.10807
678	5.12973
677	5.13378
676	5.12578
675	5.12783
674	5.14246
673	5.15413
672	5.15473
671	5.1541
670	5.16139
669	5.16464
668	5.15002
667	5.13686
666	5.15411
665	5.18398
664	5.18607
663	5.17175
662	5.18325
661	5.20788
660	5.20087
659	5.17618
658	5.17776
657	5.18961
656	5.17782
655	5.17493
654	5.21536
653	5.2499
652	5.23146
651	5.20751
650	5.22397
649	5.23325
648	5.19496
647	5.16088
646	5.16919
645	5.17086
644	5.13899
643	5.12647
642	5.15212
641	5.15918
640	5.13334
639	5.1317
638	5.16486
637	5.17717
636	5.15851
635	5.15532
634	5.16935
633	5.16012
632	5.13816
631	5.1491
630	5.18387
629	5.19773
628	5.1924
627	5.20001
626	5.21669
625	5.21678
624	5.20555
623	5.20884
622	5.23006
621	5.24852
620	5.25269
619	5.2575
618	5.28283
617	5.31981
616	5.34072
615	5.34547
614	5.35968
613	5.38051
612	5.38042
611	5.37038
610	5.38707
609	5.41726
608	5.41934
607	5.411
606	5.43787
605	5.47558
604	5.47206
603	5.45373
602	5.47249
601	5.497
600	5.47705
599	5.45172
598	5.47312
597	5.50137
596	5.48668
595	5.46614
594	5.47677
593	5.47902
592	5.45667
591	5.47224
590	5.54292
589	5.59261
588	5.59097
587	5.60333
586	5.65508
585	5.68893
584	5.69088
583	5.71832
582	5.78201
581	5.82928
580	5.85105
579	5.88668
578	5.92897
577	5.93595
576	5.91854
575	5.91915
574	5.92839
573	5.90687
572	5.85775
571	5.81236
570	5.77289
569	5.72115
568	5.65908
567	5.60718
566	5.5723
565	5.53857
564	5.49149
563	5.4455
562	5.4244
561	5.41543
560	5.38405
559	5.33964
558	5.32339
557	5.32661
556	5.3047
555	5.27112
554	5.27652
553	5.30255
552	5.29134
551	5.26327
550	5.27779
549	5.31191
548	5.30969
547	5.30089
546	5.33266
545	5.35873
544	5.3309
543	5.30989
542	5.35318
541	5.40354
540	5.40714
539	5.42048
538	5.48715
537	5.54479
536	5.55157
535	5.56477
534	5.61464
533	5.64557
532	5.64032
531	5.65763
530	5.70753
529	5.73045
528	5.71956
527	5.73116
526	5.76871
525	5.78129
524	5.77109
523	5.78705
522	5.82681
521	5.84633
520	5.8446
519	5.85488
518	5.87887
517	5.89503
516	5.90737
515	5.93408
514	5.97218
513	6.00248
512	6.01951
511	6.03596
510	6.06333
509	6.09236
508	6.10987
507	6.13208
506	6.18701
505	6.2593
504	6.31247
503	6.36604
502	6.46739
501	6.59153
500	6.67525
499	6.73889
498	6.84687
497	6.97226
496	7.04586
495	7.10024
494	7.20676
493	7.32818
492	7.39936
491	7.46956
490	7.61081
489	7.77499
488	7.90621
487	8.06021
486	8.28802
485	8.51613
484	8.68438
483	8.84043
482	9.00478
481	9.08885
480	9.04777
479	8.94609
478	8.81283
477	8.59194
476	8.28417
475	7.97381
474	7.6884
473	7.38243
472	7.066
471	6.80739
470	6.61005
469	6.42015
468	6.23747
467	6.1072
466	6.02421
465	5.94304
464	5.85788
463	5.79879
462	5.77392
461	5.75903
460	5.74129
459	5.7337
458	5.75427
457	5.78808
456	5.80526
455	5.81019
454	5.84161
453	5.8993
452	5.93967
451	5.95716
450	5.99289
449	6.04399
448	6.06483
447	6.06446
446	6.09153
445	6.12553
444	6.11177
443	6.08339
442	6.10675
441	6.14211
440	6.11494
439	6.06496
438	6.06329
437	6.06434
436	6.00695
435	5.95277
434	5.96335
433	5.96791
432	5.90627
431	5.85213
430	5.8554
429	5.83374
428	5.74739
427	5.69424
426	5.72216
425	5.74031
424	5.70014
423	5.67224
422	5.68405
421	5.67118
420	5.62676
419	5.62217
418	5.66275
417	5.68071
416	5.66986
415	5.68374
414	5.71904
413	5.72924
412	5.72527
411	5.75464
410	5.80987
409	5.84165
408	5.83692
407	5.82744
406	5.83465
405	5.84223
404	5.82645
403	5.79948
402	5.79587
401	5.81066
400	5.79912
399	5.75689
398	5.72777
397	5.71086
396	5.65645
395	5.57485
394	5.53249
393	5.5269
392	5.49825
391	5.46106
390	5.47462
389	5.50282
388	5.4737
387	5.43599
386	5.47336
385	5.53222
384	5.52444
383	5.50654
382	5.56225
381	5.63048
380	5.63871
379	5.66105
378	5.75986
377	5.83898
376	5.82027
375	5.78812
374	5.81294
373	5.82744
372	5.79489
371	5.79207
370	5.83302
369	5.82501
368	5.76272
367	5.75436
366	5.81789
365	5.85488
364	5.84002
363	5.84688
362	5.88566
361	5.89289
360	5.86926
359	5.87695
358	5.9189
357	5.94173
356	5.93298
355	5.92597
354	5.93218
353	5.93116
352	5.91206
351	5.89217
350	5.8908
349	5.89433
348	5.87082
347	5.82829
346	5.80976
345	5.81286
344	5.78869
343	5.74345
342	5.73671
341	5.75935
340	5.74315
339	5.70291
338	5.71365
337	5.75216
336	5.73852
335	5.71132
334	5.75884
333	5.82563
332	5.80969
331	5.77311
330	5.82254
329	5.8907
328	5.87422
327	5.84587
326	5.89738
325	5.94341
324	5.90007
323	5.86294
322	5.90851
321	5.93533
320	5.88004
319	5.85314
318	5.91204
317	5.94673
316	5.90654
315	5.88835
314	5.92013
313	5.90681
312	5.84067
311	5.82592
310	5.87089
309	5.87508
308	5.82645
307	5.81153
306	5.84243
305	5.84852
304	5.81639
303	5.79679
302	5.80117
301	5.79565
300	5.77207
299	5.75638
298	5.7595
297	5.7573
296	5.72562
295	5.68545
294	5.68039
293	5.69809
292	5.67886
291	5.62834
290	5.6204
289	5.65637
288	5.6553
287	5.61437
286	5.61251
285	5.63664
284	5.60007
283	5.53336
282	5.53884
281	5.57512
280	5.53086
279	5.46034
278	5.48023
277	5.52212
276	5.46758
275	5.40016
274	5.43808
273	5.4843
272	5.42358
271	5.36251
270	5.40765
269	5.44346
268	5.37516
267	5.32879
266	5.38927
265	5.42677
264	5.36897
263	5.34515
262	5.41262
261	5.44246
260	5.38532
259	5.35778
258	5.39562
257	5.39662
256	5.34235
255	5.3279
254	5.36091
253	5.35439
252	5.30668
251	5.29691
250	5.32861
249	5.33565
248	5.30926
247	5.29908
246	5.31838
245	5.33054
244	5.31376
243	5.2934
242	5.30378
241	5.32967
240	5.32207
239	5.2867
238	5.28364
237	5.30819
236	5.28804
235	5.23566
234	5.24355
233	5.29309
232	5.2741
231	5.21331
230	5.23448
229	5.296
228	5.25426
227	5.16076
226	5.1745
225	5.24022
224	5.20206
223	5.13109
222	5.17461
221	5.2343
220	5.16151
219	5.07441
218	5.12257
217	5.18286
216	5.12139
215	5.07085
214	5.14431
213	5.19034
212	5.10793
211	5.05709
210	5.12787
209	5.16265
208	5.09126
207	5.07033
206	5.1546
205	5.19252
204	5.13746
203	5.11868
202	5.15854
201	5.13302
200	5.02992
