3420	5.58774
3419	5.58041
3418	5.59342
3417	5.60308
3416	5.59634
3415	5.58389
3414	5.58298
3413	5.59736
3412	5.61901
3411	5.64221
3410	5.67017
3409	5.70633
3408	5.74391
3407	5.76527
3406	5.75593
3405	5.71975
3404	5.67769
3403	5.65116
3402	5.64837
3401	5.66332
3400	5.6841
3399	5.70217
3398	5.71304
3397	5.71313
3396	5.70408
3395	5.69923
3394	5.70949
3393	5.7245
3392	5.7268
3391	5.72161
3390	5.72681
3389	5.73776
3388	5.73195
3387	5.70903
3386	5.69476
3385	5.70199
3384	5.71304
3383	5.70553
3382	5.68181
3381	5.6641
3380	5.66668
3379	5.6797
3378	5.68405
3377	5.67539
3376	5.66501
3375	5.66592
3374	5.68766
3373	5.73384
3372	5.79258
3371	5.83778
3370	5.85032
3369	5.83178
3368	5.79389
3367	5.74925
3366	5.71287
3365	5.6996
3364	5.71281
3363	5.74365
3362	5.78032
3361	5.81331
3360	5.83273
3359	5.83129
3358	5.81289
3357	5.79143
3356	5.77916
3355	5.77734
3354	5.7784
3353	5.77716
3352	5.77798
3351	5.78574
3350	5.79465
3349	5.78995
3348	5.76085
3347	5.70971
3346	5.65664
3345	5.63611
3344	5.66957
3343	5.73447
3342	5.77966
3341	5.78053
3340	5.76037
3339	5.75268
3338	5.76412
3337	5.77951
3336	5.78544
3335	5.78023
3334	5.7695
3333	5.75954
3332	5.7559
3331	5.76153
3330	5.76731
3329	5.75467
3328	5.72409
3327	5.70413
3326	5.71023
3325	5.71573
3324	5.69538
3323	5.66903
3322	5.66868
3321	5.68857
3320	5.70032
3319	5.69551
3318	5.68587
3317	5.67858
3316	5.67213
3315	5.66652
3314	5.66651
3313	5.67449
3312	5.684
3311	5.68434
3310	5.67256
3309	5.65531
3308	5.64038
3307	5.63721
3306	5.65817
3305	5.69783
3304	5.71958
3303	5.69043
3302	5.62533
3301	5.5733
3300	5.56363
3299	5.58517
3298	5.60986
3297	5.61713
3296	5.60226
3295	5.5773
3294	5.56306
3293	5.5723
3292	5.59983
3291	5.62983
3290	5.64879
3289	5.6508
3288	5.63608
3287	5.60843
3286	5.57392
3285	5.54062
3284	5.52055
3283	5.527
3282	5.56049
3281	5.6008
3280	5.62424
3279	5.62751
3278	5.622
3277	5.61233
3276	5.59694
3275	5.58275
3274	5.58089
3273	5.58816
3272	5.58714
3271	5.5687
3270	5.54823
3269	5.55046
3268	5.5784
3267	5.60881
3266	5.62413
3265	5.6324
3264	5.64359
3263	5.648
3262	5.63528
3261	5.6143
3260	5.59915
3259	5.59355
3258	5.5949
3257	5.59774
3256	5.58991
3255	5.56461
3254	5.53835
3253	5.53993
3252	5.57692
3251	5.62331
3250	5.64549
3249	5.63832
3248	5.62856
3247	5.63736
3246	5.65183
3245	5.64524
3244	5.61633
3243	5.59154
3242	5.59637
3241	5.63665
3240	5.69554
3239	5.73688
3238	5.72678
3237	5.66722
3236	5.60237
3235	5.58039
3234	5.60893
3233	5.65189
3232	5.67004
3231	5.65981
3230	5.64758
3229	5.6514
3228	5.66364
3227	5.67026
3226	5.67001
3225	5.66801
3224	5.66337
3223	5.65194
3222	5.63544
3221	5.62346
3220	5.62401
3219	5.63519
3218	5.64473
3217	5.64339
3216	5.639
3215	5.64701
3214	5.66613
3213	5.67384
3212	5.65499
3211	5.62285
3210	5.60358
3209	5.60853
3208	5.63133
3207	5.66098
3206	5.68914
3205	5.71028
3204	5.72203
3203	5.72304
3202	5.71068
3201	5.68447
3200	5.64998
3199	5.61967
3198	5.60532
3197	5.60597
3196	5.60501
3195	5.58908
3194	5.56376
3193	5.53958
3192	5.5159
3191	5.49706
3190	5.503
3189	5.54106
3188	5.58515
3187	5.60666
3186	5.60851
3185	5.60796
3184	5.60328
3183	5.57851
3182	5.53473
3181	5.49679
3180	5.48591
3179	5.49358
3178	5.49495
3177	5.48484
3176	5.48307
3175	5.5013
3174	5.52174
3173	5.5194
3172	5.49269
3171	5.46238
3170	5.44704
3169	5.44697
3168	5.45259
3167	5.46085
3166	5.47656
3165	5.4988
3164	5.5136
3163	5.50789
3162	5.48815
3161	5.47593
3160	5.48371
3159	5.50235
3158	5.51442
3157	5.51323
3156	5.49999
3155	5.47296
3154	5.43065
3153	5.38201
3152	5.34296
3151	5.32363
3150	5.32051
3149	5.32008
3148	5.31204
3147	5.30363
3146	5.31602
3145	5.35745
3144	5.40515
3143	5.42591
3142	5.41215
3141	5.38679
3140	5.3742
3139	5.37582
3138	5.37775
3137	5.37381
3136	5.37409
3135	5.38837
3134	5.4116
3133	5.43091
3132	5.43833
3131	5.42902
3130	5.39922
3129	5.35793
3128	5.32813
3127	5.32435
3126	5.33578
3125	5.34079
3124	5.33073
3123	5.31372
3122	5.30516
3121	5.31721
3120	5.34638
3119	5.37435
3118	5.3859
3117	5.38412
3116	5.37916
3115	5.37021
3114	5.35265
3113	5.33627
3112	5.34047
3111	5.3675
3110	5.38806
3109	5.36732
3108	5.31055
3107	5.26532
3106	5.26838
3105	5.31019
3104	5.36463
3103	5.42335
3102	5.47988
3101	5.51041
3100	5.50088
3099	5.47006
3098	5.44514
3097	5.43181
3096	5.42021
3095	5.40387
3094	5.3844
3093	5.36488
3092	5.34577
3091	5.3273
3090	5.31466
3089	5.31273
3088	5.31875
3087	5.32948
3086	5.34747
3085	5.36581
3084	5.36064
3083	5.32141
3082	5.27598
3081	5.26187
3080	5.28371
3079	5.31698
3078	5.34406
3077	5.36896
3076	5.40031
3075	5.43152
3074	5.44692
3073	5.44253
3072	5.43122
3071	5.42356
3070	5.41708
3069	5.40771
3068	5.39968
3067	5.39667
3066	5.39511
3065	5.39189
3064	5.39168
3063	5.40141
3062	5.41949
3061	5.43516
3060	5.44393
3059	5.45613
3058	5.48201
3057	5.51445
3056	5.53994
3055	5.55529
3054	5.55855
3053	5.53874
3052	5.49126
3051	5.43748
3050	5.41413
3049	5.44004
3048	5.49648
3047	5.54697
3046	5.57462
3045	5.5843
3044	5.57519
3043	5.5431
3042	5.51241
3041	5.52238
3040	5.5709
3039	5.61112
3038	5.61312
3037	5.59612
3036	5.59154
3035	5.60062
3034	5.60264
3033	5.5892
3032	5.57626
3031	5.58132
3030	5.60012
3029	5.6173
3028	5.633
3027	5.66
3026	5.70119
3025	5.74592
3024	5.78648
3023	5.82177
3022	5.85094
3021	5.87197
3020	5.88291
3019	5.87973
3018	5.86788
3017	5.87362
3016	5.92207
3015	5.99906
3014	6.06326
3013	6.09804
3012	6.12449
3011	6.16219
3010	6.20873
3009	6.25957
3008	6.31433
3007	6.36277
3006	6.39345
3005	6.41851
3004	6.46336
3003	6.53722
3002	6.63122
3001	6.73734
3000	6.84624
2999	6.9457
2998	7.03312
2997	7.12554
2996	7.23964
2995	7.37392
2994	7.51189
2993	7.644
2992	7.77305
2991	7.90141
2990	8.01743
2989	8.11442
2988	8.2156
2987	8.35967
2986	8.55414
2985	8.76714
2984	8.96756
2983	9.15384
2982	9.33785
2981	9.52065
2980	9.69696
2979	9.87206
2978	10.0649
2977	10.293
2976	10.5555
2975	10.8294
2974	11.0898
2973	11.3355
2972	11.5858
2971	11.8478
2970	12.1054
2969	12.3489
2968	12.5908
2967	12.8397
2966	13.0793
2965	13.2999
2964	13.5147
2963	13.7348
2962	13.9486
2961	14.1454
2960	14.329
2959	14.4994
2958	14.6454
2957	14.7635
2956	14.863
2955	14.9487
2954	15.019
2953	15.0776
2952	15.1317
2951	15.1792
2950	15.2188
2949	15.2584
2948	15.3088
2947	15.3644
2946	15.4141
2945	15.4507
2944	15.473
2943	15.4686
2942	15.4201
2941	15.324
2940	15.2145
2939	15.1345
2938	15.0889
2937	15.0345
2936	14.9342
2935	14.7912
2934	14.6276
2933	14.4543
2932	14.2778
2931	14.107
2930	13.9422
2929	13.7723
2928	13.5898
2927	13.3971
2926	13.1994
2925	13.0056
2924	12.831
2923	12.6892
2922	12.5762
2921	12.469
2920	12.3419
2919	12.1892
2918	12.027
2917	11.8705
2916	11.7186
2915	11.5641
2914	11.4115
2913	11.272
2912	11.146
2911	11.018
2910	10.871
2909	10.7042
2908	10.5347
2907	10.3822
2906	10.2529
2905	10.1375
2904	10.0218
2903	9.89789
2902	9.76871
2901	9.64387
2900	9.5241
2899	9.39224
2898	9.23316
2897	9.05859
2896	8.89359
2895	8.75012
2894	8.63313
2893	8.55037
2892	8.48303
2891	8.38443
2890	8.24641
2889	8.12454
2888	8.05473
2887	7.99786
2886	7.90821
2885	7.80152
2884	7.70797
2883	7.61606
2882	7.5048
2881	7.38916
2880	7.29633
2879	7.22655
2878	7.15643
2877	7.0672
2876	6.96008
2875	6.853
2874	6.76347
2873	6.69353
2872	6.63277
2871	6.56851
2870	6.49472
2869	6.42213
2868	6.37297
2867	6.34863
2866	6.32028
2865	6.27146
2864	6.22503
2863	6.19613
2862	6.16113
2861	6.10637
2860	6.06563
2859	6.06437
2858	6.07557
2857	6.06711
2856	6.04463
2855	6.0141
2854	5.96022
2853	5.89023
2852	5.84075
2851	5.82156
2850	5.80818
2849	5.79457
2848	5.7946
2847	5.79341
2846	5.76015
2845	5.70495
2844	5.66447
2843	5.64031
2842	5.60423
2841	5.55389
2840	5.51583
2839	5.50072
2838	5.49095
2837	5.47172
2836	5.45223
2835	5.45281
2834	5.476
2833	5.50177
2832	5.5133
2831	5.51304
2830	5.50459
2829	5.4821
2828	5.45166
2827	5.43448
2826	5.4338
2825	5.43064
2824	5.42113
2823	5.42384
2822	5.44358
2821	5.46572
2820	5.485
2819	5.5013
2818	5.4951
2817	5.44868
2816	5.38615
2815	5.35008
2814	5.34748
2813	5.3557
2812	5.36709
2811	5.38974
2810	5.41847
2809	5.43543
2808	5.4305
2807	5.40347
2806	5.3615
2805	5.32661
2804	5.32763
2803	5.36908
2802	5.42065
2801	5.44884
2800	5.44854
2799	5.43835
2798	5.43671
2797	5.4475
2796	5.45991
2795	5.45893
2794	5.44353
2793	5.43186
2792	5.43851
2791	5.45392
2790	5.46069
2789	5.46209
2788	5.47551
2787	5.50255
2786	5.5217
2785	5.51347
2784	5.48606
2783	5.46862
2782	5.47684
2781	5.49867
2780	5.51563
2779	5.52034
2778	5.50327
2777	5.45196
2776	5.38205
2775	5.33781
2774	5.34033
2773	5.36169
2772	5.36723
2771	5.35752
2770	5.35635
2769	5.37777
2768	5.41704
2767	5.45843
2766	5.48528
2765	5.48923
2764	5.47349
2763	5.4475
2762	5.41995
2761	5.39487
2760	5.37266
2759	5.35521
2758	5.34904
2757	5.35848
2756	5.37896
2755	5.40307
2754	5.42457
2753	5.43379
2752	5.42323
2751	5.40506
2750	5.40437
2749	5.42583
2748	5.44316
2747	5.43239
2746	5.40261
2745	5.3837
2744	5.38948
2743	5.40319
2742	5.40581
2741	5.40705
2740	5.42742
2739	5.45917
2738	5.47704
2737	5.48048
2736	5.48555
2735	5.48589
2734	5.46683
2733	5.44489
2732	5.44572
2731	5.45785
2730	5.45179
2729	5.4273
2728	5.40712
2727	5.40194
2726	5.40893
2725	5.42905
2724	5.46458
2723	5.50445
2722	5.52585
2721	5.5163
2720	5.49041
2719	5.47376
2718	5.46958
2717	5.45991
2716	5.44045
2715	5.42749
2714	5.42653
2713	5.42366
2712	5.41411
2711	5.41021
2710	5.41952
2709	5.43973
2708	5.47124
2707	5.51254
2706	5.54502
2705	5.54695
2704	5.51909
2703	5.4809
2702	5.44989
2701	5.43628
2700	5.44772
2699	5.48142
2698	5.52238
2697	5.56022
2696	5.59365
2695	5.61193
2694	5.59731
2693	5.55612
2692	5.52
2691	5.50551
2690	5.5039
2689	5.51456
2688	5.54932
2687	5.598
2686	5.62793
2685	5.62601
2684	5.61259
2683	5.60906
2682	5.61603
2681	5.624
2680	5.62955
2679	5.63477
2678	5.63589
2677	5.623
2676	5.60091
2675	5.59164
2674	5.59866
2673	5.59714
2672	5.58403
2671	5.59417
2670	5.63697
2669	5.6689
2668	5.6648
2667	5.65898
2666	5.68016
2665	5.7003
2664	5.68203
2663	5.63821
2662	5.61383
2661	5.62723
2660	5.65278
2659	5.66017
2658	5.65465
2657	5.66102
2656	5.68071
2655	5.69625
2654	5.70926
2653	5.73296
2652	5.75252
2651	5.73594
2650	5.68129
2649	5.6218
2648	5.58934
2647	5.5927
2646	5.62015
2645	5.64645
2644	5.64845
2643	5.62613
2642	5.60357
2641	5.60645
2640	5.63403
2639	5.65624
2638	5.64748
2637	5.62119
2636	5.61161
2635	5.62336
2634	5.63108
2633	5.62599
2632	5.6259
2631	5.63746
2630	5.64399
2629	5.63461
2628	5.6185
2627	5.60387
2626	5.58705
2625	5.56887
2624	5.56605
2623	5.59414
2622	5.6422
2621	5.67539
2620	5.66996
2619	5.64165
2618	5.62853
2617	5.64414
2616	5.65657
2615	5.62712
2614	5.56481
2613	5.51909
2612	5.51602
2611	5.53167
2610	5.53738
2609	5.53853
2608	5.55239
2607	5.57658
2606	5.59478
2605	5.59995
2604	5.59698
2603	5.58909
2602	5.57181
2601	5.5438
2600	5.51744
2599	5.50943
2598	5.52154
2597	5.5438
2596	5.5733
2595	5.6113
2594	5.6485
2593	5.67252
2592	5.68102
2591	5.67543
2590	5.65836
2589	5.64737
2588	5.66241
2587	5.68635
2586	5.67412
2585	5.61867
2584	5.56974
2583	5.56951
2582	5.60306
2581	5.62958
2580	5.63219
2579	5.62264
2578	5.61724
2577	5.62376
2576	5.64101
2575	5.66221
2574	5.68061
2573	5.69158
2572	5.68831
2571	5.66326
2570	5.62063
2569	5.5777
2568	5.5462
2567	5.52693
2566	5.53046
2565	5.57825
2564	5.66709
2563	5.74887
2562	5.77188
2561	5.73428
2560	5.67978
2559	5.64915
2558	5.64783
2557	5.65801
2556	5.66791
2555	5.67905
2554	5.68845
2553	5.67924
2552	5.64033
2551	5.58868
2550	5.55899
2549	5.57225
2548	5.61667
2547	5.66015
2546	5.6787
2545	5.67723
2544	5.67824
2543	5.68606
2542	5.68251
2541	5.6689
2540	5.68156
2539	5.737
2538	5.79464
2537	5.80832
2536	5.78422
2535	5.75574
2534	5.73331
2533	5.71078
2532	5.69537
2531	5.69833
2530	5.71256
2529	5.72294
2528	5.72594
2527	5.73031
2526	5.74443
2525	5.7651
2524	5.77405
2523	5.7518
2522	5.7068
2521	5.67934
2520	5.69468
2519	5.72486
2518	5.72471
2517	5.69268
2516	5.66316
2515	5.65468
2514	5.66182
2513	5.67947
2512	5.70017
2511	5.7041
2510	5.68169
2509	5.65305
2508	5.64598
2507	5.66284
2506	5.68215
2505	5.68746
2504	5.68418
2503	5.68362
2502	5.67725
2501	5.6502
2500	5.61974
2499	5.62191
2498	5.65528
2497	5.68055
2496	5.6785
2495	5.66341
2494	5.64389
2493	5.62031
2492	5.61306
2491	5.63855
2490	5.66941
2489	5.67037
2488	5.65562
2487	5.66323
2486	5.69255
2485	5.71009
2484	5.70037
2483	5.6775
2482	5.6595
2481	5.6532
2480	5.65665
2479	5.66218
2478	5.66184
2477	5.65613
2476	5.65336
2475	5.65957
2474	5.6727
2473	5.68472
2472	5.68699
2471	5.67681
2470	5.662
2469	5.65785
2468	5.67507
2467	5.7064
2466	5.7268
2465	5.71412
2464	5.67165
2463	5.62772
2462	5.61154
2461	5.62757
2460	5.65533
2459	5.67534
2458	5.69075
2457	5.71546
2456	5.7439
2455	5.74897
2454	5.71866
2453	5.67908
2452	5.66592
2451	5.68141
2450	5.69234
2449	5.67132
2448	5.62876
2447	5.59945
2446	5.60117
2445	5.61728
2444	5.61985
2443	5.6013
2442	5.5755
2441	5.55668
2440	5.54739
2439	5.54074
2438	5.53113
2437	5.52612
2436	5.54007
2435	5.56759
2434	5.58324
2433	5.58346
2432	5.5991
2431	5.64054
2430	5.66565
2429	5.63688
2428	5.5814
2427	5.55545
2426	5.57118
2425	5.59399
2424	5.59623
2423	5.58598
2422	5.59026
2421	5.62289
2420	5.66556
2419	5.68162
2418	5.65823
2417	5.62885
2416	5.63287
2415	5.66106
2414	5.67115
2413	5.64712
2412	5.61111
2411	5.58507
2410	5.57834
2409	5.59871
2408	5.63564
2407	5.64808
2406	5.61023
2405	5.55833
2404	5.55625
2403	5.61951
2402	5.69521
2401	5.71914
2400	5.68041
2399	5.62237
2398	5.58443
2397	5.56296
2396	5.53665
2395	5.50499
2394	5.48388
2393	5.48299
2392	5.50182
2391	5.53632
2390	5.57715
2389	5.6095
2388	5.62252
2387	5.61372
2386	5.58465
2385	5.54428
2384	5.51176
2383	5.50044
2382	5.50687
2381	5.52784
2380	5.57003
2379	5.6208
2378	5.63983
2377	5.61549
2376	5.59397
2375	5.61054
2374	5.63347
2373	5.61969
2372	5.58224
2371	5.55925
2370	5.55666
2369	5.56005
2368	5.56342
2367	5.55869
2366	5.53688
2365	5.51539
2364	5.52329
2363	5.5534
2362	5.56916
2361	5.55993
2360	5.54818
2359	5.54523
2358	5.54103
2357	5.53648
2356	5.54818
2355	5.57849
2354	5.60674
2353	5.61349
2352	5.59847
2351	5.57468
2350	5.55211
2349	5.53143
2348	5.51244
2347	5.50249
2346	5.50719
2345	5.52283
2344	5.54471
2343	5.57127
2342	5.59219
2341	5.59354
2340	5.58539
2339	5.59481
2338	5.62331
2337	5.64501
2336	5.65247
2335	5.66347
2334	5.68242
2333	5.70079
2332	5.72869
2331	5.77375
2330	5.79948
2329	5.76505
2328	5.69156
2327	5.63247
2326	5.59894
2325	5.57173
2324	5.55756
2323	5.57816
2322	5.62558
2321	5.67326
2320	5.71272
2319	5.74714
2318	5.76815
2317	5.76303
2316	5.73355
2315	5.69435
2314	5.65799
2313	5.63038
2312	5.61304
2311	5.60878
2310	5.62297
2309	5.65822
2308	5.70897
2307	5.763
2306	5.80627
2305	5.82543
2304	5.81116
2303	5.76197
2302	5.68539
2301	5.60016
2300	5.53524
2299	5.51822
2298	5.55489
2297	5.62281
2296	5.68922
2295	5.73652
2294	5.77016
2293	5.79526
2292	5.79359
2291	5.73985
2290	5.6482
2289	5.57643
2288	5.5681
2287	5.61258
2286	5.67357
2285	5.72772
2284	5.76306
2283	5.77023
2282	5.74683
2281	5.69545
2280	5.61646
2279	5.52007
2278	5.44199
2277	5.42809
2276	5.49132
2275	5.58385
2274	5.63147
2273	5.61826
2272	5.6077
2271	5.64448
2270	5.68166
2269	5.66662
2268	5.63576
2267	5.64961
2266	5.69908
2265	5.75009
2264	5.8088
2263	5.87184
2262	5.89261
2261	5.85383
2260	5.80095
2259	5.75662
2258	5.68266
2257	5.56209
2256	5.45434
2255	5.43211
2254	5.49581
2253	5.57524
2252	5.60998
2251	5.60863
2250	5.61959
2249	5.65946
2248	5.70527
2247	5.74395
2246	5.78467
2245	5.82751
2244	5.85987
2243	5.87891
2242	5.88665
2241	5.87914
2240	5.86098
2239	5.85291
2238	5.85835
2237	5.84527
2236	5.77887
2235	5.67042
2234	5.58207
2233	5.56939
2232	5.62035
2231	5.67258
2230	5.68686
2229	5.67502
2228	5.66028
2227	5.6552
2226	5.68277
2225	5.763
2224	5.87017
2223	5.94488
2222	5.95875
2221	5.94019
2220	5.93563
2219	5.96168
2218	5.99511
2217	5.99803
2216	5.94922
2215	5.8512
2214	5.73327
2213	5.66558
2212	5.71672
2211	5.8594
2210	5.9786
2209	6.01999
2208	6.04733
2207	6.10989
2206	6.15651
2205	6.14036
2204	6.09511
2203	6.05943
2202	6.02505
2201	5.99594
2200	6.00322
2199	6.03658
2198	6.04661
2197	6.0259
2196	6.01793
2195	6.03634
2194	6.03436
2193	5.96183
2192	5.82217
2191	5.67345
2190	5.59736
2189	5.64677
2188	5.80247
2187	5.9847
2186	6.11261
2185	6.1558
2184	6.13527
2183	6.08977
2182	6.04765
2181	6.02527
2180	6.02844
2179	6.03649
2178	5.99513
2177	5.8671
2176	5.70665
2175	5.63245
2174	5.70423
2173	5.8577
2172	5.97087
2171	5.97501
2170	5.89683
2169	5.82909
2168	5.84696
2167	5.91499
2166	5.89613
2165	5.70143
2164	5.41893
2163	5.24037
2162	5.27843
2161	5.49385
2160	5.76597
2159	5.97773
2158	6.06761
2157	6.05062
2156	5.96911
2155	5.81405
2154	5.55677
2153	5.2734
2152	5.14407
2151	5.26891
2150	5.55596
2149	5.82763
2148	5.98108
2147	6.02106
2146	5.99633
2145	5.94506
2144	5.87524
2143	5.77922
2142	5.68244
2141	5.6533
2140	5.72801
2139	5.85477
2138	5.9543
2137	6.00566
2136	6.02493
2135	6.00186
2134	5.91862
2133	5.81192
2132	5.76154
2131	5.80531
2130	5.90239
2129	5.97911
2128	5.99824
2127	5.98101
2126	5.96532
2125	5.95131
2124	5.90079
2123	5.80388
2122	5.72179
2121	5.73303
2120	5.8436
2119	5.97328
2118	6.03589
2117	6.01862
2116	5.97417
2115	5.94688
2114	5.93193
2113	5.91684
2112	5.92418
2111	5.96144
2110	5.96937
2109	5.90297
2108	5.82368
2107	5.81559
2106	5.86538
2105	5.90901
2104	5.91698
2103	5.85359
2102	5.67901
2101	5.49094
2100	5.48841
2099	5.68645
2098	5.85178
2097	5.82612
2096	5.72038
2095	5.70561
2094	5.80159
2093	5.93729
2092	6.04292
2091	6.04088
2090	5.8982
2089	5.71395
2088	5.64357
2087	5.71174
2086	5.77908
2085	5.7154
2084	5.56595
2083	5.5035
2082	5.61236
2081	5.77537
2080	5.84546
2079	5.84138
2078	5.86724
2077	5.9375
2076	5.99453
2075	6.01118
2074	5.96812
2073	5.84064
2072	5.68653
2071	5.61893
2070	5.6212
2069	5.54467
2068	5.35557
2067	5.21473
2066	5.26105
2065	5.45943
2064	5.69671
2063	5.89615
2062	6.01843
2061	6.06046
2060	6.06618
2059	6.05241
2058	5.94875
2057	5.68759
2056	5.33612
2055	5.06782
2054	5
2053	5.09639
2052	5.2335
2051	5.33522
2050	5.4139
2049	5.48845
2048	5.52652
2047	5.51338
2046	5.51222
2045	5.59405
2044	5.73004
2043	5.80469
2042	5.73274
2041	5.54439
2040	5.37085
2039	5.34406
2038	5.4773
2037	5.64429
2036	5.7118
2035	5.67205
2034	5.62198
2033	5.63196
2032	5.67903
2031	5.70457
2030	5.68859
2029	5.64922
2028	5.60268
2027	5.55518
2026	5.53737
2025	5.5994
2024	5.73297
2023	5.83512
2022	5.79214
2021	5.60406
2020	5.39461
2019	5.29505
2018	5.33534
2017	5.43306
2016	5.47419
2015	5.4207
2014	5.34505
2013	5.34554
2012	5.44061
2011	5.56761
2010	5.6678
2009	5.73001
2008	5.76065
2007	5.76077
2006	5.74045
2005	5.72382
2004	5.72563
2003	5.72661
2002	5.69653
2001	5.64667
2000	5.62919
1999	5.66025
1998	5.68776
1997	5.68016
1996	5.68446
1995	5.735
1994	5.77749
1993	5.75864
1992	5.71249
1991	5.69247
1990	5.69471
1989	5.70341
1988	5.73418
1987	5.78658
1986	5.8243
1985	5.83333
1984	5.83591
1983	5.83605
1982	5.81309
1981	5.77222
1980	5.74587
1979	5.74452
1978	5.75187
1977	5.7614
1976	5.77728
1975	5.78955
1974	5.78452
1973	5.77363
1972	5.78584
1971	5.82898
1970	5.87589
1969	5.89342
1968	5.88047
1967	5.86777
1966	5.87553
1965	5.88981
1964	5.88967
1963	5.87785
1962	5.86903
1961	5.86423
1960	5.85281
1959	5.82813
1958	5.79148
1957	5.75397
1956	5.73695
1955	5.75345
1954	5.78946
1953	5.81695
1952	5.82305
1951	5.80715
1950	5.76619
1949	5.71543
1948	5.70235
1947	5.75458
1946	5.83143
1945	5.86898
1944	5.85051
1943	5.79316
1942	5.71214
1941	5.64247
1940	5.64153
1939	5.71191
1938	5.77835
1937	5.78482
1936	5.75421
1935	5.72018
1934	5.67672
1933	5.6295
1932	5.616
1931	5.64292
1930	5.67627
1929	5.70842
1928	5.76358
1927	5.83465
1926	5.88235
1925	5.8982
1924	5.90462
1923	5.90205
1922	5.87339
1921	5.83005
1920	5.80035
1919	5.78412
1918	5.75709
1917	5.71429
1916	5.68052
1915	5.6808
1914	5.71592
1913	5.76083
1912	5.78344
1911	5.76968
1910	5.73672
1909	5.71754
1908	5.73425
1907	5.78303
1906	5.83793
1905	5.8717
1904	5.87534
1903	5.856
1902	5.82152
1901	5.78527
1900	5.77376
1899	5.79332
1898	5.80217
1897	5.76928
1896	5.73772
1895	5.76322
1894	5.82225
1893	5.85857
1892	5.8735
1891	5.88465
1890	5.85959
1889	5.78699
1888	5.73956
1887	5.77215
1886	5.82774
1885	5.82775
1884	5.78538
1883	5.7594
1882	5.766
1881	5.79476
1880	5.83961
1879	5.87408
1878	5.86616
1877	5.8382
1876	5.84311
1875	5.87767
1874	5.89542
1873	5.89466
1872	5.90568
1871	5.90748
1870	5.85215
1869	5.7616
1868	5.71717
1867	5.75574
1866	5.83623
1865	5.90454
1864	5.94733
1863	5.97602
1862	5.98555
1861	5.9575
1860	5.90682
1859	5.88519
1858	5.90703
1857	5.92226
1856	5.89853
1855	5.86884
1854	5.86149
1853	5.85417
1852	5.83463
1851	5.83426
1850	5.86855
1849	5.91161
1848	5.94773
1847	5.98657
1846	6.01964
1845	6.01848
1844	5.98284
1843	5.94373
1842	5.918
1841	5.90081
1840	5.89343
1839	5.89786
1838	5.89777
1837	5.88375
1836	5.87376
1835	5.87369
1834	5.85791
1833	5.82609
1832	5.81984
1831	5.84091
1830	5.82857
1829	5.76752
1828	5.72679
1827	5.74426
1826	5.76363
1825	5.73278
1824	5.68265
1823	5.66559
1822	5.68414
1821	5.71478
1820	5.74923
1819	5.78684
1818	5.81464
1817	5.81402
1816	5.77851
1815	5.72535
1814	5.69085
1813	5.70116
1812	5.73733
1811	5.74781
1810	5.7077
1809	5.64658
1808	5.60573
1807	5.59072
1806	5.58677
1805	5.59478
1804	5.62503
1803	5.6662
1802	5.68667
1801	5.6723
1800	5.65012
1799	5.65611
1798	5.68268
1797	5.68642
1796	5.64955
1795	5.59713
1794	5.55004
1793	5.50701
1792	5.47835
1791	5.4882
1790	5.53427
1789	5.58822
1788	5.63575
1787	5.67616
1786	5.6956
1785	5.6863
1784	5.6749
1783	5.68751
1782	5.71446
1781	5.74893
1780	5.81492
1779	5.90713
1778	5.96363
1777	5.95106
1776	5.91539
1775	5.89579
1774	5.87464
1773	5.85129
1772	5.86918
1771	5.92607
1770	5.95862
1769	5.95073
1768	5.96034
1767	6.01346
1766	6.06497
1765	6.08563
1764	6.10911
1763	6.17342
1762	6.2737
1761	6.37918
1760	6.45751
1759	6.49024
1758	6.50164
1757	6.55037
1756	6.65827
1755	6.77228
1754	6.82725
1753	6.82071
1752	6.79935
1751	6.79756
1750	6.81831
1749	6.85016
1748	6.88015
1747	6.89153
1746	6.86786
1745	6.81215
1744	6.7599
1743	6.74901
1742	6.77668
1741	6.81207
1740	6.84676
1739	6.88432
1738	6.88999
1737	6.82163
1736	6.70969
1735	6.6326
1734	6.61611
1733	6.62427
1732	6.63078
1731	6.62974
1730	6.60092
1729	6.54025
1728	6.49316
1727	6.49051
1726	6.49847
1725	6.48638
1724	6.48056
1723	6.49202
1722	6.47285
1721	6.40599
1720	6.34813
1719	6.32726
1718	6.30115
1717	6.2603
1716	6.26076
1715	6.3128
1714	6.35747
1713	6.37805
1712	6.41615
1711	6.46971
1710	6.48846
1709	6.47092
1708	6.46206
1707	6.46397
1706	6.44626
1705	6.43108
1704	6.48155
1703	6.60824
1702	6.74102
1701	6.80341
1700	6.79295
1699	6.77391
1698	6.79233
1697	6.82768
1696	6.8434
1695	6.84268
1694	6.84095
1693	6.83635
1692	6.84192
1691	6.88475
1690	6.94243
1689	6.95057
1688	6.89939
1687	6.8522
1686	6.85255
1685	6.88043
1684	6.90977
1683	6.94464
1682	6.9886
1681	7.02895
1680	7.0602
1679	7.08888
1678	7.11188
1677	7.11827
1676	7.10821
1675	7.09105
1674	7.07363
1673	7.06996
1672	7.09694
1671	7.1365
1670	7.13835
1669	7.08685
1668	7.02051
1667	6.95912
1666	6.87654
1665	6.77913
1664	6.71977
1663	6.69794
1662	6.65147
1661	6.58186
1660	6.56513
1659	6.61546
1658	6.66532
1657	6.68819
1656	6.70621
1655	6.69022
1654	6.60174
1653	6.50794
1652	6.5031
1651	6.55218
1650	6.55101
1649	6.49898
1648	6.48069
1647	6.52191
1646	6.57018
1645	6.59074
1644	6.60416
1643	6.64046
1642	6.6928
1641	6.72677
1640	6.72686
1639	6.70935
1638	6.68394
1637	6.65023
1636	6.64292
1635	6.70756
1634	6.80938
1633	6.85992
1632	6.85059
1631	6.85338
1630	6.88586
1629	6.89586
1628	6.87619
1627	6.87033
1626	6.87712
1625	6.87125
1624	6.88656
1623	6.96089
1622	7.04184
1621	7.06132
1620	7.05445
1619	7.09866
1618	7.18751
1617	7.25987
1616	7.29745
1615	7.32247
1614	7.34616
1613	7.37971
1612	7.43396
1611	7.47551
1610	7.45817
1609	7.42024
1608	7.45142
1607	7.54558
1606	7.59828
1605	7.56487
1604	7.50215
1603	7.44361
1602	7.35778
1601	7.24121
1600	7.14302
1599	7.08804
1598	7.06548
1597	7.07677
1596	7.11874
1595	7.14224
1594	7.10183
1593	7.02355
1592	6.96992
1591	6.95589
1590	6.94059
1589	6.88987
1588	6.82258
1587	6.78473
1586	6.78525
1585	6.77517
1584	6.70189
1583	6.57344
1582	6.45013
1581	6.39039
1580	6.41334
1579	6.48064
1578	6.51106
1577	6.4598
1576	6.37877
1575	6.3348
1574	6.29963
1573	6.21599
1572	6.12707
1571	6.10629
1570	6.10998
1569	6.04729
1568	5.94239
1567	5.87859
1566	5.84922
1565	5.80737
1564	5.78353
1563	5.81692
1562	5.85785
1561	5.85058
1560	5.81993
1559	5.78928
1558	5.72644
1557	5.63845
1556	5.59985
1555	5.62612
1554	5.63835
1553	5.59769
1552	5.55984
1551	5.56538
1550	5.58564
1549	5.59966
1548	5.62856
1547	5.67712
1546	5.71731
1545	5.73367
1544	5.72905
1543	5.69475
1542	5.6276
1541	5.56328
1540	5.54584
1539	5.5751
1538	5.61227
1537	5.62768
1536	5.62662
1535	5.63503
1534	5.67082
1533	5.72376
1532	5.76129
1531	5.75527
1530	5.70407
1529	5.6399
1528	5.61335
1527	5.64468
1526	5.68722
1525	5.68271
1524	5.64688
1523	5.63843
1522	5.65396
1521	5.64369
1520	5.61808
1519	5.62958
1518	5.66465
1517	5.67362
1516	5.67894
1515	5.72879
1514	5.78946
1513	5.81031
1512	5.8266
1511	5.87332
1510	5.89227
1509	5.85171
1508	5.84169
1507	5.92314
1506	6.01166
1505	6.02504
1504	6.00969
1503	6.02342
1502	6.03959
1501	6.04353
1500	6.07201
1499	6.09931
1498	6.03949
1497	5.90533
1496	5.82679
1495	5.87766
1494	5.99385
1493	6.08131
1492	6.11417
1491	6.11505
1490	6.11078
1489	6.12109
1488	6.14932
1487	6.18274
1486	6.21249
1485	6.24648
1484	6.29199
1483	6.34525
1482	6.39967
1481	6.45929
1480	6.53404
1479	6.62254
1478	6.6937
1477	6.72206
1476	6.74459
1475	6.8268
1474	6.95915
1473	7.07019
1472	7.14956
1471	7.25371
1470	7.382
1469	7.4775
1468	7.55658
1467	7.69208
1466	7.86284
1465	7.97319
1464	8.01757
1463	8.08329
1462	8.20345
1461	8.3396
1460	8.47267
1459	8.58754
1458	8.62993
1457	8.5968
1456	8.59172
1455	8.68308
1454	8.79425
1453	8.83163
1452	8.81613
1451	8.80068
1450	8.77724
1449	8.75153
1448	8.78375
1447	8.88674
1446	8.99296
1445	9.0689
1444	9.1536
1443	9.25318
1442	9.30766
1441	9.29359
1440	9.27398
1439	9.31896
1438	9.42789
1437	9.54832
1436	9.6338
1435	9.68077
1434	9.73146
1433	9.83435
1432	9.98353
1431	10.1253
1430	10.2328
1429	10.3373
1428	10.4657
1427	10.5941
1426	10.6948
1425	10.7978
1424	10.9627
1423	11.1899
1422	11.3876
1421	11.4738
1420	11.4972
1419	11.5831
1418	11.7578
1417	11.9308
1416	12.0567
1415	12.1792
1414	12.304
1413	12.389
1412	12.4669
1411	12.6115
1410	12.7909
1409	12.9158
1408	12.9956
1407	13.0904
1406	13.165
1405	13.1686
1404	13.1697
1403	13.2558
1402	13.3729
1401	13.4117
1400	13.3587
1399	13.2639
1398	13.1456
1397	13.0293
1396	12.9723
1395	12.9737
1394	12.9432
1393	12.8222
1392	12.6554
1391	12.5124
1390	12.4037
1389	12.3042
1388	12.2037
1387	12.1097
1386	12.0328
1385	11.9827
1384	11.9618
1383	11.9565
1382	11.9452
1381	11.9129
1380	11.8529
1379	11.7701
1378	11.6922
1377	11.657
1376	11.6594
1375	11.6485
1374	11.5924
1373	11.5256
1372	11.4972
1371	11.504
1370	11.4979
1369	11.447
1368	11.3614
1367	11.27
1366	11.1889
1365	11.1366
1364	11.1616
1363	11.2986
1362	11.4926
1361	11.6409
1360	11.7136
1359	11.755
1358	11.778
1357	11.7659
1356	11.7599
1355	11.8184
1354	11.9127
1353	11.9816
1352	12.0481
1351	12.1612
1350	12.2851
1349	12.3666
1348	12.4484
1347	12.5937
1346	12.7759
1345	12.9409
1344	13.0972
1343	13.2638
1342	13.4218
1341	13.5842
1340	13.8004
1339	14.0355
1338	14.1779
1337	14.2098
1336	14.2337
1335	14.3002
1334	14.3644
1333	14.4211
1332	14.5243
1331	14.6606
1330	14.7563
1329	14.8093
1328	14.8831
1327	14.9783
1326	15.0432
1325	15.0765
1324	15.1176
1323	15.1576
1322	15.1473
1321	15.0657
1320	14.9364
1319	14.7922
1318	14.6598
1317	14.5601
1316	14.508
1315	14.4839
1314	14.4202
1313	14.2629
1312	14.0667
1311	13.9457
1310	13.9195
1309	13.9016
1308	13.8544
1307	13.8193
1306	13.7867
1305	13.6872
1304	13.5287
1303	13.3937
1302	13.3001
1301	13.2028
1300	13.1017
1299	13.0018
1298	12.8252
1297	12.5203
1296	12.1807
1295	11.9086
1294	11.6534
1293	11.3273
1292	10.9689
1291	10.6558
1290	10.3739
1289	10.0975
1288	9.8697
1287	9.69541
1286	9.49987
1285	9.26617
1284	9.0693
1283	8.91772
1282	8.73227
1281	8.51748
1280	8.38002
1279	8.34551
1278	8.32131
1277	8.26003
1276	8.21744
1275	8.24057
1274	8.31884
1273	8.44198
1272	8.5919
1271	8.70995
1270	8.75375
1269	8.76591
1268	8.8133
1267	8.89948
1266	8.97562
1265	9.02463
1264	9.08561
1263	9.19939
1262	9.33835
1261	9.44086
1260	9.51818
1259	9.64213
1258	9.80415
1257	9.90492
1256	9.9199
1255	9.92915
1254	9.95798
1253	9.96125
1252	9.9789
1251	10.1021
1250	10.2768
1249	10.3552
1248	10.3293
1247	10.3049
1246	10.2871
1245	10.2159
1244	10.142
1243	10.1518
1242	10.1933
1241	10.178
1240	10.1402
1239	10.1368
1238	10.1027
1237	9.96703
1236	9.7861
1235	9.63817
1234	9.4978
1233	9.32654
1232	9.16571
1231	9.06278
1230	8.98894
1229	8.89272
1228	8.7514
1227	8.54961
1226	8.28871
1225	8.02887
1224	7.83984
1223	7.70927
1222	7.5701
1221	7.40468
1220	7.2445
1219	7.09109
1218	6.91958
1217	6.74605
1216	6.61412
1215	6.53188
1214	6.47173
1213	6.42149
1212	6.39117
1211	6.38447
1210	6.38035
1209	6.35248
1208	6.29369
1207	6.21942
1206	6.13449
1205	6.03908
1204	5.97116
1203	5.97605
1202	6.01406
1201	6.00438
1200	5.96952
1199	5.99788
1198	6.06622
1197	6.07575
1196	6.04694
1195	6.06955
1194	6.09767
1193	6.03164
1192	5.94406
1191	5.96834
1190	6.04333
1189	6.017
1188	5.91282
1187	5.85769
1186	5.85822
1185	5.84651
1184	5.84443
1183	5.90635
1182	5.99703
1181	6.04817
1180	6.06218
1179	6.06923
1178	6.06845
1177	6.05925
1176	6.06594
1175	6.09574
1174	6.14274
1173	6.23625
1172	6.41215
1171	6.63023
1170	6.80804
1169	6.93858
1168	7.09192
1167	7.3031
1166	7.54186
1165	7.7772
1164	7.9867
1163	8.14251
1162	8.2674
1161	8.46081
1160	8.78205
1159	9.15101
1158	9.43611
1157	9.60713
1156	9.75298
1155	9.95078
1154	10.1649
1153	10.3084
1152	10.3979
1151	10.5506
1150	10.8131
1149	11.0939
1148	11.3125
1147	11.471
1146	11.5518
1145	11.503
1144	11.3699
1143	11.2735
1142	11.2416
1141	11.2132
1140	11.1886
1139	11.1908
1138	11.1325
1137	10.9265
1136	10.6652
1135	10.497
1134	10.4001
1133	10.2616
1132	10.0808
1131	9.92377
1130	9.78486
1129	9.65057
1128	9.5888
1127	9.63015
1126	9.69313
1125	9.72143
1124	9.76234
1123	9.8312
1122	9.87436
1121	9.91831
1120	10.0666
1119	10.3022
1118	10.4948
1117	10.6275
1116	10.8218
1115	11.1146
1114	11.3924
1113	11.565
1112	11.6579
1111	11.724
1110	11.7892
1109	11.8782
1108	12.0135
1107	12.1802
1106	12.3307
1105	12.4295
1104	12.4893
1103	12.5455
1102	12.586
1101	12.5502
1100	12.4268
1099	12.2805
1098	12.139
1097	11.9658
1096	11.7913
1095	11.7312
1094	11.8108
1093	11.9176
1092	11.9798
1091	12.0368
1090	12.1055
1089	12.1623
1088	12.2635
1087	12.4917
1086	12.7892
1085	13.0497
1084	13.3059
1083	13.6066
1082	13.8193
1081	13.82
1080	13.7412
1079	13.7686
1078	13.835
1077	13.7733
1076	13.5991
1075	13.4136
1074	13.1827
1073	12.8248
1072	12.3751
1071	11.9109
1070	11.4482
1069	11.0137
1068	10.6754
1067	10.4361
1066	10.2194
1065	9.99833
1064	9.82046
1063	9.70248
1062	9.6109
1061	9.55175
1060	9.58407
1059	9.72394
1058	9.89933
1057	10.0321
1056	10.1335
1055	10.2826
1054	10.4989
1053	10.695
1052	10.7924
1051	10.8401
1050	10.9413
1049	11.1052
1048	11.2423
1047	11.2823
1046	11.226
1045	11.1085
1044	10.9624
1043	10.7906
1042	10.5492
1041	10.2175
1040	9.88657
1039	9.66898
1038	9.53481
1037	9.37777
1036	9.22278
1035	9.17499
1034	9.18918
1033	9.1157
1032	8.9671
1031	8.90291
1030	8.95502
1029	8.99173
1028	8.93448
1027	8.80732
1026	8.6304
1025	8.43976
1024	8.32938
1023	8.30507
1022	8.23226
1021	8.06061
1020	7.92966
1019	7.9122
1018	7.87107
1017	7.71271
1016	7.55216
1015	7.48653
1014	7.43556
1013	7.32988
1012	7.2422
1011	7.22603
1010	7.20866
1009	7.12118
1008	6.99823
1007	6.90612
1006	6.87115
1005	6.88752
1004	6.92333
1003	6.92652
1002	6.87364
1001	6.81041
1000	6.82165
999	6.9521
998	7.14162
997	7.26856
996	7.28523
995	7.25431
994	7.21573
993	7.13063
992	7.02649
991	7.03403
990	7.17651
989	7.3005
988	7.32462
987	7.35285
986	7.44592
985	7.4969
984	7.42815
983	7.29954
982	7.15967
981	6.99725
980	6.85611
979	6.79299
978	6.73641
977	6.5887
976	6.42563
975	6.38901
974	6.44781
973	6.46914
972	6.44944
971	6.48398
970	6.57019
969	6.60573
968	6.53845
967	6.40151
966	6.25156
965	6.15002
964	6.1455
963	6.2124
962	6.27235
961	6.30522
960	6.35368
959	6.40925
958	6.41411
957	6.39067
956	6.42189
955	6.48728
954	6.47225
953	6.34932
952	6.20314
951	6.0827
950	5.97332
949	5.89888
948	5.90053
947	5.93144
946	5.89487
945	5.78269
944	5.6965
943	5.72192
942	5.82197
941	5.87947
940	5.83716
939	5.76028
938	5.73236
937	5.75667
936	5.81179
935	5.91069
934	6.03741
933	6.13301
932	6.19695
931	6.28101
930	6.35613
929	6.35428
928	6.34634
927	6.46276
926	6.64331
925	6.70134
924	6.62035
923	6.53993
922	6.49169
921	6.41319
920	6.35528
919	6.39759
918	6.4536
917	6.41681
916	6.37042
915	6.41547
914	6.46514
913	6.4269
912	6.3909
911	6.43211
910	6.44752
909	6.36708
908	6.31329
907	6.39463
906	6.54337
905	6.66777
904	6.7888
903	6.93771
902	7.06894
901	7.14218
900	7.19592
899	7.29531
898	7.45125
897	7.61641
896	7.75475
895	7.88896
894	8.04327
893	8.17364
892	8.22309
891	8.21328
890	8.19927
889	8.18382
888	8.16329
887	8.18145
886	8.24446
885	8.27317
884	8.23078
883	8.20461
882	8.26655
881	8.36574
880	8.42967
879	8.46529
878	8.49002
877	8.49216
876	8.49947
875	8.57138
874	8.69583
873	8.82223
872	8.99179
871	9.28311
870	9.65024
869	9.98255
868	10.302
867	10.7253
866	11.2717
865	11.9229
864	12.7484
863	13.8472
862	15.1869
861	16.7694
860	18.6943
859	20.977
858	23.3589
857	25.5612
856	27.4748
855	29.0182
854	29.9466
853	30
852	29.116
851	27.4087
850	25.0892
849	22.4401
848	19.7635
847	17.2635
846	15.0631
845	13.2777
844	11.9826
843	11.1072
842	10.5162
841	10.1735
840	10.1706
839	10.5638
838	11.2679
837	12.0925
836	12.8302
835	13.3434
834	13.5496
833	13.446
832	13.0711
831	12.5352
830	11.9309
829	11.3439
828	10.8556
827	10.5324
826	10.3154
825	10.0754
824	9.80194
823	9.61871
822	9.57415
821	9.58067
820	9.58929
819	9.63239
818	9.69175
817	9.72309
816	9.80892
815	10.0447
814	10.3222
813	10.4588
812	10.4745
811	10.4827
810	10.4369
809	10.2558
808	10.0452
807	9.92282
806	9.79
805	9.51715
804	9.18443
803	8.92345
802	8.70834
801	8.4891
800	8.32868
799	8.25743
798	8.17317
797	7.99917
796	7.77225
795	7.52706
794	7.26479
793	7.06662
792	7.06005
791	7.23488
790	7.42235
789	7.48658
788	7.44585
787	7.39894
786	7.39801
785	7.41702
784	7.40856
783	7.3636
782	7.29465
781	7.19953
780	7.08662
779	6.99683
778	6.94094
777	6.87965
776	6.82137
775	6.84371
774	6.94499
773	6.99737
772	6.93164
771	6.82616
770	6.7507
769	6.67318
768	6.57825
767	6.50929
766	6.44844
765	6.32939
764	6.19059
763	6.13903
762	6.16398
761	6.17139
760	6.16325
759	6.18382
758	6.15958
757	6.02333
756	5.89723
755	5.92051
754	6.01643
753	6.04587
752	6.04228
751	6.07797
750	6.0848
749	6.00669
748	5.94013
747	5.93694
746	5.8796
745	5.70097
744	5.52049
743	5.44184
742	5.42563
741	5.43965
740	5.52094
739	5.63634
738	5.68019
737	5.64746
736	5.63694
735	5.6732
734	5.68229
733	5.64372
732	5.62027
731	5.64675
730	5.69296
729	5.72293
728	5.71819
727	5.67563
726	5.62363
725	5.62406
724	5.72923
723	5.92006
722	6.09083
721	6.15263
720	6.17695
719	6.30904
718	6.51056
717	6.59123
716	6.53961
715	6.55921
714	6.70653
713	6.79912
712	6.75426
711	6.7006
710	6.69724
709	6.6482
708	6.54247
707	6.4919
706	6.52179
705	6.58728
704	6.73398
703	6.97525
702	7.13834
701	7.10123
700	7.02018
699	7.0586
698	7.12255
697	7.12773
696	7.25226
695	7.63997
694	8.11274
693	8.44851
692	8.68254
691	8.92802
690	9.15598
689	9.32533
688	9.49517
687	9.68791
686	9.83091
685	9.90131
684	9.96031
683	10.0173
682	9.9925
681	9.84168
680	9.63172
679	9.4652
678	9.37686
677	9.31497
676	9.22515
675	9.1142
674	9.01316
673	8.91172
672	8.79734
671	8.70102
670	8.63933
669	8.56375
668	8.44807
667	8.33815
666	8.24259
665	8.09818
664	7.91868
663	7.82016
662	7.81813
661	7.79536
660	7.72332
659	7.68735
658	7.66234
657	7.54317
656	7.40451
655	7.41879
654	7.5327
653	7.55938
652	7.53612
651	7.62577
650	7.75917
649	7.75568
648	7.67955
647	7.71107
646	7.81332
645	7.85549
644	7.88285
643	7.97791
642	8.05227
641	8.02816
640	8.01201
639	8.0878
638	8.1491
637	8.0997
636	8.01144
635	7.96527
634	7.91684
633	7.81105
632	7.67908
631	7.55934
630	7.4302
629	7.26655
628	7.09731
627	6.97181
626	6.89508
625	6.82152
624	6.71995
623	6.62792
622	6.60472
621	6.64142
620	6.66654
619	6.63245
618	6.55495
617	6.4811
616	6.45039
615	6.47212
614	6.49934
613	6.47445
612	6.42438
611	6.4487
610	6.57192
609	6.69729
608	6.73937
607	6.69533
606	6.56458
605	6.3597
604	6.21448
603	6.27761
602	6.47671
601	6.60583
600	6.63001
599	6.65202
598	6.63878
597	6.50627
596	6.37471
595	6.384
594	6.40773
593	6.30721
592	6.2483
591	6.39536
590	6.55901
589	6.51939
588	6.40384
587	6.39214
586	6.35576
585	6.11512
584	5.78582
583	5.60325
582	5.62017
581	5.74856
580	5.90223
579	5.99242
578	5.96186
577	5.88289
576	5.87715
575	5.92855
574	5.91335
573	5.80453
572	5.71237
571	5.72688
570	5.832
569	5.96486
568	6.06385
567	6.08278
566	6.02371
565	5.95186
564	5.93742
563	5.98291
562	6.01842
561	5.98661
560	5.93732
559	5.96658
558	6.03037
557	5.98348
556	5.85665
555	5.8621
554	6.03522
553	6.16977
552	6.19032
551	6.24526
550	6.3562
549	6.36012
548	6.26286
547	6.26722
546	6.41017
545	6.54441
544	6.66094
543	6.86048
542	7.06909
541	7.14865
540	7.17753
539	7.27801
538	7.33917
537	7.24122
536	7.12535
535	7.12381
534	7.08933
533	6.88995
532	6.6771
531	6.58508
530	6.48854
529	6.30017
528	6.16947
527	6.18394
526	6.19996
525	6.12507
524	6.06389
523	6.08791
522	6.12294
521	6.13449
520	6.19455
519	6.32081
518	6.42089
517	6.43426
516	6.42256
515	6.49366
514	6.66433
513	6.82939
512	6.87813
511	6.82496
510	6.78077
509	6.84575
508	7.08379
507	7.50353
506	7.95475
505	8.20017
504	8.21496
503	8.23472
502	8.39291
501	8.56049
500	8.6472
499	8.74401
498	8.8578
497	8.87579
496	8.87754
495	9.08607
494	9.45289
493	9.69232
492	9.74207
491	9.7854
490	9.85317
489	9.84277
488	9.84409
487	10.0114
486	10.228
485	10.3044
484	10.3257
483	10.4377
482	10.5143
481	10.4073
480	10.2521
479	10.2117
478	10.2008
477	10.144
476	10.1774
475	10.3589
474	10.4906
473	10.4379
472	10.3194
471	10.2424
470	10.1427
469	9.98808
468	9.87662
467	9.86122
466	9.87446
465	9.86791
464	9.86471
463	9.87252
462	9.85832
461	9.82595
460	9.83701
459	9.94407
458	10.1105
457	10.2373
456	10.2951
455	10.3725
454	10.5371
453	10.75
452	11.014
451	11.4318
450	12.0017
449	12.5407
448	12.9745
447	13.4365
446	13.9652
445	14.3838
444	14.6106
443	14.7376
442	14.731
441	14.446
440	13.9857
439	13.6063
438	13.274
437	12.7795
436	12.2155
435	11.8353
434	11.5535
433	11.1447
432	10.7243
431	10.5104
430	10.3384
429	9.96637
428	9.55377
427	9.36322
426	9.28617
425	9.09122
424	8.81927
423	8.57814
422	8.28234
421	7.8711
420	7.49182
419	7.2439
418	7.03604
417	6.81537
416	6.67108
415	6.62107
414	6.54795
413	6.39696
412	6.24473
411	6.14896
410	6.07674
409	6.00143
408	5.95663
407	5.96939
406	5.9846
405	5.92063
404	5.80922
403	5.81202
402	5.99492
401	6.20822
400	6.30527
399	6.35154
398	6.44961
397	6.55589
396	6.63798
395	6.79594
394	7.03543
393	7.20051
392	7.27612
391	7.44865
390	7.74039
389	7.95653
388	8.07572
387	8.27751
386	8.53875
385	8.66292
384	8.70806
383	8.90408
382	9.18668
381	9.3232
380	9.38863
379	9.59308
378	9.80937
377	9.81702
376	9.75894
375	9.84162
374	9.88069
373	9.65481
372	9.35208
371	9.21419
370	9.12598
369	8.9431
368	8.81125
367	8.81726
366	8.7683
365	8.57419
364	8.42224
363	8.37853
362	8.25092
361	7.98499
360	7.83473
359	8.013
358	8.43789
357	8.90162
356	9.31745
355	9.73026
354	10.1701
353	10.5892
352	10.9796
351	11.4555
350	12.0887
349	12.7399
348	13.2374
347	13.6157
346	13.9962
345	14.363
344	14.6729
343	14.9818
342	15.2721
341	15.3841
340	15.3128
339	15.2455
338	15.1828
337	14.9094
336	14.4724
335	14.1832
334	14.049
333	13.7492
332	13.2485
331	12.8474
330	12.6054
329	12.3084
328	11.9879
327	11.8611
326	11.8338
325	11.6669
324	11.4756
323	11.494
322	11.5788
321	11.4823
320	11.3236
319	11.2933
318	11.2583
317	11.0919
316	10.9968
315	11.0891
314	11.1133
313	10.9053
312	10.7016
311	10.6919
310	10.715
309	10.6145
308	10.4792
307	10.3757
306	10.2166
305	10.0015
304	9.88291
303	9.92579
302	10.0161
301	10.0404
300	10.0033
299	9.95171
298	9.8706
297	9.70017
296	9.4582
295	9.26525
294	9.16694
293	9.05082
292	8.87495
291	8.7938
290	8.87055
289	8.90728
288	8.78935
287	8.69623
286	8.73136
285	8.71904
284	8.59097
283	8.52033
282	8.49743
281	8.30312
280	8.02794
279	8.00108
278	8.14143
277	8.06184
276	7.8062
275	7.75568
274	7.86857
273	7.78245
272	7.54419
271	7.46234
270	7.43879
269	7.19823
268	6.91039
267	6.878
266	6.93587
265	6.77706
264	6.50349
263	6.32981
262	6.17455
261	5.98269
260	5.97692
259	6.21044
258	6.35774
257	6.25197
256	6.14226
255	6.19787
254	6.24945
253	6.18233
252	6.1346
251	6.17697
250	6.18375
249	6.09804
248	6.02898
247	6.0382
246	6.05053
245	6.00926
244	5.9844
243	6.08667
242	6.31953
241	6.5492
240	6.66417
239	6.69078
238	6.66775
237	6.54429
236	6.35914
235	6.30004
234	6.39319
233	6.41573
232	6.32839
231	6.37036
230	6.53779
229	6.51469
228	6.31647
227	6.31821
226	6.49707
225	6.43393
224	6.16232
223	6.12674
222	6.28629
221	6.19236
220	5.90832
219	5.87187
218	5.99721
217	5.90811
216	5.77996
215	5.97835
214	6.23967
213	6.17068
212	6.06188
211	6.37644
210	6.93328
209	7.3802
208	7.81897
207	8.35519
206	8.65983
205	8.58701
204	8.51151
203	8.64095
202	8.64825
201	8.32181
200	7.87129
199	7.38119
198	6.62338
197	5.58774
