121.737	100
122.22	110.828
122.702	132.419
123.184	146.915
123.666	141.35
124.148	115.507
124.63	100.782
125.112	107.745
125.594	106.053
126.076	104.027
126.559	122.316
127.041	147.672
127.523	182.97
128.005	225.238
128.487	265.747
128.969	302.584
129.451	340.744
129.933	394.166
130.415	462.201
130.898	520.959
131.38	556.8
131.862	570.339
132.344	563.469
132.826	531.24
133.308	482.057
133.79	437.509
134.272	396.922
134.755	364.191
135.237	344.327
135.719	337.834
136.201	337.164
136.683	340.96
137.165	348.99
137.647	360.175
138.129	376.309
138.611	392.84
139.094	404.943
139.576	413.438
140.058	414.202
140.54	401.834
141.022	369.546
141.504	352.195
141.986	354.048
142.468	369.306
142.951	382.02
143.433	388.431
143.915	398.036
144.397	417.149
144.879	453.474
145.361	483.499
145.843	503.873
146.325	515.938
146.807	528.12
147.29	542.098
147.772	555.091
148.254	565.49
148.736	567.967
149.218	573.476
149.7	583.814
150.182	599.219
150.664	616.292
151.146	639.402
151.629	662.609
152.111	680.122
152.593	687.216
153.075	692.662
153.557	699.819
154.039	711.44
154.521	715.834
155.003	700.967
155.486	679.315
155.968	670.621
156.45	696.41
156.932	722.598
157.414	732.528
157.896	709.879
158.378	697.211
158.86	711.213
159.342	744.142
159.825	775.912
160.307	795.883
160.789	814.221
161.271	837.884
161.753	869.147
162.235	905.26
162.717	946.846
163.199	993.209
163.682	1040.1
164.164	1086.27
164.646	1131.97
165.128	1176.69
165.61	1211.91
166.092	1253.05
166.574	1317.32
167.056	1404.98
167.538	1481.99
168.021	1544.1
168.503	1579.98
168.985	1571.31
169.467	1487.37
169.949	1370.04
170.431	1247.63
170.913	1119.54
171.395	1002.3
171.877	912.448
172.36	844.404
172.842	786.349
173.324	728.868
173.806	679.379
174.288	650.424
174.77	647.267
175.252	653.178
175.734	653.201
176.217	648.1
176.699	641.364
177.181	633.212
177.663	625.164
178.145	620.165
178.627	619.625
179.109	621.131
179.591	618.331
180.073	614.543
180.556	611.737
181.038	613.778
181.52	618.114
182.002	618.219
182.484	610.126
182.966	598.029
183.448	590.42
183.93	587.438
184.413	585.334
184.895	581.212
185.377	575.198
185.859	568.001
186.341	558.228
186.823	547.617
187.305	544.248
187.787	549.689
188.269	552.527
188.752	535.651
189.234	500.341
189.716	466.565
190.198	441.682
190.68	424.864
191.162	412.185
191.644	403.861
192.126	399.018
192.608	397.881
193.091	400.585
193.573	401.828
194.055	400.051
194.537	395.146
195.019	383.873
195.501	364.627
195.983	341.482
196.465	319.968
196.948	299.186
197.43	286.8
197.912	292.727
198.394	317.649
198.876	330.765
199.358	326.643
199.84	310.942
200.322	297.649
200.804	286.289
201.287	279.457
201.769	280.058
202.251	288.814
202.733	299.245
203.215	313.493
203.697	328.099
204.179	326.202
204.661	303.068
205.144	276.21
205.626	259.529
206.108	254.495
206.59	252.555
207.072	252.686
207.554	254.795
208.036	257.917
208.518	261.583
209	267.161
209.483	277.657
209.965	295.333
210.447	308.2
210.929	312.701
211.411	309.005
211.893	304.996
212.375	298.942
212.857	294.97
213.339	298.684
213.822	313.046
214.304	327.429
214.786	339.123
215.268	348.067
215.75	356.859
216.232	366.75
216.714	375.329
217.196	377.577
217.679	367.915
218.161	362.365
218.643	367.288
219.125	384.265
219.607	402.338
220.089	422.727
220.571	443.262
221.053	460.955
221.535	475.012
222.018	487.372
222.5	497.821
222.982	505.658
223.464	515.285
223.946	528.403
224.428	542.844
224.91	554.927
225.392	563.871
225.875	569.47
226.357	570.679
226.839	565.241
227.321	562.816
227.803	562.688
228.285	565.818
228.767	576.264
229.249	603.75
229.731	625.17
230.214	628.96
230.696	606.367
231.178	584.873
231.66	566.186
232.142	549.365
232.624	530.415
233.106	506.879
233.588	483.624
234.07	462.952
234.553	446.592
235.035	430.553
235.517	416.718
235.999	403.209
236.481	381.245
236.963	344.549
237.445	307.79
237.927	279.314
238.41	259.891
238.892	244.937
239.374	235.589
239.856	231.111
240.338	228.038
240.82	229.498
241.302	228.499
241.784	219.522
242.266	195.353
242.749	178.326
243.231	172.511
243.713	175.792
244.195	174.797
244.677	166.833
245.159	157.874
245.641	152.407
246.123	153.416
246.606	151.605
247.088	144.166
247.57	132.136
248.052	125.669
248.534	126.47
249.016	130.672
249.498	137.744
249.98	152.249
250.462	155.905
250.945	140.558
251.427	109.386
251.909	103.036
252.391	113.394
252.873	135.921
253.355	146.5
253.837	141.921
254.319	134.141
254.801	122.281
255.284	106.169
255.766	105.668
256.248	114.11
256.73	115.686
257.212	105.118
257.694	126.543
258.176	144.116
258.658	137.267
259.141	108.853
259.623	105.588
260.105	104.939
260.587	105.55
261.069	124.85
261.551	159.619
262.033	185.4
262.515	197.037
262.997	194.963
263.48	187.898
263.962	172.859
264.444	157.853
264.926	151.05
265.408	155.573
265.89	157.858
266.372	154.31
266.854	145.656
267.337	139.838
267.819	136.138
268.301	136.739
268.783	147.242
269.265	173.502
269.747	185.891
270.229	174.239
270.711	141.775
271.193	120.987
271.676	113.919
272.158	111.633
272.64	106.151
273.122	103.292
273.604	112.141
274.086	121.58
274.568	129.918
275.05	123.879
275.532	100.736
276.015	127.923
276.497	141.959
276.979	140.91
277.461	136.94
277.943	132.841
278.425	128.94
278.907	122.138
279.389	110.335
279.872	100.523
280.354	103.049
280.836	103.17
281.318	103.323
281.8	109.359
282.282	129.343
282.764	135.031
283.246	125.594
283.728	110.26
284.211	107.787
284.693	128.114
285.175	135.572
285.657	122.701
286.139	102.345
286.621	118.337
287.103	125.521
287.585	126.994
288.067	121.913
288.55	111.59
289.032	106.665
289.514	111.926
289.996	121.636
290.478	123.906
290.96	118.69
291.442	107.425
291.924	115.711
292.407	145.906
292.889	162.487
293.371	158.048
293.853	141.065
294.335	122.218
294.817	101.988
295.299	111.009
295.781	104.737
296.263	113.728
296.746	124.926
297.228	123.629
297.71	116.205
298.192	110.586
298.674	106.81
299.156	104.316
299.638	100.63
300.12	102.035
300.603	101.752
301.085	116.484
301.567	132.184
302.049	134.723
302.531	127.148
303.013	122.766
303.495	134.239
303.977	152.749
304.459	166.86
304.942	176.569
305.424	177.193
305.906	155.823
306.388	120.165
306.87	107.055
307.352	108.093
307.834	102.989
308.316	113.377
308.799	122.127
309.281	127.52
309.763	127.612
310.245	123.6
310.727	117.601
311.209	104.249
311.691	106.928
312.173	105.846
312.655	113.032
313.138	127.117
313.62	118.817
314.102	101.618
314.584	116.542
315.066	112.459
315.548	105.671
316.03	106.602
316.512	118.362
316.994	125.808
317.477	119.826
317.959	106.98
318.441	103.953
318.923	109.109
319.405	112.855
319.887	117.127
320.369	122.33
320.851	126.194
321.334	127.337
321.816	127.233
322.298	127.382
322.78	128.594
323.262	129.829
323.744	131.098
324.226	132.468
324.708	133.134
325.19	130.259
325.673	128.359
326.155	130.978
326.637	150.396
327.119	160.963
327.601	153.824
328.083	129.784
328.565	115.791
329.047	115.96
329.529	123.252
330.012	133.885
330.494	155.259
330.976	166.058
331.458	160.35
331.94	141.208
332.422	124.819
332.904	109.353
333.386	100.911
333.869	104.678
334.351	129.792
334.833	142.484
335.315	133.865
335.797	113.446
336.279	113.303
336.761	143.943
337.243	172.692
337.725	180.731
338.208	163.668
338.69	147.756
339.172	132.566
339.654	120.932
340.136	119.684
340.618	130.734
341.1	144.701
341.582	160.876
342.065	178.974
342.547	180.234
343.029	160.432
343.511	134.212
343.993	122.579
344.475	124.706
344.957	130.522
345.439	139.203
345.921	149.043
346.404	152.093
346.886	147.386
347.368	139.58
347.85	133.506
348.332	129.046
348.814	124.669
349.296	118.519
349.778	113.019
350.261	113.511
350.743	119.841
351.225	126.25
351.707	125.666
352.189	122.002
352.671	122.867
353.153	133.016
353.635	145.844
354.117	155.562
354.6	161.501
355.082	162.33
355.564	151.499
356.046	137.36
356.528	128.331
357.01	124.768
357.492	129.376
357.974	152.419
358.456	186.61
358.939	211.569
359.421	215.481
359.903	207.531
360.385	190.11
360.867	156.803
361.349	133.866
361.831	140.503
362.313	162.507
362.796	176.384
363.278	164.489
363.76	152.69
364.242	151.258
364.724	161.562
365.206	174.99
365.688	202.732
366.17	228.502
366.652	234.476
367.135	190.807
367.617	156.397
368.099	144.575
368.581	156.557
369.063	167.822
369.545	180.396
370.027	191.235
370.509	198.356
370.992	199.613
371.474	198.437
371.956	193.753
372.438	185.998
372.92	178.896
373.402	173.758
373.884	167.063
374.366	154.546
374.848	133.094
375.331	120.813
375.813	120.782
376.295	129.368
376.777	140.236
377.259	155.107
377.741	163.769
378.223	154.437
378.705	127.822
379.187	126.414
379.67	157.376
380.152	194.729
380.634	201.932
381.116	180.804
381.598	154.863
382.08	130.35
382.562	108.577
383.044	105.971
383.527	112.987
384.009	117.495
384.491	124.936
384.973	133.639
385.455	139.088
385.937	138.094
386.419	135.66
386.901	139.674
387.383	148.289
387.866	151.453
388.348	138.109
388.83	117.704
389.312	100.333
389.794	112.498
390.276	120.236
390.758	119.46
391.24	113.306
391.722	109.554
392.205	120.286
392.687	128.712
393.169	121.249
393.651	110.053
394.133	133.625
394.615	138.155
395.097	129.215
395.579	113.754
396.062	121.651
396.544	148.833
397.026	152.436
397.508	128.255
397.99	123.905
398.472	164.142
398.954	213.29
399.436	244.197
399.918	234.634
400.401	237.54
400.883	254.069
401.365	285.455
401.847	342.405
402.329	431.751
402.811	537.65
403.293	656.227
403.775	793.519
404.258	915.168
404.74	1013.23
405.222	1100.16
405.704	1195.42
406.186	1297.2
406.668	1417.91
407.15	1565.08
407.632	1735.23
408.114	1926.29
408.597	2142.28
409.079	2363.51
409.561	2571.05
410.043	2764.38
410.525	2932.52
411.007	3056.97
411.489	3165
411.971	3299.88
412.454	3463.46
412.936	3663.85
413.418	3894.84
413.9	4172.15
414.382	4527.93
414.864	5003.43
415.346	5497.69
415.828	6090.39
416.31	6664.07
416.793	6894.74
417.275	6503.89
417.757	5791.54
418.239	4894.36
418.721	3784.56
419.203	2769.83
419.685	1983.06
420.167	1382.54
420.649	937.013
421.132	715.316
421.614	564.097
422.096	442.546
422.578	348.247
423.06	297.785
423.542	343.282
424.024	400.131
424.506	414.235
424.989	341.552
425.471	288.545
425.953	261.424
426.435	256.84
426.917	266.188
427.399	297.965
427.881	328.913
428.363	347.88
428.845	350.503
429.328	367.393
429.81	405.075
430.292	446.238
430.774	460.25
431.256	443.457
431.738	439.251
432.22	465.015
432.702	512.39
433.184	551.856
433.667	583.839
434.149	609.653
434.631	626.109
435.113	636.861
435.595	652.75
436.077	675.129
436.559	705.019
437.041	749.064
437.524	803.553
438.006	854.495
438.488	884.039
438.97	911.473
439.452	963.418
439.934	1046.74
440.416	1117.93
440.898	1136.53
441.38	1130.64
441.863	1136.97
442.345	1175.36
442.827	1221.36
443.309	1269.79
443.791	1320.13
444.273	1363.33
444.755	1396.36
445.237	1421.41
445.72	1439.8
446.202	1452.14
446.684	1460.16
447.166	1455.83
447.648	1447.38
448.13	1455.21
448.612	1497.65
449.094	1528.08
449.576	1526.53
450.059	1488.33
450.541	1468.58
451.023	1474.27
451.505	1486.02
451.987	1482.88
452.469	1464.45
452.951	1444.41
453.433	1422.98
453.915	1403.49
454.398	1395.34
454.88	1398.44
455.362	1412.57
455.844	1446.81
456.326	1492.15
456.808	1521.08
457.29	1530.44
457.772	1526.23
458.255	1505.76
458.737	1476.52
459.219	1456.42
459.701	1469.08
460.183	1483.85
460.665	1470.59
461.147	1430.55
461.629	1388.97
462.111	1367.38
462.594	1346.67
463.076	1308.72
463.558	1228.71
464.04	1161.28
464.522	1131.46
465.004	1125.51
465.486	1110.04
465.968	1068.31
466.451	1028.38
466.933	1002.29
467.415	994.947
467.897	980.52
468.379	950.491
468.861	917.216
469.343	896.558
469.825	900.346
470.307	893.598
470.79	867.527
471.272	827.356
471.754	790.919
472.236	757.496
472.718	734.658
473.2	734.704
473.682	753.768
474.164	754.67
474.647	733.176
475.129	703.513
475.611	680.536
476.093	664.266
476.575	655.23
477.057	655.291
477.539	661.753
478.021	673.242
478.503	689.314
478.986	704.729
479.468	711.289
479.95	717.293
480.432	730.872
480.914	753.761
481.396	786.148
481.878	832.598
482.36	888.411
482.842	945.49
483.325	988.393
483.807	1042.42
484.289	1121.57
484.771	1232.69
485.253	1334.14
485.735	1413.84
486.217	1488.2
486.699	1568.78
487.182	1646.13
487.664	1753.29
488.146	1901.55
488.628	2075.35
489.11	2234.58
489.592	2375.38
490.074	2513.38
490.556	2656.34
491.038	2803.02
491.521	2942.14
492.003	3069.07
492.485	3189.25
492.967	3311.7
493.449	3436.36
493.931	3549.68
494.413	3641.6
494.895	3732.05
495.377	3856.06
495.86	4003.85
496.342	4141.66
496.824	4264.94
497.306	4358.77
497.788	4412.29
498.27	4426.7
498.752	4386.85
499.234	4274.03
499.717	4108.47
500.199	3913.93
500.681	3692.87
501.163	3444.99
501.645	3155.56
502.127	2829.75
502.609	2524.94
503.091	2239.55
503.573	1984.43
504.056	1764.52
504.538	1588.49
505.02	1422.11
505.502	1264.65
505.984	1117.87
506.466	981.114
506.948	852.472
507.43	760.66
507.913	727.827
508.395	727.927
508.877	675.57
509.359	571.07
509.841	469.402
510.323	407.482
510.805	376.427
511.287	360.617
511.769	361.209
512.252	360.066
512.734	332.223
513.216	292.642
513.698	266.48
514.18	286.849
514.662	302.689
515.144	274.818
515.626	212.898
516.109	168.445
516.591	179.256
517.073	196.358
517.555	190.731
518.037	139.751
518.519	110.625
519.001	121.689
519.483	147.171
519.965	156.62
520.448	144.806
520.93	126.513
521.412	100.94
521.894	133.095
522.376	140.859
522.858	118.845
523.34	103.282
523.822	105.171
524.304	110.873
524.787	128.026
525.269	147.594
525.751	157.768
526.233	133.812
526.715	112.078
527.197	144.853
527.679	148.429
528.161	137.71
528.644	122.029
529.126	103.32
529.608	110.29
530.09	113.42
530.572	110.529
531.054	103.213
531.536	110.579
532.018	120.568
532.5	120.901
532.983	117.564
533.465	117.442
533.947	128.001
534.429	132.74
534.911	127.481
535.393	114.886
535.875	105.674
536.357	100.184
536.839	102.59
537.322	100.742
537.804	110.522
538.286	110.67
538.768	100.622
539.25	114.967
539.732	124.959
540.214	130.462
540.696	128.963
541.179	114.938
541.661	101.437
542.143	113.769
542.625	143.645
543.107	163.101
543.589	146.078
544.071	119.54
544.553	106.192
545.035	108.096
545.518	109.28
546	102.018
546.482	108.261
546.964	117.082
547.446	137.259
547.928	138.889
548.41	100.361
548.892	156.491
549.375	176.562
549.857	142.792
550.339	103.871
550.821	129.281
551.303	156.395
551.785	170.657
552.267	170.68
552.749	163.065
553.231	150.719
553.714	134.462
554.196	119.802
554.678	106.764
555.16	102.351
555.642	104.855
556.124	101.121
556.606	107.859
557.088	136.464
557.57	159.188
558.053	144.064
558.535	101.254
559.017	134.199
559.499	131.788
559.981	113.713
560.463	110.468
560.945	144.311
561.427	170.188
561.91	176.001
562.392	177.378
562.874	191.976
563.356	237.631
563.838	261.022
564.32	246.807
564.802	207.374
565.284	184.201
565.766	179.338
566.249	180.66
566.731	180.93
567.213	181.744
567.695	195.353
568.177	222.676
568.659	248.256
569.141	256.549
569.623	252.474
570.106	244.61
570.588	233.646
571.07	222.351
571.552	215.928
572.034	210.409
572.516	198.268
572.998	162.158
573.48	132.601
573.962	120.314
574.445	125.847
574.927	144.102
575.409	188.06
575.891	231.721
576.373	263.465
576.855	280.971
577.337	293.719
577.819	303.594
578.302	305.756
578.784	286.245
579.266	243.306
579.748	219.509
580.23	235.458
580.712	270.926
581.194	277.721
581.676	258.941
582.158	242.107
582.641	247.14
583.123	261.241
583.605	270.95
584.087	277.457
584.569	284.992
585.051	295.684
585.533	304.206
586.015	304.737
586.497	279.85
586.98	272.714
587.462	306.115
587.944	358.737
588.426	392.112
588.908	394.579
589.39	397.278
589.872	405.3
590.354	418.427
590.837	437.149
591.319	462.983
591.801	488.126
592.283	503.215
592.765	511.592
593.247	532.363
593.729	565.148
594.211	614.164
594.693	692.834
595.176	789.882
595.658	882.437
596.14	956.891
596.622	1036.8
597.104	1133.99
597.586	1248.99
598.068	1382.57
598.55	1562.35
599.032	1733.88
599.515	1873.1
599.997	1977.23
600.479	2083.42
600.961	2198.35
601.443	2311.9
601.925	2414.68
602.407	2501.6
602.889	2596.06
603.372	2696.04
603.854	2806.84
604.336	2936.65
604.818	3084.23
605.3	3222.14
605.782	3323.31
606.264	3444.86
606.746	3693.51
607.228	4039.13
607.711	4367.53
608.193	4727.69
608.675	4965.07
609.157	4953.81
609.639	4695.26
610.121	4326.34
610.603	3790.33
611.085	3239.06
611.567	2755.31
612.05	2347.64
612.532	2013.95
613.014	1752.6
613.496	1572.71
613.978	1494.7
614.46	1536.13
614.942	1610.02
615.424	1707.26
615.907	1823.04
616.389	1956.48
616.871	2101.83
617.353	2235.96
617.835	2339.93
618.317	2426.53
618.799	2509.5
619.281	2589.62
619.763	2679.36
620.246	2789.42
620.728	2909.68
621.21	3034.13
621.692	3163.59
622.174	3291.25
622.656	3405.22
623.138	3520.65
623.62	3654.54
624.103	3792.66
624.585	3973.04
625.067	4209
625.549	4485.45
626.031	4794.21
626.513	5157.96
626.995	5417.96
627.477	5539.12
627.959	5502.25
628.442	5191.13
628.924	4620.25
629.406	3995.38
629.888	3412.97
630.37	2887.16
630.852	2438.75
631.334	2072.73
631.816	1766.12
632.299	1512.63
632.781	1312.88
633.263	1165.03
633.745	1118.57
634.227	1061.75
634.709	971.265
635.191	867.297
635.673	783.427
636.155	722.708
636.638	677.072
637.12	648.165
637.602	631.956
638.084	611.326
638.566	585.833
639.048	566.776
639.53	566.89
640.012	577.116
640.494	580.435
640.977	576.187
641.459	562.601
641.941	535.514
642.423	499.929
642.905	459.283
643.387	408.276
643.869	367.058
644.351	350.413
644.834	344.668
645.316	331.104
645.798	296.21
646.28	273.77
646.762	272.668
647.244	285.217
647.726	287.603
648.208	278.123
648.69	279.296
649.173	290.783
649.655	307.225
650.137	304.139
650.619	288.046
651.101	270.025
651.583	268.489
652.065	274.886
652.547	277.996
653.03	283.752
653.512	277.202
653.994	239.455
654.476	198.735
654.958	181.121
655.44	212.592
655.922	239.257
656.404	258.399
656.886	272.018
657.369	282.764
657.851	290.66
658.333	295.224
658.815	293.716
659.297	290.68
659.779	292.635
660.261	300.758
660.743	334.463
661.226	421.96
661.708	531.42
662.19	606.692
662.672	651.186
663.154	718.211
663.636	847.944
664.118	1000.58
664.6	1148.36
665.082	1286.68
665.565	1421.56
666.047	1559.55
666.529	1690.86
667.011	1803.84
667.493	1884
667.975	1983.65
668.457	2110.21
668.939	2252.14
669.421	2391.6
669.904	2528.33
670.386	2656.54
670.868	2762.35
671.35	2872.42
671.832	3034.12
672.314	3239.58
672.796	3461.36
673.278	3701.33
673.76	3935.9
674.243	4191.92
674.725	4463.53
675.207	4581.8
675.689	4489.72
676.171	4247.13
676.653	3864.4
677.135	3294.96
677.617	2769.48
678.1	2282.35
678.582	1839.91
679.064	1456.74
679.546	1128.17
680.028	859.282
680.51	649.83
680.992	494.546
681.474	398.466
681.956	348.644
682.439	316.394
682.921	306.902
683.403	293.929
683.885	248.591
684.367	187.964
684.849	154.552
685.331	188.331
685.813	218.823
686.296	230.635
686.778	224.001
687.26	197.18
687.742	139.842
688.224	109.305
688.706	132.471
689.188	130.435
689.67	100.572
690.152	159.708
690.635	207.132
691.117	188.463
691.599	140.854
692.081	123.225
692.563	150.4
693.045	174.905
693.527	157.029
694.009	129.103
694.492	123.883
694.974	178.539
695.456	214.514
695.938	218.608
696.42	207.628
696.902	204.715
697.384	162.977
697.866	205.933
698.348	224.691
698.831	220.482
699.313	124.16
699.795	146.502
700.277	121.288
700.759	105.774
701.241	109.428
701.723	112.618
702.205	126.709
702.687	139.115
703.17	144.98
703.652	146.994
704.134	148.437
704.616	150.878
705.098	137.858
705.58	111.997
706.062	230.789
706.544	165.434
707.027	124.508
707.509	106.646
707.991	180.789
708.473	136.269
708.955	139.391
709.437	144.483
709.919	116.738
710.401	144.045
710.883	116.126
711.366	127.889
711.848	161.812
712.33	148.037
712.812	149.307
713.294	198.292
713.776	178.346
714.258	149.919
714.74	154.757
715.223	216.171
715.705	252.59
716.187	237.606
716.669	187.004
717.151	143.587
717.633	108.43
718.115	108.064
718.597	122.537
719.079	163.368
719.562	153.608
720.044	100.04
720.526	144.537
721.008	151.323
721.49	141.276
721.972	122.769
722.454	106.715
722.936	123.119
723.419	113.54
723.901	104.973
724.383	118.29
724.865	160.268
725.347	178.636
725.829	168.146
726.311	153.046
726.793	166.296
727.275	195.804
727.758	205.559
728.24	184.933
728.722	157.982
729.204	133.781
729.686	118.729
730.168	121.388
730.65	169.264
731.132	204.976
731.614	205.244
732.097	190.673
732.579	197.702
733.061	240.203
733.543	261.523
734.025	243.419
734.507	202.33
734.989	177.914
735.471	168.892
735.953	163.838
736.436	158.782
736.918	153.597
737.4	143.601
737.882	132.242
738.364	133.421
738.846	172.985
739.328	208.689
739.81	216.545
740.293	194.222
740.775	179.82
741.257	176.806
741.739	175.502
742.221	169.196
742.703	158.239
743.185	164.914
743.667	191.489
744.149	210.952
744.632	187.251
745.114	144.71
745.596	124.278
746.078	131.49
746.56	148.455
747.042	174.128
747.524	202.288
748.006	225.937
748.489	245.973
748.971	256.664
749.453	253.682
749.935	245.632
750.417	244.449
750.899	250.793
751.381	241.821
751.863	207.503
752.345	173.362
752.828	180.343
753.31	215.245
753.792	243.658
754.274	255.721
754.756	255.508
755.238	233.422
755.72	202.841
756.202	190.13
756.684	228.384
757.167	253.165
757.649	241.581
758.131	210.258
758.613	205.013
759.095	234.306
759.577	253.815
760.059	244.662
760.541	220.259
761.024	212.269
761.506	217.166
761.988	220.447
762.47	208.177
762.952	195.792
763.434	196.381
763.916	201.593
764.398	210.171
764.88	217.458
765.363	223.493
765.845	225.082
766.327	229.343
766.809	220.922
767.291	195.055
767.773	176.029
768.255	179.851
768.737	201.613
769.22	188.101
769.702	140.212
770.184	103.091
770.666	119.774
771.148	158.303
771.63	193.576
772.112	224.928
772.594	239.432
773.076	211.173
773.559	181.29
774.041	176.946
774.523	208.89
775.005	225.07
775.487	220.141
775.969	213.571
776.451	231.454
776.933	266.15
777.416	289.411
777.898	296.335
778.38	293.149
778.862	293.439
779.344	289.562
779.826	268.839
780.308	210.969
780.79	172.195
781.272	182.881
781.755	207.01
782.237	208.296
782.719	175.836
783.201	161.331
783.683	174.016
784.165	195.391
784.647	197.181
785.129	184.523
785.612	175.406
786.094	173.613
786.576	178.429
787.058	195.209
787.54	216.916
788.022	233.221
788.504	245.796
788.986	246.752
789.468	225.843
789.951	197.034
790.433	187.391
790.915	201.443
791.397	211.281
791.879	209.82
792.361	201.711
792.843	190.479
793.325	179.076
793.807	177.745
794.29	201.284
794.772	225.197
795.254	232.092
795.736	226.156
796.218	217.238
796.7	203.27
797.182	191.629
797.664	179.191
798.146	170.665
798.629	188.26
799.111	236.979
799.593	268.878
800.075	255.706
800.557	223.832
801.039	225.218
801.521	252.625
802.003	277.518
802.486	300.165
802.968	302.273
803.45	255.114
803.932	171.439
804.414	127.079
804.896	154.785
805.378	179.751
805.86	180.254
806.342	160.079
806.825	132.503
807.307	102.662
807.789	128.367
808.271	136.178
808.753	128.212
809.235	106.037
809.717	157.606
810.199	184.614
810.682	141.491
811.164	106.461
811.646	128.894
812.128	125.821
812.61	116.558
813.092	104.902
813.574	118.519
814.056	105.536
814.538	121.585
815.021	109.628
815.503	194.384
815.985	263.273
816.467	262.742
816.949	229.944
817.431	187.724
817.913	141.524
818.395	126.08
818.877	199.123
819.36	259.549
819.842	261.363
820.324	205.941
820.806	162.908
821.288	131.694
821.77	115.904
822.252	123.533
822.734	147.458
823.217	169.656
823.699	189.795
824.181	204.258
824.663	210.067
825.145	209.148
825.627	197.544
826.109	175.152
826.591	167.158
827.073	193.36
827.556	208.684
828.038	189.395
828.52	138.709
829.002	102.635
829.484	118.727
829.966	129.035
830.448	128.945
830.93	120.429
831.413	103.64
831.895	120.355
832.377	145.114
832.859	184.03
833.341	210.633
833.823	197.456
834.305	145.331
834.787	137.523
835.269	190.92
835.752	242.933
836.234	258.382
836.716	244.584
837.198	233.53
837.68	224.942
838.162	215.998
838.644	201.26
839.126	188.625
839.609	184.066
840.091	187.744
840.573	198.182
841.055	231.126
841.537	252.322
842.019	241.619
842.501	202.58
842.983	199.749
843.465	236.458
843.948	271.611
844.43	269.847
844.912	253.802
845.394	266.384
845.876	302.584
846.358	325.478
846.84	301.009
847.322	272.608
847.804	263.193
848.287	271.683
848.769	276.818
849.251	276.559
849.733	279.122
850.215	293.643
850.697	311.985
851.179	296.591
851.661	253.092
852.144	219.436
852.626	232.186
853.108	252.069
853.59	241.761
854.072	207.511
854.554	191.243
855.036	218.428
855.518	243.017
856	254.605
856.483	254.465
856.965	241.59
857.447	215.276
857.929	201.449
858.411	221.485
858.893	254.372
859.375	274.352
859.857	283.183
860.34	284.824
860.822	270.355
861.304	260.306
861.786	266.221
862.268	282.262
862.75	290.553
863.232	286.722
863.714	292.941
864.196	327.48
864.679	364.795
865.161	327.869
865.643	237.178
866.125	180.337
866.607	233.424
867.089	297.708
867.571	315.31
868.053	302.185
868.535	295.196
869.018	306.592
869.5	303.608
869.982	274.882
870.464	241.645
870.946	250.805
871.428	291.54
871.91	315.493
872.392	301.28
872.875	282.119
873.357	299.245
873.839	325.11
874.321	319.01
874.803	210.848
875.285	151.332
875.767	174.755
876.249	237.718
876.731	277.273
877.214	288.576
877.696	302.647
878.178	324.791
878.66	344.825
879.142	346.96
879.624	336.855
880.106	330.458
880.588	338.149
881.07	335.067
881.553	298.587
882.035	257.268
882.517	236.074
882.999	239.772
883.481	244.436
883.963	248.493
884.445	252.494
884.927	262.527
885.41	274.697
885.892	276.403
886.374	264.841
886.856	252.611
887.338	249.928
887.82	246.288
888.302	226.411
888.784	178.778
889.266	190.007
889.749	282.178
890.231	373.977
890.713	410.131
891.195	399.591
891.677	370.353
892.159	326.569
892.641	299.52
893.123	329.862
893.606	364.785
894.088	357.629
894.57	309.236
895.052	300.698
895.534	362.997
896.016	417.925
896.498	436.881
896.98	425.237
897.462	391.354
897.945	337.005
898.427	286.092
898.909	238.986
899.391	210.99
899.873	231.698
900.355	283.387
900.837	313.422
901.319	275.776
901.802	258.032
902.284	283.123
902.766	332.727
903.248	369.674
903.73	393.316
904.212	388.183
904.694	338.548
905.176	280.735
905.658	257.24
906.141	254.196
906.623	248.975
907.105	224.968
907.587	211.094
908.069	213.44
908.551	225.75
909.033	244.747
909.515	271.818
909.997	283.139
910.48	274.059
910.962	259.929
911.444	254.862
911.926	256.427
912.408	266.309
912.89	291.779
913.372	295.792
913.854	239.333
914.337	179.758
914.819	154.697
915.301	168.549
915.783	185.201
916.265	205.376
916.747	221.635
917.229	220.608
917.711	215.039
918.193	234.808
918.676	277.546
919.158	295.547
919.64	236.642
920.122	178.955
920.604	163.837
921.086	183.881
921.568	172.919
922.05	123.331
922.533	105.295
923.015	129.643
923.497	188.296
923.979	200.775
924.461	180.432
924.943	164.654
925.425	172.414
925.907	184.076
926.389	204.35
926.872	220.439
927.354	199.274
927.836	126.144
928.318	102.141
928.8	145.349
929.282	211.899
929.764	204.99
930.246	157.326
930.728	136.524
931.211	174.113
931.693	204.784
932.175	202.332
932.657	180.321
933.139	145.154
933.621	118.561
934.103	118.358
934.585	162.846
935.067	235.785
935.55	198.493
936.032	106.18
936.514	139.502
936.996	131.002
937.478	117.118
937.96	114.71
938.442	118.342
938.924	126.742
939.407	139.158
939.889	146.934
940.371	150.518
940.853	146.635
941.335	126.439
941.817	102.976
942.299	103.074
942.781	120.507
943.263	137.158
943.746	145.943
944.228	151.894
944.71	154.9
945.192	156.65
945.674	161.237
946.156	169.626
946.638	176.057
947.12	178.512
947.603	177.821
948.085	173.013
948.567	167.971
949.049	172.121
949.531	198.493
950.013	206.068
950.495	157.061
950.977	103.869
951.459	109.638
951.942	125.732
952.424	127.171
952.906	110.294
953.388	142.726
953.87	113.873
954.352	131.658
954.834	125.377
955.316	132.44
955.799	166.725
956.281	126.908
956.763	113.673
957.245	129.565
957.727	124.476
958.209	117.327
958.691	108.394
959.173	102.657
959.655	119.263
960.138	133.747
960.62	124.789
961.102	108.747
961.584	118.503
962.066	170.144
962.548	244.721
963.03	363.067
963.512	475.963
963.994	500.686
964.477	445.216
964.959	433.111
965.441	487.834
965.923	532.737
966.405	466.016
966.887	374.972
967.369	350.313
967.851	420.738
968.334	479.754
968.816	507.296
969.298	543.854
969.78	610.529
970.262	704.972
970.744	810.416
971.226	926.774
971.708	1059.89
972.19	1197.08
972.673	1362.47
973.155	1569.63
973.637	1817.04
974.119	2093.98
974.601	2362.7
975.083	2749.55
975.565	3307.42
976.047	3954.11
976.53	4561.42
977.012	5134.24
977.494	5684.6
977.976	6200.14
978.458	6726.35
978.94	7318.06
979.422	7913.41
979.904	8434.59
980.386	8857.41
980.869	9336.03
981.351	9879.74
981.833	10428.9
982.315	10958.4
982.797	11456.6
983.279	11939.1
983.761	12383.1
984.243	12611.5
984.726	12607.3
985.208	12287.4
985.69	11573.9
986.172	10558.7
986.654	9499.97
987.136	8387.67
987.618	7371.96
988.1	6496.72
988.582	5722.19
989.065	4982.49
989.547	4321.93
990.029	3800.1
990.511	3488.98
990.993	3225.37
991.475	2982.13
991.957	2789.07
992.439	2687.55
992.921	2665.42
993.404	2634.4
993.886	2589.47
994.368	2567.49
994.85	2610.39
995.332	2682.21
995.814	2762.32
996.296	2848.2
996.778	2922.63
997.26	2969.54
997.743	3048.22
998.225	3186.95
998.707	3357.46
999.189	3499.08
999.671	3623.07
1000.15	3765.31
1000.64	3943.24
1001.12	4128.97
1001.6	4301.46
1002.08	4483.19
1002.56	4693.44
1003.05	4925.63
1003.53	5209.14
1004.01	5537.99
1004.49	5945.97
1004.97	6440.88
1005.46	7045.38
1005.94	7754.33
1006.42	8571.73
1006.9	9580.84
1007.39	10840.9
1007.87	12265.7
1008.35	13866.1
1008.83	15585.3
1009.31	17279.8
1009.8	18928.1
1010.28	20528.6
1010.76	22062.7
1011.24	23610.9
1011.72	25257.3
1012.21	26951.5
1012.69	28649.3
1013.17	30350.8
1013.65	32034.5
1014.14	33714.3
1014.62	35357.5
1015.1	37101.9
1015.58	38771
1016.06	40088.6
1016.55	41000
1017.03	40944.6
1017.51	39457.1
1017.99	37084.4
1018.47	33842.4
1018.96	29962.6
1019.44	26188.7
1019.92	22468
1020.4	19123.3
1020.88	16256.3
1021.37	13795.2
1021.85	11623.3
1022.33	9767.83
1022.81	8242.57
1023.3	7143.46
1023.78	6230.93
1024.26	5499.36
1024.74	4905.82
1025.22	4422.64
1025.7	4043.21
1026.19	3736.19
1026.67	3497.66
1027.15	3296.26
1027.63	3124.95
1028.12	2967.84
1028.6	2800.2
1029.08	2638.14
1029.56	2555.3
1030.04	2578.01
1030.53	2570.9
1031.01	2492.88
1031.49	2390.33
1031.97	2311.7
1032.45	2259.87
1032.94	2244.9
1033.42	2283.36
1033.9	2315.64
1034.38	2327.66
1034.87	2329.64
1035.35	2322.82
1035.83	2307.61
1036.31	2320.13
1036.79	2357.71
1037.28	2372.8
1037.76	2313.91
1038.24	2241.74
1038.72	2189.2
1039.2	2158.23
1039.69	2156.45
1040.17	2206.5
1040.65	2214.9
1041.13	2160.07
1041.62	2086.09
1042.1	2060.09
1042.58	2059.7
1043.06	2040.31
1043.54	1992.69
1044.03	1936.9
1044.51	1875.34
1044.99	1811.7
1045.47	1745.37
1045.95	1677.48
1046.44	1626.18
1046.92	1590.56
1047.4	1552.86
1047.88	1493.43
1048.37	1439.49
1048.85	1424.16
1049.33	1428.02
1049.81	1413.64
1050.29	1377.59
1050.78	1320.62
1051.26	1234.72
1051.74	1150.38
1052.22	1099.25
1052.7	1074.15
1053.19	1063.21
1053.67	1064.98
1054.15	1071.88
1054.63	1105.73
1055.11	1113.79
1055.6	1069.78
1056.08	988.358
1056.56	911
1057.04	839.512
1057.53	809.31
1058.01	852.019
1058.49	891.618
1058.97	840.045
1059.45	758.777
1059.94	727.474
1060.42	784.431
1060.9	791.279
1061.38	731.722
1061.86	677.679
1062.35	693.605
1062.83	746.109
1063.31	774.406
1063.79	779.061
1064.28	766.301
1064.76	711.744
1065.24	674.019
1065.72	665.178
1066.2	680.448
1066.68	727.512
1067.17	798.944
1067.65	817.84
1068.13	765.455
1068.61	711.024
1069.1	702.753
1069.58	719.586
1070.06	753.301
1070.54	802.47
1071.02	828.13
1071.51	824.928
1071.99	824.31
1072.47	842.544
1072.95	866.863
1073.43	887.798
1073.92	898.28
1074.4	882.579
1074.88	787.772
1075.36	748.122
1075.85	799.171
1076.33	867.714
1076.81	888.98
1077.29	870.108
1077.77	834.066
1078.26	783.907
1078.74	743.936
1079.22	742.355
1079.7	740.675
1080.18	714.423
1080.67	674.3
1081.15	650.889
1081.63	647.779
1082.11	607.212
1082.6	508.989
1083.08	408.703
1083.56	360.286
1084.04	344.384
1084.52	347.965
1085.01	375.913
1085.49	369.988
1085.97	312.569
1086.45	265.595
1086.93	272.131
1087.42	295.293
1087.9	239.134
1088.38	131.555
1088.86	153.977
1089.35	178.126
1089.83	192.786
1090.31	208.518
1090.79	220.64
1091.27	218.962
1091.76	206.305
1092.24	225.367
1092.72	275.162
1093.2	306.307
1093.68	256.16
1094.17	205.105
1094.65	213.703
1095.13	262.966
1095.61	290.306
1096.09	295.965
1096.58	275.267
1097.06	223.973
1097.54	159.816
1098.02	110.364
1098.51	174.292
1098.99	215.878
1099.47	231.22
1099.95	233.991
1100.43	203.909
1100.92	212.575
1101.4	305.873
1101.88	444.089
1102.36	528.255
1102.84	579.972
1103.33	657.793
1103.81	807.2
1104.29	940.007
1104.77	1020.32
1105.26	1089.89
1105.74	1176.05
1106.22	1279.27
1106.7	1434.64
1107.18	1634.45
1107.67	1793.89
1108.15	1817.17
1108.63	1824.64
1109.11	1898.65
1109.59	2005.88
1110.08	2069.31
1110.56	2089.75
1111.04	2062.5
1111.52	1980.75
1112	1884.89
1112.49	1812.94
1112.97	1750.02
1113.45	1675.78
1113.93	1589.66
1114.42	1529.25
1114.9	1492.87
1115.38	1477.53
1115.86	1482.82
1116.34	1509.32
1116.83	1542.78
1117.31	1602.27
1117.79	1721.96
1118.27	1910.76
1118.75	2158.68
1119.24	2458.35
1119.72	2819.25
1120.2	3255.94
1120.68	3761.69
1121.16	4289.83
1121.65	4835.53
1122.13	5378.44
1122.61	5929.83
1123.09	6451.17
1123.58	6879.69
1124.06	7298.82
1124.54	7825.71
1125.02	8460.37
1125.5	8961.68
1125.98	9316.37
1126.47	9677.41
1126.95	10235.2
1127.43	10771.2
1127.91	11228.5
1128.4	11515.6
1128.88	11407.2
1129.36	10869
1129.84	10091.8
1130.33	9078.58
1130.81	7969.82
1131.29	6848.48
1131.77	5773.26
1132.25	4814.79
1132.73	3977.58
1133.22	3306.08
1133.7	2833.13
1134.18	2408.78
1134.66	1970.76
1135.15	1567.02
1135.63	1286.3
1136.11	1098.16
1136.59	947.618
1137.07	824.546
1137.56	726.29
1138.04	651.23
1138.52	596.426
1139	564.367
1139.48	550.383
1139.97	548.854
1140.45	551.81
1140.93	527.233
1141.41	409.646
1141.9	328.253
1142.38	346.456
1142.86	394.187
1143.34	394.319
1143.82	353.283
1144.31	352.013
1144.79	392.064
1145.27	425.73
1145.75	400.03
1146.23	382.067
1146.72	421.494
1147.2	491.402
1147.68	532.137
1148.16	542.216
1148.65	557.25
1149.13	580.663
1149.61	631.883
1150.09	740.593
1150.57	869.542
1151.06	988.717
1151.54	1103.02
1152.02	1242.14
1152.5	1406.24
1152.98	1565.61
1153.47	1709.91
1153.95	1854.88
1154.43	2028.72
1154.91	2214.6
1155.4	2392.77
1155.88	2560.79
1156.36	2697.88
1156.84	2784.73
1157.32	2909.82
1157.81	3146.82
1158.29	3414.48
1158.77	3620.8
1159.25	3751.2
1159.73	3777.08
1160.22	3672.5
1160.7	3479.3
1161.18	3183.32
1161.66	2840.41
1162.14	2459.78
1162.63	2072.57
1163.11	1744.94
1163.59	1479.1
1164.07	1269.75
1164.56	1183.31
1165.04	1055.32
1165.52	837.381
1166	606.517
1166.48	446.687
1166.96	344.514
1167.45	250.821
1167.93	166.851
1168.41	132.721
1168.89	223.349
1169.38	301.104
1169.86	331.539
1170.34	319.841
1170.82	250.734
1171.3	142.752
1171.79	101.539
1172.27	138.117
1172.75	175.259
1173.23	155.372
1173.71	122.614
1174.2	107.862
1174.68	130.909
1175.16	119.875
1175.64	120.943
1176.13	153.253
1176.61	170.939
1177.09	166.936
1177.57	112.178
1178.05	143.25
1178.54	157.585
1179.02	140.176
1179.5	141.554
1179.98	159.254
1180.46	154.087
1180.95	109.29
1181.43	163.432
1181.91	146.669
1182.39	101.395
1182.88	142.275
1183.36	178.411
1183.84	163.173
1184.32	104.192
1184.8	157.505
1185.29	150.857
1185.77	123.63
1186.25	118.358
1186.73	148.559
1187.21	113.173
1187.7	219.137
1188.18	256.343
1188.66	185.085
1189.14	111.395
1189.63	122.534
1190.11	162.262
1190.59	197.135
1191.07	216.137
1191.55	186.177
1192.04	120.513
1192.52	149.681
1193	123.625
1193.48	200.447
1193.96	164.415
1194.45	103.843
1194.93	119.566
1195.41	198.68
1195.89	234.694
1196.38	209.28
1196.86	199.874
1197.34	222.829
1197.82	252.665
1198.3	266.793
1198.79	269.079
1199.27	258.707
1199.75	236.979
1200.23	233.187
1200.71	256.714
1201.2	264.562
1201.68	241.701
1202.16	210.848
1202.64	195.818
1203.12	194.006
1203.61	203.75
1204.09	225.776
1204.57	254.589
1205.05	298.046
1205.54	319.37
1206.02	299.053
1206.5	263.605
1206.98	252.302
1207.46	250.052
1207.94	229.926
1208.43	172.066
1208.91	166.765
1209.39	231.588
1209.87	285.91
1210.36	281.712
1210.84	254.639
1211.32	254.043
1211.8	269.562
1212.28	285.049
1212.77	299.863
1213.25	305.364
1213.73	295.585
1214.21	290.581
1214.69	315.814
1215.18	342.379
1215.66	309.16
1216.14	246.894
1216.62	220.989
1217.11	283.506
1217.59	298.409
1218.07	250.53
1218.55	207.2
1219.03	237.569
1219.52	292.836
1220	296.184
1220.48	267.299
1220.96	264.497
1221.44	327.251
1221.93	343.469
1222.41	299.968
1222.89	238.45
1223.37	177.143
1223.86	134.467
1224.34	146.962
1224.82	200.989
1225.3	240.364
1225.78	256.232
1226.27	265.194
1226.75	269.979
1227.23	269.261
1227.71	253.485
1228.19	237.756
1228.68	245.726
1229.16	272.147
1229.64	281.485
1230.12	270.082
1230.61	254.541
1231.09	230.911
1231.57	229.22
1232.05	330.436
1232.53	436.114
1233.02	415.31
1233.5	277.877
1233.98	208.771
1234.46	235.041
1234.94	225.361
1235.43	140.974
1235.91	131.501
1236.39	138.518
1236.87	248.166
1237.35	283.06
1237.84	235.412
1238.32	195.583
1238.8	162.308
1239.28	179.85
1239.77	274.48
1240.25	354.154
1240.73	291.572
1241.21	186.552
1241.69	146.958
1242.18	176.15
1242.66	187.433
1243.14	177.944
1243.62	178.307
1244.1	199.514
1244.59	220.174
1245.07	229.934
1245.55	229.695
1246.03	204.972
1246.52	160.844
1247	167.455
1247.48	226.796
1247.96	289.654
1248.44	350.989
1248.93	374.942
1249.41	299.139
1249.89	199.326
1250.37	146.926
1250.85	144.159
1251.34	128.993
1251.82	103.385
1252.3	114.604
1252.78	208.735
1253.26	284.483
1253.75	253.237
1254.23	194.996
1254.71	170.796
1255.19	178.239
1255.68	207.093
1256.16	248.337
1256.64	256.965
1257.12	187.577
1257.6	137.17
1258.09	173.192
1258.57	224.791
1259.05	241.125
1259.53	229.392
1260.01	236.333
1260.5	256.61
1260.98	267.072
1261.46	256.291
1261.94	237.031
1262.42	196.511
1262.91	171.234
1263.39	193.629
1263.87	246.531
1264.35	270.21
1264.84	272.163
1265.32	277.578
1265.8	305.426
1266.28	321.82
1266.76	332.354
1267.25	316.538
1267.73	232.673
1268.21	127.37
1268.69	129.184
1269.17	196.95
1269.66	225.014
1270.14	112.431
1270.62	119.982
1271.1	146.444
1271.59	236.632
1272.07	300.267
1272.55	346.408
1273.03	392.345
1273.51	428.467
1273.99	430.36
1274.48	379.348
1274.96	333.622
1275.44	293.206
1275.92	261.989
1276.41	283.61
1276.89	303.999
1277.37	239.435
1277.85	144.299
1278.33	131.509
1278.82	222.036
1279.3	294.705
1279.78	345.746
1280.26	353.891
1280.74	234.299
1281.23	137.744
1281.71	218.802
1282.19	369.6
1282.67	425.078
1283.16	382.868
1283.64	334.212
1284.12	283.247
1284.6	247.381
1285.08	235.986
1285.57	236.6
1286.05	253.556
1286.53	272.889
1287.01	267.762
1287.49	250.391
1287.98	310.302
1288.46	433.721
1288.94	515.342
1289.42	487.461
1289.91	428.507
1290.39	340.878
1290.87	258.066
1291.35	226.465
1291.83	223.495
1292.32	166.51
1292.8	120.608
1293.28	145.044
1293.76	220.688
1294.24	313.149
1294.73	294.976
1295.21	258.731
1295.69	321.374
1296.17	400.897
1296.66	358.66
1297.14	230.998
1297.62	150.945
1298.1	131.094
1298.58	165.74
1299.07	266.37
1299.55	332.573
1300.03	223.335
1300.51	105.841
1300.99	106.331
1301.48	177.434
1301.96	234.694
1302.44	262.471
1302.92	301.958
1303.4	355.115
1303.89	369.982
1304.37	250.339
1304.85	136.022
1305.33	158.133
1305.82	218.491
1306.3	212.973
1306.78	153.002
1307.26	138.661
1307.74	169.034
1308.22	191.077
1308.71	178.51
1309.19	170.433
1309.67	164.257
1310.15	167.67
1310.64	205.095
1311.12	252.839
1311.6	242.126
1312.08	186.827
1312.56	141.376
1313.05	104.525
1313.53	122.147
1314.01	253.054
1314.49	323.627
1314.97	241.324
1315.46	100
