159.615	100
160.097	114.426
160.579	101.127
161.062	130.411
161.544	176.018
162.026	230.807
162.508	266.175
162.99	260.065
163.472	258.92
163.954	288.577
164.436	346.902
164.919	423.562
165.401	530.58
165.883	661.879
166.365	744.754
166.847	736.413
167.329	717.081
167.811	736.179
168.293	787.794
168.775	838.91
169.258	866.542
169.74	870.959
170.222	861.486
170.704	834.69
171.186	801.122
171.668	762.372
172.15	719.222
172.632	675.871
173.115	635.965
173.597	602.086
174.079	563.254
174.561	504.485
175.043	447.449
175.525	405.301
176.007	374.754
176.489	343.01
176.971	291.543
177.454	214.617
177.936	161.234
178.418	159.275
178.9	164.015
179.382	162.257
179.864	151.669
180.346	132.017
180.828	101.272
181.311	142.642
181.793	176.177
182.275	196.59
182.757	206.032
183.239	200.23
183.721	184.297
184.203	169.239
184.685	164.094
185.167	169.845
185.65	172.056
186.132	158.495
186.614	155.524
187.096	182.242
187.578	228.111
188.06	262.315
188.542	246.912
189.024	172.292
189.507	127.138
189.989	138.597
190.471	158.989
190.953	176.885
191.435	190.434
191.917	202.272
192.399	215.208
192.881	229.482
193.363	240.619
193.846	257.229
194.328	262.108
194.81	233.372
195.292	184.734
195.774	152.451
196.256	174.939
196.738	255.682
197.22	302.052
197.702	283.78
198.185	256.584
198.667	236.848
199.149	221.554
199.631	198.093
200.113	151.367
200.595	118.887
201.077	157.381
201.559	126.979
202.042	102.988
202.524	116.604
203.006	115.754
203.488	106.094
203.97	111.776
204.452	136.341
204.934	136.609
205.416	124.735
205.898	174.158
206.381	192.669
206.863	186.524
207.345	166.412
207.827	135.988
208.309	101.387
208.791	116.013
209.273	111.586
209.755	142.697
210.238	171.339
210.72	197.227
211.202	223.494
211.684	254.266
212.166	284.162
212.648	281.717
213.13	193.949
213.612	140.66
214.094	174.626
214.577	247.987
215.059	298.193
215.541	290.235
216.023	238.812
216.505	193.454
216.987	145.994
217.469	117.505
217.951	124.202
218.434	146.738
218.916	164.14
219.398	166.726
219.88	159.576
220.362	157.062
220.844	169.528
221.326	167.482
221.808	134.376
222.29	107.406
222.773	134.535
223.255	138.367
223.737	131.47
224.219	141.166
224.701	183.011
225.183	207.57
225.665	196.523
226.147	175.279
226.629	163.898
227.112	168.078
227.594	178.013
228.076	178.562
228.558	165.971
229.04	154.095
229.522	147.29
230.004	139.515
230.486	122.685
230.969	103.123
231.451	124.959
231.933	121.419
232.415	117.84
232.897	137.262
233.379	104.884
233.861	127.659
234.343	132.614
234.825	109.27
235.307	122.228
235.79	144.599
236.272	157.663
236.754	163.391
237.236	153.209
237.718	143.186
238.2	140.58
238.682	144.786
239.165	151.255
239.647	156.563
240.129	160.908
240.611	167.233
241.093	176.018
241.575	186.826
242.057	207.239
242.539	230.063
243.021	237.61
243.503	209.429
243.986	157.104
244.468	131.933
244.95	150.199
245.432	168.214
245.914	158.902
246.396	137.462
246.878	129.985
247.361	155.313
247.843	196.163
248.325	215.626
248.807	209.836
249.289	192.725
249.771	149.641
250.253	105.648
250.735	105.213
251.217	139.193
251.699	201.242
252.182	230.602
252.664	223.74
253.146	206.529
253.628	173.938
254.11	142.923
254.592	132.699
255.074	149.559
255.556	177.757
256.039	207.113
256.521	237.249
257.003	259.186
257.485	269.182
257.967	269.955
258.449	263.382
258.931	247.521
259.413	236.039
259.896	238.359
260.378	252.354
260.86	269.99
261.342	290.19
261.824	313.126
262.306	344.822
262.788	385.34
263.27	410.28
263.752	402.684
264.235	375.075
264.717	346.662
265.199	317.642
265.681	298.901
266.163	310.952
266.645	348.676
267.127	371.384
267.609	357.912
268.091	333.198
268.574	324.838
269.056	334.804
269.538	346.786
270.02	349.262
270.502	342.296
270.984	334.052
271.466	320.106
271.948	308.047
272.431	303.665
272.913	306
273.395	309.747
273.877	311.393
274.359	312.389
274.841	319.689
275.323	340.665
275.805	358.22
276.288	357.652
276.77	350.665
277.252	363.65
277.734	410.503
278.216	472.292
278.698	502.041
279.18	459.361
279.662	447.139
280.144	500.664
280.626	576.539
281.109	629.38
281.591	646.718
282.073	643.655
282.555	640.711
283.037	633.966
283.519	638.007
284.001	651.518
284.483	675.513
284.966	721.08
285.448	782.278
285.93	835.081
286.412	854.174
286.894	835.672
287.376	814.571
287.858	779.489
288.34	753.329
288.823	747.228
289.305	756.989
289.787	774.121
290.269	794.841
290.751	816.803
291.233	823.654
291.715	794.571
292.197	777.236
292.679	793.118
293.162	821.18
293.644	835.477
294.126	824.125
294.608	797.62
295.09	777.716
295.572	767.135
296.054	756.306
296.536	741.889
297.018	727.367
297.501	712.676
297.983	698.18
298.465	691.025
298.947	701.771
299.429	731.591
299.911	760.389
300.393	785.643
300.875	808.798
301.358	832.797
301.84	856.411
302.322	873.634
302.804	870.667
303.286	856.851
303.768	868.996
304.25	918.967
304.732	973.17
305.215	1015.38
305.697	1045.54
306.179	1060.07
306.661	1046.8
307.143	1024.74
307.625	1019.44
308.107	1031.63
308.589	1043.12
309.071	1045.41
309.553	1040.03
310.036	1031.96
310.518	1019.88
311	1007.33
311.482	1001.41
311.964	997.288
312.446	975.301
312.928	921.389
313.41	861.747
313.893	851.345
314.375	905.811
314.857	944.35
315.339	938.098
315.821	913.393
316.303	902.337
316.785	910.65
317.267	919.765
317.75	907.634
318.232	867.406
318.714	845.986
319.196	859.726
319.678	876.252
320.16	876.916
320.642	864.292
321.124	850.629
321.606	843.952
322.089	843.957
322.571	848.705
323.053	875.702
323.535	886.749
324.017	858.957
324.499	816.984
324.981	792.707
325.463	799.007
325.945	822.843
326.428	839.305
326.91	850.211
327.392	848.416
327.874	825.078
328.356	796.589
328.838	771.236
329.32	751.252
329.802	737.703
330.284	733.749
330.767	739.914
331.249	745.442
331.731	763.077
332.213	763.581
332.695	717.912
333.177	646.295
333.659	595.08
334.142	602.814
334.624	638.688
335.106	629.909
335.588	563.696
336.07	506.346
336.552	504.406
337.034	524.21
337.516	521.886
337.998	483.623
338.48	439.563
338.963	410.622
339.445	395.506
339.927	388.368
340.409	389.337
340.891	394.713
341.373	399.664
341.855	404.137
342.337	408.367
342.819	410.403
343.302	413.039
343.784	422.629
344.266	439.539
344.748	451.764
345.23	447.414
345.712	425.466
346.194	407.927
346.677	388.034
347.159	378.447
347.641	390.929
348.123	418.1
348.605	442.471
349.087	454.207
349.569	459.297
350.051	477.272
350.533	533.151
351.016	568.52
351.498	564.221
351.98	548.817
352.462	549.301
352.944	570.621
353.426	596.738
353.908	607.804
354.39	601.639
354.872	591.761
355.355	571.782
355.837	553.956
356.319	546.16
356.801	544.454
357.283	539.11
357.765	523.462
358.247	500.27
358.729	474.399
359.211	439.195
359.694	419.563
360.176	450.727
360.658	491.886
361.14	496.149
361.622	446.108
362.104	386.819
362.586	356.641
363.069	352.264
363.551	355.973
364.033	368.85
364.515	379.674
364.997	368.381
365.479	335.759
365.961	318.462
366.443	339.522
366.925	373.869
367.408	394.956
367.89	400.84
368.372	399.548
368.854	395.599
369.336	389.254
369.818	383.542
370.3	374.667
370.782	370.353
371.264	370.155
371.747	376.741
372.229	396.561
372.711	432.158
373.193	475.153
373.675	511.156
374.157	543.175
374.639	560.393
375.121	549.021
375.603	536.179
376.086	546.335
376.568	573.896
377.05	588.792
377.532	558.984
378.014	490.609
378.496	456.675
378.978	487.074
379.46	507.59
379.943	480.669
380.425	435.541
380.907	411.638
381.389	425.122
381.871	452.82
382.353	469.762
382.835	476.088
383.317	465.605
383.799	423.824
384.282	378.906
384.764	361.739
385.246	371.851
385.728	384.031
386.21	395.725
386.692	400.402
387.174	381.499
387.656	337.492
388.138	299.555
388.621	291.647
389.103	310.49
389.585	324.532
390.067	324.279
390.549	329.999
391.031	359.707
391.513	398.097
391.996	415.752
392.478	401.52
392.96	375.332
393.442	372.928
393.924	411.847
394.406	434.455
394.888	423.891
395.37	413.293
395.852	422.077
396.335	448.615
396.817	481.528
397.299	514.328
397.781	545.565
398.263	567.727
398.745	584.17
399.227	584.366
399.709	552.89
400.191	511.433
400.674	479.468
401.156	461.491
401.638	460.06
402.12	493.567
402.602	554.969
403.084	575.486
403.566	522.886
404.048	461.233
404.53	463.47
405.013	515.62
405.495	544.154
405.977	504.727
406.459	451.483
406.941	442.106
407.423	470.602
407.905	487.78
408.387	462.446
408.87	412.838
409.352	398.47
409.834	442.86
410.316	484.539
410.798	518.893
411.28	545.285
411.762	557.511
412.244	557.246
412.727	559.902
413.209	583.451
413.691	630.342
414.173	668.818
414.655	695.729
415.137	716.273
415.619	721.327
416.101	723.326
416.583	744.115
417.065	796.024
417.548	856.011
418.03	884.131
418.512	876.264
418.994	871.093
419.476	873.32
419.958	884.877
420.44	906.832
420.922	939.002
421.405	977.943
421.887	1038.9
422.369	1098.39
422.851	1115.36
423.333	1088.31
423.815	1056.34
424.297	1041.12
424.779	1040.23
425.262	1042.66
425.744	1044.94
426.226	1054.64
426.708	1084.59
427.19	1118.41
427.672	1132.8
428.154	1123.36
428.636	1107.49
429.118	1105.62
429.601	1120.38
430.083	1132.78
430.565	1138.37
431.047	1146.31
431.529	1167.32
432.011	1191
432.493	1198.16
432.975	1178.13
433.457	1146.8
433.94	1131.84
434.422	1135.32
434.904	1143.31
435.386	1157.15
435.868	1170.87
436.35	1176
436.832	1174.15
437.314	1181.59
437.797	1216.72
438.279	1260.56
438.761	1281.66
439.243	1279.55
439.725	1281.3
440.207	1304.92
440.689	1342.21
441.171	1362.92
441.654	1340.14
442.136	1345.14
442.618	1429.14
443.1	1529.99
443.582	1571.89
444.064	1545.78
444.546	1503.14
445.028	1495.72
445.51	1524.9
445.992	1560.04
446.475	1608.93
446.957	1655.09
447.439	1689.66
447.921	1721.06
448.403	1760.88
448.885	1813.76
449.367	1872.25
449.849	1927.14
450.332	1978.16
450.814	2035.83
451.296	2114.97
451.778	2181.49
452.26	2200.82
452.742	2183.57
453.224	2171.59
453.706	2162.5
454.189	2175.18
454.671	2241.65
455.153	2349.89
455.635	2446.72
456.117	2508.48
456.599	2548.52
457.081	2593.3
457.563	2648.85
458.045	2697.2
458.528	2741.14
459.01	2774.76
459.492	2793.28
459.974	2797.15
460.456	2789.13
460.938	2770.26
461.42	2742.06
461.902	2712.61
462.384	2685.44
462.867	2648.95
463.349	2600.08
463.831	2541.87
464.313	2476.96
464.795	2405.83
465.277	2325.92
465.759	2227.68
466.241	2120.41
466.724	2030.6
467.206	1962.18
467.688	1896.88
468.17	1822.97
468.652	1743.02
469.134	1665.99
469.616	1587.55
470.098	1518.87
470.581	1475.96
471.063	1439.8
471.545	1374.64
472.027	1276.66
472.509	1187.14
472.991	1155.57
473.473	1187.9
473.955	1192.37
474.437	1138.35
474.919	1088.34
475.402	1064.83
475.884	1050.03
476.366	1016.87
476.848	955.309
477.33	890.505
477.812	855.118
478.294	847.677
478.776	839.891
479.259	830.086
479.741	816.644
480.223	792.511
480.705	762.983
481.187	744.846
481.669	748.453
482.151	758.057
482.633	766.506
483.116	772.914
483.598	773.346
484.08	766.04
484.562	758.592
485.044	763.55
485.526	788.365
486.008	797.869
486.49	772.468
486.972	753.664
487.455	768.042
487.937	800.421
488.419	821.698
488.901	817.302
489.383	797.703
489.865	775.86
490.347	749.084
490.829	743.72
491.311	780.704
491.794	821.065
492.276	832.761
492.758	820.929
493.24	809.613
493.722	808.684
494.204	809.964
494.686	804.557
495.168	794.367
495.651	786.938
496.133	785.104
496.615	788.168
497.097	795.513
497.579	810.557
498.061	821.276
498.543	826.08
499.025	828.446
499.508	826.367
499.99	823.648
500.472	827.033
500.954	839.922
501.436	861.933
501.918	897.094
502.4	950.527
502.882	988.067
503.364	990.481
503.846	988.353
504.329	1002.68
504.811	1032.76
505.293	1072.51
505.775	1129.52
506.257	1188.16
506.739	1230.34
507.221	1259.52
507.703	1290.29
508.186	1327.41
508.668	1373.21
509.15	1432.22
509.632	1511.74
510.114	1587.12
510.596	1649.63
511.078	1716.39
511.56	1797.66
512.042	1890.54
512.525	1986.07
513.007	2078.59
513.489	2174.28
513.971	2290.94
514.453	2433.87
514.935	2551.84
515.417	2601.12
515.899	2663.25
516.382	2822.26
516.864	3054.56
517.346	3256.16
517.828	3357.4
518.31	3446.23
518.792	3605.24
519.274	3813.06
519.756	3997.19
520.239	4129.77
520.721	4247.54
521.203	4405.44
521.685	4612.21
522.167	4828.33
522.649	5055.35
523.131	5288
523.613	5535.68
524.096	5784.18
524.578	6005.53
525.06	6184.03
525.542	6360.2
526.024	6604.18
526.506	6914
526.988	7182.65
527.47	7383.4
527.952	7565.51
528.435	7764.39
528.917	7976.92
529.399	8196.99
529.881	8430.72
530.363	8665.21
530.845	8909.2
531.327	9144.68
531.809	9335.59
532.291	9474.41
532.774	9590.03
533.256	9718.56
533.738	9864.44
534.22	9960.22
534.702	10000
535.184	9992
535.666	9911.34
536.148	9797.55
536.63	9707.34
537.113	9655.34
537.595	9570.28
538.077	9383.78
538.559	9112.79
539.041	8810.93
539.523	8480.15
540.005	8125.2
540.487	7736.3
540.969	7325.88
541.452	6930.47
541.934	6552.56
542.416	6187.42
542.898	5829.33
543.38	5483.56
543.862	5154.72
544.344	4842.54
544.826	4542.07
545.309	4248.71
545.791	3965.31
546.273	3711.77
546.755	3499.59
547.237	3285.93
547.719	3043.51
548.201	2809.19
548.683	2616.44
549.166	2465.02
549.648	2322.33
550.13	2176.27
550.612	2030.73
551.094	1882.31
551.576	1736.45
552.058	1613.36
552.54	1522.71
553.023	1457.48
553.505	1408.14
553.987	1385.49
554.469	1348.33
554.951	1291.9
555.433	1228.1
555.915	1151.34
556.397	1073.13
556.879	1013.22
557.362	980.872
557.844	960.697
558.326	932.933
558.808	898.754
559.29	873.539
559.772	863.409
560.254	849.912
560.736	816.249
561.218	766.025
561.701	722.032
562.183	677.839
562.665	647.887
563.147	653.494
563.629	667.221
564.111	651.728
564.593	605.028
565.075	558.739
565.557	543.629
566.04	552.753
566.522	540.265
567.004	496.682
567.486	452.932
567.968	411.009
568.45	377.001
568.932	361.452
569.414	363.924
569.896	361.191
570.379	331.882
570.861	300.173
571.343	300.291
571.825	324.383
572.307	332.246
572.789	304.257
573.271	267.264
573.753	271.774
574.236	345.565
574.718	373.224
575.2	313.167
575.682	253.902
576.164	228.383
576.646	225.208
577.128	223.323
577.61	215.573
578.093	206.189
578.575	194.848
579.057	184.826
579.539	193.987
580.021	227.606
580.503	255.73
580.985	253.081
581.467	228.185
581.95	224.445
582.432	268.778
582.914	293.934
583.396	270.403
583.878	239.313
584.36	240.116
584.842	269.109
585.324	295.764
585.806	301.013
586.289	287.516
586.771	253.378
587.253	193.062
587.735	160.606
588.217	185.716
588.699	219.86
589.181	206.141
589.663	153.331
590.145	122.7
590.628	136.286
591.11	161.394
591.592	195.409
592.074	224.678
592.556	221.598
593.038	181.649
593.52	135.664
594.002	117.997
594.484	127.213
594.967	127.024
595.449	108.146
595.931	101.957
596.413	109.439
596.895	131.962
597.377	160.655
597.859	195.275
598.341	221.058
598.823	226.509
599.306	223.59
599.788	229.514
600.27	239.576
600.752	229.558
601.234	187.241
601.716	137.041
602.198	122.296
602.68	154.371
603.162	179.015
603.645	195.592
604.127	205.075
604.609	211.791
605.091	210.308
605.573	186.835
606.055	133.573
606.537	110.993
607.019	106.706
607.502	122.716
607.984	127.888
608.466	105.883
608.948	110.576
609.43	100.261
609.912	126.481
610.394	132.755
610.876	102.381
611.359	120.631
611.841	105.819
612.323	108.441
612.805	102.283
613.287	127.083
613.769	137.981
614.251	119.635
614.733	103.564
615.216	101.163
615.698	124.701
616.18	131.508
616.662	114.757
617.144	106.016
617.626	117.505
618.108	120.265
618.59	117.086
619.072	111.822
619.555	119.107
620.037	128.84
620.519	174.927
621.001	162.668
621.483	107.99
621.965	124.693
622.447	110.264
622.929	168.383
623.411	173.618
623.894	133.437
624.376	115.866
624.858	139.317
625.34	170.955
625.822	181.527
626.304	172.569
626.786	170.446
627.268	182.479
627.75	191.074
628.233	185.961
628.715	180.98
629.197	190.617
629.679	213.981
630.161	239.424
630.643	261.561
631.125	277.482
631.607	275.815
632.089	257.436
632.572	252.856
633.054	273.455
633.536	300.435
634.018	315.651
634.5	318.867
634.982	320.991
635.464	311.015
635.946	313.508
636.429	347.856
636.911	389.741
637.393	409.359
637.875	407.124
638.357	412.571
638.839	457.41
639.321	516.46
639.803	524.776
640.286	481.826
640.768	444.679
641.25	427.904
641.732	425.026
642.214	430.685
642.696	445.38
643.178	462.78
643.66	492.63
644.143	513.229
644.625	522.081
645.107	516.45
645.589	479.242
646.071	417.857
646.553	380.635
647.035	422.863
647.517	500.596
647.999	501.767
648.482	426.659
648.964	368.029
649.446	350.767
649.928	362.602
650.41	396.481
650.892	454.549
651.374	496.991
651.856	519.149
652.338	532.718
652.821	535.218
653.303	533.93
653.785	531.706
654.267	531.765
654.749	544.636
655.231	589.144
655.713	642.11
656.195	649.582
656.677	615.127
657.16	591.594
657.642	593.329
658.124	611.668
658.606	641.402
659.088	683.303
659.57	710.093
660.052	716.073
660.534	716.019
661.016	695.917
661.499	682.703
661.981	708.158
662.463	768.818
662.945	829.077
663.427	871.405
663.909	895.984
664.391	892.028
664.873	867.251
665.356	863.882
665.838	894.254
666.32	936.493
666.802	968.814
667.284	992.36
667.766	1029.08
668.248	1088.6
668.73	1148.58
669.213	1212.87
669.695	1271.76
670.177	1313.6
670.659	1342.27
671.141	1374.82
671.623	1411.5
672.105	1466.84
672.587	1568.19
673.07	1699.8
673.552	1815.79
674.034	1907.67
674.516	1998.92
674.998	2110.38
675.48	2237.08
675.962	2349.19
676.444	2432.04
676.926	2528.65
677.409	2661.21
677.891	2793.75
678.373	2901.08
678.855	2990.71
679.337	3088.71
679.819	3214.51
680.301	3329.53
680.783	3397.15
681.265	3440.5
681.748	3501.51
682.23	3579.46
682.712	3635.59
683.194	3642.53
683.676	3615.67
684.158	3598.76
684.64	3599.77
685.122	3573.16
685.604	3498.76
686.087	3417.91
686.569	3357.15
687.051	3307.82
687.533	3254.83
688.015	3203.99
688.497	3131.57
688.979	3015.9
689.461	2885.45
689.943	2753.41
690.426	2630.21
690.908	2537.34
691.39	2485.71
691.872	2454.64
692.354	2426.24
692.836	2397.65
693.318	2308.57
693.8	2136.32
694.283	1986.98
694.765	1926.71
695.247	1914.39
695.729	1864.79
696.211	1761.54
696.693	1675.4
697.175	1614.81
697.657	1567.59
698.14	1543.67
698.622	1523.07
699.104	1469.44
699.586	1375.63
700.068	1289.43
700.55	1270.43
701.032	1283.66
701.514	1246.75
701.997	1163.51
702.479	1085.03
702.961	1027.85
703.443	992.134
703.925	982.91
704.407	1004.67
704.889	995.807
705.371	927.682
705.853	867.362
706.336	828.396
706.818	801.811
707.3	777.92
707.782	757.674
708.264	752.908
708.746	790.808
709.228	825.171
709.71	814.987
710.192	774.732
710.675	722.897
711.157	667.356
711.639	629.385
712.121	629.058
712.603	655.203
713.085	667.371
713.567	661.74
714.049	661.848
714.531	681.132
715.014	691.807
715.496	657.166
715.978	597.116
716.46	575.927
716.942	624.984
717.424	664.781
717.906	680.638
718.388	676.27
718.87	635.078
719.353	578.126
719.835	559.789
720.317	607.419
720.799	665.096
721.281	649.041
721.763	585.006
722.245	581.071
722.727	646.025
723.21	690.548
723.692	664.264
724.174	608.858
724.656	601.423
725.138	657.736
725.62	699.062
726.102	719.069
726.584	730.908
727.067	731.854
727.549	730.081
728.031	736.794
728.513	752.734
728.995	762.478
729.477	758.128
729.959	744.913
730.441	715.93
730.924	684.142
731.406	680.717
731.888	710.244
732.37	744.199
732.852	758.239
733.334	754.51
733.816	734.721
734.298	692.597
734.78	678.479
735.263	714.045
735.745	758.033
736.227	784.924
736.709	792.437
737.191	772.549
737.673	696.832
738.155	636.635
738.637	615.987
739.119	601.358
739.602	558.169
740.084	504.123
740.566	486.027
741.048	525.95
741.53	575.088
742.012	589
742.494	579.114
742.976	568.905
743.458	558.495
743.941	532.408
744.423	481.884
744.905	427.77
745.387	405.549
745.869	420.489
746.351	397.691
746.833	299.615
747.315	238.112
747.797	286.367
748.28	359.497
748.762	363.862
749.244	302.673
749.726	264.07
750.208	282.08
750.69	305.262
751.172	311.695
751.654	310.406
752.137	315.278
752.619	324.409
753.101	320.598
753.583	289.075
754.065	250.53
754.547	237.883
755.029	246.076
755.511	258.194
755.994	272.521
756.476	264.122
756.958	211.306
757.44	138.276
757.922	106.248
758.404	128.907
758.886	153.904
759.368	190.237
759.851	217.425
760.333	232.389
760.815	232.455
761.297	208.53
761.779	157.909
762.261	115.489
762.743	107.978
763.225	119.736
763.707	119
764.19	112.297
764.672	108.631
765.154	110.092
765.636	114.366
766.118	122.762
766.6	128.312
767.082	110.487
767.564	126.557
768.046	149.287
768.529	150.307
769.011	144.122
769.493	139.946
769.975	138.629
770.457	144.452
770.939	167.879
771.421	175.211
771.903	155.995
772.385	131.577
772.868	105.476
773.35	135.307
773.832	118.901
774.314	157.76
774.796	215.786
775.278	224.48
775.76	208.624
776.242	175.802
776.724	135.121
777.207	105.858
777.689	142.631
778.171	163.218
778.653	153.982
779.135	125.279
779.617	108.988
780.099	145.828
780.581	159.519
781.064	142.955
781.546	127.095
782.028	138.205
782.51	166.791
782.992	174.237
783.474	146.24
783.956	135.795
784.438	168.563
784.92	189.585
785.403	153.456
785.885	104.644
786.367	127.354
786.849	103.937
787.331	120.958
787.813	139.129
788.295	151.903
788.778	161.28
789.26	165.046
789.742	157.439
790.224	138.984
790.706	120.199
791.188	106.004
791.67	101.184
792.152	105.561
792.634	122.503
793.117	140.512
793.599	157.079
794.081	158.322
794.563	131.481
795.045	109.578
795.527	124.424
796.009	106.693
796.491	103.42
796.973	102.069
797.456	103.154
797.938	110.049
798.42	117.72
798.902	123.944
799.384	127.708
799.866	135.738
800.348	159.972
800.83	174.932
801.312	163.616
801.795	143.688
802.277	132.746
802.759	132.532
803.241	137.123
803.723	151.641
804.205	157.755
804.687	125.586
805.169	119.422
805.652	137.816
806.134	125.739
806.616	113.701
807.098	181.578
807.58	241.705
808.062	218.826
808.544	124.656
809.026	120.465
809.508	107.671
809.991	105.206
810.473	106.073
810.955	123.557
811.437	121.604
811.919	101.084
812.401	106.841
812.883	124.673
813.365	140.398
813.847	112.863
814.33	116.912
814.812	119.571
815.294	101.606
815.776	113.282
816.258	118.838
816.74	125.248
817.222	139.574
817.705	152.903
818.187	159.944
818.669	160.076
819.151	152.148
819.633	136.126
820.115	117.533
820.597	100.671
821.079	117.331
821.561	138.192
822.044	156.026
822.526	135.024
823.008	129.961
823.49	182.606
823.972	172.622
824.454	122.785
824.936	105.658
825.418	124.625
825.901	135.589
826.383	133.091
826.865	124.019
827.347	108.29
827.829	107.568
828.311	108.722
828.793	111.832
829.275	120.979
829.757	100.041
830.24	108.989
830.722	124.329
831.204	160.116
831.686	152.925
832.168	108.142
832.65	119.861
833.132	102.403
833.614	116.64
834.096	108.529
834.579	100.194
835.061	127.59
835.543	176.889
836.025	202.273
836.507	184.708
836.989	155.123
837.471	138.969
837.953	133.223
838.435	134.938
838.918	142.368
839.4	151.329
839.882	160.264
840.364	161.52
840.846	145.008
841.328	118.872
841.81	114.178
842.292	132.933
842.774	144.2
843.257	141.363
843.739	141.066
844.221	156.764
844.703	178.597
845.185	181.566
845.667	157.92
846.149	141.861
846.631	136.513
847.114	134.231
847.596	136.425
848.078	137.742
848.56	127.197
849.042	107.37
849.524	105.633
850.006	141.851
850.488	177.451
850.971	208.444
851.453	226.884
851.935	219.204
852.417	194.73
852.899	173.538
853.381	162.208
853.863	156.884
854.345	153.779
854.828	155.78
855.31	171.869
855.792	194.795
856.274	208.448
856.756	208.839
857.238	200.324
857.72	184.404
858.202	165.895
858.684	153.011
859.167	146.331
859.649	152.918
860.131	173.651
860.613	187.072
861.095	180.389
861.577	164.846
862.059	160.045
862.541	166.818
863.023	172.279
863.506	175.465
863.988	180.285
864.47	190.612
864.952	198.405
865.434	196.972
865.916	186.952
866.398	171.284
866.88	135.041
867.362	115.237
867.845	121.332
868.327	134.23
868.809	157.832
869.291	176.748
869.773	161.095
870.255	104.832
870.737	132.231
871.219	115.449
871.701	105.747
872.184	108.233
872.666	100.453
873.148	112.088
873.63	125.352
874.112	131.002
874.594	124.443
875.076	113.06
875.558	101.055
876.041	110.62
876.523	123.349
877.005	134.508
877.487	133.775
877.969	119.503
878.451	109.936
878.933	127.127
879.415	155.362
879.898	154.921
880.38	132.139
880.862	119.865
881.344	123.198
881.826	138.271
882.308	165.381
882.79	190.215
883.272	180.073
883.755	132.83
884.237	110.198
884.719	115.829
885.201	131.495
885.683	156.426
886.165	178.363
886.647	182.476
887.129	172.458
887.611	176.029
888.094	212.217
888.576	220.626
889.058	166.865
889.54	123.336
890.022	142.604
890.504	185.502
890.986	192.482
891.468	156.843
891.95	132.698
892.433	129.501
892.915	133.135
893.397	153.479
893.879	167.223
894.361	143.304
894.843	102.995
895.325	123.035
895.807	106.45
896.289	128.867
896.772	103.471
897.254	125.094
897.736	121.834
898.218	102.191
898.7	137.088
899.182	173.93
899.664	180.75
900.146	118.256
900.628	148.907
901.111	148.31
901.593	111.568
902.075	116.642
902.557	131.093
903.039	135.671
903.521	132.242
904.003	124.697
904.485	112.319
904.968	101.249
905.45	113.421
905.932	142.33
906.414	158.491
906.896	155.714
907.378	133.17
907.86	114.229
908.342	161.765
908.825	148.814
909.307	120.956
909.789	161.734
910.271	169.479
910.753	160.144
911.235	135.447
911.717	111.68
912.199	106.429
912.682	116.991
913.164	126.75
913.646	134.512
914.128	148.282
914.61	178.608
915.092	191.523
915.574	158.888
916.056	110.173
916.538	105.09
917.021	118.464
917.503	128.442
917.985	113.923
918.467	103.315
918.949	100.466
919.431	103.097
919.913	122.889
920.395	149.187
920.877	156.13
921.36	135.608
921.842	116.571
922.324	100.288
922.806	111.885
923.288	114.135
923.77	112.504
924.252	113.891
924.734	117.148
925.216	113.773
925.699	103.651
926.181	117.746
926.663	116.118
927.145	114.812
927.627	131.803
928.109	154.321
928.591	157.311
929.073	138.669
929.555	126.66
930.038	143.567
930.52	162.796
931.002	170.512
931.484	166.619
931.966	139.726
932.448	102.422
932.93	111.965
933.412	108.526
933.895	135.202
934.377	133.861
934.859	134.554
935.341	198.491
935.823	283.728
936.305	297.913
936.787	240.468
937.269	181.845
937.752	160.441
938.234	155.802
938.716	140.324
939.198	124.983
939.68	146.96
940.162	192.14
940.644	196.579
941.126	148.211
941.609	101.444
942.091	111.51
942.573	100.768
943.055	101.629
943.537	113.324
944.019	137.794
944.501	172.895
944.983	190.578
945.465	180.324
945.948	156.23
946.43	131.651
946.912	107.186
947.394	115.832
947.876	137.292
948.358	156.759
948.84	174.98
949.322	177.513
949.804	154.466
950.287	124.854
950.769	115.956
951.251	126.034
951.733	134.859
952.215	144.553
952.697	135.225
953.179	103.705
953.661	134.437
954.143	130.462
954.626	109.591
955.108	106.962
955.59	124.508
956.072	138.564
956.554	149.732
957.036	155.676
957.518	155.683
958	150.328
958.482	138.464
958.965	122.609
959.447	111.459
959.929	108.988
960.411	103.038
960.893	129.412
961.375	157.172
961.857	189.753
962.339	214.085
962.822	219.229
963.304	205.95
963.786	176.479
964.268	106.935
964.75	130.393
965.232	116.817
965.714	104.136
966.196	122.697
966.679	137.613
967.161	148.901
967.643	155.842
968.125	152.935
968.607	118.447
969.089	107.56
969.571	149.563
970.053	185.231
970.536	179.208
971.018	157.815
971.5	157.912
971.982	179.829
972.464	186.387
972.946	154.812
973.428	134.995
973.91	144.174
974.392	157.512
974.875	164.46
975.357	164.812
975.839	159.31
976.321	147.974
976.803	131.17
977.285	100.135
977.767	124.547
978.249	133.606
978.731	136.319
979.214	143.727
979.696	147.678
980.178	127.239
980.66	122.96
981.142	158.023
981.624	150.709
982.106	146.395
982.588	175.259
983.07	202.213
983.553	191.82
984.035	158.493
984.517	138.923
984.999	142.143
985.481	141.185
985.963	116.784
986.445	100.806
986.927	117.08
987.409	135.935
987.892	114.783
988.374	131.494
988.856	161.124
989.338	164.328
989.82	148.077
990.302	110.58
990.784	157.347
991.266	153.609
991.749	131.122
992.231	119.843
992.713	120.602
993.195	128.386
993.677	147.896
994.159	142.954
994.641	144.968
995.123	212.733
995.606	173.173
996.088	102.469
996.57	129.625
997.052	115.619
997.534	121.16
998.016	171.906
998.498	211.384
998.98	204.432
999.463	188.456
999.945	178.565
1000.43	179.384
1000.91	204.127
1001.39	243.499
1001.87	260.285
1002.36	231.513
1002.84	220.954
1003.32	285.502
1003.8	348.504
1004.28	351.968
1004.77	329.215
1005.25	323.158
1005.73	333.249
1006.21	332.211
1006.69	305.043
1007.18	287.138
1007.66	316.387
1008.14	336.961
1008.62	280.591
1009.11	214.488
1009.59	236.863
1010.07	333.45
1010.55	406.934
1011.03	425.798
1011.52	418.326
1012	375.366
1012.48	334.212
1012.96	318.267
1013.44	317.615
1013.93	323.281
1014.41	331.485
1014.89	335.089
1015.37	330.078
1015.85	325.911
1016.34	330.022
1016.82	332.088
1017.3	319.395
1017.78	305.565
1018.27	309.798
1018.75	328.743
1019.23	340.665
1019.71	334.389
1020.19	336.624
1020.68	387.492
1021.16	413.734
1021.64	331.461
1022.12	235.277
1022.6	253.127
1023.09	357.19
1023.57	394.019
1024.05	298.643
1024.53	225.792
1025.02	234.833
1025.5	258.821
1025.98	274.735
1026.46	282.821
1026.94	282.931
1027.43	276.773
1027.91	268.833
1028.39	257.562
1028.87	251.597
1029.35	247.559
1029.84	255.364
1030.32	293.907
1030.8	333.649
1031.28	342.348
1031.76	329.165
1032.25	330.092
1032.73	358.625
1033.21	372.012
1033.69	344.847
1034.18	327.446
1034.66	342.756
1035.14	368.415
1035.62	389.698
1036.1	405.864
1036.59	415.066
1037.07	411.757
1037.55	420.335
1038.03	461.159
1038.51	488
1039	472.812
1039.48	457.209
1039.96	476.222
1040.44	514.523
1040.93	535.349
1041.41	534.446
1041.89	535.168
1042.37	532.966
1042.85	540.737
1043.34	567.882
1043.82	594.646
1044.3	600.171
1044.78	602.922
1045.26	644.296
1045.75	730.794
1046.23	786.124
1046.71	791.572
1047.19	814.356
1047.67	875.356
1048.16	932.764
1048.64	958.905
1049.12	972.702
1049.6	1003.06
1050.09	1050.06
1050.57	1119.76
1051.05	1221.95
1051.53	1301.29
1052.01	1343.85
1052.49	1391
1052.98	1467.29
1053.46	1544.82
1053.94	1580.16
1054.42	1583.33
1054.91	1637.52
1055.39	1748.82
1055.87	1779.72
1056.35	1706.81
1056.83	1683.87
1057.32	1785.48
1057.8	1874.35
1058.28	1792.59
1058.76	1597.41
1059.24	1473.02
1059.73	1411.36
1060.21	1336.96
1060.69	1244.83
1061.17	1152.61
1061.66	1066.14
1062.14	976.342
1062.62	873.623
1063.1	770.726
1063.58	694.555
1064.07	639.956
1064.55	590.569
1065.03	545.49
1065.51	509.361
1065.99	481.499
1066.48	448.528
1066.96	399.439
1067.44	352.859
1067.92	338.324
1068.41	339.64
1068.89	330.324
1069.37	312.755
1069.85	292.958
1070.33	273.146
1070.82	254.724
1071.3	237.605
1071.78	229.827
1072.26	248.681
1072.74	270.739
1073.23	273.886
1073.71	262.308
1074.19	233.538
1074.67	197.731
1075.16	182.2
1075.64	196.415
1076.12	207.568
1076.6	195.463
1077.08	175.931
1077.57	142.46
1078.05	120.681
1078.53	150.491
1079.01	203.759
1079.49	222.316
1079.98	196.802
1080.46	172.844
1080.94	163.89
1081.42	159.172
1081.9	154.446
1082.39	154.355
1082.87	168.818
1083.35	185.235
1083.83	184.924
1084.32	168.879
1084.8	157.817
1085.28	159.404
1085.76	155.584
1086.24	144.305
1086.73	129.127
1087.21	102.098
1087.69	121.535
1088.17	109.382
1088.65	169.45
1089.14	179.424
1089.62	123.351
1090.1	121.652
1090.58	162.139
1091.07	167.051
1091.55	113.993
1092.03	130.722
1092.51	114.868
1092.99	124.036
1093.47	106.588
1093.96	162.45
1094.44	169.454
1094.92	111.646
1095.4	131.759
1095.89	148.734
1096.37	134.187
1096.85	116.659
1097.33	171.179
1097.81	190.57
1098.3	183.378
1098.78	165.609
1099.26	142.273
1099.74	136.685
1100.22	146.184
1100.71	146.431
1101.19	130.569
1101.67	114.381
1102.15	111.219
1102.64	109.349
1103.12	115.719
1103.6	142.252
1104.08	128.07
1104.56	107.865
1105.05	122.003
1105.53	111.876
1106.01	105.19
1106.49	114.592
1106.97	126.281
1107.46	134.177
1107.94	137.841
1108.42	133.552
1108.9	127.53
1109.39	128.886
1109.87	133.494
1110.35	128.297
1110.83	109.78
1111.31	102.777
1111.8	102.211
1112.28	101.835
1112.76	108.496
1113.24	115.696
1113.72	123.799
1114.21	130.681
1114.69	134.214
1115.17	134.19
1115.65	126.258
1116.14	109.021
1116.62	105.446
1117.1	165.552
1117.58	216.705
1118.06	217.355
1118.55	192.606
1119.03	156.389
1119.51	121.53
1119.99	128.372
1120.47	179.644
1120.96	193.337
1121.44	167.932
1121.92	135.987
1122.4	103.273
1122.88	119.319
1123.37	125.581
1123.85	119.793
1124.33	103.355
1124.81	117.112
1125.3	125.767
1125.78	123.754
1126.26	105.732
1126.74	119.806
1127.22	116.517
1127.7	122.576
1128.19	157.363
1128.67	157.289
1129.15	149.382
1129.63	169.734
1130.12	187.853
1130.6	155.587
1131.08	106.151
1131.56	102.407
1132.05	135.717
1132.53	139.007
1133.01	117.664
1133.49	150.16
1133.97	110.875
1134.45	154.206
1134.94	110.974
1135.42	145.757
1135.9	164.929
1136.38	155.842
1136.87	134.78
1137.35	101.916
1137.83	116.325
1138.31	109.921
1138.79	109.695
1139.28	120.424
1139.76	131.771
1140.24	145.256
1140.72	145.015
1141.2	110.937
1141.69	141.268
1142.17	168.905
1142.65	171.895
1143.13	145.891
1143.62	108.383
1144.1	135.918
1144.58	126.448
1145.06	104.068
1145.54	119.102
1146.03	125.727
1146.51	117.109
1146.99	175.992
1147.47	181.997
1147.95	156.682
1148.44	141.552
1148.92	137.985
1149.4	136.409
1149.88	134.331
1150.37	135.414
1150.85	141.165
1151.33	151.607
1151.81	181.96
1152.29	199.688
1152.78	165.165
1153.26	116.833
1153.74	104.311
1154.22	100.004
1154.7	116.388
1155.19	147.092
1155.67	159.02
1156.15	110.909
1156.63	102.231
1157.12	192.732
1157.6	255.841
1158.08	210.336
1158.56	138.882
1159.04	145.502
1159.53	208.613
1160.01	218.696
1160.49	166.529
1160.97	159.937
1161.45	206.82
1161.94	207.945
1162.42	137.985
1162.9	129.83
1163.38	150.661
1163.86	134.118
1164.35	125.312
1164.83	197.939
1165.31	213.852
1165.79	192.12
1166.28	165.922
1166.76	144.407
1167.24	144.138
1167.72	165.049
1168.2	171.711
1168.68	134.242
1169.17	102.958
1169.65	116.024
1170.13	140.145
1170.61	162.091
1171.1	173.53
1171.58	160.896
1172.06	132.495
1172.54	109.74
1173.02	106.263
1173.51	106.346
1173.99	131.901
1174.47	144.828
1174.95	104.921
1175.43	119.938
1175.92	106.141
1176.4	149.913
1176.88	179.907
1177.36	193.463
1177.85	174.305
1178.33	124.087
1178.81	108.472
1179.29	122.336
1179.77	111.283
1180.26	121.904
1180.74	134.178
1181.22	103.506
1181.7	133.985
1182.18	144.013
1182.67	135.549
1183.15	111.02
1183.63	117.211
1184.11	135.489
1184.6	141.622
1185.08	127.012
1185.56	102.239
1186.04	111.706
1186.52	119.464
1187.01	140.122
1187.49	116.876
1187.97	102.986
1188.45	134.73
1188.93	165.713
1189.42	154.363
1189.9	126.946
1190.38	127.308
1190.86	152.381
1191.35	151.469
1191.83	115.331
1192.31	112.923
1192.79	154.354
1193.27	167.607
1193.76	129.611
1194.24	103.243
1194.72	110.531
1195.2	138.746
1195.68	122.944
1196.17	108.158
1196.65	122.131
1197.13	180.827
1197.61	198.972
1198.09	180.73
1198.58	154.405
1199.06	131.534
1199.54	130.767
1200.02	173.874
1200.51	208.692
1200.99	206.879
1201.47	193.654
1201.95	174.215
1202.43	156.934
1202.92	149.134
1203.4	148.99
1203.88	155.37
1204.36	169.304
1204.84	156.09
1205.33	101.055
1205.81	122.623
1206.29	101.735
1206.77	108.722
1207.26	110.745
1207.74	137.532
1208.22	155.444
1208.7	160.842
1209.18	141.057
1209.67	107.036
1210.15	118.404
1210.63	133.255
1211.11	127.502
1211.59	108.045
1212.08	104.09
1212.56	103.362
1213.04	102.316
1213.52	108.256
1214	119.811
1214.49	152.45
1214.97	175.419
1215.45	160.675
1215.93	138.879
1216.42	138.253
1216.9	151.32
1217.38	163.264
1217.86	174.183
1218.34	163.18
1218.83	120.76
1219.31	107.563
1219.79	132.128
1220.27	150.506
1220.75	148.779
1221.24	141.464
1221.72	138.204
1222.2	141.721
1222.68	162.013
1223.17	187.656
1223.65	194.309
1224.13	190.936
1224.61	194.922
1225.09	203.193
1225.58	203.983
1226.06	194.869
1226.54	179.403
1227.02	156.015
1227.5	135.365
1227.99	122.841
1228.47	112.099
1228.95	106.2
1229.43	115.993
1229.91	101.214
1230.4	122.192
1230.88	130.423
1231.36	125.585
1231.84	121.637
1232.33	118.748
1232.81	108.019
1233.29	109.911
1233.77	109.797
1234.25	112.013
1234.73	129.79
1235.22	129.804
1235.7	117.852
1236.18	112.78
1236.66	136.396
1237.15	105.986
1237.63	129.495
1238.11	108.64
1238.59	140.074
1239.07	175.507
1239.56	191.494
1240.04	187.764
1240.52	157.752
1241	138.252
1241.48	140.253
1241.97	130.512
1242.45	100.67
1242.93	127.955
1243.41	139.762
1243.9	146.822
1244.38	158.828
1244.86	175.534
1245.34	205.858
1245.82	237.906
1246.31	222.742
1246.79	175.604
1247.27	133.466
1247.75	104.593
1248.23	105.309
1248.72	103.984
1249.2	118.704
1249.68	136.808
1250.16	147.667
1250.65	135.516
1251.13	129.007
1251.61	146.638
1252.09	171.692
1252.57	200.532
1253.06	218.978
1253.54	200.094
1254.02	149.714
1254.5	108.498
1254.98	124.838
1255.47	127.48
1255.95	101.331
1256.43	104.04
1256.91	117.118
1257.4	124.708
1257.88	101.214
1258.36	137.682
1258.84	170.675
1259.32	192.747
1259.81	186.664
1260.29	175.869
1260.77	185.881
1261.25	203.575
1261.73	210.703
1262.22	207.516
1262.7	200.985
1263.18	190.947
1263.66	182.686
1264.15	175.415
1264.63	169.345
1265.11	164.183
1265.59	166.242
1266.07	179.664
1266.56	191.899
1267.04	194.543
1267.52	188.434
1268	169.8
1268.48	146.75
1268.97	132.496
1269.45	126.144
1269.93	131.454
1270.41	140.305
1270.89	135.44
1271.38	117.729
1271.86	104.696
1272.34	101.115
1272.82	100
