200.149 10.0149
200.685 10.0231
201.221 10.0265
201.757 10.0242
202.293 10.0272
202.829 10.0358
203.365 10.0391
203.901 10.0332
204.437 10.0231
204.973 10.0229
205.509 10.0315
206.045 10.0250
206.581 10.0222
207.117 10.0247
207.653 10.0205
208.189 10.0256
208.725 10.0307
209.261 10.0264
209.797 10.0224
210.332 10.0328
210.868 10.0362
211.404 10.0176
211.940 10.0288
212.476 10.0255
213.012 10.0348
213.548 10.0411
214.084 10.0328
214.620 10.0431
215.156 10.0302
215.692 10.0298
216.228 10.0382
216.764 10.0297
217.300 10.0267
217.836 10.0370
218.372 10.0416
218.908 10.0349
219.444 10.0278
219.980 10.0298
220.516 10.0283
221.052 10.0258
221.588 10.0313
222.124 10.0303
222.660 10.0342
223.196 10.0355
223.732 10.0436
224.268 10.0335
224.804 10.0332
225.340 10.0303
225.876 10.0360
226.412 10.0390
226.948 10.0288
227.484 10.0357
228.020 10.0162
228.556 10.0294
229.092 10.0264
229.628 10.0284
230.164 10.0298
230.699 10.0246
231.235 10.0386
231.771 10.0397
232.307 10.0393
232.843 10.0321
233.379 10.0314
233.915 10.0385
234.451 10.0349
234.987 10.0290
235.523 10.0289
236.059 10.0308
236.595 10.0308
237.131 10.0349
237.667 10.0408
238.203 10.0323
238.739 10.0440
239.275 10.0462
239.811 10.0434
240.347 10.0255
240.883 10.0437
241.419 10.0425
241.955 10.0248
242.491 10.0405
243.027 10.0429
243.563 10.0383
244.099 10.0333
244.635 10.0334
245.171 10.0384
245.707 10.0392
246.243 10.0292
246.779 10.0297
247.315 10.0326
247.851 10.0382
248.387 10.0407
248.923 10.0326
249.459 10.0347
249.995 10.0460
250.530 10.0426
251.066 10.0368
251.602 10.0428
252.138 10.0419
252.674 10.0328
253.210 10.0379
253.746 10.0534
254.282 10.0462
254.818 10.0490
255.354 10.0461
255.890 10.0299
256.426 10.0295
256.962 10.0458
257.498 10.0472
258.034 10.0392
258.570 10.0438
259.106 10.0507
259.642 10.0446
260.178 10.0559
260.714 10.0647
261.250 10.0494
261.786 10.0388
262.322 10.0515
262.858 10.0603
263.394 10.0530
263.930 10.0505
264.466 10.0551
265.002 10.0607
265.538 10.0663
266.074 10.0634
266.610 10.0678
267.146 10.0782
267.682 10.0747
268.218 10.0782
268.754 10.0805
269.290 10.0943
269.826 10.0882
270.361 10.1100
270.897 10.1146
271.433 10.1194
271.969 10.1325
272.505 10.1343
273.041 10.1498
273.577 10.1555
274.113 10.1741
274.649 10.1916
275.185 10.2048
275.721 10.2126
276.257 10.2240
276.793 10.2430
277.329 10.2574
277.865 10.2633
278.401 10.2646
278.937 10.2717
279.473 10.2698
280.009 10.2720
280.545 10.2681
281.081 10.2508
281.617 10.2402
282.153 10.2232
282.689 10.2022
283.225 10.1805
283.761 10.1647
284.297 10.1395
284.833 10.1333
285.369 10.1320
285.905 10.1104
286.441 10.0924
286.977 10.0878
287.513 10.0840
288.049 10.0776
288.585 10.0802
289.121 10.0711
289.657 10.0597
290.193 10.0675
290.728 10.0576
291.264 10.0473
291.800 10.0411
292.336 10.0436
292.872 10.0605
293.408 10.0474
293.944 10.0452
294.480 10.0447
295.016 10.0396
295.552 10.0410
296.088 10.0405
296.624 10.0320
297.160 10.0289
297.696 10.0277
298.232 10.0304
298.768 10.0309
299.304 10.0355
299.840 10.0460
300.376 10.0383
300.912 10.0371
301.448 10.0302
301.984 10.0349
302.520 10.0237
303.056 10.0218
303.592 10.0280
304.128 10.0159
304.664 10.0229
305.200 10.0149
305.736 10.0252
306.272 10.0369
306.808 10.0353
307.344 10.0151
307.880 10.0338
308.416 10.0218
308.952 10.0275
309.488 10.0282
310.024 10.0307
310.559 10.0327
311.095 10.0373
311.631 10.0279
312.167 10.0208
312.703 10.0225
313.239 10.0276
313.775 10.0278
314.311 10.0249
314.847 10.0243
315.383 10.0257
315.919 10.0211
316.455 10.0244
316.991 10.0335
317.527 10.0363
318.063 10.0332
318.599 10.0329
319.135 10.0391
319.671 10.0396
320.207 10.0362
320.743 10.0339
321.279 10.0361
321.815 10.0366
322.351 10.0505
322.887 10.0375
323.423 10.0353
323.959 10.0375
324.495 10.0317
325.031 10.0495
325.567 10.0514
326.103 10.0398
326.639 10.0436
327.175 10.0392
327.711 10.0327
328.247 10.0427
328.783 10.0444
329.319 10.0456
329.855 10.0458
330.390 10.0465
330.926 10.0382
331.462 10.0348
331.998 10.0415
332.534 10.0459
333.070 10.0410
333.606 10.0445
334.142 10.0435
334.678 10.0367
335.214 10.0419
335.750 10.0458
336.286 10.0389
336.822 10.0412
337.358 10.0507
337.894 10.0509
338.430 10.0421
338.966 10.0477
339.502 10.0539
340.038 10.0477
340.574 10.0492
341.110 10.0428
341.646 10.0364
342.182 10.0452
342.718 10.0437
343.254 10.0441
343.790 10.0375
344.326 10.0322
344.862 10.0382
345.398 10.0411
345.934 10.0546
346.470 10.0422
347.006 10.0316
347.542 10.0518
348.078 10.0529
348.614 10.0454
349.150 10.0375
349.686 10.0373
350.221 10.0540
350.757 10.0503
351.293 10.0385
351.829 10.0479
352.365 10.0524
352.901 10.0496
353.437 10.0458
353.973 10.0348
354.509 10.0400
355.045 10.0394
355.581 10.0438
356.117 10.0559
356.653 10.0607
357.189 10.0490
357.725 10.0424
358.261 10.0405
358.797 10.0473
359.333 10.0442
359.869 10.0355
360.405 10.0438
360.941 10.0465
361.477 10.0506
362.013 10.0463
362.549 10.0399
363.085 10.0446
363.621 10.0428
364.157 10.0442
364.693 10.0479
365.229 10.0441
365.765 10.0417
366.301 10.0423
366.837 10.0489
367.373 10.0438
367.909 10.0398
368.445 10.0420
368.981 10.0459
369.517 10.0434
370.053 10.0441
370.588 10.0423
371.124 10.0435
371.660 10.0418
372.196 10.0429
372.732 10.0371
373.268 10.0410
373.804 10.0433
374.340 10.0353
374.876 10.0429
375.412 10.0414
375.948 10.0472
376.484 10.0460
377.020 10.0392
377.556 10.0444
378.092 10.0356
378.628 10.0468
379.164 10.0376
379.700 10.0343
380.236 10.0341
380.772 10.0294
381.308 10.0386
381.844 10.0451
382.380 10.0362
382.916 10.0496
383.452 10.0513
383.988 10.0312
384.524 10.0374
385.060 10.0495
385.596 10.0621
386.132 10.0477
386.668 10.0430
387.204 10.0410
387.740 10.0436
388.276 10.0591
388.812 10.0536
389.348 10.0437
389.884 10.0311
390.419 10.0338
390.955 10.0450
391.491 10.0433
392.027 10.0421
392.563 10.0388
393.099 10.0450
393.635 10.0486
394.171 10.0400
394.707 10.0403
395.243 10.0426
395.779 10.0476
396.315 10.0493
396.851 10.0391
397.387 10.0405
397.923 10.0479
398.459 10.0357
398.995 10.0250
399.531 10.0338
400.067 10.0431
400.603 10.0545
401.139 10.0501
401.675 10.0432
402.211 10.0418
402.747 10.0502
403.283 10.0353
403.819 10.0346
404.355 10.0409
404.891 10.0454
405.427 10.0360
405.963 10.0470
406.499 10.0330
407.035 10.0466
407.571 10.0545
408.107 10.0517
408.643 10.0605
409.179 10.0534
409.715 10.0391
410.250 10.0571
410.786 10.0334
411.322 10.0495
411.858 10.0489
412.394 10.0435
412.930 10.0579
413.466 10.0601
414.002 10.0441
414.538 10.0405
415.074 10.0540
415.610 10.0513
416.146 10.0386
416.682 10.0625
417.218 10.0494
417.754 10.0651
418.290 10.0528
418.826 10.0525
419.362 10.0718
419.898 10.0630
420.434 10.0629
420.970 10.0599
421.506 10.0607
422.042 10.0646
422.578 10.0697
423.114 10.0596
423.650 10.0704
424.186 10.0752
424.722 10.0791
425.258 10.0739
425.794 10.0901
426.330 10.0911
426.866 10.0889
427.402 10.0993
427.938 10.0964
428.474 10.0973
429.010 10.0933
429.546 10.1012
430.082 10.1110
430.617 10.1199
431.153 10.1170
431.689 10.1245
432.225 10.1410
432.761 10.1465
433.297 10.1509
433.833 10.1615
434.369 10.1781
434.905 10.1925
435.441 10.2001
435.977 10.2073
436.513 10.2316
437.049 10.2667
437.585 10.2851
438.121 10.3047
438.657 10.3409
439.193 10.3849
439.729 10.4268
440.265 10.4676
440.801 10.5278
441.337 10.5809
441.873 10.6249
442.409 10.6893
442.945 10.7380
443.481 10.7643
444.017 10.7802
444.553 10.7503
445.089 10.7369
445.625 10.7194
446.161 10.6638
446.697 10.6222
447.233 10.5725
447.769 10.5341
448.305 10.4683
448.841 10.4140
449.377 10.3745
449.913 10.3397
450.448 10.3179
450.984 10.2952
451.520 10.2673
452.056 10.2456
452.592 10.2214
453.128 10.2154
453.664 10.2081
454.200 10.1995
454.736 10.1771
455.272 10.1448
455.808 10.1410
456.344 10.1467
456.880 10.1403
457.416 10.1333
457.952 10.1200
458.488 10.1204
459.024 10.1128
459.560 10.0985
460.096 10.0930
460.632 10.1083
461.168 10.1078
461.704 10.0868
462.240 10.0865
462.776 10.0826
463.312 10.0762
463.848 10.0658
464.384 10.0688
464.920 10.0746
465.456 10.0706
465.992 10.0691
466.528 10.0774
467.064 10.0765
467.600 10.0812
468.136 10.0696
468.672 10.0643
469.208 10.0569
469.744 10.0542
470.279 10.0626
470.815 10.0554
471.351 10.0647
471.887 10.0638
472.423 10.0783
472.959 10.0544
473.495 10.0558
474.031 10.0622
474.567 10.0443
475.103 10.0577
475.639 10.0431
476.175 10.0568
476.711 10.0509
477.247 10.0432
477.783 10.0444
478.319 10.0536
478.855 10.0361
479.391 10.0437
479.927 10.0436
480.463 10.0368
480.999 10.0374
481.535 10.0466
482.071 10.0399
482.607 10.0481
483.143 10.0355
483.679 10.0340
484.215 10.0478
484.751 10.0385
485.287 10.0612
485.823 10.0344
486.359 10.0365
486.895 10.0396
487.431 10.0303
487.967 10.0290
488.503 10.0253
489.039 10.0359
489.575 10.0416
490.111 10.0400
490.646 10.0406
491.182 10.0275
491.718 10.0339
492.254 10.0271
492.790 10.0308
493.326 10.0427
493.862 10.0370
494.398 10.0236
494.934 10.0306
495.470 10.0381
496.006 10.0233
496.542 10.0335
497.078 10.0282
497.614 10.0236
498.150 10.0150
498.686 10.0175
499.222 10.0117
499.758 10.0208
500.294 10.0275
500.830 10.0261
501.366 10.0114
501.902 10.0255
502.438 10.0253
502.974 10.0284
503.510 10.0228
504.046 10.0323
504.582 10.0391
505.118 10.0375
505.654 10.0335
506.190 10.0268
506.726 10.0218
507.262 10.0310
507.798 10.0271
508.334 10.0366
508.870 10.0327
509.406 10.0292
509.942 10.0284
510.477 10.0253
511.013 10.0120
511.549 10.0319
512.085 10.0251
512.621 10.0109
513.157 10.0180
513.693 10.0131
514.229 10.0196
514.765 10.0256
515.301 10.0336
515.837 10.0256
516.373 10.0367
516.909 10.0320
517.445 10.0292
517.981 10.0247
518.517 10.0376
519.053 10.0223
519.589 10.0172
520.125 10.0219
520.661 10.0187
521.197 10.0119
521.733 10.0000
522.269 10.0157
522.805 10.0328
523.341 10.0444
523.877 10.0271
524.413 10.0137
524.949 10.0193
525.485 10.0067
526.021 10.0152
526.557 10.0109
527.093 10.0319
527.629 10.0236
528.165 10.0212
528.701 10.0162
529.237 10.0201
529.773 10.0381
530.308 10.0145
530.844 10.0203
531.380 10.0170
531.916 10.0086
532.452 10.0292
532.988 10.0328
533.524 10.0105
534.060 10.0293
534.596 10.0282
535.132 10.0331
535.668 10.0329
536.204 10.0378
536.740 10.0196
537.276 10.0408
537.812 10.0322
538.348 10.0318
538.884 10.0466
539.420 10.0278
539.956 10.0225
540.492 10.0149
541.028 10.0254
541.564 10.0229
542.100 10.0174
542.636 10.0177
543.172 10.0350
543.708 10.0407
544.244 10.0180
544.780 10.0171
545.316 10.0212
545.852 10.0355
546.388 10.0186
546.924 10.0391
547.460 10.0205
547.996 10.0242
548.532 10.0131
549.068 10.0205
549.604 10.0449
550.140 10.0260
550.675 10.0253
551.211 10.0322
551.747 10.0289
552.283 10.0244
552.819 10.0285
553.355 10.0253
553.891 10.0243
554.427 10.0258
554.963 10.0327
555.499 10.0235
556.035 10.0347
556.571 10.0403
557.107 10.0452
557.643 10.0408
558.179 10.0360
558.715 10.0341
559.251 10.0365
559.787 10.0332
560.323 10.0286
560.859 10.0412
561.395 10.0410
561.931 10.0333
562.467 10.0383
563.003 10.0464
563.539 10.0404
564.075 10.0305
564.611 10.0345
565.147 10.0409
565.683 10.0419
566.219 10.0307
566.755 10.0207
567.291 10.0254
567.827 10.0325
568.363 10.0370
568.899 10.0300
569.435 10.0326
569.971 10.0370
570.506 10.0416
571.042 10.0344
571.578 10.0326
572.114 10.0424
572.650 10.0348
573.186 10.0367
573.722 10.0378
574.258 10.0302
574.794 10.0327
575.330 10.0307
575.866 10.0359
576.402 10.0295
576.938 10.0258
577.474 10.0236
578.010 10.0242
578.546 10.0347
579.082 10.0338
579.618 10.0374
580.154 10.0359
580.690 10.0197
581.226 10.0155
581.762 10.0323
582.298 10.0224
582.834 10.0263
583.370 10.0418
583.906 10.0398
584.442 10.0428
584.978 10.0296
585.514 10.0360
586.050 10.0371
586.586 10.0368
587.122 10.0414
587.658 10.0203
588.194 10.0437
588.730 10.0316
589.266 10.0435
589.802 10.0259
590.337 10.0374
590.873 10.0236
591.409 10.0397
591.945 10.0138
592.481 10.0478
593.017 10.0270
593.553 10.0374
594.089 10.0393
594.625 10.0204
595.161 10.0182
595.697 10.0435
596.233 10.0407
596.769 10.0488
597.305 10.0286
597.841 10.0262
598.377 10.0327
598.913 10.0415
599.449 10.0334
599.985 10.0400
600.521 10.0322
601.057 10.0225
601.593 10.0257
602.129 10.0303
602.665 10.0386
603.201 10.0384
603.737 10.0256
604.273 10.0163
604.809 10.0295
605.345 10.0426
605.881 10.0493
606.417 10.0465
606.953 10.0346
607.489 10.0247
608.025 10.0430
608.561 10.0432
609.097 10.0312
609.633 10.0285
610.169 10.0308
610.704 10.0243
611.240 10.0174
611.776 10.0235
612.312 10.0233
612.848 10.0224
613.384 10.0381
613.920 10.0355
614.456 10.0264
614.992 10.0447
615.528 10.0484
616.064 10.0319
616.600 10.0202
617.136 10.0127
617.672 10.0406
618.208 10.0332
618.744 10.0397
619.280 10.0282
619.816 10.0314
620.352 10.0391
620.888 10.0266
621.424 10.0368
621.960 10.0398
622.496 10.0289
623.032 10.0420
623.568 10.0294
624.104 10.0227
624.640 10.0254
625.176 10.0292
625.712 10.0270
626.248 10.0346
626.784 10.0236
627.320 10.0455
627.856 10.0243
628.392 10.0368
628.928 10.0341
629.464 10.0360
630.000 10.0277
630.535 10.0430
631.071 10.0520
631.607 10.0316
632.143 10.0359
632.679 10.0412
633.215 10.0323
633.751 10.0243
634.287 10.0247
634.823 10.0392
635.359 10.0448
635.895 10.0354
636.431 10.0387
636.967 10.0343
637.503 10.0287
638.039 10.0382
638.575 10.0433
639.111 10.0386
639.647 10.0408
640.183 10.0286
640.719 10.0178
641.255 10.0256
641.791 10.0149
642.327 10.0207
642.863 10.0216
643.399 10.0237
643.935 10.0137
644.471 10.0340
645.007 10.0372
645.543 10.0188
646.079 10.0222
646.615 10.0308
647.151 10.0306
647.687 10.0393
648.223 10.0368
648.759 10.0359
649.295 10.0253
649.831 10.0429
650.366 10.0401
650.902 10.0356
651.438 10.0364
651.974 10.0369
652.510 10.0192
653.046 10.0346
653.582 10.0280
654.118 10.0309
654.654 10.0391
655.190 10.0178
655.726 10.0268
656.262 10.0348
656.798 10.0372
657.334 10.0349
657.870 10.0165
658.406 10.0238
658.942 10.0280
659.478 10.0253
660.014 10.0262
660.550 10.0286
661.086 10.0365
661.622 10.0253
662.158 10.0178
662.694 10.0214
663.230 10.0279
663.766 10.0293
664.302 10.0294
664.838 10.0195
665.374 10.0233
665.910 10.0303
666.446 10.0289
666.982 10.0296
667.518 10.0320
668.054 10.0239
668.590 10.0324
669.126 10.0371
669.662 10.0398
670.198 10.0338
670.733 10.0227
671.269 10.0384
671.805 10.0207
672.341 10.0291
672.877 10.0337
673.413 10.0207
673.949 10.0462
674.485 10.0332
675.021 10.0304
675.557 10.0309
676.093 10.0359
676.629 10.0320
677.165 10.0350
677.701 10.0178
678.237 10.0311
678.773 10.0396
679.309 10.0219
679.845 10.0149
680.381 10.0194
680.917 10.0230
681.453 10.0320
681.989 10.0390
682.525 10.0444
683.061 10.0289
683.597 10.0167
684.133 10.0255
684.669 10.0402
685.205 10.0275
685.741 10.0333
686.277 10.0333
686.813 10.0358
687.349 10.0393
687.885 10.0320
688.421 10.0416
688.957 10.0367
689.493 10.0278
690.029 10.0312
690.564 10.0329
691.100 10.0391
691.636 10.0338
692.172 10.0439
692.708 10.0264
693.244 10.0228
693.780 10.0254
694.316 10.0291
694.852 10.0440
695.388 10.0276
695.924 10.0487
696.460 10.0339
696.996 10.0331
697.532 10.0468
698.068 10.0418
698.604 10.0300
699.140 10.0360
699.676 10.0447
700.212 10.0462
700.748 10.0363
701.284 10.0272
701.820 10.0288
702.356 10.0368
702.892 10.0373
703.428 10.0365
703.964 10.0269
704.500 10.0364
705.036 10.0367
705.572 10.0451
706.108 10.0520
706.644 10.0456
707.180 10.0385
707.716 10.0326
708.252 10.0380
708.788 10.0377
709.324 10.0405
709.860 10.0412
710.395 10.0414
710.931 10.0431
711.467 10.0467
712.003 10.0465
712.539 10.0435
713.075 10.0490
713.611 10.0467
714.147 10.0400
714.683 10.0469
715.219 10.0257
715.755 10.0318
716.291 10.0397
716.827 10.0447
717.363 10.0474
717.899 10.0490
718.435 10.0509
718.971 10.0454
719.507 10.0437
720.043 10.0401
720.579 10.0455
721.115 10.0511
721.651 10.0410
722.187 10.0419
722.723 10.0375
723.259 10.0442
723.795 10.0452
724.331 10.0473
724.867 10.0456
725.403 10.0449
725.939 10.0481
726.475 10.0374
727.011 10.0485
727.547 10.0379
728.083 10.0374
728.619 10.0361
729.155 10.0423
729.691 10.0427
730.226 10.0432
730.762 10.0442
731.298 10.0479
731.834 10.0408
732.370 10.0336
732.906 10.0478
733.442 10.0502
733.978 10.0485
734.514 10.0527
735.050 10.0498
735.586 10.0486
736.122 10.0401
736.658 10.0442
737.194 10.0430
737.730 10.0503
738.266 10.0544
738.802 10.0292
739.338 10.0355
739.874 10.0220
740.410 10.0276
740.946 10.0448
741.482 10.0274
742.018 10.0416
742.554 10.0374
743.090 10.0391
743.626 10.0443
744.162 10.0419
744.698 10.0321
745.234 10.0408
745.770 10.0229
746.306 10.0421
746.842 10.0388
747.378 10.0399
747.914 10.0469
748.450 10.0353
748.986 10.0298
749.522 10.0271
750.058 10.0277
750.593 10.0354
751.129 10.0385
751.665 10.0223
752.201 10.0393
752.737 10.0404
753.273 10.0313
753.809 10.0343
754.345 10.0251
754.881 10.0278
755.417 10.0328
755.953 10.0293
756.489 10.0217
757.025 10.0187
757.561 10.0196
758.097 10.0253
758.633 10.0273
759.169 10.0253
759.705 10.0172
760.241 10.0138
760.777 10.0151
761.313 10.0256
761.849 10.0173
762.385 10.0249
762.921 10.0236
763.457 10.0326
763.993 10.0231
764.529 10.0117
765.065 10.0172
765.601 10.0327
766.137 10.0228
766.673 10.0241
767.209 10.0249
767.745 10.0267
768.281 10.0201
768.817 10.0250
769.353 10.0299
769.889 10.0251
770.424 10.0258
770.960 10.0127
771.496 10.0188
772.032 10.0241
772.568 10.0262
773.104 10.0351
773.640 10.0334
774.176 10.0143
774.712 10.0165
775.248 10.0169
775.784 10.0263
776.320 10.0344
776.856 10.0384
777.392 10.0372
777.928 10.0396
778.464 10.0245
779.000 10.0200
779.536 10.0121
780.072 10.0194
780.608 10.0182
781.144 10.0044
781.680 10.0232
782.216 10.0374
782.752 10.0214
783.288 10.0066
783.824 10.0136
784.360 10.0199
784.896 10.0301
785.432 10.0143
785.968 10.0366
786.504 10.0305
787.040 10.0217
787.576 10.0139
788.112 10.0219
788.648 10.0266
789.184 10.0139
789.720 10.0058
790.255 10.0227
790.791 10.0169
791.327 10.0134
791.863 10.0207
792.399 10.0160
792.935 10.0180
793.471 10.0089
794.007 10.0142
794.543 10.0177
795.079 10.0247
795.615 10.0193
796.151 10.0206
796.687 10.0253
797.223 10.0270
797.759 10.0324
798.295 10.0207
798.831 10.0284
799.367 10.0158
799.903 10.0149
