133.554 200.000
134.037 203.893
134.519 205.425
135.001 203.991
135.483 201.707
135.965 200.380
136.447 201.293
136.929 201.985
137.411 201.114
137.893 202.485
138.376 207.899
138.858 212.862
139.340 215.240
139.822 214.932
140.304 220.585
140.786 234.096
141.268 250.178
141.750 267.085
142.232 284.565
142.715 302.234
143.197 319.240
143.679 335.674
144.161 358.741
144.643 389.342
145.125 424.773
145.607 462.148
146.089 502.085
146.572 547.521
147.054 596.735
147.536 652.686
148.018 741.200
148.500 858.041
148.982 1009.28
149.464 1201.83
149.946 1436.79
150.428 1705.39
150.911 2018.67
151.393 2369.11
151.875 2684.37
152.357 2961.39
152.839 3200.57
153.321 3391.69
153.803 3532.04
154.286 3664.64
154.768 3820.51
155.250 3997.67
155.732 4185.44
156.214 4381.12
156.696 4587.33
157.178 4802.66
157.660 5024.30
158.142 5270.09
158.624 5545.94
159.107 5855.42
159.589 6219.29
160.071 6621.94
160.553 7088.89
161.035 7638.29
161.517 8253.82
161.999 9007.03
162.481 9882.21
162.964 10923.7
163.446 12305.9
163.928 14116.1
164.410 16285.2
164.892 18861.5
165.374 22145.3
165.856 24963.3
166.338 27007.8
166.820 28110.6
167.303 27730.3
167.785 25126.6
168.267 21062.8
168.749 17030.6
169.231 12791.0
169.713 9128.71
170.195 6471.44
170.677 4585.55
171.160 3195.37
171.642 2279.99
172.124 1737.44
172.606 1333.92
173.088 1104.78
173.570 946.606
174.052 828.243
174.534 740.337
175.016 672.530
175.499 618.091
175.981 573.764
176.463 534.564
176.945 504.359
177.427 476.035
177.909 445.544
178.391 414.029
178.873 384.552
179.355 359.074
179.838 338.198
180.320 322.359
180.802 314.778
181.284 308.980
181.766 304.357
182.248 299.487
182.730 292.320
183.212 281.444
183.695 268.304
184.177 256.904
184.659 247.479
185.141 239.760
185.623 232.103
186.105 226.306
186.587 225.552
187.069 232.268
187.551 242.193
188.034 243.184
188.516 227.959
188.998 216.217
189.480 214.377
189.962 216.755
190.444 217.852
190.926 215.334
191.408 209.770
191.891 201.714
192.373 214.162
192.855 222.556
193.337 217.005
193.819 205.961
194.301 203.019
194.783 206.944
195.265 207.072
195.747 205.629
196.230 200.856
196.712 202.198
197.194 204.619
197.676 204.513
198.158 201.097
198.640 213.025
199.122 227.237
199.604 235.918
200.087 235.609
200.569 236.467
201.051 241.450
201.533 246.511
202.015 248.133
202.497 245.476
202.979 240.812
203.461 237.832
203.943 237.583
204.426 236.704
204.908 235.445
205.390 233.347
205.872 229.258
206.354 223.317
206.836 217.633
207.318 215.598
207.800 219.745
208.283 221.083
208.765 218.542
209.247 214.373
209.729 209.175
210.211 203.400
210.693 202.205
211.175 207.088
211.657 211.846
212.139 213.410
212.622 210.021
213.104 205.207
213.586 201.576
214.068 208.894
214.550 212.817
215.032 208.342
215.514 206.475
215.996 216.629
216.479 220.344
216.961 221.191
217.443 219.377
217.925 215.627
218.407 211.108
218.889 206.497
219.371 201.736
219.853 201.011
220.335 200.658
220.818 200.813
221.300 204.363
221.782 208.630
222.264 211.083
222.746 209.657
223.228 204.811
223.710 201.516
224.192 200.899
224.674 200.746
225.157 201.805
225.639 202.809
226.121 201.690
226.603 202.983
227.085 210.120
227.567 215.083
228.049 216.146
228.531 217.223
229.014 219.070
229.496 221.255
229.978 223.170
230.460 224.520
230.942 225.660
231.424 227.589
231.906 231.231
232.388 234.048
232.870 235.505
233.353 236.228
233.835 236.215
234.317 235.569
234.799 235.574
235.281 239.198
235.763 249.766
236.245 255.891
236.727 253.272
237.210 248.859
237.692 247.212
238.174 249.202
238.656 252.680
239.138 254.597
239.620 253.797
240.102 255.819
240.584 264.638
241.066 273.212
241.549 276.903
242.031 276.398
242.513 276.637
242.995 283.676
243.477 298.508
243.959 308.180
244.441 306.800
244.923 305.626
245.406 309.453
245.888 317.042
246.370 324.305
246.852 327.445
247.334 327.369
247.816 332.140
248.298 344.150
248.780 358.313
249.262 373.876
249.745 390.036
250.227 404.154
250.709 415.001
251.191 425.530
251.673 442.994
252.155 471.323
252.637 497.552
253.119 513.094
253.602 526.453
254.084 546.670
254.566 576.984
255.048 614.598
255.530 655.423
256.012 699.216
256.494 748.216
256.976 806.143
257.458 867.846
257.941 929.485
258.423 990.061
258.905 1054.51
259.387 1128.29
259.869 1211.72
260.351 1301.16
260.833 1402.01
261.315 1504.56
261.797 1600.07
262.280 1688.88
262.762 1782.20
263.244 1889.91
263.726 2010.23
264.208 2130.05
264.690 2242.69
265.172 2363.70
265.654 2503.73
266.137 2660.44
266.619 2825.57
267.101 2986.02
267.583 3154.01
268.065 3359.32
268.547 3609.14
269.029 3873.08
269.511 4131.37
269.993 4388.50
270.476 4656.00
270.958 4940.69
271.440 5233.81
271.922 5545.97
272.404 5879.75
272.886 6154.59
273.368 6325.93
273.850 6407.28
274.332 6441.51
274.815 6431.95
275.297 6372.53
275.779 6259.05
276.261 6092.74
276.743 5869.72
277.225 5571.62
277.707 5237.22
278.190 4926.72
278.672 4640.02
279.154 4369.63
279.636 4109.95
280.118 3866.25
280.600 3649.93
281.082 3463.50
281.564 3301.49
282.046 3159.64
282.529 3039.27
283.011 2931.08
283.493 2834.90
283.975 2750.31
284.457 2677.10
284.939 2614.95
285.421 2562.63
285.903 2520.97
286.385 2490.13
286.868 2457.97
287.350 2422.59
287.832 2387.85
288.314 2357.92
288.796 2330.28
289.278 2299.50
289.760 2262.92
290.242 2220.04
290.724 2168.60
291.207 2097.20
291.689 2032.07
292.171 1984.45
292.653 1942.20
293.135 1890.30
293.617 1823.65
294.099 1747.70
294.581 1672.44
295.064 1601.20
295.546 1523.02
296.028 1428.38
296.510 1334.95
296.992 1256.64
297.474 1193.56
297.956 1136.75
298.438 1076.31
298.921 1010.76
299.403 952.680
299.885 903.411
300.367 860.088
300.849 822.817
301.331 790.547
301.813 762.003
302.295 736.812
302.777 714.077
303.259 688.938
303.742 658.112
304.224 629.827
304.706 607.202
305.188 587.079
305.670 565.324
306.152 540.284
306.634 515.633
307.116 497.988
307.599 489.246
308.081 480.722
308.563 471.425
309.045 461.736
309.527 450.993
310.009 439.260
310.491 428.734
310.973 422.882
311.456 421.182
311.938 415.698
312.420 403.742
312.902 391.111
313.384 379.164
313.866 368.979
314.348 363.560
314.830 367.400
315.312 375.505
315.794 378.973
316.277 377.228
316.759 373.690
317.241 369.307
317.723 364.609
318.205 360.564
318.687 358.021
319.169 354.625
319.651 347.331
320.134 337.318
320.616 329.749
321.098 326.533
321.580 326.352
322.062 328.271
322.544 333.199
323.026 334.868
323.508 328.870
323.991 319.747
324.473 313.835
324.955 312.156
325.437 310.706
325.919 305.198
326.401 295.095
326.883 288.108
327.365 287.333
327.847 286.678
328.330 282.103
328.812 274.656
329.294 267.656
329.776 262.917
330.258 260.408
330.740 260.167
331.222 267.234
331.704 270.311
332.186 265.811
332.669 257.862
333.151 250.373
333.633 244.693
334.115 240.546
334.597 237.838
335.079 237.937
335.561 235.710
336.043 228.014
336.526 221.050
337.008 219.112
337.490 221.135
337.972 222.800
338.454 220.448
338.936 214.651
339.418 210.522
339.900 209.194
340.383 208.003
340.865 205.922
341.347 203.580
341.829 201.623
342.311 200.189
342.793 200.341
343.275 201.531
343.757 206.525
344.239 208.654
344.721 204.012
345.204 202.115
345.686 205.973
346.168 207.337
346.650 206.885
347.132 203.340
347.614 201.678
348.096 203.096
348.578 200.599
349.061 204.719
349.543 204.860
350.025 202.379
350.507 201.294
350.989 203.695
351.471 206.642
351.953 207.442
352.435 206.512
352.918 206.313
353.400 208.451
353.882 211.518
354.364 211.534
354.846 207.352
355.328 203.309
355.810 200.277
356.292 202.938
356.774 202.944
357.257 200.235
357.739 201.327
358.221 203.359
358.703 216.591
359.185 222.908
359.667 216.635
360.149 210.161
360.631 209.433
361.113 212.848
361.596 216.231
362.078 217.209
362.560 216.107
363.042 214.093
363.524 209.229
364.006 205.934
364.488 206.633
364.970 208.011
365.453 206.840
365.935 202.634
366.417 201.987
366.899 204.187
367.381 203.911
367.863 201.236
368.345 207.080
368.827 213.126
369.310 211.216
369.792 204.325
370.274 200.194
370.756 202.698
371.238 208.606
371.720 209.633
372.202 205.245
372.684 201.174
373.166 200.251
373.648 200.767
374.131 200.269
374.613 203.746
375.095 205.887
375.577 204.199
376.059 200.128
376.541 205.556
377.023 212.074
377.505 216.994
377.988 216.888
378.470 211.064
378.952 208.426
379.434 211.543
379.916 215.660
380.398 218.313
380.880 219.637
381.362 220.672
381.845 222.103
382.327 223.227
382.809 221.835
383.291 214.142
383.773 208.891
384.255 207.873
384.737 208.291
385.219 207.320
385.701 204.853
386.184 203.548
386.666 207.129
387.148 216.085
387.630 220.079
388.112 213.784
388.594 208.547
389.076 209.244
389.558 213.104
390.040 215.435
390.523 213.896
391.005 211.042
391.487 211.793
391.969 216.823
392.451 218.627
392.933 211.247
393.415 203.563
393.897 205.967
394.379 218.373
394.862 227.215
395.344 221.651
395.826 209.732
396.308 205.821
396.790 211.553
397.272 217.923
397.754 218.525
398.237 214.538
398.719 212.633
399.201 212.656
399.683 214.291
400.165 219.488
400.647 225.657
401.129 228.183
401.611 225.524
402.093 220.152
402.576 215.318
403.058 210.034
403.540 208.374
404.022 214.478
404.504 220.154
404.986 220.269
405.468 216.419
405.950 213.572
406.432 215.152
406.915 219.407
407.397 220.766
407.879 217.583
408.361 215.247
408.843 215.903
409.325 216.687
409.807 215.004
410.289 210.725
410.772 206.718
411.254 205.476
411.736 206.501
412.218 207.889
412.700 209.904
413.182 212.202
413.664 214.966
414.146 217.570
414.628 218.900
415.111 218.786
415.593 217.235
416.075 212.499
416.557 206.186
417.039 204.539
417.521 210.580
418.003 218.735
418.485 220.464
418.967 213.456
419.450 207.498
419.932 201.773
420.414 201.839
420.896 201.417
421.378 202.340
421.860 207.719
422.342 214.112
422.824 220.205
423.306 220.002
423.789 207.150
424.271 202.346
424.753 207.137
425.235 207.894
425.717 202.880
426.199 206.995
426.681 215.472
427.164 214.840
427.646 206.194
428.128 203.461
428.610 210.694
429.092 216.663
429.574 212.584
430.056 204.416
430.538 201.450
431.020 207.835
431.503 215.731
431.985 219.343
432.467 218.792
432.949 214.755
433.431 206.778
433.913 200.337
434.395 200.828
434.877 205.864
435.359 212.633
435.842 222.118
436.324 228.864
436.806 227.384
437.288 220.385
437.770 214.961
438.252 214.817
438.734 217.979
439.216 219.492
439.698 218.621
440.181 217.310
440.663 215.093
441.145 212.923
441.627 210.653
442.109 208.839
442.591 209.146
443.073 213.701
443.556 221.009
444.038 225.031
444.520 224.696
445.002 224.223
445.484 225.979
445.966 227.981
446.448 228.224
446.930 226.360
447.412 223.573
447.895 220.056
448.377 216.227
448.859 212.879
449.341 210.087
449.823 207.961
450.305 206.488
450.787 205.765
451.269 206.181
451.751 208.223
452.234 210.884
452.716 215.540
453.198 219.998
453.680 220.847
454.162 217.219
454.644 211.306
455.126 205.275
455.608 201.693
456.091 204.100
456.573 202.749
457.055 209.556
457.537 213.819
458.019 216.126
458.501 217.700
458.983 219.053
459.465 219.842
459.947 219.096
460.430 216.779
460.912 215.895
461.394 218.442
461.876 220.608
462.358 218.111
462.840 211.909
463.322 207.004
463.804 204.113
464.286 203.561
464.769 207.679
465.251 214.898
465.733 218.951
466.215 216.834
466.697 211.118
467.179 206.652
467.661 203.209
468.143 201.783
468.625 203.564
469.108 206.278
469.590 209.763
470.072 213.008
470.554 213.276
471.036 208.179
471.518 200.760
472.000 200.716
472.483 211.463
472.965 220.268
473.447 224.704
473.929 226.006
474.411 223.019
474.893 216.497
475.375 211.778
475.857 214.813
476.339 220.454
476.822 218.116
477.304 207.492
477.786 200.181
478.268 201.467
478.750 208.883
479.232 212.949
479.714 211.803
480.196 211.921
480.678 217.299
481.161 222.611
481.643 221.424
482.125 214.329
482.607 208.112
483.089 208.302
483.571 214.060
484.053 218.997
484.535 224.543
485.017 225.988
485.500 219.629
485.982 211.601
486.464 206.908
486.946 205.950
487.428 206.186
487.910 204.629
488.392 201.395
488.874 201.526
489.357 204.640
489.839 204.076
490.321 205.214
490.803 217.993
491.285 222.445
491.767 215.199
492.249 209.181
492.731 209.533
493.214 212.995
493.696 216.976
494.178 220.713
494.660 222.827
495.142 222.068
495.624 218.908
496.106 216.358
496.588 214.360
497.070 213.155
497.552 213.666
498.035 214.313
498.517 212.998
498.999 209.993
499.481 208.356
499.963 211.770
500.445 218.530
500.927 221.968
501.409 221.504
501.892 220.020
502.374 217.405
502.856 215.337
503.338 216.936
503.820 223.520
504.302 228.362
504.784 228.888
505.266 226.371
505.749 220.162
506.231 211.362
506.713 206.304
507.195 209.946
507.677 219.633
508.159 223.669
508.641 217.328
509.123 212.029
509.605 207.330
510.088 204.630
510.570 205.991
511.052 210.703
511.534 215.515
512.016 218.505
512.498 219.701
512.980 218.742
513.462 215.158
513.945 211.462
514.427 207.967
514.909 206.198
515.391 208.993
515.873 216.806
516.355 220.895
516.837 214.827
517.319 206.755
517.802 204.143
518.284 206.261
518.766 208.166
519.248 207.180
519.730 204.671
520.212 203.921
520.694 205.922
521.176 207.842
521.658 210.614
522.141 212.456
522.623 211.779
523.105 209.379
523.587 207.315
524.069 206.686
524.551 206.873
525.033 206.505
525.515 205.597
525.997 206.913
526.480 212.712
526.962 218.319
527.444 217.089
527.926 210.050
528.408 206.538
528.890 211.624
529.372 216.854
529.854 215.903
530.336 211.735
530.819 211.150
531.301 216.336
531.783 222.230
532.265 221.303
532.747 211.951
533.229 205.715
533.711 203.539
534.193 203.619
534.675 207.250
535.158 212.058
535.640 214.659
536.122 213.924
536.604 212.636
537.086 213.650
537.568 216.203
538.050 218.248
538.532 219.745
539.015 218.948
539.497 213.258
539.979 204.326
540.461 200.446
540.943 205.402
541.425 209.565
541.907 210.431
542.389 210.007
542.872 211.024
543.354 213.116
543.836 212.402
544.318 204.515
544.800 207.429
545.282 208.068
545.764 208.657
546.246 220.038
546.729 216.010
547.211 207.362
547.693 201.098
548.175 202.073
548.657 201.574
549.139 206.418
549.621 215.825
550.103 219.111
550.585 217.555
551.067 217.656
551.550 222.377
552.032 227.978
552.514 228.068
552.996 220.060
553.478 215.278
553.960 216.645
554.442 217.604
554.924 212.997
555.406 207.025
555.889 207.770
556.371 218.423
556.853 229.973
557.335 230.636
557.817 221.748
558.299 213.651
558.781 206.633
559.263 202.603
559.745 204.511
560.228 210.257
560.710 212.827
561.192 210.276
561.674 207.885
562.156 206.849
562.638 207.063
563.120 209.344
563.602 213.094
564.085 215.505
564.567 214.248
565.049 210.592
565.531 210.004
566.013 214.812
566.495 216.801
566.977 211.425
567.459 205.287
567.942 201.550
568.424 200.540
568.906 202.627
569.388 211.684
569.870 220.577
570.352 221.918
570.834 216.644
571.316 209.630
571.799 202.020
572.281 204.571
572.763 208.449
573.245 209.779
573.727 206.799
574.209 206.345
574.691 216.641
575.173 219.600
575.655 218.702
576.138 217.488
576.620 216.906
577.102 216.685
577.584 217.298
578.066 218.068
578.548 215.695
579.030 209.510
579.512 205.998
579.994 209.272
580.477 215.938
580.959 219.472
581.441 219.480
581.923 218.915
582.405 217.441
582.887 216.169
583.369 216.032
583.851 216.663
584.333 217.486
584.816 218.247
585.298 218.103
585.780 214.666
586.262 207.336
586.744 204.165
587.226 207.361
587.708 211.721
588.190 215.422
588.672 218.038
589.155 218.582
589.637 215.116
590.119 212.750
590.601 215.762
591.083 220.673
591.565 223.265
592.047 223.198
592.529 221.855
593.012 220.104
593.494 217.828
593.976 214.186
594.458 207.063
594.940 203.655
595.422 208.355
595.904 213.502
596.386 215.463
596.869 214.818
597.351 213.260
597.833 210.460
598.315 208.811
598.797 212.523
599.279 218.914
599.761 219.646
600.243 212.989
600.726 207.897
601.208 213.253
601.690 227.147
602.172 233.835
602.654 225.396
603.136 219.653
603.618 220.303
604.100 222.664
604.582 224.124
605.065 224.388
605.547 224.061
606.029 223.611
606.511 222.424
606.993 217.657
607.475 210.109
607.957 208.008
608.439 214.440
608.921 222.781
609.404 226.930
609.886 226.845
610.368 224.039
610.850 213.251
611.332 206.659
611.814 210.525
612.296 217.759
612.778 222.183
613.260 222.557
613.743 219.515
614.225 211.526
614.707 202.120
615.189 201.302
615.671 209.510
616.153 216.584
616.635 219.803
617.117 220.449
617.599 218.931
618.082 215.192
618.564 214.096
619.046 220.460
619.528 224.151
620.010 218.119
620.492 208.765
620.974 204.347
621.456 206.221
621.939 209.869
622.421 211.195
622.903 211.063
623.385 213.398
623.867 218.916
624.349 222.673
624.831 223.030
625.313 221.749
625.795 220.038
626.278 217.993
626.760 214.169
627.242 203.088
627.724 204.173
628.206 201.719
628.688 213.514
629.170 221.093
629.653 221.896
630.135 218.168
630.617 211.022
631.099 202.003
631.581 200.146
632.063 206.661
632.545 213.242
633.027 217.637
633.509 220.066
633.992 220.737
634.474 219.712
634.956 217.521
635.438 212.309
635.920 208.024
636.402 207.165
636.884 208.632
637.366 210.590
637.848 212.615
638.331 215.338
638.813 220.109
639.295 225.986
639.777 226.345
640.259 219.287
640.741 213.529
641.223 212.655
641.705 213.054
642.188 210.278
642.670 204.712
643.152 201.448
643.634 202.027
644.116 204.632
644.598 211.729
645.080 218.843
645.562 216.960
646.044 205.526
646.527 204.808
647.009 203.479
647.491 206.829
647.973 213.744
648.455 216.885
648.937 217.863
649.419 216.196
649.901 213.431
650.383 210.107
650.866 206.586
651.348 205.666
651.830 210.868
652.312 215.293
652.794 215.213
653.276 212.679
653.758 209.715
654.240 207.104
654.722 206.139
655.205 208.509
655.687 212.444
656.169 211.130
656.651 203.291
657.133 201.947
657.615 202.503
658.097 200.195
658.580 205.106
659.062 212.375
659.544 216.741
660.026 215.097
660.508 213.837
660.990 217.254
661.472 220.767
661.954 217.926
662.436 209.762
662.919 203.645
663.401 204.935
663.883 209.926
664.365 210.069
664.847 205.155
665.329 202.353
665.811 203.088
666.293 205.294
666.776 207.529
667.258 210.003
667.740 213.648
668.222 220.436
668.704 225.206
669.186 228.435
669.668 228.549
670.150 221.476
670.632 210.261
671.115 202.776
671.597 202.992
672.079 207.702
672.561 214.772
673.043 223.169
673.525 223.777
674.007 214.105
674.489 206.485
674.971 209.040
675.454 217.977
675.936 223.594
676.418 225.356
676.900 224.891
677.382 221.035
677.864 216.174
678.346 209.383
678.828 203.189
679.310 202.378
679.793 208.463
680.275 215.217
680.757 217.695
681.239 216.259
681.721 209.203
682.203 202.895
682.685 209.046
683.167 203.670
683.649 207.207
684.132 214.353
684.614 216.943
685.096 220.048
685.578 226.231
686.060 230.269
686.542 227.961
687.024 223.037
687.506 219.103
687.989 216.750
688.471 215.850
688.953 218.020
689.435 220.294
689.917 218.586
690.399 214.185
690.881 211.124
691.363 210.479
691.846 210.209
692.328 208.194
692.810 204.702
693.292 202.044
693.774 200.035
694.256 200.727
694.738 200.046
695.220 201.995
695.703 205.684
696.185 210.458
696.667 213.912
697.149 214.939
697.631 215.298
698.113 215.797
698.595 216.218
699.077 216.031
699.559 215.414
700.042 215.228
700.524 215.992
701.006 217.564
701.488 220.274
701.970 224.303
702.452 225.668
702.934 223.617
703.416 219.743
703.898 213.141
704.381 205.795
704.863 203.926
705.345 210.006
705.827 214.346
706.309 214.512
706.791 213.751
707.273 213.430
707.755 213.724
708.237 215.185
708.720 217.841
709.202 219.513
709.684 217.022
710.166 212.253
710.648 210.146
711.130 210.638
711.612 211.720
712.094 212.953
712.576 213.258
713.059 210.775
713.541 205.216
714.023 203.069
714.505 207.279
714.987 210.839
715.469 211.825
715.951 212.747
716.433 216.554
716.916 222.238
717.398 224.808
717.880 220.908
718.362 215.157
718.844 210.226
719.326 206.331
719.808 203.495
720.290 201.934
720.773 203.195
721.255 208.768
721.737 215.944
722.219 217.289
722.701 211.458
723.183 209.750
723.665 216.466
724.147 220.851
724.630 212.789
725.112 200.336
725.594 203.300
726.076 207.723
726.558 215.716
727.040 215.199
727.522 213.282
728.004 214.506
728.486 217.225
728.969 217.282
729.451 214.164
729.933 212.440
730.415 219.314
730.897 229.270
731.379 227.766
731.861 216.172
732.343 207.037
732.825 203.730
733.308 205.989
733.790 215.232
734.272 230.315
734.754 236.116
735.236 226.147
735.718 217.697
736.200 213.130
736.682 210.175
737.164 207.527
737.647 205.336
738.129 204.232
738.611 204.493
739.093 205.596
739.575 208.410
740.057 210.961
740.539 210.758
741.021 209.173
741.503 206.808
741.986 204.455
742.468 202.046
742.950 202.095
743.432 207.382
743.914 203.768
744.396 211.303
744.878 221.428
745.360 218.454
745.843 210.369
746.325 208.022
746.807 212.224
747.289 214.657
747.771 214.899
748.253 214.060
748.735 210.000
749.217 206.752
749.700 210.249
750.182 218.457
750.664 221.647
751.146 212.547
751.628 201.940
752.110 200.295
752.592 204.064
753.074 206.825
753.557 207.769
754.039 207.990
754.521 207.992
755.003 208.588
755.485 212.769
755.967 220.797
756.449 223.644
756.931 219.861
757.413 215.223
757.896 211.431
758.378 208.719
758.860 207.875
759.342 209.149
759.824 209.400
760.306 204.830
760.788 203.577
761.270 213.885
761.752 225.650
762.235 226.452
762.717 216.849
763.199 207.959
763.681 206.223
764.163 207.674
764.645 208.805
765.127 209.350
765.609 207.001
766.091 202.210
766.574 202.731
767.056 214.279
767.538 229.764
768.020 232.479
768.502 219.526
768.984 211.388
769.466 209.813
769.948 210.001
770.430 210.428
770.913 211.155
771.395 212.628
771.877 215.019
772.359 215.939
772.841 213.646
773.323 211.588
773.805 210.620
774.287 210.866
774.770 214.043
775.252 218.890
775.734 219.691
776.216 210.872
776.698 201.945
777.180 206.523
777.662 218.424
778.144 222.854
778.627 218.746
779.109 213.859
779.591 212.605
780.073 212.544
780.555 207.966
781.037 202.258
781.519 204.575
782.001 204.484
782.484 212.242
782.966 213.746
783.448 211.697
783.930 209.274
784.412 206.235
784.894 203.535
785.376 200.675
785.858 202.081
786.340 202.132
786.823 208.309
787.305 214.568
787.787 219.931
788.269 222.614
788.751 221.370
789.233 218.974
789.715 216.754
790.197 215.420
790.679 217.031
791.162 220.799
791.644 222.818
792.126 221.414
792.608 219.375
793.090 221.662
793.572 227.245
794.054 223.699
794.536 208.507
795.018 200.842
795.501 208.957
795.983 220.518
796.465 224.040
796.947 220.062
797.429 214.307
797.911 201.180
798.393 205.552
798.875 200.040
799.357 206.891
799.840 207.905
800.322 205.820
800.804 206.937
801.286 213.219
801.768 217.928
802.250 216.112
802.732 212.034
803.214 208.631
803.697 206.406
804.179 205.195
804.661 205.304
805.143 209.259
805.625 221.604
806.107 235.899
806.589 236.151
807.071 224.400
807.554 215.964
808.036 213.490
808.518 213.574
809.000 214.335
809.482 215.301
809.964 215.223
810.446 213.784
810.928 212.583
811.411 212.931
811.893 211.297
812.375 202.264
812.857 206.731
813.339 205.045
813.821 207.291
814.303 214.241
814.785 208.276
815.267 203.186
815.750 205.742
816.232 209.591
816.714 207.913
817.196 202.155
817.678 201.793
818.160 201.623
818.642 201.649
819.124 210.264
819.606 219.696
820.089 222.120
820.571 218.755
821.053 214.903
821.535 212.557
822.017 212.125
822.499 214.533
822.981 218.955
823.463 222.182
823.945 224.271
824.428 223.997
824.910 220.536
825.392 216.842
825.874 214.824
826.356 214.515
826.838 216.350
827.320 223.127
827.802 226.279
828.284 222.351
828.767 219.015
829.249 220.646
829.731 223.267
830.213 221.195
830.695 214.170
831.177 209.778
831.659 212.396
832.141 214.857
832.624 214.193
833.106 211.772
833.588 207.270
834.070 202.371
834.552 201.977
835.034 209.107
835.516 216.444
835.998 216.132
836.481 212.620
836.963 212.548
837.445 216.074
837.927 221.080
838.409 226.545
838.891 228.526
839.373 221.983
839.855 210.168
840.338 202.385
840.820 201.359
841.302 200.539
841.784 205.783
842.266 212.844
842.748 218.181
843.230 220.989
843.712 218.744
844.194 208.412
844.677 204.309
845.159 211.004
845.641 217.112
846.123 218.822
846.605 218.198
847.087 217.047
847.569 215.379
848.051 212.793
848.533 206.559
849.016 203.008
849.498 206.077
849.980 210.475
850.462 212.241
850.944 212.019
851.426 211.921
851.908 212.601
852.390 213.336
852.872 214.480
853.355 214.751
853.837 210.712
854.319 205.365
854.801 205.929
855.283 212.889
855.765 219.161
856.247 218.815
856.729 216.268
857.211 218.203
857.694 223.383
858.176 226.964
858.658 228.391
859.140 226.043
859.622 218.829
860.104 210.760
860.586 208.462
861.068 211.681
861.551 212.825
862.033 211.376
862.515 209.642
862.997 207.192
863.479 206.436
863.961 210.171
864.443 216.875
864.925 221.103
865.407 223.304
865.890 222.051
866.372 212.343
866.854 205.287
867.336 206.447
867.818 211.173
868.300 214.777
868.782 216.855
869.265 217.888
869.747 218.052
870.229 217.115
870.711 213.989
871.193 210.298
871.675 205.748
872.157 201.643
872.639 201.981
873.121 208.283
873.604 214.433
874.086 216.042
874.568 215.191
875.050 213.524
875.532 211.322
876.014 209.274
876.496 207.625
876.978 206.045
877.460 204.122
877.943 203.268
878.425 207.297
878.907 214.339
879.389 217.252
879.871 215.731
880.353 211.844
880.835 206.213
881.317 202.105
881.799 204.056
882.282 210.736
882.764 213.876
883.246 213.348
883.728 209.228
884.210 200.360
884.692 207.079
885.174 204.586
885.656 203.435
886.138 208.718
886.621 210.332
887.103 210.691
887.585 208.617
888.067 207.204
888.549 208.073
889.031 209.204
889.513 207.513
889.995 204.300
890.478 205.758
890.960 216.986
891.442 224.371
891.924 226.823
892.406 224.202
892.888 210.376
893.370 205.300
893.852 208.898
894.334 200.503
894.817 208.964
895.299 211.127
895.781 210.688
896.263 207.811
896.745 204.703
897.227 203.559
897.709 204.229
898.192 206.251
898.674 209.362
899.156 211.072
899.638 205.742
900.120 200.582
900.602 207.749
901.084 221.148
901.566 227.348
902.048 224.730
902.531 219.764
903.013 216.101
903.495 214.436
903.977 217.490
904.459 223.147
904.941 224.477
905.423 221.587
905.905 217.276
906.388 212.494
906.870 208.588
907.352 206.846
907.834 207.008
908.316 208.839
908.798 212.364
909.280 213.660
909.762 212.006
910.244 210.606
910.727 211.178
911.209 212.170
911.691 210.900
912.173 207.450
912.655 208.487
913.137 216.614
913.619 220.631
914.101 216.467
914.583 212.089
915.066 213.968
915.548 218.425
916.030 216.091
916.512 203.101
916.994 202.066
917.476 206.609
917.958 214.592
918.440 220.356
918.922 222.644
919.405 218.589
919.887 210.388
920.369 205.225
920.851 206.058
921.333 206.928
921.815 207.456
922.297 207.300
922.779 205.538
923.261 203.500
923.744 202.145
924.226 201.854
924.708 204.108
925.190 212.454
925.672 218.293
926.154 215.837
926.636 211.637
927.119 211.276
927.601 212.819
928.083 211.673
928.565 207.286
929.047 204.220
929.529 206.728
930.011 209.708
930.493 208.577
930.975 206.190
931.458 205.745
931.940 207.382
932.422 211.013
932.904 216.527
933.386 220.157
933.868 217.206
934.350 211.720
934.832 207.786
935.315 206.090
935.797 207.888
936.279 212.325
936.761 215.990
937.243 217.305
937.725 216.339
938.207 210.484
938.689 203.486
939.171 205.464
939.654 214.304
940.136 221.673
940.618 225.543
941.100 226.979
941.582 226.845
942.064 224.116
942.546 213.381
943.028 201.862
943.510 204.635
943.993 204.572
944.475 214.362
944.957 221.299
945.439 225.435
945.921 226.765
946.403 225.395
946.885 219.888
947.367 210.294
947.849 209.088
948.332 218.055
948.814 222.903
949.296 217.204
949.778 210.254
950.260 213.280
950.742 223.485
951.224 224.673
951.706 215.253
952.188 209.124
952.671 206.960
953.153 208.465
953.635 215.167
954.117 221.933
954.599 221.351
955.081 213.836
955.563 208.343
956.045 204.852
956.528 203.700
957.010 205.938
957.492 208.413
957.974 209.352
958.456 209.615
958.938 210.539
959.420 212.152
959.902 214.247
960.385 218.616
960.867 219.678
961.349 213.626
961.831 208.230
962.313 209.161
962.795 213.453
963.277 215.148
963.759 213.549
964.242 213.081
964.724 214.048
965.206 215.707
965.688 218.771
966.170 221.684
966.652 224.905
967.134 226.932
967.616 223.144
968.098 210.410
968.581 204.116
969.063 210.750
969.545 216.161
970.027 215.497
970.509 213.539
970.991 214.650
971.473 217.310
971.955 216.526
972.437 209.645
972.920 207.228
973.402 216.521
973.884 223.075
974.366 219.384
974.848 212.704
975.330 210.577
975.812 211.229
976.294 207.503
976.776 205.200
977.259 210.617
977.741 202.449
978.223 214.334
978.705 214.139
979.187 210.412
979.669 212.778
980.151 219.543
980.633 221.842
981.115 215.595
981.598 211.697
982.080 215.571
982.562 220.022
983.044 222.683
983.526 223.043
984.008 219.976
984.490 214.249
984.972 208.384
985.455 202.157
985.937 201.431
986.419 200.474
986.901 202.104
987.383 204.353
987.865 207.431
988.347 214.969
988.829 225.190
989.312 228.924
989.794 219.827
990.276 213.535
990.758 222.680
991.240 229.763
991.722 219.480
992.204 203.317
992.686 204.995
993.169 204.791
993.651 202.085
994.133 201.708
994.615 206.154
995.097 214.033
995.579 219.369
996.061 215.576
996.543 208.342
997.025 204.118
997.508 203.638
997.990 205.704
998.472 211.404
998.954 215.033
999.436 212.074
999.918 208.151
1000.40 206.555
1000.88 206.572
1001.36 208.261
1001.85 211.259
1002.33 212.007
1002.81 208.223
1003.29 205.807
1003.78 209.472
1004.26 213.343
1004.74 212.242
1005.22 209.691
1005.70 210.447
1006.19 214.348
1006.67 218.825
1007.15 224.496
1007.63 225.546
1008.11 214.389
1008.60 203.211
1009.08 200.731
1009.56 200.327
1010.04 205.609
1010.53 212.898
1011.01 215.876
1011.49 211.507
1011.97 206.887
1012.45 203.362
1012.93 202.424
1013.42 207.191
1013.90 213.432
1014.38 216.956
1014.86 217.517
1015.35 215.823
1015.83 211.076
1016.31 208.407
1016.79 213.018
1017.27 216.397
1017.76 211.149
1018.24 204.523
1018.72 205.373
1019.20 211.467
1019.68 213.809
1020.17 209.333
1020.65 206.201
1021.13 208.003
1021.61 210.567
1022.09 212.804
1022.58 214.210
1023.06 214.519
1023.54 213.653
1024.02 210.976
1024.51 205.789
1024.99 202.703
1025.47 204.891
1025.95 206.808
1026.44 205.594
1026.92 204.052
1027.40 204.213
1027.88 205.889
1028.36 208.933
1028.84 213.745
1029.33 216.152
1029.81 212.387
1030.29 210.304
1030.77 213.467
1031.26 217.515
1031.74 220.027
1032.22 221.122
1032.70 221.153
1033.18 220.113
1033.67 218.505
1034.15 213.879
1034.63 211.995
1035.11 216.845
1035.59 222.511
1036.08 224.222
1036.56 223.800
1037.04 224.622
1037.52 226.869
1038.01 225.112
1038.49 213.517
1038.97 207.355
1039.45 210.876
1039.93 215.598
1040.42 218.849
1040.90 220.579
1041.38 220.979
1041.86 219.927
1042.34 215.635
1042.83 204.446
1043.31 201.700
1043.79 200.414
1044.27 202.240
1044.76 205.342
1045.24 206.774
1045.72 203.314
1046.20 203.314
1046.68 204.964
1047.17 200.260
1047.65 205.029
1048.13 211.674
1048.61 216.475
1049.09 218.359
1049.58 218.362
1050.06 217.185
1050.54 214.610
1051.02 211.255
1051.51 207.157
1051.99 203.314
1052.47 200.824
1052.95 201.283
1053.43 203.130
1053.92 206.299
1054.40 204.072
1054.88 200.003
1055.36 200.140
1055.84 203.996
1056.33 207.264
1056.81 209.968
1057.29 212.455
1057.77 214.795
1058.25 216.052
1058.74 215.684
1059.22 214.477
1059.70 212.677
1060.18 211.526
1060.67 218.000
1061.15 229.543
1061.63 230.150
1062.11 219.537
1062.59 210.115
1063.07 206.830
1063.56 208.742
1064.04 216.802
1064.52 225.732
1065.00 224.299
1065.49 216.652
1065.97 212.310
1066.45 211.446
1066.93 211.905
1067.41 212.996
1067.90 213.808
1068.38 213.771
1068.86 213.104
1069.34 211.317
1069.82 209.611
1070.31 209.864
1070.79 211.425
1071.27 213.632
1071.75 215.746
1072.24 215.132
1072.72 210.016
1073.20 206.538
1073.68 211.197
1074.16 217.129
1074.65 220.065
1075.13 219.856
1075.61 214.322
1076.09 206.141
1076.57 201.556
1077.06 202.232
1077.54 205.789
1078.02 214.056
1078.50 221.199
1078.98 225.374
1079.47 226.627
1079.95 223.974
1080.43 218.971
1080.91 213.025
1081.40 206.586
1081.88 203.557
1082.36 207.713
1082.84 210.584
1083.32 209.340
1083.81 208.428
1084.29 211.151
1084.77 214.203
1085.25 212.903
1085.73 208.560
1086.22 207.771
1086.70 212.220
1087.18 215.952
1087.66 220.453
1088.15 220.727
1088.63 212.557
1089.11 205.403
1089.59 206.943
1090.07 213.278
1090.56 215.782
1091.04 214.248
1091.52 215.081
1092.00 218.927
1092.48 221.050
1092.97 220.561
1093.45 219.390
1093.93 218.639
1094.41 216.606
1094.90 210.151
1095.38 201.789
1095.86 202.633
1096.34 211.020
1096.82 213.220
1097.31 208.832
1097.79 205.569
1098.27 205.945
1098.75 208.148
1099.23 210.920
1099.72 213.961
1100.20 217.222
1100.68 220.195
1101.16 221.375
1101.65 221.547
1102.13 223.438
1102.61 226.274
1103.09 223.761
1103.57 212.514
1104.06 203.602
1104.54 209.733
1105.02 219.364
1105.50 222.951
1105.98 222.077
1106.47 216.376
1106.95 208.877
1107.43 205.747
1107.91 208.052
1108.39 210.131
1108.88 211.029
1109.36 209.273
1109.84 200.865
1110.32 206.286
1110.81 205.806
1111.29 202.270
1111.77 202.554
1112.25 205.593
1112.73 203.657
1113.21 207.214
1113.70 214.925
1114.18 218.694
1114.66 219.947
1115.14 218.199
1115.63 215.598
1116.11 213.302
1116.59 211.343
1117.07 209.585
1117.56 208.021
1118.04 208.902
1118.52 212.903
1119.00 215.655
1119.48 216.717
1119.96 215.728
1120.45 212.235
1120.93 208.623
1121.41 207.302
1121.89 207.813
1122.38 209.366
1122.86 211.729
1123.34 214.084
1123.82 216.156
1124.30 216.847
1124.79 215.908
1125.27 213.289
1125.75 208.847
1126.23 204.800
1126.71 203.627
1127.20 204.402
1127.68 207.842
1128.16 211.117
1128.64 207.099
1129.13 200.568
1129.61 200.067
1130.09 210.712
1130.57 219.292
1131.05 218.316
1131.54 215.655
1132.02 215.909
1132.50 215.331
1132.98 208.246
1133.46 201.110
1133.95 203.183
1134.43 212.451
1134.91 219.000
1135.39 221.636
1135.88 220.623
1136.36 211.051
1136.84 205.203
1137.32 206.385
1137.80 210.130
1138.29 215.502
1138.77 220.106
1139.25 220.249
1139.73 216.302
1140.21 210.993
1140.70 203.519
1141.18 201.625
1141.66 206.403
1142.14 209.993
1142.63 209.863
1143.11 207.942
1143.59 205.308
1144.07 203.904
1144.55 208.007
1145.04 215.769
1145.52 223.058
1146.00 228.968
1146.48 229.402
1146.96 224.677
1147.45 221.762
1147.93 222.840
1148.41 221.581
1148.89 210.420
1149.37 200.020
1149.86 200.512
1150.34 205.638
1150.82 211.729
1151.30 216.441
1151.79 214.989
1152.27 209.369
1152.75 210.047
1153.23 222.207
1153.71 229.999
1154.19 228.645
1154.68 224.129
1155.16 214.371
1155.64 206.234
1156.12 203.851
1156.61 205.585
1157.09 210.316
1157.57 217.412
1158.05 218.726
1158.53 212.211
1159.02 209.624
1159.50 212.231
1159.98 214.732
1160.46 215.594
1160.94 215.716
1161.43 215.772
1161.91 215.356
1162.39 213.236
1162.87 210.280
1163.36 209.089
1163.84 209.625
1164.32 213.840
1164.80 219.801
1165.28 217.661
1165.77 205.767
1166.25 200.467
1166.73 212.264
1167.21 226.142
1167.69 225.959
1168.18 220.596
1168.66 216.913
1169.14 214.884
1169.62 214.560
1170.10 214.463
1170.59 210.755
1171.07 201.835
1171.55 202.554
1172.03 202.628
1172.52 207.278
1173.00 209.679
1173.48 211.525
1173.96 213.173
1174.44 215.220
1174.93 219.219
1175.41 223.393
1175.89 220.261
1176.37 208.871
1176.85 205.058
1177.34 208.825
1177.82 212.267
1178.30 213.949
1178.78 215.314
1179.27 217.091
1179.75 217.776
1180.23 215.498
1180.71 211.786
1181.19 208.048
1181.68 205.286
1182.16 205.528
1182.64 208.093
1183.12 212.415
1183.60 217.414
1184.09 219.981
1184.57 218.811
1185.05 216.841
1185.53 213.944
1186.02 212.675
1186.50 215.008
1186.98 218.065
1187.46 221.306
1187.94 222.894
1188.43 219.199
1188.91 211.466
1189.39 207.354
1189.87 207.760
1190.35 209.074
1190.84 212.259
1191.32 211.198
1191.80 203.615
1192.28 201.561
1192.77 200.971
1193.25 206.818
1193.73 211.135
1194.21 213.723
1194.69 213.195
1195.18 210.904
1195.66 210.539
1196.14 211.702
1196.62 212.800
1197.10 213.391
1197.59 212.387
1198.07 208.984
1198.55 207.659
1199.03 212.889
1199.51 218.833
1200.00 224.218
1200.48 226.898
1200.96 222.849
1201.44 216.499
1201.93 215.843
1202.41 219.709
1202.89 215.991
1203.37 201.516
1203.85 205.518
1204.34 209.828
1204.82 219.135
1205.30 216.423
1205.78 212.587
1206.26 213.368
1206.75 216.709
1207.23 220.882
1207.71 224.130
1208.19 221.234
1208.68 215.234
1209.16 217.464
1209.64 224.848
1210.12 227.179
1210.60 223.388
1211.08 217.092
1211.57 209.591
1212.05 205.919
1212.53 213.116
1213.01 219.572
1213.50 218.145
1213.98 214.946
1214.46 212.952
1214.94 212.577
1215.42 215.218
1215.91 219.575
1216.39 220.554
1216.87 216.892
1217.35 218.382
1217.83 226.936
1218.32 231.293
1218.80 229.235
1219.28 224.969
1219.76 220.056
1220.24 215.842
1220.73 213.447
1221.21 212.813
1221.69 215.495
1222.17 218.850
1222.66 216.662
1223.14 211.205
1223.62 204.203
1224.10 200.433
1224.58 201.744
1225.07 208.481
1225.55 214.372
1226.03 217.439
1226.51 217.833
1226.99 213.363
1227.48 209.128
1227.96 206.469
1228.44 205.867
1228.92 207.931
1229.41 211.890
1229.89 216.933
1230.37 222.722
1230.85 225.163
1231.33 224.173
1231.82 221.258
1232.30 216.587
1232.78 210.949
1233.26 204.802
1233.74 200.190
1234.23 201.216
1234.71 200.015
1235.19 205.399
1235.67 210.219
1236.16 207.358
1236.64 202.946
1237.12 204.592
1237.60 208.981
1238.08 209.916
1238.57 206.842
1239.05 203.223
1239.53 205.319
1240.01 205.346
1240.49 201.226
1240.98 200.005
1241.46 204.178
1241.94 206.971
1242.42 204.764
1242.91 200.000
