203.269 33.5602
203.751 38.6556
204.233 43.5263
204.715 48.1448
205.197 51.9089
205.680 54.9348
206.162 56.8506
206.644 58.0706
207.126 58.5329
207.608 58.9403
208.090 59.4395
208.572 60.8438
209.054 63.2832
209.537 67.4444
210.019 73.2303
210.501 81.0504
210.983 90.5132
211.465 101.775
211.947 114.261
212.429 128.051
212.911 142.599
213.393 158.134
213.876 174.333
214.358 191.710
214.840 210.235
215.322 230.692
215.804 253.252
216.286 278.806
216.768 307.512
217.250 340.131
217.733 376.562
218.215 417.212
218.697 461.541
219.179 509.480
219.661 560.002
220.143 612.591
220.625 665.841
221.107 718.971
221.589 770.437
222.072 819.471
222.554 864.684
223.036 905.613
223.518 941.277
224.000 971.719
224.482 996.501
224.964 1016.22
225.446 1030.96
225.929 1041.75
226.411 1049.02
226.893 1054.03
227.375 1057.25
227.857 1059.90
228.339 1062.25
228.821 1065.21
229.303 1068.66
229.785 1073.07
230.268 1077.88
230.750 1083.14
231.232 1087.95
231.714 1092.10
232.196 1094.55
232.678 1095.07
233.160 1092.71
233.642 1087.44
234.125 1078.53
234.607 1066.22
235.089 1050.07
235.571 1030.54
236.053 1007.37
236.535 981.153
237.017 951.696
237.499 919.672
237.981 884.927
238.464 848.207
238.946 809.457
239.428 769.563
239.910 728.625
240.392 687.691
240.874 646.986
241.356 607.626
241.838 569.801
242.321 534.489
242.803 501.620
243.285 471.826
243.767 444.621
244.249 420.208
244.731 397.699
245.213 376.983
245.695 356.971
246.178 337.503
246.660 317.583
247.142 297.285
247.624 275.950
248.106 254.064
248.588 231.388
249.070 208.812
249.552 186.424
250.034 165.343
250.517 145.754
250.999 128.748
251.481 114.347
251.963 103.376
252.445 95.5005
252.927 91.1505
253.409 89.5870
253.891 90.8807
254.374 94.0040
254.856 98.8538
255.338 104.345
255.820 110.452
256.302 116.266
256.784 122.023
257.266 127.108
257.748 132.041
258.230 136.429
258.713 140.934
259.195 145.192
259.677 149.797
260.159 154.232
260.641 158.912
261.123 163.134
261.605 167.191
262.087 170.340
262.570 172.939
263.052 174.403
263.534 175.323
264.016 175.364
264.498 175.346
264.980 175.080
265.462 175.427
265.944 176.103
266.426 177.767
266.909 179.834
267.391 182.637
267.873 185.279
268.355 187.865
268.837 189.385
269.319 189.980
269.801 188.809
270.283 186.303
270.766 181.972
271.248 176.615
271.730 170.056
272.212 163.319
272.694 156.318
273.176 150.028
273.658 144.176
274.140 139.455
274.622 135.243
275.105 131.894
275.587 128.489
276.069 125.193
276.551 121.029
277.033 116.262
277.515 110.156
277.997 103.348
278.479 95.5462
278.962 87.8563
279.444 80.3996
279.926 74.5933
280.408 70.6916
280.890 70.0460
281.372 72.6183
281.854 79.2725
282.336 89.3180
282.818 102.888
283.301 118.552
283.783 135.806
284.265 152.750
284.747 168.654
285.229 181.661
285.711 191.359
286.193 196.435
286.675 197.199
287.158 193.135
287.640 185.350
288.122 174.031
288.604 160.844
289.086 146.327
289.568 132.304
290.050 119.264
290.532 108.815
291.014 101.095
291.497 97.2658
291.979 96.9514
292.461 100.777
292.943 107.812
293.425 118.152
293.907 130.372
294.389 144.158
294.871 157.783
295.354 170.789
295.836 181.481
296.318 189.649
296.800 194.039
297.282 195.052
297.764 192.151
298.246 186.490
298.728 178.208
299.210 168.996
299.693 159.302
300.175 150.882
300.657 143.995
301.139 140.017
301.621 138.697
302.103 140.875
302.585 145.819
303.067 154.022
303.550 164.551
304.032 177.856
304.514 193.046
304.996 210.639
305.478 229.742
305.960 250.745
306.442 272.448
306.924 294.784
307.406 315.994
307.889 335.460
308.371 350.994
308.853 361.811
309.335 365.899
309.817 363.044
310.299 352.174
310.781 334.312
311.263 309.758
311.746 280.883
312.228 249.101
312.710 217.526
313.192 187.809
313.674 162.765
314.156 143.239
314.638 130.843
315.120 124.973
315.602 125.759
316.085 131.252
316.567 140.566
317.049 151.164
317.531 162.064
318.013 171.097
318.495 178.050
318.977 181.778
319.459 183.201
319.942 182.249
320.424 180.722
320.906 179.114
321.388 179.437
321.870 182.014
322.352 188.374
322.834 198.120
323.316 211.956
323.799 228.674
324.281 248.316
324.763 269.251
325.245 291.403
325.727 313.330
326.209 335.429
326.691 356.916
327.173 378.936
327.655 401.387
328.138 425.931
328.620 452.697
329.102 483.239
329.584 517.224
330.066 555.451
330.548 596.617
331.030 640.491
331.512 684.819
331.995 728.653
332.477 769.359
332.959 806.036
333.441 836.507
333.923 860.707
334.405 877.554
334.887 888.198
335.369 892.725
335.851 893.271
336.334 890.587
336.816 887.105
337.298 883.475
337.780 881.685
338.262 881.684
338.744 884.633
339.226 889.636
339.708 897.132
340.191 905.689
340.673 915.456
341.155 924.941
341.637 934.440
342.119 942.732
342.601 950.440
343.083 956.643
343.565 962.195
344.047 966.294
344.530 969.824
345.012 971.934
345.494 973.442
345.976 973.452
346.458 972.803
346.940 970.696
347.422 968.143
347.904 964.544
348.387 961.099
348.869 957.308
349.351 954.349
349.833 951.533
350.315 949.703
350.797 947.711
351.279 945.903
351.761 942.672
352.243 938.048
352.726 930.311
353.208 919.641
353.690 904.711
354.172 886.301
354.654 863.786
355.136 838.645
355.618 810.814
356.100 782.105
356.583 752.482
357.065 723.489
357.547 694.552
358.029 666.530
358.511 638.130
358.993 609.613
359.475 579.319
359.957 547.461
360.439 512.663
360.922 475.721
361.404 436.033
361.886 395.240
362.368 353.496
362.850 312.999
363.332 274.158
363.814 239.107
364.296 207.888
364.779 182.060
365.261 160.973
365.743 145.517
366.225 134.478
366.707 128.374
367.189 125.811
367.671 127.308
368.153 131.574
368.635 139.264
369.118 149.171
369.600 161.940
370.082 176.231
370.564 192.475
371.046 209.081
371.528 226.282
372.010 242.400
372.492 257.760
372.975 270.957
373.457 282.753
373.939 292.271
374.421 300.809
374.903 307.926
375.385 315.197
375.867 322.238
376.349 330.471
376.831 339.180
377.314 349.373
377.796 359.913
378.278 371.485
378.760 382.783
379.242 394.519
379.724 405.580
380.206 417.004
380.688 428.042
381.171 440.067
381.653 452.553
382.135 466.955
382.617 482.664
383.099 500.931
383.581 520.861
384.063 543.420
384.545 567.477
385.027 593.870
385.510 621.454
385.992 651.171
386.474 682.056
386.956 715.268
387.438 750.043
387.920 787.704
388.402 827.573
388.884 870.999
389.367 917.259
389.849 967.611
390.331 1021.20
390.813 1079.09
391.295 1140.19
391.777 1205.24
392.259 1272.68
392.741 1342.76
393.224 1413.29
393.706 1483.88
394.188 1551.81
394.670 1616.33
395.152 1674.60
395.634 1726.14
396.116 1768.77
396.598 1802.97
397.080 1827.78
397.563 1844.97
398.045 1854.74
398.527 1859.74
399.009 1860.57
399.491 1859.75
399.973 1857.25
400.455 1854.52
400.937 1850.25
401.420 1844.66
401.902 1835.38
402.384 1822.04
402.866 1802.24
403.348 1776.10
403.830 1742.18
404.312 1701.84
404.794 1654.95
405.276 1603.97
405.759 1549.48
406.241 1494.18
406.723 1438.37
407.205 1384.05
407.687 1330.55
408.169 1278.91
408.651 1227.64
409.133 1177.28
409.616 1126.28
410.098 1075.56
410.580 1024.26
411.062 974.134
411.544 925.125
412.026 879.557
412.508 837.552
412.990 801.194
413.472 769.935
413.955 744.889
414.437 724.392
414.919 708.498
415.401 694.709
415.883 682.620
416.365 669.703
416.847 655.949
417.329 639.557
417.812 621.449
418.294 600.785
418.776 579.330
419.258 556.828
419.740 535.310
420.222 514.434
420.704 495.847
421.186 478.603
421.668 463.644
422.151 449.323
422.633 436.014
423.115 421.700
423.597 406.644
424.079 388.976
424.561 369.351
425.043 346.475
425.525 321.696
426.008 294.435
426.490 266.704
426.972 238.431
427.454 211.935
427.936 187.193
428.418 166.308
428.900 148.791
429.382 136.092
429.864 126.955
430.347 122.060
430.829 119.476
431.311 119.414
431.793 119.729
432.275 120.712
432.757 120.564
433.239 120.129
433.721 118.249
434.204 116.390
434.686 113.871
435.168 112.411
435.650 111.302
436.132 111.987
436.614 113.286
437.096 116.095
437.578 118.723
438.060 121.727
438.543 123.318
439.025 124.242
439.507 123.145
439.989 121.375
440.471 118.217
440.953 115.563
441.435 113.015
441.917 112.487
442.400 113.275
442.882 116.725
443.364 121.393
443.846 127.866
444.328 134.065
444.810 140.202
445.292 144.151
445.774 146.432
446.256 145.511
446.739 142.686
447.221 137.237
447.703 131.162
448.185 124.196
448.667 118.485
449.149 113.571
449.631 111.127
450.113 110.029
450.596 111.227
451.078 112.940
451.560 115.643
452.042 117.328
452.524 118.519
453.006 117.495
453.488 115.253
453.970 110.622
454.452 105.149
454.935 98.1127
455.417 91.3686
455.899 84.3244
456.381 78.7948
456.863 73.9993
457.345 71.4681
457.827 70.0790
458.309 71.0198
458.792 72.8527
459.274 76.5161
459.756 80.3971
460.238 85.3538
460.720 89.7804
461.202 94.6352
461.684 98.4832
462.166 102.513
462.648 105.537
463.131 108.981
463.613 111.832
464.095 115.593
464.577 119.200
465.059 123.975
465.541 128.545
466.023 133.857
466.505 138.147
466.988 142.041
467.470 143.588
467.952 143.427
468.434 139.839
468.916 133.905
469.398 124.491
469.880 113.336
470.362 99.9211
470.845 86.4646
471.327 72.7060
471.809 60.8695
472.291 50.4420
472.773 43.1972
473.255 38.0469
473.737 36.1747
474.219 35.9731
474.701 38.2590
475.184 41.2366
475.666 45.7162
476.148 50.0259
476.630 55.1751
477.112 59.6871
477.594 64.7172
478.076 68.8476
478.558 73.2213
479.041 76.3662
479.523 79.3941
480.005 80.8740
480.487 82.0824
480.969 81.8762
481.451 81.9230
481.933 81.4996
482.415 82.6427
482.897 84.8467
483.380 90.1511
483.862 97.7965
484.344 109.339
484.826 123.365
485.308 140.725
485.790 159.367
486.272 179.701
486.754 199.503
487.237 219.318
487.719 237.332
488.201 254.682
488.683 270.189
489.165 285.540
489.647 299.883
490.129 314.941
490.611 329.590
491.093 345.035
491.576 359.504
492.058 373.581
492.540 385.050
493.022 394.368
493.504 399.557
493.986 401.685
494.468 399.661
494.950 395.572
495.433 389.285
495.915 383.613
496.397 378.757
496.879 377.398
497.361 379.138
497.843 385.678
498.325 395.414
498.807 408.816
499.289 423.220
499.772 438.391
500.254 451.414
500.736 462.305
501.218 468.845
501.700 472.074
502.182 470.946
502.664 467.639
503.146 462.023
503.629 456.834
504.111 452.065
504.593 450.139
505.075 450.355
505.557 454.192
506.039 459.904
506.521 467.991
507.003 475.939
507.485 483.814
507.968 489.046
508.450 492.042
508.932 490.904
509.414 486.948
509.896 479.278
510.378 470.171
510.860 459.501
511.342 450.015
511.825 441.684
512.307 436.962
512.789 435.164
513.271 437.819
513.753 443.167
514.235 451.669
514.717 460.647
515.199 469.932
515.681 476.592
516.164 480.625
516.646 479.654
517.128 474.553
517.610 464.009
518.092 449.992
518.574 432.168
519.056 413.241
519.538 393.264
520.021 374.965
520.503 358.083
520.985 344.784
521.467 334.113
521.949 327.547
522.431 323.565
522.913 323.291
523.395 325.087
523.877 330.175
524.360 337.158
524.842 347.543
525.324 360.141
525.806 376.505
526.288 395.279
526.770 417.634
527.252 441.666
527.734 467.945
528.217 494.013
528.699 520.066
529.181 543.537
529.663 564.814
530.145 581.803
530.627 595.581
531.109 604.834
531.591 611.382
532.073 614.490
532.556 616.310
533.038 616.149
533.520 615.949
534.002 614.620
534.484 613.636
534.966 611.492
535.448 609.399
535.930 605.799
536.413 602.067
536.895 596.973
537.377 592.297
537.859 587.160
538.341 583.539
538.823 580.521
539.305 579.791
539.787 579.918
540.270 581.943
540.752 583.782
541.234 585.955
541.716 586.100
542.198 584.771
542.680 579.952
543.162 572.804
543.644 562.059
544.126 549.625
544.609 534.841
545.091 519.972
545.573 504.404
546.055 490.156
546.537 476.147
547.019 463.832
547.501 451.597
547.983 440.533
548.466 428.910
548.948 417.972
549.430 406.371
549.912 395.859
550.394 385.585
550.876 377.654
551.358 371.301
551.840 368.406
552.322 367.671
552.805 370.219
553.287 373.903
553.769 379.067
554.251 383.009
554.733 385.858
555.215 385.091
555.697 381.394
556.179 373.082
556.662 361.831
557.144 346.922
557.626 330.820
558.108 313.297
558.590 296.949
559.072 281.318
559.554 268.479
560.036 257.271
560.518 249.014
561.001 241.864
561.483 236.634
561.965 231.201
562.447 226.337
562.929 220.080
563.411 213.502
563.893 205.006
564.375 196.025
564.858 185.267
565.340 174.388
565.822 162.236
566.304 150.541
566.786 138.180
567.268 126.895
567.750 115.565
568.232 105.927
568.714 96.8306
569.197 89.9469
569.679 84.0074
570.161 80.5101
570.643 77.9658
571.125 77.6324
571.607 77.7934
572.089 79.5301
572.571 81.0265
573.054 83.3585
573.536 84.7924
574.018 86.5533
574.500 87.0883
574.982 87.8005
575.464 87.2787
575.946 87.0185
576.428 85.6526
576.910 84.6917
577.393 82.7815
577.875 81.4743
578.357 79.5005
578.839 78.5409
579.321 77.4735
579.803 78.1054
580.285 79.3693
580.767 83.0112
581.250 87.7595
581.732 95.0190
582.214 103.077
582.696 112.870
583.178 122.273
583.660 131.962
584.142 139.767
584.624 146.566
585.106 150.626
585.589 153.421
586.071 153.869
586.553 154.026
587.035 153.201
587.517 153.564
587.999 154.221
588.481 156.855
588.963 159.891
589.446 164.263
589.928 167.730
590.410 170.786
590.892 171.070
591.374 169.310
591.856 163.699
592.338 155.739
592.820 144.478
593.302 132.198
593.785 118.506
594.267 105.933
594.749 93.9962
595.231 84.8368
595.713 77.3767
596.195 73.0909
596.677 70.3057
597.159 70.0848
597.642 70.5951
598.124 72.9973
598.606 75.7552
599.088 80.4232
599.570 85.8303
600.052 93.7487
600.534 102.994
601.016 115.066
601.498 128.278
601.981 143.489
602.463 158.361
602.945 173.222
603.427 185.447
603.909 195.400
604.391 200.834
604.873 202.785
605.355 199.879
605.838 194.092
606.320 184.912
606.802 174.973
607.284 164.125
607.766 155.031
608.248 147.254
608.730 142.909
609.212 140.851
609.694 142.439
610.177 145.823
610.659 151.793
611.141 158.119
611.623 165.422
612.105 171.497
612.587 177.151
613.069 180.485
613.551 182.676
614.034 182.222
614.516 180.680
614.998 176.890
615.480 172.695
615.962 167.151
616.444 162.244
616.926 157.099
617.408 153.696
617.891 151.085
618.373 151.120
618.855 152.689
619.337 157.464
619.819 164.160
620.301 174.288
620.783 186.429
621.265 201.979
621.747 219.408
622.230 239.991
622.712 262.042
623.194 286.635
623.676 311.847
624.158 338.494
624.640 364.415
625.122 390.256
625.604 413.802
626.087 435.808
626.569 454.343
627.051 470.611
627.533 483.261
628.015 494.128
628.497 502.466
628.979 510.602
629.461 518.100
629.943 527.371
630.426 537.842
630.908 551.599
631.390 567.625
631.872 587.528
632.354 609.874
632.836 635.971
633.318 664.246
633.800 696.027
634.283 729.883
634.765 767.344
635.247 807.169
635.729 851.006
636.211 897.621
636.693 948.545
637.175 1002.34
637.657 1060.28
638.139 1120.70
638.622 1184.77
639.104 1250.79
639.586 1320.06
640.068 1391.15
640.550 1465.65
641.032 1542.43
641.514 1623.27
641.996 1707.14
642.479 1795.73
642.961 1887.74
643.443 1984.55
643.925 2084.46
644.407 2188.47
644.889 2294.63
645.371 2403.77
645.853 2513.94
646.335 2626.05
646.818 2738.26
647.300 2851.57
647.782 2964.12
648.264 3076.81
648.746 3187.49
649.228 3296.67
649.710 3401.76
650.192 3502.81
650.675 3596.87
651.157 3683.73
651.639 3760.34
652.121 3826.55
652.603 3879.48
653.085 3919.22
653.567 3943.22
654.049 3951.87
654.531 3942.97
655.014 3917.29
655.496 3873.06
655.978 3811.63
656.460 3731.93
656.942 3636.19
657.424 3524.34
657.906 3399.65
658.388 3263.07
658.871 3118.71
659.353 2968.12
659.835 2815.67
660.317 2662.74
660.799 2513.22
661.281 2367.71
661.763 2229.08
662.245 2096.86
662.727 1972.94
663.210 1855.97
663.692 1747.16
664.174 1644.75
664.656 1549.69
665.138 1460.11
665.620 1376.97
666.102 1298.42
666.584 1225.46
667.067 1156.34
667.549 1092.14
668.031 1031.28
668.513 975.090
668.995 922.291
669.477 874.562
669.959 830.942
670.441 793.296
670.923 760.646
671.406 734.571
671.888 713.528
672.370 698.289
672.852 686.377
673.334 677.649
673.816 668.918
674.298 659.690
674.780 646.907
675.263 630.725
675.745 609.203
676.227 583.931
676.709 554.520
677.191 523.977
677.673 492.963
678.155 464.983
678.637 440.566
679.119 422.468
679.602 409.981
680.084 404.342
680.566 403.310
681.048 406.816
681.530 411.754
682.012 417.747
682.494 421.961
682.976 424.773
683.459 424.421
683.941 422.451
684.423 418.151
684.905 413.804
685.387 409.023
685.869 405.972
686.351 403.768
686.833 403.831
687.315 404.458
687.798 406.343
688.280 407.295
688.762 407.832
689.244 405.922
689.726 402.521
690.208 396.221
690.690 388.652
691.172 379.017
691.655 369.392
692.137 359.209
692.619 350.544
693.101 342.646
693.583 337.271
694.065 333.299
694.547 332.122
695.029 332.313
695.512 335.027
695.994 338.658
696.476 344.214
696.958 349.948
697.440 356.701
697.922 362.540
698.404 368.113
698.886 371.339
699.368 372.807
699.851 370.529
700.333 365.365
700.815 355.795
701.297 343.305
701.779 327.100
702.261 309.394
702.743 290.024
703.225 271.628
703.708 254.188
704.190 240.161
704.672 229.034
705.154 222.502
705.636 219.126
706.118 219.630
706.600 221.700
707.082 225.392
707.564 228.034
708.047 229.677
708.529 228.000
709.011 223.704
709.493 215.339
709.975 204.557
710.457 190.824
710.939 176.546
711.421 161.683
711.904 148.813
712.386 137.741
712.868 130.584
713.350 126.463
713.832 126.680
714.314 129.531
714.796 135.594
715.278 142.638
715.760 150.967
716.243 158.368
716.725 165.417
717.207 170.384
717.689 174.440
718.171 176.478
718.653 178.201
719.135 178.871
719.617 180.335
720.100 181.764
720.582 184.702
721.064 187.866
721.546 192.277
722.028 196.167
722.510 200.193
722.992 202.418
723.474 203.552
723.956 201.939
724.439 198.736
724.921 192.837
725.403 185.949
725.885 177.419
726.367 169.231
726.849 160.795
727.331 153.921
727.813 147.659
728.296 143.335
728.778 139.490
729.260 137.003
729.742 134.132
730.224 131.673
730.706 128.028
731.188 124.329
731.670 119.447
732.152 115.014
732.635 110.348
733.117 107.379
733.599 105.517
734.081 106.551
734.563 109.542
735.045 115.769
735.527 123.714
736.009 134.084
736.492 144.894
736.974 156.539
737.456 166.919
737.938 176.501
738.420 183.424
738.902 188.498
739.384 190.259
739.866 189.902
740.348 186.313
740.831 180.964
741.313 172.959
741.795 163.931
742.277 153.117
742.759 142.262
743.241 130.708
743.723 120.281
744.205 110.363
744.688 102.743
745.170 96.6728
745.652 93.6876
746.134 92.6779
746.616 94.7282
747.098 98.2469
747.580 103.859
748.062 109.616
748.544 115.932
749.027 120.844
749.509 124.944
749.991 126.624
750.473 126.941
750.955 124.800
751.437 121.737
751.919 117.037
752.401 112.459
752.884 107.353
753.366 103.375
753.848 99.6567
754.330 97.5644
754.812 95.9292
755.294 95.8476
755.776 95.9560
756.258 97.2316
756.740 98.2735
757.223 100.072
757.705 101.277
758.187 102.934
758.669 103.747
759.151 104.804
759.633 104.860
760.115 105.060
760.597 104.250
761.080 103.689
761.562 102.366
762.044 101.687
762.526 100.769
763.008 101.094
763.490 101.791
763.972 104.268
764.454 107.518
764.937 112.762
765.419 118.807
765.901 126.711
766.383 135.192
766.865 145.289
767.347 155.778
767.829 167.797
768.311 180.222
768.793 194.236
769.276 208.672
769.758 224.550
770.240 240.438
770.722 257.013
771.204 272.496
771.686 287.280
772.168 299.446
772.650 309.428
773.133 315.568
773.615 318.742
774.097 317.872
774.579 314.451
775.061 307.972
775.543 300.353
776.025 291.310
776.507 282.755
776.989 274.201
777.472 267.202
777.954 260.860
778.436 256.341
778.918 252.471
779.400 250.283
779.882 248.629
780.364 248.679
780.846 249.482
781.329 252.373
781.811 256.470
782.293 263.024
782.775 270.920
783.257 281.046
783.739 291.874
784.221 303.910
784.703 315.373
785.185 326.699
785.668 336.274
786.150 344.900
786.632 351.485
787.114 357.404
787.596 362.080
788.078 367.239
788.560 372.421
789.042 379.195
789.525 386.703
790.007 395.931
790.489 405.376
790.971 415.418
791.453 424.118
791.935 431.661
792.417 436.209
792.899 438.314
793.381 436.726
793.864 432.702
794.346 425.706
794.828 417.592
795.310 408.226
795.792 399.598
796.274 391.443
796.756 385.372
797.238 380.572
797.721 378.017
798.203 376.281
798.685 375.829
799.167 374.916
799.649 373.910
800.131 371.208
800.613 367.518
801.095 361.738
801.577 355.136
802.060 347.163
802.542 339.536
803.024 331.989
803.506 326.306
803.988 322.070
804.470 320.701
804.952 321.276
805.434 324.622
805.917 329.243
806.399 335.480
806.881 341.525
807.363 347.614
807.845 352.061
808.327 355.410
808.809 356.424
809.291 356.147
809.773 353.817
810.256 350.841
810.738 346.670
811.220 342.748
811.702 338.418
812.184 334.908
812.666 331.325
813.148 328.700
813.630 326.048
814.113 324.430
814.595 323.014
815.077 323.070
815.559 323.978
816.041 327.116
816.523 331.815
817.005 339.195
817.487 348.132
817.969 359.143
818.452 370.463
818.934 382.036
819.416 391.730
819.898 399.418
820.380 403.251
820.862 403.709
821.344 399.818
821.826 393.043
822.309 383.363
822.791 372.991
823.273 362.325
823.755 353.583
824.237 346.767
824.719 343.353
825.201 342.398
825.683 344.387
826.165 347.520
826.648 351.683
827.130 354.841
827.612 357.015
828.094 356.636
828.576 354.406
829.058 349.532
829.540 343.426
830.022 335.836
830.505 328.455
830.987 321.038
831.469 315.031
831.951 309.777
832.433 306.217
832.915 303.210
833.397 301.307
833.879 299.130
834.361 297.151
834.844 294.074
835.326 290.553
835.808 285.546
836.290 279.974
836.772 273.052
837.254 265.911
837.736 257.933
838.218 250.367
838.701 242.678
839.183 236.142
839.665 230.203
840.147 226.045
840.629 222.944
841.111 221.823
841.593 221.636
842.075 222.930
842.558 224.296
843.040 225.979
843.522 226.401
844.004 225.808
844.486 222.822
844.968 218.064
845.450 210.670
845.932 201.818
846.414 191.170
846.897 180.286
847.379 169.014
847.861 158.862
848.343 149.411
848.825 141.731
849.307 134.900
849.789 129.506
850.271 124.278
850.754 119.637
851.236 114.361
851.718 109.107
852.200 103.016
852.682 97.1305
853.164 90.9239
853.646 85.6176
854.128 80.6911
854.610 77.1861
855.093 74.2826
855.575 72.6707
856.057 71.2360
856.539 70.5008
857.021 69.3750
857.503 68.5867
857.985 67.4020
858.467 66.9543
858.950 66.8713
859.432 68.4846
859.914 71.3975
860.396 76.6543
860.878 83.3572
861.360 91.9109
861.842 100.782
862.324 109.868
862.806 117.394
863.289 123.345
863.771 126.381
864.253 127.198
864.735 125.331
865.217 122.335
865.699 118.439
866.181 115.565
866.663 113.912
867.146 114.955
867.628 118.120
868.110 123.911
868.592 130.778
869.074 138.429
869.556 144.869
870.038 149.793
870.520 151.661
871.002 150.999
871.485 147.349
871.967 142.369
872.449 136.600
872.931 132.372
873.413 130.480
873.895 133.039
874.377 140.217
874.859 153.195
875.342 171.078
875.824 194.017
876.306 220.297
876.788 249.554
877.270 279.935
877.752 311.278
878.234 342.208
878.716 373.193
879.198 403.515
879.681 434.199
880.163 464.910
880.645 496.823
881.127 529.554
881.609 564.055
882.091 599.636
882.573 636.931
883.055 674.999
883.538 714.320
884.020 753.917
884.502 794.323
884.984 834.671
885.466 875.592
885.948 916.277
886.430 957.324
886.912 997.808
887.394 1038.14
887.877 1077.17
888.359 1115.10
888.841 1150.65
889.323 1183.97
889.805 1213.85
890.287 1240.60
890.769 1263.26
891.251 1282.42
891.734 1297.40
892.216 1309.00
892.698 1316.67
893.180 1321.28
893.662 1322.25
894.144 1320.36
894.626 1314.95
895.108 1306.66
895.590 1294.77
896.073 1279.90
896.555 1261.35
897.037 1239.83
897.519 1214.77
898.001 1187.06
898.483 1156.32
898.965 1123.66
899.447 1088.91
899.930 1053.39
900.412 1017.13
900.894 981.547
901.376 946.744
901.858 914.069
902.340 883.421
902.822 855.817
903.304 830.700
903.786 808.539
904.269 788.210
904.751 769.650
905.233 751.335
905.715 732.985
906.197 713.104
906.679 691.673
907.161 667.679
907.643 641.733
908.126 613.515
908.608 584.275
909.090 554.203
909.572 524.843
910.054 496.444
910.536 470.374
911.018 446.533
911.500 425.830
911.983 407.700
912.465 392.647
912.947 379.827
913.429 369.600
913.911 361.109
914.393 354.770
914.875 349.806
915.357 346.656
915.839 344.486
916.322 343.573
916.804 342.859
917.286 342.371
917.768 340.864
918.250 338.307
918.732 333.586
919.214 326.995
919.696 317.929
920.179 307.289
920.661 295.095
921.143 282.767
921.625 270.655
922.107 260.243
922.589 251.681
923.071 246.001
923.553 242.748
924.035 242.292
924.518 243.585
925.000 246.559
925.482 249.956
925.964 253.726
926.446 256.843
926.928 259.610
927.410 261.394
927.892 262.827
928.375 263.483
928.857 264.028
929.339 263.917
929.821 263.576
930.303 262.187
930.785 259.935
931.267 255.874
931.749 250.209
932.231 242.184
932.714 232.325
933.196 220.286
933.678 207.006
934.160 192.511
934.642 177.997
935.124 163.616
935.606 150.544
936.088 138.805
936.571 129.354
937.053 121.956
937.535 117.290
938.017 114.851
938.499 115.060
938.981 117.169
939.463 121.351
939.945 126.632
940.427 132.971
940.910 139.238
941.392 145.315
941.874 150.125
942.356 153.739
942.838 155.420
943.320 155.684
943.802 154.295
944.284 152.236
944.767 149.621
945.249 147.585
945.731 146.162
946.213 146.159
946.695 147.106
947.177 149.206
947.659 151.422
948.141 153.532
948.623 154.336
949.106 153.744
949.588 150.990
950.070 146.637
950.552 140.674
951.034 134.364
951.516 128.203
951.998 123.639
952.480 120.989
952.963 121.165
953.445 123.690
953.927 128.554
954.409 134.419
954.891 140.622
955.373 145.519
955.855 148.537
956.337 148.514
956.819 145.649
957.302 139.713
957.784 131.816
958.266 122.474
958.748 113.232
959.230 104.689
959.712 98.1161
960.194 93.5680
960.676 91.6072
961.159 91.5702
961.641 93.4132
962.123 96.0897
962.605 99.4299
963.087 102.523
963.569 105.524
964.051 107.957
964.533 110.400
965.015 112.713
965.498 115.645
965.980 119.047
966.462 123.488
966.944 128.535
967.426 134.424
967.908 140.434
968.390 146.603
968.872 152.151
969.355 157.195
969.837 161.156
970.319 164.418
970.801 166.694
971.283 168.613
971.765 170.064
972.247 171.745
972.729 173.515
973.211 175.949
973.694 178.735
974.176 182.251
974.658 186.005
975.140 190.232
975.622 194.363
976.104 198.611
976.586 202.450
977.068 206.174
977.551 209.370
978.033 212.443
978.515 215.082
978.997 217.752
979.479 220.158
979.961 222.719
980.443 225.043
980.925 227.395
981.407 229.209
981.890 230.571
982.372 230.772
982.854 229.818
983.336 227.027
983.818 222.536
984.300 215.912
984.782 207.627
985.264 197.637
985.747 186.782
986.229 175.324
986.711 164.270
987.193 153.885
987.675 144.993
988.157 137.518
988.639 131.827
989.121 127.355
989.604 124.018
990.086 120.934
990.568 117.874
991.050 114.022
991.532 109.404
992.014 103.601
992.496 97.0921
992.978 89.8941
993.460 82.8056
993.943 76.0018
994.425 70.2464
994.907 65.5149
995.389 62.2486
995.871 60.0682
996.353 59.0976
996.835 58.7614
997.317 59.1375
997.800 59.7688
998.282 60.9659
998.764 62.5624
999.246 65.1192
999.728 68.6116
1000.21 73.5631
1000.69 79.7261
1001.17 87.2298
1001.66 95.3415
1002.14 103.700
1002.62 111.198
1003.10 117.293
1003.58 120.966
1004.07 122.032
1004.55 120.063
1005.03 115.602
1005.51 108.977
1006.00 101.371
1006.48 93.5372
1006.96 86.7871
1007.44 81.6918
1007.92 79.0944
1008.41 78.9116
1008.89 81.2507
1009.37 85.3511
1009.85 90.8024
1010.33 96.5754
1010.82 102.255
1011.30 107.060
1011.78 110.991
1012.26 113.765
1012.75 115.847
1013.23 117.297
1013.71 118.731
1014.19 120.165
1014.67 121.987
1015.16 123.874
1015.64 125.843
1016.12 127.264
1016.60 127.967
1017.08 127.316
1017.57 125.310
1018.05 121.630
1018.53 116.671
1019.01 110.526
1019.49 103.929
1019.98 97.1924
1020.46 91.1012
1020.94 85.8636
1021.42 82.0217
1021.91 79.4601
1022.39 78.3661
1022.87 78.3082
1023.35 79.2294
1023.83 80.5625
1024.32 82.2155
1024.80 83.6820
1025.28 84.9864
1025.76 85.7709
1026.24 86.1991
1026.73 86.0327
1027.21 85.5137
1027.69 84.4548
1028.17 83.1201
1028.66 81.3397
1029.14 79.3907
1029.62 77.1283
1030.10 74.8550
1030.58 72.4556
1031.07 70.2458
1031.55 68.1098
1032.03 66.3347
1032.51 64.7617
1032.99 63.6196
1033.48 62.7004
1033.96 62.1954
1034.44 61.8912
1034.92 61.9958
1035.40 62.3381
1035.89 63.1670
1036.37 64.3412
1036.85 66.0994
1037.33 68.2496
1037.82 70.9284
1038.30 73.8150
1038.78 76.9059
1039.26 79.7715
1039.74 82.3523
1040.23 84.2487
1040.71 85.5135
1041.19 85.9396
1041.67 85.8096
1042.15 85.1490
1042.64 84.4151
1043.12 83.7177
1043.60 83.4718
1044.08 83.6277
1044.56 84.3407
1045.05 85.2619
1045.53 86.2634
1046.01 86.8071
1046.49 86.7130
1046.98 85.5665
1047.46 83.4701
1047.94 80.4190
1048.42 76.9712
1048.90 73.5449
1049.39 70.9908
1049.87 69.8287
1050.35 70.7736
1050.83 73.9869
1051.31 79.6400
1051.80 87.2595
1052.28 96.3853
1052.76 106.031
1053.24 115.420
1053.73 123.511
1054.21 129.733
1054.69 133.482
1055.17 134.773
1055.65 133.651
1056.14 130.722
1056.62 126.489
1057.10 121.809
1057.58 117.216
1058.06 113.394
1058.55 110.555
1059.03 108.981
1059.51 108.496
1059.99 109.065
1060.47 110.319
1060.96 112.167
1061.44 114.311
1061.92 116.804
1062.40 119.522
1062.89 122.650
1063.37 126.127
1063.85 130.096
1064.33 134.359
1064.81 138.855
1065.30 143.165
1065.78 147.035
1066.26 149.944
1066.74 151.648
1067.22 151.769
1067.71 150.311
1068.19 147.223
1068.67 142.850
1069.15 137.446
1069.64 131.565
1070.12 125.544
1070.60 119.879
1071.08 114.722
1071.56 110.294
1072.05 106.443
1072.53 103.104
1073.01 99.9278
1073.49 96.7727
1073.97 93.3578
1074.46 89.7364
1074.94 85.9247
1075.42 82.3093
1075.90 79.2161
1076.38 77.2415
1076.87 76.7748
1077.35 78.2877
1077.83 81.8644
1078.31 87.5139
1078.80 94.7701
1079.28 103.081
1079.76 111.509
1080.24 119.202
1080.72 125.167
1081.21 128.764
1081.69 129.477
1082.17 127.343
1082.65 122.645
1083.13 116.204
1083.62 108.961
1084.10 102.152
1084.58 96.8202
1085.06 93.9563
1085.54 94.0469
1086.03 97.2953
1086.51 103.297
1086.99 111.401
1087.47 120.529
1087.96 129.645
1088.44 137.640
1088.92 143.787
1089.40 147.579
1089.88 149.053
1090.37 148.494
1090.85 146.605
1091.33 144.102
1091.81 141.805
1092.29 140.233
1092.78 139.756
1093.26 140.304
1093.74 141.654
1094.22 143.289
1094.71 144.780
1095.19 145.709
1095.67 146.028
1096.15 145.900
1096.63 145.920
1097.12 146.801
1097.60 149.442
1098.08 154.519
1098.56 162.504
1099.04 173.314
1099.53 186.444
1100.01 200.790
1100.49 214.979
1100.97 227.374
1101.45 236.522
1101.94 241.210
1102.42 240.852
1102.90 235.423
1103.38 225.641
1103.87 212.683
1104.35 198.154
1104.83 183.663
1105.31 170.714
1105.79 160.321
1106.28 153.013
1106.76 148.639
1107.24 146.582
1107.72 145.775
1108.20 145.063
1108.69 143.304
1109.17 139.709
1109.65 133.854
1110.13 125.860
1110.62 116.222
1111.10 105.809
1111.58 95.5668
1112.06 86.4431
1112.54 79.1078
1113.03 73.9492
1113.51 70.9307
1113.99 69.7299
1114.47 69.7410
1114.95 70.3092
1115.44 70.7847
1115.92 70.7353
1116.40 69.9372
1116.88 68.4760
1117.36 66.6273
1117.85 64.8475
1118.33 63.5924
1118.81 63.2780
1119.29 64.1291
1119.78 66.1972
1120.26 69.2999
1120.74 73.1216
1121.22 77.2309
1121.70 81.2171
1122.19 84.7202
1122.67 87.5320
1123.15 89.5775
1123.63 90.9441
1124.11 91.8059
1124.60 92.4013
1125.08 92.9423
1125.56 93.5930
1126.04 94.4153
1126.53 95.3873
1127.01 96.4028
1127.49 97.3259
1127.97 98.0205
1128.45 98.4033
1128.94 98.4629
1129.42 98.2741
1129.90 97.9827
1130.38 97.7759
1130.86 97.8428
1131.35 98.3247
1131.83 99.2845
1132.31 100.672
1132.79 102.329
1133.27 103.993
1133.76 105.341
1134.24 106.018
1134.72 105.714
1135.20 104.185
1135.69 101.325
1136.17 97.1620
1136.65 91.9012
1137.13 85.8743
1137.61 79.5483
1138.10 73.4366
1138.58 68.0853
1139.06 63.9673
1139.54 61.4754
1140.02 60.8288
1140.51 62.1025
1140.99 65.1694
1141.47 69.7796
1141.95 75.5403
1142.43 82.0338
1142.92 88.8114
1143.40 95.5173
1143.88 101.860
1144.36 107.708
1144.85 113.011
1145.33 117.858
1145.81 122.352
1146.29 126.644
1146.77 130.803
1147.26 134.862
1147.74 138.712
1148.22 142.203
1148.70 145.070
1149.18 147.076
1149.67 147.963
1150.15 147.595
1150.63 145.895
1151.11 142.958
1151.60 138.940
1152.08 134.139
1152.56 128.840
1153.04 123.389
1153.52 118.033
1154.01 113.011
1154.49 108.429
1154.97 104.388
1155.45 100.880
1155.93 97.9425
1156.42 95.5542
1156.90 93.7794
1157.38 92.6349
1157.86 92.2060
1158.34 92.4845
1158.83 93.4717
1159.31 95.0139
1159.79 96.9285
1160.27 98.8690
1160.76 100.496
1161.24 101.381
1161.72 101.205
1162.20 99.6757
1162.68 96.7182
1163.17 92.3525
1163.65 86.8468
1164.13 80.5354
1164.61 73.9266
1165.09 67.4799
1165.58 61.7006
1166.06 56.9185
1166.54 53.4113
1167.02 51.2197
1167.51 50.3201
1167.99 50.4812
1168.47 51.4737
1168.95 52.9432
1169.43 54.6281
1169.92 56.2178
1170.40 57.5555
1170.88 58.4692
1171.36 58.9553
1171.84 58.9890
1172.33 58.6983
1172.81 58.1662
1173.29 57.6034
1173.77 57.1458
1174.25 57.0268
1174.74 57.3668
1175.22 58.3445
1175.70 59.9806
1176.18 62.3162
1176.67 65.2049
1177.15 68.5135
1177.63 71.9378
1178.11 75.2351
1178.59 78.0617
1179.08 80.2231
1179.56 81.5102
1180.04 81.9352
1180.52 81.5329
1181.00 80.5580
1181.49 79.2389
1181.97 77.9390
1182.45 76.8861
1182.93 76.3339
1183.41 76.3092
1183.90 76.8150
1184.38 77.6251
1184.86 78.5407
1185.34 79.2235
1185.83 79.4768
1186.31 79.0742
1186.79 78.0184
1187.27 76.3252
1187.75 74.2326
1188.24 71.9361
1188.72 69.7654
1189.20 67.9050
1189.68 66.5846
1190.16 65.8284
1190.65 65.6919
1191.13 66.0541
1191.61 66.8914
1192.09 68.0843
1192.58 69.6852
1193.06 71.6940
1193.54 74.2837
1194.02 77.5252
1194.50 81.5756
1194.99 86.3813
1195.47 91.8758
1195.95 97.7157
1196.43 103.537
1196.91 108.756
1197.40 112.892
1197.88 115.411
1198.36 116.062
1198.84 114.697
1199.32 111.557
1199.81 107.008
1200.29 101.734
1200.77 96.3924
1201.25 91.7486
1201.74 88.3074
1202.22 86.4686
1202.70 86.2166
1203.18 87.3666
1203.66 89.3533
1204.15 91.5757
1204.63 93.2561
1205.11 93.8223
1205.59 92.7583
1206.07 89.9392
1206.56 85.4019
1207.04 79.5837
1207.52 72.9969
1208.00 66.3920
1208.49 60.3844
1208.97 55.6113
1209.45 52.3871
1209.93 50.9216
1210.41 51.0538
1210.90 52.5536
1211.38 54.9255
1211.86 57.7601
1212.34 60.5544
1212.82 63.0505
1213.31 65.0145
1213.79 66.5172
1214.27 67.6463
1214.75 68.7271
1215.23 69.9896
1215.72 71.7665
1216.20 74.1629
1216.68 77.2810
1217.16 80.9324
1217.65 84.9180
1218.13 88.7935
1218.61 92.1945
1219.09 94.6314
1219.57 95.8251
1220.06 95.4895
1220.54 93.6382
1221.02 90.3232
1221.50 85.8924
1221.98 80.6796
1222.47 75.2228
1222.95 69.9288
1223.43 65.2838
1223.91 61.5294
1224.39 58.9009
1224.88 57.3423
1225.36 56.7896
1225.84 56.9284
1226.32 57.5130
1226.81 58.1446
1227.29 58.5962
1227.77 58.5793
1228.25 58.0437
1228.73 56.9096
1229.22 55.3299
1229.70 53.3880
1230.18 51.3350
1230.66 49.2760
1231.14 47.4093
1231.63 45.7281
1232.11 44.2862
1232.59 42.9292
1233.07 41.5898
1233.56 40.0417
1234.04 38.2071
1234.52 35.9123
1235.00 33.1827
1235.48 29.9791
1235.97 26.4687
1236.45 22.7356
1236.93 19.0318
