162.224 200.000
163.613 200.133
165.002 215.227
166.391 209.443
167.780 221.800
169.169 206.353
170.557 200.104
171.945 208.973
173.333 206.901
174.720 222.932
176.108 239.078
177.495 249.388
178.881 256.724
180.268 277.983
181.654 268.149
183.040 289.220
184.426 281.619
185.812 278.001
187.197 293.676
188.582 289.150
189.967 268.197
191.351 271.285
192.736 258.526
194.120 257.039
195.504 251.799
196.887 245.843
198.271 252.442
199.654 244.850
201.036 230.790
202.419 243.844
203.801 228.656
205.184 245.829
206.565 222.167
207.947 229.828
209.328 241.565
210.710 237.067
212.090 219.245
213.471 237.461
214.851 221.252
216.232 220.048
217.611 211.094
218.991 210.057
220.370 222.658
221.750 210.311
223.129 210.543
224.507 221.119
225.886 212.648
227.264 235.049
228.642 222.457
230.019 217.519
231.397 224.251
232.774 225.218
234.151 218.046
235.528 218.600
236.904 226.135
238.281 206.597
239.656 216.985
241.032 220.375
242.408 218.766
243.783 213.158
245.158 203.555
246.533 211.973
247.907 211.409
249.282 204.137
250.656 202.667
252.029 209.183
253.403 211.313
254.776 202.180
256.149 214.338
257.522 216.864
258.895 205.398
260.267 210.937
261.639 205.521
263.011 206.025
264.382 216.573
265.754 217.123
267.125 215.673
268.496 222.220
269.866 209.767
271.237 207.312
272.607 211.851
273.977 215.383
275.346 212.089
276.716 222.431
278.085 200.944
279.454 207.450
280.823 216.949
282.191 219.442
283.559 219.925
284.927 225.401
286.295 204.132
287.662 220.326
289.030 204.769
290.397 230.194
291.763 204.391
293.130 214.023
294.496 203.568
295.862 214.856
297.228 221.316
298.594 227.823
299.959 234.718
301.324 208.671
302.689 241.081
304.053 223.483
305.418 225.877
306.782 242.265
308.146 234.656
309.509 234.053
310.873 244.469
312.236 238.865
313.599 261.283
314.961 261.737
316.324 276.163
317.686 290.596
319.048 334.065
320.409 336.493
321.771 345.950
323.132 410.393
324.493 469.796
325.854 602.190
327.214 747.318
328.574 910.318
329.934 935.363
331.294 906.385
332.654 813.394
334.013 746.414
335.372 812.386
336.731 941.438
338.089 1278.39
339.448 1689.34
340.806 2149.27
342.164 2250.17
343.521 1796.10
344.879 1323.95
346.236 965.871
347.593 826.729
348.949 863.596
350.306 1113.46
351.662 1196.27
353.018 1057.08
354.373 783.821
355.729 614.565
357.084 494.315
358.439 446.974
359.794 386.682
361.148 400.312
362.503 367.998
363.857 379.676
365.210 350.345
366.564 377.958
367.917 355.504
369.270 362.122
370.623 388.651
371.976 402.094
373.328 432.599
374.680 527.119
376.032 720.661
377.384 1038.20
378.735 1643.58
380.086 2156.96
381.437 1966.21
382.788 1424.47
384.138 968.797
385.488 657.198
386.838 519.434
388.188 436.703
389.538 375.890
390.887 346.184
392.236 330.434
393.585 356.613
394.933 296.912
396.282 331.177
397.630 315.338
398.977 323.637
400.325 373.811
401.672 374.837
403.020 420.989
404.366 414.175
405.713 358.357
407.059 332.469
408.406 302.423
409.752 282.553
411.097 272.627
412.443 270.217
413.788 266.166
415.133 271.478
416.478 262.495
417.822 262.382
419.167 278.417
420.511 252.951
421.854 271.283
423.198 252.713
424.541 256.325
425.884 250.510
427.227 247.911
428.570 259.340
429.912 240.838
431.254 243.714
432.596 242.359
433.938 253.262
435.280 256.004
436.621 252.895
437.962 260.351
439.303 269.727
440.643 270.874
441.983 261.550
443.323 276.578
444.663 262.616
446.003 255.716
447.342 272.823
448.681 275.784
450.020 264.527
451.359 277.332
452.697 265.823
454.035 255.253
455.373 275.182
456.711 251.693
458.048 274.216
459.386 266.268
460.723 258.146
462.059 280.969
463.396 252.552
464.732 274.434
466.068 273.369
467.404 272.539
468.740 272.880
470.075 276.365
471.410 266.263
472.745 253.512
474.080 271.789
475.414 264.716
476.748 268.661
478.082 255.563
479.416 256.464
480.749 266.343
482.083 276.233
483.416 265.097
484.749 274.954
486.081 265.804
487.413 272.646
488.745 259.479
490.077 260.324
491.409 264.161
492.740 262.137
494.072 254.946
495.402 257.035
496.733 240.118
498.064 259.895
499.394 254.648
500.724 256.392
502.054 273.126
503.383 246.079
504.712 264.900
506.041 240.605
507.370 250.300
508.699 242.985
510.027 238.676
511.355 247.363
512.683 241.095
514.011 253.129
515.338 246.773
516.666 239.402
517.993 256.021
519.319 239.693
520.646 254.530
521.972 237.605
523.298 235.188
524.624 232.762
525.950 242.327
527.275 253.883
528.600 232.430
529.925 235.968
531.250 254.498
532.574 241.020
533.898 233.533
535.222 219.038
536.546 224.544
537.869 237.030
539.193 232.509
540.516 246.979
541.839 229.442
543.161 234.897
544.484 215.345
545.806 229.784
547.128 236.215
548.449 237.638
549.771 237.055
551.092 230.464
552.413 236.865
553.734 221.259
555.054 224.645
556.374 237.024
557.694 216.395
559.014 241.758
560.334 236.115
561.653 231.464
562.972 228.807
564.291 225.143
565.610 229.471
566.928 233.792
568.247 221.107
569.565 230.415
570.882 225.717
572.200 207.013
573.517 217.303
574.834 237.588
576.151 208.867
577.468 236.139
578.784 202.405
580.100 203.660
581.416 202.906
582.732 209.141
584.047 206.480
585.362 203.590
586.677 202.787
587.992 200.989
589.307 204.612
590.621 202.725
591.935 207.604
593.249 204.455
594.563 206.612
595.876 200.202
597.189 201.916
598.502 208.024
599.815 210.126
601.127 210.538
602.440 210.824
603.752 206.393
605.064 206.468
606.375 202.463
607.686 206.404
608.998 210.214
610.308 202.324
611.619 211.302
612.930 211.294
614.240 204.701
615.550 205.326
616.860 213.347
618.169 226.383
619.478 209.444
620.787 208.516
622.096 210.631
623.405 204.272
624.713 232.831
626.021 202.959
627.329 206.097
628.637 213.755
629.945 202.398
631.252 203.599
632.559 213.769
633.866 206.046
635.172 213.857
636.479 211.628
637.785 219.701
639.091 209.195
640.396 221.985
641.702 217.771
643.007 221.552
644.312 219.328
645.617 214.100
646.921 203.857
648.226 202.613
649.530 203.174
650.834 203.123
652.137 206.156
653.441 206.434
654.744 201.211
656.047 205.935
657.350 208.634
658.652 220.337
659.954 205.945
661.256 203.293
662.558 211.414
663.860 226.037
665.161 216.304
666.462 200.675
667.763 201.068
669.064 203.427
670.365 210.815
671.665 200.160
672.965 210.467
674.265 203.061
675.564 203.277
676.864 208.686
678.163 214.037
679.462 211.533
680.760 202.092
682.059 207.640
683.357 206.227
684.655 204.861
685.953 212.405
687.250 200.963
688.548 222.598
689.845 213.176
691.142 211.722
692.438 200.859
693.735 201.629
695.031 227.190
696.327 237.731
697.623 228.333
698.918 229.862
700.214 218.413
701.509 223.785
702.804 234.317
704.098 229.876
705.393 241.441
706.687 234.005
707.981 243.542
709.275 235.107
710.568 254.589
711.861 223.102
713.155 233.671
714.447 221.103
715.740 248.694
717.032 212.263
718.325 243.815
719.617 227.356
720.908 220.884
722.200 233.432
723.491 223.001
724.782 233.513
726.073 221.071
727.364 247.611
728.654 232.881
729.944 215.376
731.234 236.973
732.524 253.326
733.814 238.921
735.103 239.034
736.392 249.219
737.681 249.376
738.969 234.777
740.258 259.105
741.546 262.326
742.834 241.518
744.122 257.624
745.409 245.391
746.697 265.289
747.984 265.893
749.270 290.706
750.557 275.397
751.844 283.502
753.130 253.746
754.416 281.232
755.701 285.764
756.987 293.312
758.272 297.868
759.557 293.358
760.842 310.867
762.127 309.944
763.411 309.789
764.695 302.408
765.979 306.631
767.263 331.118
768.547 314.715
769.830 324.261
771.113 338.265
772.396 315.781
773.679 361.496
774.961 350.292
776.243 373.163
777.525 353.919
778.807 373.548
780.089 405.948
781.370 396.242
782.651 421.360
783.932 425.058
785.213 402.448
786.493 447.783
787.773 464.500
789.053 516.197
790.333 492.936
791.613 554.674
792.892 545.431
794.171 614.177
795.450 601.947
796.729 662.722
798.007 693.501
799.285 735.286
800.563 765.077
801.841 804.851
803.119 865.628
804.396 885.262
805.673 931.059
806.950 991.573
808.227 1001.09
809.504 1050.91
810.780 1122.75
812.056 1207.60
813.332 1272.45
814.607 1356.08
815.883 1491.85
817.158 1607.72
818.433 1795.60
819.708 1964.49
820.982 2242.38
822.256 2566.27
823.531 2825.11
824.804 3233.65
826.078 3613.58
827.352 3903.52
828.625 4401.48
829.898 4593.38
831.170 4891.12
832.443 5463.62
833.715 6192.68
834.988 7043.84
836.259 8479.61
837.531 9419.63
838.803 11518.7
840.074 13447.7
841.345 15666.7
842.616 15965.8
843.886 15254.8
845.157 13683.9
846.427 11783.0
847.697 10892.0
848.966 9971.14
850.236 9450.24
851.505 9819.35
852.774 9848.47
854.043 10377.6
855.312 11216.7
856.580 11275.9
857.849 11435.1
859.117 10884.2
860.384 10073.4
861.652 9102.59
862.919 8026.79
864.186 7143.99
865.453 6348.33
866.720 5520.42
867.986 5030.64
869.253 4436.88
870.519 4067.11
871.784 3717.36
873.050 3345.62
874.315 3186.88
875.581 2861.18
876.846 2753.46
878.110 2512.74
879.375 2386.03
880.639 2267.34
881.903 2104.65
883.167 2049.96
884.431 1919.29
885.694 1750.63
886.957 1806.97
888.220 1703.34
889.483 1612.70
890.746 1547.07
892.008 1439.45
893.270 1413.84
894.532 1346.24
895.794 1332.64
897.056 1248.06
898.317 1209.82
899.578 1175.26
900.839 1101.71
902.099 1089.17
903.360 1068.65
904.620 985.129
905.880 966.621
907.140 916.121
908.399 878.212
909.659 839.728
910.918 790.252
912.177 784.775
913.435 746.315
914.694 705.866
915.952 723.427
917.210 675.000
918.468 636.583
919.726 632.178
920.983 581.786
922.240 596.439
923.497 612.065
924.754 557.703
926.011 522.357
927.267 553.022
928.523 503.698
929.779 503.385
931.035 483.080
932.290 470.333
933.546 468.513
934.801 463.366
936.056 451.104
937.310 454.851
938.565 451.608
939.819 423.375
941.073 429.585
942.327 423.367
943.580 400.157
944.833 399.491
946.087 379.294
947.340 385.104
948.592 344.921
949.845 318.745
951.097 341.790
952.349 373.627
953.601 314.471
954.853 335.340
956.104 323.199
957.355 330.591
958.606 297.665
959.857 291.854
961.108 311.742
962.358 301.636
963.608 307.315
964.858 287.222
966.108 281.669
967.357 298.590
968.607 283.822
969.856 281.808
971.105 285.109
972.353 268.055
973.602 282.314
974.850 284.523
976.098 248.489
977.346 255.216
978.594 282.267
979.841 255.361
981.088 263.936
982.335 269.931
983.582 271.402
984.828 252.884
986.075 258.897
987.321 254.716
988.567 249.740
989.812 259.768
991.058 248.371
992.303 236.410
993.548 233.848
994.793 240.238
996.038 234.870
997.282 238.000
998.526 234.064
999.770 251.132
1001.01 214.500
1002.26 220.315
1003.50 259.709
1004.74 242.076
1005.99 265.616
1007.23 227.781
1008.47 230.878
1009.72 249.995
1010.96 227.152
1012.20 248.309
1013.44 236.422
1014.68 229.539
1015.92 212.659
1017.16 213.783
1018.41 237.910
1019.65 214.041
1020.89 222.175
1022.13 232.315
1023.37 217.458
1024.61 202.396
1025.85 231.753
1027.08 237.906
1028.32 220.061
1029.56 212.221
1030.80 217.384
1032.04 222.551
1033.28 200.722
1034.52 212.895
1035.76 215.074
1036.99 201.744
1038.23 202.441
1039.47 200.277
1040.70 205.828
1041.94 203.025
1043.18 211.227
1044.42 218.431
1045.65 221.638
1046.89 213.152
1048.12 213.056
1049.36 223.266
1050.59 204.479
1051.83 234.694
1053.06 209.912
1054.30 223.131
1055.53 231.353
1056.77 217.425
1058.00 216.794
1059.24 229.016
1060.47 224.762
1061.70 210.454
1062.94 206.677
1064.17 216.897
1065.40 202.118
1066.64 210.341
1067.87 236.565
1069.10 206.791
1070.33 201.982
1071.56 214.246
1072.80 206.474
1074.03 221.703
1075.26 221.933
1076.49 204.164
1077.72 225.395
1078.95 213.627
1080.18 200.858
1081.41 220.090
1082.64 203.675
1083.87 209.559
1085.10 223.792
1086.33 211.029
1087.56 203.265
1088.79 209.497
1090.02 201.750
1091.24 204.985
1092.47 210.779
1093.70 216.452
1094.93 205.682
1096.16 205.911
1097.38 213.141
1098.61 203.630
1099.84 212.596
1101.07 203.822
1102.29 201.047
1103.52 222.271
1104.74 208.506
1105.97 202.289
1107.20 204.074
1108.42 208.137
1109.65 206.346
1110.87 211.445
1112.10 213.755
1113.32 207.046
1114.55 208.147
1115.77 202.662
1117.00 202.525
1118.22 219.290
1119.44 217.882
1120.67 217.947
1121.89 200.787
1123.11 207.367
1124.34 208.481
1125.56 213.338
1126.78 202.795
1128.00 221.076
1129.23 224.038
1130.45 202.850
1131.67 202.745
1132.89 212.354
1134.11 207.548
1135.33 209.539
1136.56 223.625
1137.78 203.291
1139.00 236.786
1140.22 200.140
1141.44 200.930
1142.66 202.627
1143.88 207.429
1145.09 222.545
1146.31 213.595
1147.53 213.358
1148.75 204.301
1149.97 213.277
1151.19 203.733
1152.41 200.769
1153.63 209.768
1154.84 232.818
1156.06 212.874
1157.28 208.201
1158.50 211.774
1159.71 221.747
1160.93 282.741
1162.15 342.355
1163.36 299.069
1164.58 302.301
1165.80 234.619
1167.01 228.573
1168.23 232.919
1169.44 223.911
1170.66 238.855
1171.87 246.914
1173.09 229.851
1174.30 222.871
1175.52 234.037
1176.73 238.963
1177.94 243.154
1179.16 230.197
1180.37 233.111
1181.58 236.763
1182.80 231.735
1184.01 239.683
1185.22 251.757
1186.44 246.696
1187.65 263.650
1188.86 244.019
1190.07 236.943
1191.28 283.927
1192.49 262.823
1193.71 304.385
1194.92 298.102
1196.13 284.609
1197.34 295.172
1198.55 255.219
1199.76 260.073
1200.97 257.917
1202.18 247.790
1203.39 253.537
1204.60 247.998
1205.81 252.850
1207.02 242.785
1208.22 231.037
1209.43 276.849
1210.64 271.656
1211.85 247.492
1213.06 285.290
1214.27 263.503
1215.47 269.296
1216.68 278.066
1217.89 262.853
1219.10 258.627
1220.30 250.462
1221.51 248.822
1222.71 252.050
1223.92 249.785
1225.13 261.535
1226.33 261.289
1227.54 261.682
1228.74 265.296
1229.95 247.033
1231.16 265.381
1232.36 290.153
1233.56 262.212
1234.77 236.949
1235.97 290.792
1237.18 263.625
1238.38 255.792
1239.58 273.815
1240.79 261.586
1241.99 287.979
1243.19 258.696
1244.40 275.204
1245.60 254.980
1246.80 287.645
1248.00 271.288
1249.21 269.946
1250.41 260.072
1251.61 261.278
1252.81 264.440
1254.01 262.716
1255.21 280.352
1256.41 270.206
1257.61 283.833
1258.81 283.924
1260.01 271.570
1261.21 267.882
1262.41 305.464
1263.61 252.765
1264.81 279.462
1266.01 238.774
1267.21 246.183
1268.41 267.771
1269.61 248.601
1270.81 256.185
1272.01 269.651
1273.20 253.658
1274.40 257.270
1275.60 265.393
1276.80 236.520
1277.99 243.074
1279.19 253.834
1280.39 252.412
1281.58 259.014
1282.78 244.044
1283.98 246.753
1285.17 247.924
1286.37 205.140
1287.56 237.063
1288.76 221.505
1289.95 240.049
1291.15 236.539
1292.34 228.725
1293.54 234.525
1294.73 243.728
1295.93 224.913
1297.12 232.027
1298.31 219.411
1299.51 231.862
1300.70 239.312
1301.90 232.380
1303.09 237.326
1304.28 225.603
1305.47 236.024
1306.67 226.437
1307.86 230.842
1309.05 230.241
1310.24 239.976
1311.43 201.366
1312.62 221.776
1313.81 253.155
1315.01 210.529
1316.20 243.896
1317.39 215.279
1318.58 205.637
1319.77 233.990
1320.96 204.339
1322.15 211.680
1323.34 247.016
1324.53 204.654
1325.72 217.669
1326.91 217.985
1328.09 211.704
1329.28 220.611
1330.47 217.906
1331.66 200.807
1332.85 222.478
1334.04 212.776
1335.22 227.043
1336.41 225.083
1337.60 229.564
1338.79 218.816
1339.97 210.062
1341.16 206.303
1342.34 230.560
1343.53 238.843
1344.72 224.062
1345.90 244.276
1347.09 210.488
1348.27 225.703
1349.46 211.904
1350.64 200.895
1351.83 246.294
1353.01 240.555
1354.20 223.739
1355.38 249.918
1356.57 200.903
1357.75 230.265
1358.93 225.469
1360.12 229.629
1361.30 236.781
1362.48 215.981
1363.67 227.126
1364.85 238.266
1366.03 224.414
1367.21 254.544
1368.40 228.671
1369.58 205.208
1370.76 242.903
1371.94 229.012
1373.12 204.885
1374.30 218.214
1375.48 200.480
1376.67 202.384
1377.85 207.490
1379.03 207.810
1380.21 228.127
1381.39 223.436
1382.57 226.802
1383.75 213.033
1384.93 221.320
1386.10 218.606
1387.28 209.888
1388.46 238.166
1389.64 231.443
1390.82 229.718
1392.00 233.993
1393.18 201.271
1394.35 242.553
1395.53 230.842
1396.71 249.139
1397.89 231.439
1399.06 234.741
1400.24 244.045
1401.42 223.346
1402.59 238.645
1403.77 223.481
1404.94 215.698
1406.12 209.966
1407.30 224.281
1408.47 213.562
1409.65 251.811
1410.82 233.135
1412.00 212.429
1413.17 236.723
1414.35 225.030
1415.52 218.804
1416.69 223.049
1417.87 219.152
1419.04 229.994
1420.22 225.900
1421.39 221.003
1422.56 212.101
1423.74 209.674
1424.91 200.403
1426.08 213.034
1427.25 214.060
1428.43 232.213
1429.60 222.124
1430.77 213.011
1431.94 225.160
1433.11 227.155
1434.28 211.132
1435.45 214.588
1436.63 228.712
1437.80 204.161
1438.97 242.277
1440.14 253.430
1441.31 220.445
1442.48 243.557
1443.65 209.702
1444.82 219.617
1445.98 231.533
1447.15 232.873
1448.32 234.776
1449.49 243.567
1450.66 205.455
1451.83 244.354
1453.00 214.068
1454.17 223.100
1455.33 239.118
1456.50 221.626
1457.67 215.616
1458.83 225.592
1460.00 232.489
1461.17 246.377
1462.33 223.929
1463.50 235.616
1464.67 232.511
1465.83 232.181
1467.00 231.860
1468.17 257.502
1469.33 215.294
1470.49 227.826
1471.66 262.884
1472.82 216.406
1473.99 212.182
1475.15 232.814
1476.32 221.409
1477.48 239.052
1478.65 246.465
1479.81 227.162
1480.97 227.663
1482.14 211.361
1483.30 204.166
1484.46 239.558
1485.63 222.199
1486.79 236.943
1487.95 213.596
1489.11 239.314
1490.28 228.023
1491.44 231.731
1492.60 200.435
1493.76 266.057
1494.92 230.778
1496.08 214.329
1497.24 258.072
1498.40 205.832
1499.56 229.613
1500.72 262.776
1501.88 203.630
1503.04 238.421
1504.20 271.311
1505.36 213.412
1506.52 220.288
1507.68 253.138
1508.84 219.425
1510.00 227.431
1511.16 224.231
1512.31 234.763
1513.47 222.593
1514.63 200.251
1515.79 234.287
1516.95 200.000
