   1.1478800e+03   1.9771500e+01
   1.1469400e+03   1.3271500e+01
   1.1460100e+03   6.7714800e+00
   1.1450700e+03   2.7148400e-01
   1.1441400e+03   5.3771500e+01
   1.1432000e+03   1.7927100e+02
   1.1422700e+03   1.3089600e+02
   1.1413300e+03   1.8739600e+02
   1.1404000e+03   1.4789600e+02
   1.1394600e+03  -4.4603500e+01
   1.1385200e+03  -1.4210400e+02
   1.1375900e+03   2.1039600e+02
   1.1366500e+03  -9.1103500e+01
   1.1357200e+03   7.9521500e+01
   1.1347800e+03  -5.8978500e+01
   1.1338400e+03  -1.3047900e+02
   1.1329100e+03   2.1484400e-02
   1.1319700e+03   2.1521500e+01
   1.1310300e+03   7.9021500e+01
   1.1300900e+03   2.0752100e+02
   1.1291600e+03   1.1002100e+02
   1.1282200e+03   6.3521500e+01
   1.1272800e+03  -6.6978500e+01
   1.1263400e+03   1.8452100e+02
   1.1254000e+03   2.0302100e+02
   1.1244600e+03   9.6521500e+01
   1.1235300e+03  -8.8978500e+01
   1.1225900e+03  -1.6647900e+02
   1.1216500e+03  -2.1978500e+01
   1.1207100e+03  -8.3478500e+01
   1.1197700e+03  -2.0397900e+02
   1.1188300e+03  -8.4478500e+01
   1.1178900e+03   2.1484400e-02
   1.1169500e+03   6.5271500e+01
   1.1160100e+03  -2.8603500e+01
   1.1150700e+03  -2.5035400e+02
   1.1141300e+03  -3.0103500e+01
   1.1131900e+03   9.7146500e+01
   1.1122500e+03   4.8396500e+01
   1.1113100e+03   8.1646500e+01
   1.1103700e+03   1.5896500e+01
   1.1094300e+03   2.3302100e+02
   1.1084800e+03   2.7327100e+02
   1.1075400e+03   5.1752100e+02
   1.1066000e+03   5.2677100e+02
   1.1056600e+03   9.8902100e+02
   1.1047200e+03   1.1362700e+03
   1.1037800e+03   1.6264000e+03
   1.1028300e+03   2.4276500e+03
   1.1018900e+03   3.8459000e+03
   1.1009500e+03   5.2431500e+03
   1.1000100e+03   6.0114000e+03
   1.0990600e+03   5.6676500e+03
   1.0981200e+03   3.7817700e+03
   1.0971800e+03   2.9500200e+03
   1.0962400e+03   1.9632700e+03
   1.0952900e+03   1.5795200e+03
   1.0943500e+03   9.2777100e+02
   1.0934000e+03   9.1202100e+02
   1.0924600e+03   6.6714600e+02
   1.0915100e+03   5.8339600e+02
   1.0905700e+03   4.4564600e+02
   1.0896200e+03   6.9789600e+02
   1.0886800e+03   4.3414600e+02
   1.0877400e+03   3.8639600e+02
   1.0867900e+03   4.0064600e+02
   1.0858500e+03   3.0777100e+02
   1.0849000e+03   3.5021500e+01
   1.0839600e+03   2.9727100e+02
   1.0830100e+03   4.4352100e+02
   1.0820700e+03   3.8177100e+02
   1.0811200e+03   4.5202100e+02
   1.0801700e+03   3.3627100e+02
   1.0792300e+03   1.6239600e+02
   1.0782800e+03  -6.4353500e+01
   1.0773400e+03   6.4896500e+01
   1.0763900e+03   3.3914600e+02
   1.0754400e+03  -6.8603500e+01
   1.0745000e+03   1.8564600e+02
   1.0735500e+03   2.2877100e+02
   1.0726000e+03   2.6102100e+02
   1.0716500e+03   3.5327100e+02
   1.0707000e+03   2.0652100e+02
   1.0697600e+03   6.5771500e+01
   1.0688100e+03   7.3021500e+01
   1.0678600e+03  -3.7728500e+01
   1.0669100e+03   1.3139600e+02
   1.0659600e+03   1.1564600e+02
   1.0650200e+03  -3.1035200e+00
   1.0640600e+03   1.3314600e+02
   1.0631200e+03  -1.6035200e+00
   1.0621600e+03   2.2964600e+02
   1.0612200e+03   1.0689600e+02
   1.0602700e+03   1.4802100e+02
   1.0593200e+03   2.1127100e+02
   1.0583700e+03   1.1452100e+02
   1.0574200e+03   8.5771500e+01
   1.0564700e+03   2.1484400e-02
   1.0555100e+03   1.1289600e+02
   1.0545700e+03  -6.8103500e+01
   1.0536200e+03  -3.6228500e+01
   1.0526600e+03   6.7714800e+00
   1.0517200e+03  -3.5351600e-01
   1.0507600e+03   1.5364600e+02
   1.0498100e+03  -5.6478500e+01
   1.0488600e+03   1.8521500e+01
   1.0479100e+03   7.3964800e+00
   1.0469600e+03   3.1839600e+02
   1.0460000e+03   7.9271500e+01
   1.0450500e+03   1.1427100e+02
   1.0441000e+03  -3.8535200e+00
   1.0431500e+03   9.8021500e+01
   1.0422000e+03   1.3002100e+02
   1.0412400e+03   3.4789600e+02
   1.0402900e+03  -1.1035200e+00
   1.0393400e+03   2.2771500e+01
   1.0383800e+03  -1.8228500e+01
   1.0374300e+03  -3.1353500e+01
   1.0364800e+03   7.3521500e+01
   1.0355200e+03   1.3952100e+02
   1.0345700e+03  -1.1060400e+02
   1.0336200e+03  -1.0072900e+02
   1.0326600e+03   5.9271500e+01
   1.0317100e+03   1.3714600e+02
   1.0307500e+03   8.7146500e+01
   1.0298000e+03   9.5021500e+01
   1.0288400e+03  -5.6103500e+01
   1.0278900e+03  -3.8103500e+01
   1.0269300e+03   8.7771500e+01
   1.0259800e+03   1.9064600e+02
   1.0250200e+03   3.3646500e+01
   1.0240600e+03   7.6521500e+01
   1.0231100e+03   4.0396500e+01
   1.0221500e+03   1.6439600e+02
   1.0212000e+03  -1.8072900e+02
   1.0202400e+03  -3.3785400e+02
   1.0192800e+03   1.0614600e+02
   1.0183200e+03   2.4802100e+02
   1.0173700e+03   1.7189600e+02
   1.0164100e+03   1.4677100e+02
   1.0154600e+03   1.6277100e+02
   1.0145000e+03  -3.1353500e+01
   1.0135400e+03   1.8652100e+02
   1.0125800e+03   4.1396500e+01
   1.0116200e+03   7.4396500e+01
   1.0106600e+03  -7.6728500e+01
   1.0097100e+03  -6.8853500e+01
   1.0087500e+03   1.1302100e+02
   1.0077900e+03   1.6702100e+02
   1.0068300e+03   1.4189600e+02
   1.0058700e+03   7.2771500e+01
   1.0049100e+03   2.7646500e+01
   1.0039600e+03   2.5646500e+01
   1.0029900e+03  -9.4478500e+01
   1.0020400e+03   2.0439600e+02
   1.0010700e+03   1.2327100e+02
   1.0001200e+03  -1.9853500e+01
   9.9915500e+02   1.9021500e+01
   9.9819700e+02   9.9021500e+01
   9.9723500e+02   5.2896500e+01
   9.9627700e+02   2.6771500e+01
   9.9531500e+02  -6.2353500e+01
   9.9435200e+02   9.5521500e+01
   9.9339500e+02   2.1396500e+01
   9.9243200e+02   1.5039600e+02
   9.9146900e+02   5.2271500e+01
   9.9050700e+02  -3.8535200e+00
   9.8954900e+02   1.9302100e+02
   9.8858700e+02  -1.3610400e+02
   9.8762400e+02  -1.2722900e+02
   9.8666200e+02   1.6964600e+02
   9.8569900e+02   9.0521500e+01
   9.8473600e+02   1.6039600e+02
   9.8377400e+02   9.6396500e+01
   9.8281100e+02   4.9271500e+01
   9.8184900e+02  -8.1853500e+01
   9.8088600e+02   2.4002100e+02
   9.7992300e+02  -8.0103500e+01
   9.7895500e+02   1.3077100e+02
   9.7799300e+02   6.1646500e+01
   9.7703000e+02  -1.1747900e+02
   9.7606800e+02   2.2839600e+02
   9.7510000e+02  -6.9728500e+01
   9.7413700e+02   6.7146500e+01
   9.7317400e+02   9.6021500e+01
   9.7220700e+02   6.7896500e+01
   9.7124400e+02  -2.3228500e+01
   9.7028100e+02   1.0264600e+02
   9.6931400e+02  -3.8478500e+01
   9.6835100e+02   1.7396500e+01
   9.6738300e+02  -1.3472900e+02
   9.6641500e+02  -8.6853500e+01
   9.6545300e+02  -4.0978500e+01
   9.6448500e+02   1.5789600e+02
   9.6351700e+02   2.6877100e+02
   9.6255400e+02  -1.8353500e+01
   9.6158600e+02   8.3521500e+01
   9.6061900e+02  -1.4860400e+02
   9.5965100e+02   5.5271500e+01
   9.5868800e+02   1.2414600e+02
   9.5772000e+02   2.5021500e+01
   9.5675200e+02   3.7896500e+01
   9.5578500e+02   7.1771500e+01
   9.5481700e+02  -1.5335400e+02
   9.5384900e+02  -4.2478500e+01
   9.5288100e+02  -1.8728500e+01
   9.5191300e+02   1.2814600e+02
   9.5094500e+02  -1.3978500e+01
   9.4997800e+02  -1.3510400e+02
   9.4901000e+02   3.6771500e+01
   9.4803700e+02   1.2364600e+02
   9.4706900e+02   8.1521500e+01
   9.4610100e+02   5.7396500e+01
   9.4513300e+02   1.1914600e+02
   9.4416000e+02  -2.2978500e+01
   9.4319200e+02   1.2689600e+02
   9.4222400e+02   2.2177100e+02
   9.4125100e+02   1.4564600e+02
   9.4028300e+02   1.7452100e+02
   9.3931000e+02   4.4396500e+01
   9.3834200e+02  -9.8853500e+01
   9.3736900e+02  -1.0797900e+02
   9.3640100e+02  -1.2310400e+02
   9.3542800e+02  -2.8228500e+01
   9.3446100e+02  -5.5353500e+01
   9.3348700e+02  -1.4603500e+01
   9.3251400e+02  -2.3728500e+01
   9.3154700e+02   2.2214600e+02
   9.3057300e+02  -6.7978500e+01
   9.2960000e+02  -1.4122900e+02
   9.2862700e+02   3.1164600e+02
   9.2765400e+02   1.1152100e+02
   9.2668100e+02  -2.0360400e+02
   9.2571300e+02   5.4271500e+01
   9.2474000e+02   4.2021500e+01
   9.2376700e+02   1.2389600e+02
   9.2279400e+02  -3.5228500e+01
   9.2182100e+02  -7.7478500e+01
   9.2084800e+02   2.7139600e+02
   9.1987000e+02   7.7271500e+01
   9.1889600e+02   7.5146500e+01
   9.1792300e+02  -3.6103500e+01
   9.1695000e+02   1.3777100e+02
   9.1597700e+02   1.9646500e+01
   9.1499900e+02   3.4396500e+01
   9.1402600e+02   1.5271500e+01
   9.1305300e+02  -1.0385400e+02
   9.1207400e+02  -8.0103500e+01
   9.1110100e+02   3.8771500e+01
   9.1012800e+02  -7.9353500e+01
   9.0915000e+02   5.5396500e+01
   9.0817700e+02   6.2714800e+00
   9.0719900e+02  -2.1885400e+02
   9.0622600e+02  -7.1035200e+00
   9.0524700e+02   7.6771500e+01
   9.0427400e+02   1.8464600e+02
   9.0329600e+02  -2.8603500e+01
   9.0231800e+02   1.1127100e+02
   9.0134400e+02   1.5102100e+02
   9.0036600e+02   4.7896500e+01
   8.9938800e+02  -3.1228500e+01
   8.9840900e+02   5.4521500e+01
   8.9743100e+02   1.3139600e+02
   8.9645800e+02   1.1414600e+02
   8.9548000e+02  -1.1497900e+02
   8.9450100e+02   1.9877100e+02
   8.9352300e+02   5.1646500e+01
   8.9254500e+02   6.1521500e+01
   8.9156700e+02   1.5127100e+02
   8.9058800e+02  -1.0853500e+01
   8.8961000e+02   9.4896500e+01
   8.8862600e+02  -1.0622900e+02
   8.8764800e+02   1.7352100e+02
   8.8667000e+02   2.2239600e+02
   8.8569100e+02  -1.6385400e+02
   8.8471300e+02   1.5021500e+01
   8.8373000e+02  -2.2285200e+00
   8.8275100e+02   1.4164600e+02
   8.8177300e+02  -2.3603500e+01
   8.8078900e+02   1.9271500e+01
   8.7981100e+02   9.9021500e+01
   8.7883300e+02   2.2289600e+02
   8.7784900e+02  -1.3635400e+02
   8.7687100e+02   1.9052100e+02
   8.7588700e+02  -1.4472900e+02
   8.7490400e+02   1.2814600e+02
   8.7392600e+02   2.1389600e+02
   8.7294200e+02   3.1577100e+02
   8.7196400e+02  -1.1047900e+02
   8.7098000e+02   2.4271500e+01
   8.6999700e+02   8.2146500e+01
   8.6901300e+02   1.2589600e+02
   8.6803500e+02   1.7177100e+02
   8.6705100e+02   2.1752100e+02
   8.6606800e+02   2.5927100e+02
   8.6508400e+02   1.1414600e+02
   8.6410100e+02   1.9689600e+02
   8.6311700e+02   2.4771500e+01
   8.6213300e+02  -8.4785200e+00
   8.6115000e+02   1.5027100e+02
   8.6016600e+02   2.4114600e+02
   8.5918300e+02   2.3689600e+02
   8.5819900e+02   1.7064600e+02
   8.5721600e+02   3.3152100e+02
   8.5623200e+02  -9.7285200e+00
   8.5524300e+02   7.2021500e+01
   8.5426000e+02   8.9648400e-01
   8.5327600e+02  -6.0353500e+01
   8.5229300e+02   1.4839600e+02
   8.5130400e+02   1.1727100e+02
   8.5032000e+02  -1.6978500e+01
   8.4933700e+02  -1.4422900e+02
   8.4834800e+02   1.5646500e+01
   8.4736500e+02   7.3396500e+01
   8.4637600e+02   3.9614600e+02
   8.4539200e+02  -1.0697900e+02
   8.4440400e+02   9.7771500e+01
   8.4342000e+02   1.2521500e+01
   8.4243100e+02   3.2271500e+01
   8.4144200e+02   3.2014600e+02
   8.4045900e+02   4.8896500e+01
   8.3947000e+02   1.8564600e+02
   8.3848100e+02   1.9939600e+02
   8.3749300e+02   1.2627100e+02
   8.3650900e+02   2.1484400e-02
   8.3552000e+02   1.0252100e+02
   8.3453100e+02   9.9021500e+01
   8.3354300e+02   8.3521500e+01
   8.3255400e+02   2.7214600e+02
   8.3156500e+02   4.0646500e+01
   8.3057600e+02   1.2214600e+02
   8.2958800e+02   1.9864600e+02
   8.2859900e+02  -1.8535200e+00
   8.2761000e+02   1.9977100e+02
   8.2662100e+02   8.0271500e+01
   8.2563300e+02   3.8771500e+01
   8.2463800e+02   3.1271500e+01
   8.2365000e+02   4.6771500e+01
   8.2266100e+02   6.1271500e+01
   8.2167200e+02   1.8377100e+02
   8.2067800e+02   2.5239600e+02
   8.1968900e+02   3.6389600e+02
   8.1869500e+02   6.6396500e+01
   8.1770700e+02   1.5689600e+02
   8.1671800e+02   1.5539600e+02
   8.1572400e+02   2.6489600e+02
   8.1473500e+02   2.0739600e+02
   8.1374100e+02   1.0089600e+02
   8.1274700e+02   3.1039600e+02
   8.1175800e+02   2.1896500e+01
   8.1076400e+02   2.3252100e+02
   8.0977000e+02   4.6802100e+02
   8.0878100e+02  -1.4785200e+00
   8.0778700e+02   7.3021500e+01
   8.0679300e+02   3.0052100e+02
   8.0579900e+02   1.1202100e+02
   8.0481100e+02  -1.2478500e+01
   8.0381700e+02   2.1484400e-02
   8.0282300e+02   2.2102100e+02
   8.0182900e+02   1.6502100e+02
   8.0083500e+02   3.0021500e+01
   7.9984100e+02   1.5502100e+02
   7.9884700e+02   1.7789600e+02
   7.9785300e+02   1.5489600e+02
   7.9685900e+02   1.7589600e+02
   7.9586500e+02   1.8896500e+01
   7.9486500e+02   5.3896500e+01
   7.9387100e+02   6.4896500e+01
   7.9287700e+02   1.5377100e+02
   7.9188300e+02   2.3477100e+02
   7.9088400e+02   1.2677100e+02
   7.8989000e+02   1.2377100e+02
   7.8889600e+02   2.7777100e+02
   7.8789700e+02   2.0064600e+02
   7.8690300e+02   2.5646500e+01
   7.8590900e+02   1.6464600e+02
   7.8491000e+02   2.8064600e+02
   7.8391600e+02  -1.3247900e+02
   7.8291600e+02   1.8252100e+02
   7.8191700e+02   4.9521500e+01
   7.8092300e+02   1.3396500e+01
   7.7992400e+02   6.3396500e+01
   7.7892500e+02   1.1539600e+02
   7.7793100e+02  -2.9728500e+01
   7.7693100e+02   1.4427100e+02
   7.7593200e+02  -1.0172900e+02
   7.7493300e+02   8.8146500e+01
   7.7393900e+02  -4.2853500e+01
   7.7294000e+02   1.0021500e+01
   7.7194000e+02   2.1484400e-02
   7.7094100e+02  -3.2728500e+01
   7.6994200e+02   1.5521500e+01
   7.6894300e+02   1.0177100e+02
   7.6794400e+02   1.6602100e+02
   7.6694400e+02  -1.7072900e+02
   7.6594500e+02  -2.7478500e+01
   7.6494600e+02   6.0771500e+01
   7.6394100e+02  -1.0197900e+02
   7.6294200e+02  -1.4072900e+02
   7.6194300e+02  -1.0247900e+02
   7.6094400e+02  -1.3822900e+02
   7.5993900e+02   1.5802100e+02
   7.5894000e+02  -3.5728500e+01
   7.5794100e+02  -9.2478500e+01
   7.5693600e+02   1.7771500e+01
   7.5593700e+02   2.1484400e-02
   7.5493200e+02  -5.3728500e+01
   7.5393300e+02  -2.7347900e+02
   7.5292900e+02  -1.9910400e+02
   7.5193000e+02  -3.8853500e+01
   7.5092500e+02  -1.7960400e+02
   7.4992600e+02  -9.1353500e+01
   7.4892100e+02  -2.5497900e+02
   7.4791700e+02  -1.3072900e+02
   7.4691800e+02  -1.2647900e+02
   7.4591300e+02   3.0771500e+01
   7.4490900e+02   5.1146500e+01
   7.4390400e+02  -1.0860400e+02
   7.4290000e+02   1.7964600e+02
   7.4190100e+02   1.1089600e+02
   7.4089600e+02  -2.9853500e+01
   7.3989200e+02  -4.7603500e+01
   7.3888700e+02   1.3377100e+02
   7.3788300e+02  -1.3397900e+02
   7.3687800e+02   5.9271500e+01
   7.3587400e+02   1.0052100e+02
   7.3486900e+02   1.4177100e+02
   7.3386000e+02   1.5102100e+02
   7.3285500e+02   1.1739600e+02
   7.3185100e+02   1.0464600e+02
   7.3084600e+02   2.6689600e+02
   7.2984200e+02   1.8414600e+02
   7.2883200e+02   2.3439600e+02
   7.2782800e+02   3.0164600e+02
   7.2682300e+02  -1.0103500e+01
   7.2581300e+02   3.2614600e+02
   7.2480900e+02   2.3739600e+02
   7.2379900e+02   1.9964600e+02
   7.2279500e+02   1.0402100e+02
   7.2178500e+02  -1.7285200e+00
   7.2078100e+02   1.5252100e+02
   7.1977100e+02   1.6077100e+02
   7.1876100e+02   3.7021500e+01
   7.1775700e+02  -1.5172900e+02
   7.1674700e+02   7.4521500e+01
   7.1573700e+02   1.3977100e+02
   7.1473300e+02   3.2002100e+02
   7.1372300e+02  -4.3728500e+01
   7.1271300e+02  -1.5547900e+02
   7.1170400e+02   1.7677100e+02
   7.1069400e+02  -7.7978500e+01
   7.0968400e+02  -1.3172900e+02
   7.0867500e+02   1.4521500e+01
   7.0766500e+02  -1.3622900e+02
   7.0665500e+02   2.1484400e-02
   7.0564500e+02   5.7146500e+01
   7.0463600e+02  -6.0351600e-01
   7.0362600e+02   1.1664600e+02
   7.0261600e+02  -1.1922900e+02
   7.0160700e+02  -1.9097900e+02
   7.0059700e+02  -1.7285400e+02
   6.9958200e+02  -1.3860400e+02
   6.9857200e+02  -1.5847900e+02
   6.9756300e+02   1.3771500e+01
   6.9655300e+02  -1.4010400e+02
   6.9553800e+02  -6.8535200e+00
   6.9452800e+02   4.6271500e+01
   6.9351300e+02   1.0852100e+02
   6.9250400e+02  -5.2635400e+02
   6.9148900e+02  -2.1822900e+02
   6.9047900e+02   2.1484400e-02
   6.8946400e+02  -9.2603500e+01
   6.8845400e+02  -6.2228500e+01
   6.8743900e+02  -6.7285200e+00
   6.8642400e+02  -2.4353500e+01
   6.8541500e+02  -5.8978500e+01
   6.8440000e+02   1.4339600e+02
   6.8338500e+02  -1.9510400e+02
   6.8237000e+02  -1.3372900e+02
   6.8136000e+02  -7.2353500e+01
   6.8034500e+02  -5.7853500e+01
   6.7933000e+02   5.5521500e+01
   6.7831600e+02  -1.2710400e+02
   6.7730100e+02  -7.7728500e+01
   6.7628600e+02   1.7877100e+02
   6.7527100e+02  -4.3853500e+01
   6.7425600e+02   3.3852100e+02
   6.7324100e+02   2.1484400e-02
   6.7222600e+02  -1.2603500e+01
   6.7120600e+02   4.9077100e+02
   6.7019100e+02  -2.8535200e+00
   6.6917600e+02   1.4852100e+02
   6.6816100e+02   2.2189600e+02
   6.6714600e+02   1.6727100e+02
   6.6612600e+02   4.0064600e+02
   6.6511100e+02   2.6502100e+02
   6.6409100e+02  -6.4603500e+01
   6.6307600e+02   2.0977100e+02
   6.6206100e+02   1.0014600e+02
   6.6104100e+02  -4.9478500e+01
   6.6002600e+02   1.9789600e+02
   6.5900600e+02   4.0727100e+02
   6.5798500e+02   3.1864600e+02
   6.5697100e+02   2.1484400e-02
   6.5595000e+02   1.3589600e+02
   6.5493500e+02  -7.6228500e+01
   6.5391500e+02  -9.0353500e+01
   6.5289500e+02   3.5521500e+01
   6.5187500e+02   8.5396500e+01
   6.5085500e+02  -6.5728500e+01
   6.4984000e+02   1.7014600e+02
   6.4882000e+02  -1.9785200e+00
   6.4779900e+02   2.6189600e+02
   6.4677900e+02   1.5377100e+02
   6.4575900e+02  -1.6935400e+02
   6.4473900e+02   6.0521500e+01
   6.4371900e+02   7.9396500e+01
   6.4269900e+02   8.1271500e+01
   6.4167900e+02  -1.7985400e+02
   6.4065800e+02   2.1484400e-02
   6.3963300e+02  -9.4353500e+01
   6.3861300e+02   2.0396500e+01
   6.3759300e+02   1.5202100e+02
   6.3657300e+02  -7.5228500e+01
   6.3554700e+02   1.0339600e+02
   6.3452700e+02  -1.1585400e+02
   6.3350700e+02   5.6771500e+01
   6.3248100e+02   2.4452100e+02
   6.3146100e+02   5.0146500e+01
   6.3043600e+02   2.5589600e+02
   6.2941600e+02  -1.7747900e+02
   6.2839000e+02  -1.2728500e+01
   6.2737000e+02   1.2689600e+02
   6.2634500e+02   9.0646500e+01
   6.2532500e+02   1.8727100e+02
   6.2429900e+02   2.1484400e-02
   6.2327400e+02   2.0189600e+02
   6.2225400e+02   6.8771500e+01
   6.2122800e+02   2.6364600e+02
   6.2020300e+02   7.0521500e+01
   6.1917700e+02   4.5521500e+01
   6.1815200e+02  -1.1360400e+02
   6.1712700e+02   2.4271500e+01
   6.1610100e+02  -3.4585400e+02
   6.1508100e+02  -2.3397900e+02
   6.1405600e+02   8.3896500e+01
   6.1303000e+02  -1.4228500e+01
   6.1200000e+02   2.1646500e+01
   6.1097400e+02   1.2521500e+01
   6.0994900e+02   8.1396500e+01
   6.0892300e+02   1.5127100e+02
   6.0789800e+02  -1.1485400e+02
   6.0687300e+02   1.1902100e+02
   6.0584200e+02  -7.4103500e+01
   6.0481700e+02  -2.7222900e+02
   6.0379100e+02   1.3064600e+02
   6.0276100e+02   2.7052100e+02
   6.0173500e+02   1.4139600e+02
   6.0071000e+02  -3.2728500e+01
   5.9967900e+02   6.6146500e+01
   5.9865400e+02   2.1102100e+02
   5.9762300e+02   5.8964800e+00
   5.9659800e+02  -1.0228500e+01
   5.9556700e+02  -1.0935400e+02
   5.9453600e+02   9.2521500e+01
   5.9351100e+02  -1.8060400e+02
   5.9248000e+02  -2.3772900e+02
   5.9145000e+02   5.5146500e+01
   5.9042400e+02   2.1484400e-02
   5.8939400e+02   7.4646500e+01
   5.8836300e+02  -4.0853500e+01
   5.8733300e+02   2.6077100e+02
   5.8630200e+02   1.2739600e+02
   5.8527100e+02  -3.7978500e+01
   5.8424100e+02   2.4521500e+01
   5.8321000e+02   1.0614600e+02
   5.8217900e+02   7.0771500e+01
   5.8114900e+02   9.9396500e+01
   5.8011800e+02  -9.7103500e+01
   5.7908800e+02   2.3252100e+02
   5.7805700e+02  -9.4853500e+01
   5.7702600e+02  -3.6228500e+01
   5.7599600e+02   1.1027100e+02
   5.7496000e+02   1.9896500e+01
   5.7392900e+02   4.9521500e+01
   5.7289800e+02   1.1714600e+02
   5.7186800e+02   1.7646500e+01
   5.7083200e+02   1.8327100e+02
   5.6980100e+02  -7.1035200e+00
   5.6876600e+02  -8.9478500e+01
   5.6773500e+02   3.9021500e+01
   5.6669900e+02   1.3464600e+02
   5.6566800e+02  -8.2728500e+01
   5.6463300e+02  -2.2422900e+02
   5.6360200e+02   2.8639600e+02
   5.6256600e+02   3.1021500e+01
   5.6153000e+02   4.5646500e+01
   5.6050000e+02  -7.9853500e+01
   5.5946400e+02   1.9977100e+02
   5.5842800e+02  -9.6035200e+00
   5.5739200e+02   1.3689600e+02
   5.5635600e+02   2.1521500e+01
   5.5532600e+02   1.5314600e+02
   5.5429000e+02  -1.0322900e+02
   5.5325400e+02  -1.0072900e+02
   5.5221800e+02   8.9896500e+01
   5.5118200e+02   1.2252100e+02
   5.5014600e+02  -7.3978500e+01
   5.4911000e+02   1.0064600e+02
   5.4807500e+02   1.8027100e+02
   5.4703300e+02  -1.7228500e+01
   5.4599800e+02   8.1396500e+01
   5.4496200e+02  -6.3978500e+01
   5.4392600e+02   1.6352100e+02
   5.4289000e+02   1.7146500e+01
   5.4184900e+02   1.7877100e+02
   5.4081300e+02   2.6327100e+02
   5.3977700e+02   1.5389600e+02
   5.3873600e+02   5.3521500e+01
   5.3770000e+02   3.1021500e+01
   5.3665900e+02  -1.0335400e+02
   5.3562300e+02   1.6927100e+02
   5.3458200e+02  -3.1103500e+01
   5.3354600e+02   6.7396500e+01
   5.3250500e+02  -6.0978500e+01
   5.3146400e+02   1.1352100e+02
   5.3042800e+02   2.9146500e+01
   5.2938700e+02   7.7148400e-01
   5.2834600e+02   1.1127100e+02
   5.2731000e+02   2.7989600e+02
   5.2626900e+02   1.3952100e+02
   5.2522800e+02   9.5021500e+01
   5.2418700e+02   2.4646500e+01
   5.2314600e+02   1.0227100e+02
   5.2210500e+02  -2.3228500e+01
   5.2106400e+02   1.2739600e+02
   5.2002300e+02   9.8021500e+01
   5.1898200e+02   1.2552100e+02
   5.1794000e+02   2.2214600e+02
   5.1689900e+02   7.6771500e+01
   5.1585800e+02   1.4127100e+02
   5.1481700e+02   1.3689600e+02
   5.1377600e+02   3.1339600e+02
   5.1273000e+02   2.2002100e+02
   5.1168900e+02  -1.0135400e+02
   5.1064800e+02   4.7146500e+01
   5.0960100e+02   3.6771500e+01
   5.0856000e+02   1.4439600e+02
   5.0751900e+02   1.2989600e+02
   5.0647300e+02   2.1752100e+02
   5.0543200e+02   1.6302100e+02
   5.0438500e+02   7.8646500e+01
   5.0334400e+02   1.0827100e+02
   5.0229800e+02  -5.6228500e+01
   5.0125700e+02   1.6239600e+02
   5.0021000e+02   2.0089600e+02
   4.9916400e+02   2.6521500e+01
   4.9812300e+02   2.7146500e+01
   4.9707700e+02   1.3264600e+02
   4.9603000e+02  -7.0728500e+01
   4.9498400e+02  -3.9228500e+01
   4.9394300e+02   2.2739600e+02
   4.9289700e+02  -9.7851600e-01
   4.9185000e+02  -9.4478500e+01
   4.9080400e+02   1.2114600e+02
   4.8975800e+02   2.8164600e+02
   4.8871100e+02   3.2271500e+01
   4.8766500e+02  -1.8103500e+01
   4.8661900e+02   3.1039600e+02
   4.8557200e+02   8.9021500e+01
   4.8452600e+02   2.7952100e+02
   4.8347500e+02  -1.9853500e+01
   4.8242800e+02   1.8364600e+02
   4.8138200e+02   1.4027100e+02
   4.8033600e+02   2.3889600e+02
   4.7928400e+02   2.5039600e+02
   4.7823800e+02  -2.0497900e+02
   4.7719100e+02   2.6152100e+02
   4.7614000e+02   1.8146500e+01
   4.7509400e+02   1.3864600e+02
   4.7404200e+02   2.2271500e+01
   4.7299600e+02   1.9771500e+01
   4.7194400e+02   5.8396500e+01
   4.7089800e+02  -7.8978500e+01
   4.6984600e+02  -8.4478500e+01
   4.6880000e+02  -8.1853500e+01
   4.6774800e+02   1.1164600e+02
   4.6669700e+02   3.3627100e+02
   4.6565000e+02   1.3877100e+02
   4.6459900e+02   1.2739600e+02
   4.6354700e+02  -1.2103500e+01
   4.6249600e+02   1.0352100e+02
   4.6144400e+02  -1.2797900e+02
   4.6039300e+02  -5.3535200e+00
   4.5934100e+02   2.2714600e+02
   4.5829000e+02   2.1277100e+02
   4.5723800e+02   3.8639600e+02
   4.5618600e+02   1.1289600e+02
   4.5513500e+02   9.0521500e+01
   4.5408300e+02   1.5302100e+02
   4.5303200e+02   1.2164600e+02
   4.5198000e+02   5.5146500e+01
   4.5092900e+02   2.5771500e+01
   4.4987700e+02  -3.6728500e+01
   4.4882000e+02   2.0089600e+02
   4.4776900e+02  -4.6035200e+00
   4.4671700e+02   1.9021500e+01
   4.4566000e+02   5.4521500e+01
   4.4460900e+02   1.7714600e+02
   4.4355200e+02   7.7646500e+01
   4.4250100e+02   3.6271500e+01
   4.4144900e+02  -1.5622900e+02
   4.4039200e+02   2.4339600e+02
   4.3933500e+02  -8.5103500e+01
   4.3828400e+02   1.1652100e+02
   4.3722700e+02   3.6021500e+01
   4.3617600e+02   2.9764600e+02
   4.3511900e+02   1.5727100e+02
   4.3406200e+02  -6.2603500e+01
   4.3300500e+02   1.6464800e+00
   4.3195400e+02  -1.7228500e+01
   4.3089700e+02   2.9989600e+02
   4.2984000e+02   1.6214600e+02
   4.2878300e+02   1.8127100e+02
   4.2772600e+02   1.1239600e+02
   4.2667000e+02   2.5664600e+02
   4.2561300e+02   2.8577100e+02
   4.2455600e+02   2.6802100e+02
   4.2349900e+02  -1.3285400e+02
   4.2244300e+02   1.3627100e+02
   4.2138600e+02   3.1152100e+02
   4.2032400e+02   1.3964600e+02
   4.1926700e+02   1.5189600e+02
   4.1821000e+02  -1.4978500e+01
   4.1715300e+02   2.7027100e+02
   4.1609100e+02   9.1396500e+01
   4.1503500e+02   1.9152100e+02
   4.1397800e+02   9.3771500e+01
   4.1291600e+02   1.0389600e+02
   4.1185900e+02   9.2146500e+01
   4.1079700e+02   3.7127100e+02
   4.0974000e+02  -5.2478500e+01
   4.0867800e+02   1.1264600e+02
   4.0762100e+02   9.8964800e+00
   4.0655900e+02   2.3602100e+02
   4.0550300e+02  -1.3072900e+02
   4.0444100e+02   3.0839600e+02
   4.0337900e+02   1.2264600e+02
   4.0231700e+02   2.2877100e+02
   4.0126000e+02  -9.1978500e+01
   4.0019800e+02   2.3814600e+02
   3.9913600e+02   2.0139600e+02
   3.9807400e+02   1.1452100e+02
   3.9701200e+02   1.4777100e+02
   3.9595000e+02   1.3302100e+02
   3.9488800e+02   1.2814600e+02
   3.9382600e+02   2.4939600e+02
   3.9276400e+02  -3.7478500e+01
   3.9170200e+02   2.1177100e+02
   3.9064000e+02   3.2896500e+01
   3.8957800e+02   1.6214600e+02
   3.8851600e+02   1.3739600e+02
   3.8745400e+02   1.5521500e+01
   3.8638600e+02   7.7148400e-01
   3.8532400e+02   2.2389600e+02
   3.8426200e+02   2.5414600e+02
   3.8319500e+02   4.4396500e+01
   3.8213300e+02   1.9852100e+02
   3.8107100e+02   1.8177100e+02
   3.8000400e+02   1.9102100e+02
   3.7894200e+02   1.0714600e+02
   3.7787400e+02   7.6396500e+01
   3.7681200e+02   2.9152100e+02
   3.7574500e+02   2.8677100e+02
   3.7467800e+02   2.3802100e+02
   3.7361600e+02   2.7914600e+02
   3.7254900e+02   2.0839600e+02
   3.7148100e+02   1.8764600e+02
   3.7041900e+02   1.8289600e+02
   3.6935200e+02   1.6602100e+02
   3.6828500e+02   2.4227100e+02
   3.6721800e+02  -1.4047900e+02
   3.6615000e+02   3.2364600e+02
   3.6508300e+02   1.8289600e+02
   3.6401600e+02   1.5814600e+02
   3.6294900e+02   1.7527100e+02
   3.6188100e+02   3.1052100e+02
   3.6081400e+02   1.7577100e+02
   3.5974700e+02   1.8021500e+01
   3.5868000e+02   2.2614600e+02
   3.5761200e+02   1.7139600e+02
   3.5654500e+02   1.3646500e+01
   3.5547800e+02  -4.0103500e+01
   3.5440500e+02   2.8802100e+02
   3.5333800e+02  -3.7728500e+01
   3.5227100e+02   1.9952100e+02
   3.5119800e+02   3.0771500e+01
   3.5013100e+02   1.0302100e+02
   3.4906400e+02   1.1014600e+02
   3.4799100e+02   2.3396500e+01
   3.4692400e+02   2.5864600e+02
   3.4585200e+02   9.2896500e+01
   3.4477900e+02   2.7514600e+02
   3.4371200e+02   3.1927100e+02
   3.4264000e+02   3.4152100e+02
   3.4157200e+02   1.4077100e+02
   3.4050000e+02   3.2014600e+02
   3.3942700e+02   4.5864600e+02
   3.3835500e+02   3.6902100e+02
   3.3728800e+02   1.5752100e+02
   3.3621500e+02   2.7889600e+02
   3.3514300e+02   1.8939600e+02
   3.3407000e+02   1.2277100e+02
   3.3299800e+02   3.0427100e+02
   3.3192500e+02   3.4064600e+02
   3.3085300e+02  -2.2853500e+01
   3.2978000e+02   2.1452100e+02
   3.2870800e+02   1.0402100e+02
   3.2763500e+02   9.0521500e+01
   3.2656300e+02   1.4789600e+02
   3.2549000e+02   2.4039600e+02
   3.2441300e+02  -2.4228500e+01
   3.2334000e+02   1.4327100e+02
   3.2226800e+02   1.6577100e+02
   3.2119500e+02  -5.7853500e+01
   3.2011700e+02   2.6564600e+02
   3.1904500e+02   2.6714600e+02
   3.1796700e+02   1.5352100e+02
   3.1689500e+02   2.6102100e+02
   3.1582200e+02   1.6852100e+02
   3.1474500e+02   1.7489600e+02
   3.1366700e+02  -7.8603500e+01
   3.1259400e+02   2.3889600e+02
   3.1151700e+02   2.7239600e+02
   3.1044400e+02   5.3477100e+02
   3.0936600e+02   4.7927100e+02
   3.0828900e+02   4.3277100e+02
   3.0721600e+02   7.3827100e+02
   3.0613900e+02   8.2864600e+02
   3.0506100e+02   9.7914600e+02
   3.0398300e+02   9.9164600e+02
   3.0290500e+02   1.2731500e+03
   3.0182800e+02   1.3266500e+03
   3.0075000e+02   1.2101500e+03
   2.9967200e+02   1.0525200e+03
   2.9859500e+02   8.8102100e+02
   2.9751700e+02   8.1652100e+02
   2.9643900e+02   8.3002100e+02
   2.9536100e+02   9.0521500e+01
   2.9428400e+02   3.4402100e+02
   2.9320600e+02   2.6952100e+02
   2.9212800e+02   3.6802100e+02
   2.9104500e+02   3.8952100e+02
   2.8996800e+02   1.3102100e+02
   2.8889000e+02   2.0652100e+02
   2.8780700e+02   1.4802100e+02
   2.8672900e+02   2.1952100e+02
   2.8564600e+02   8.6021500e+01
   2.8456900e+02   1.5752100e+02
   2.8349100e+02   1.9002100e+02
   2.8240800e+02   5.5214800e+00
   2.8132500e+02   1.8402100e+02
   2.8024700e+02   2.2752100e+02
   2.7916400e+02   7.9021500e+01
   2.7808700e+02   1.5352100e+02
   2.7700400e+02   1.4021500e+01
   2.7592100e+02   1.2552100e+02
   2.7483800e+02   8.1021500e+01
   2.7376000e+02   1.6164600e+02
   2.7267700e+02   3.2514600e+02
   2.7159400e+02  -6.5353500e+01
   2.7051100e+02   1.0414600e+02
   2.6942800e+02   6.4648400e-01
   2.6834500e+02  -8.3853500e+01
   2.6726200e+02   1.9077100e+02
   2.6618000e+02   6.9271500e+01
   2.6509700e+02   1.3477100e+02
   2.6401400e+02  -3.9853500e+01
   2.6293100e+02   1.1227100e+02
   2.6184800e+02   4.3521500e+01
   2.6076000e+02  -3.4353500e+01
   2.5967700e+02  -4.4103500e+01
   2.5859400e+02   1.7914600e+02
   2.5750500e+02   3.6271500e+01
   2.5642300e+02   1.0452100e+02
   2.5534000e+02  -4.3228500e+01
   2.5425100e+02   6.0896500e+01
   2.5316800e+02   8.8146500e+01
   2.5208000e+02   1.8939600e+02
   2.5099700e+02   1.7164600e+02
   2.4990900e+02   4.2277100e+02
   2.4882600e+02   2.1502100e+02
   2.4773800e+02   1.4627100e+02
   2.4665000e+02   1.8652100e+02
   2.4556700e+02   1.7977100e+02
   2.4447900e+02   7.1021500e+01
   2.4339100e+02   1.2527100e+02
   2.4230800e+02   3.0552100e+02
   2.4121900e+02   1.3577100e+02
   2.4013100e+02   1.6702100e+02
   2.3904300e+02   1.4827100e+02
   2.3795500e+02   4.5521500e+01
   2.3686700e+02   4.7714800e+00
   2.3577900e+02   8.2021500e+01
   2.3469000e+02   1.5627100e+02
   2.3360200e+02   1.6252100e+02
   2.3251400e+02   9.9771500e+01
   2.3142600e+02   1.1414600e+02
   2.3033800e+02   4.6139600e+02
   2.2924400e+02   2.1064600e+02
   2.2815600e+02   3.2896500e+01
   2.2706800e+02   1.8927100e+02
   2.2598000e+02   1.3252100e+02
   2.2488600e+02   4.1771500e+01
   2.2379800e+02   1.2102100e+02
   2.2270500e+02   1.1939600e+02
   2.2161700e+02   1.2564600e+02
   2.2052800e+02   1.1402100e+02
   2.1943500e+02   1.5127100e+02
   2.1834700e+02   3.2952100e+02
   2.1725300e+02   4.1689600e+02
   2.1616000e+02   2.5214600e+02
   2.1507200e+02   7.5214800e+00
   2.1397800e+02   1.4577100e+02
   2.1288500e+02  -9.8535200e+00
   2.1179700e+02   3.2839600e+02
   2.1070300e+02   7.9771500e+01
   2.0961000e+02   1.1014600e+02
   2.0851700e+02   1.1639600e+02
   2.0742300e+02   3.7877100e+02
   2.0633000e+02   4.1464800e+00
   2.0523600e+02   2.1439600e+02
   2.0414300e+02   4.6477100e+02
   2.0305000e+02   2.1014600e+02
   2.0195600e+02   1.6852100e+02
   2.0086300e+02  -3.7228500e+01
   1.9976900e+02   2.1314600e+02
   1.9867600e+02   1.2521500e+01
   1.9758300e+02   1.4989600e+02
   1.9648900e+02   1.6027100e+02
   1.9539100e+02   5.3646500e+01
   1.9429700e+02   6.2896500e+01
   1.9320400e+02   1.1389600e+02
   1.9210500e+02   1.4652100e+02
   1.9101200e+02   2.0614600e+02
   1.8991300e+02   9.4771500e+01
   1.8882000e+02   1.6521500e+01
   1.8772100e+02   1.8146500e+01
   1.8662800e+02   1.3389600e+02
   1.8552900e+02   2.2052100e+02
   1.8443600e+02   4.4327100e+02
   1.8333700e+02   5.0689600e+02
   1.8223800e+02   6.7464600e+02
   1.8114500e+02   9.9239600e+02
   1.8004600e+02   1.2250200e+03
   1.7894800e+02   1.5367700e+03
   1.7784900e+02   1.5135200e+03
   1.7675600e+02   8.1827100e+02
   1.7565700e+02   7.8502100e+02
   1.7455800e+02   5.9864600e+02
   1.7346000e+02   3.8439600e+02
   1.7236100e+02   3.8514600e+02
   1.7126200e+02   5.8402100e+02
   1.7016400e+02   4.5577100e+02
   1.6906500e+02   3.6152100e+02
   1.6796600e+02   4.1527100e+02
   1.6686300e+02   4.5702100e+02
   1.6576400e+02   3.1189600e+02
   1.6466500e+02   2.3664600e+02
   1.6356700e+02   2.9939600e+02
   1.6246800e+02   2.0327100e+02
   1.6136400e+02   2.5702100e+02
   1.6026500e+02  -1.0103500e+01
   1.5916200e+02   3.7764600e+02
   1.5806300e+02  -8.0478500e+01
   1.5696400e+02  -1.2772900e+02
   1.5586000e+02  -1.1647900e+02
   1.5476200e+02   4.0396500e+01
   1.5365800e+02   1.7627100e+02
   1.5255400e+02   3.2614600e+02
   1.5145500e+02   3.2402100e+02
   1.5035200e+02   4.8189600e+02
   1.4924800e+02   4.7089600e+02
   1.4814900e+02   2.8077100e+02
   1.4704500e+02   4.1977100e+02
   1.4594100e+02   6.5464600e+02
   1.4483700e+02   6.4164600e+02
   1.4373400e+02   3.8764600e+02
   1.4263000e+02   3.8064600e+02
   1.4152600e+02   4.1577100e+02
   1.4042200e+02   3.2677100e+02
   1.3931800e+02   4.9377100e+02
   1.3821400e+02   3.5689600e+02
   1.3711000e+02   3.4502100e+02
   1.3600600e+02   2.3314600e+02
   1.3490300e+02   2.7327100e+02
   1.3379900e+02   4.5439600e+02
   1.3269500e+02   4.7252100e+02
   1.3158600e+02   6.3464600e+02
   1.3048200e+02   5.8989600e+02
   1.2937800e+02   5.7002100e+02
   1.2826900e+02   6.8427100e+02
   1.2716500e+02   5.9952100e+02
   1.2606100e+02   7.2964600e+02
   1.2495200e+02   5.7464600e+02
   1.2384800e+02   4.6852100e+02
   1.2273900e+02   3.9852100e+02
   1.2163500e+02   3.9952100e+02
   1.2052600e+02   1.8452100e+02
   1.1941700e+02   1.0521500e+01
   1.1831300e+02   1.2064600e+02
   1.1720400e+02   3.3177100e+02
   1.1609500e+02   2.2189600e+02
   1.1498600e+02   2.7802100e+02
   1.1388200e+02   4.2714600e+02
   1.1277300e+02   6.1539600e+02
   1.1166400e+02   6.5364600e+02
   1.1055500e+02   7.7389600e+02
   1.0944600e+02   7.4014600e+02
   1.0833600e+02   6.5352100e+02
   1.0731600e+02   4.9577100e+02
   1.0629600e+02   3.8514600e+02
   1.0527600e+02   1.7852100e+02
   1.0425600e+02   2.1484400e-02
