206.380 100.000
206.862 107.963
207.344 102.107
207.826 100.327
208.308 113.990
208.790 128.018
209.273 138.243
209.755 145.519
210.237 165.134
210.719 157.627
211.201 146.830
211.683 138.477
212.165 132.816
212.648 125.323
213.130 109.234
213.612 105.808
214.094 108.919
214.576 103.440
215.058 118.380
215.540 123.395
216.022 118.535
216.504 115.163
216.986 117.620
217.469 122.216
217.951 125.997
218.433 128.986
218.915 129.504
219.397 123.101
219.879 110.789
220.361 105.450
220.844 113.238
221.326 126.951
221.808 141.106
222.290 156.094
222.772 165.058
223.254 159.444
223.736 142.147
224.218 128.556
224.700 120.814
225.182 119.648
225.665 128.105
226.147 146.025
226.629 159.394
227.111 155.305
227.593 139.821
228.075 134.072
228.557 145.910
229.040 160.713
229.522 163.697
230.004 156.244
230.486 148.003
230.968 141.766
231.450 137.828
231.932 136.632
232.414 137.975
232.896 142.822
233.378 155.344
233.861 173.514
234.343 187.602
234.825 194.484
235.307 195.550
235.789 191.288
236.271 180.619
236.753 169.848
237.235 163.876
237.718 162.086
238.200 163.145
238.682 170.148
239.164 178.050
239.646 180.879
240.128 178.231
240.610 174.148
241.092 170.814
241.574 168.339
242.057 166.941
242.539 167.871
243.021 169.001
243.503 168.444
243.985 166.359
244.467 164.497
244.949 164.498
245.431 165.393
245.913 163.534
246.396 153.851
246.878 146.434
247.360 149.473
247.842 160.208
248.324 168.358
248.806 168.346
249.288 162.810
249.770 160.021
250.253 158.453
250.735 161.030
251.217 173.425
251.699 190.402
252.181 200.804
252.663 199.516
253.145 191.091
253.627 185.191
254.109 180.717
254.592 180.222
255.074 186.550
255.556 196.360
256.038 205.818
256.520 213.809
257.002 220.245
257.484 224.945
257.966 227.345
258.449 228.937
258.931 225.493
259.413 223.750
259.895 231.893
260.377 250.629
260.859 272.333
261.341 288.329
261.823 291.393
262.306 293.528
262.788 298.122
263.270 300.685
263.752 300.324
264.234 296.553
264.716 297.701
265.198 311.699
265.680 339.623
266.162 360.703
266.645 376.737
267.127 385.267
267.609 377.506
268.091 361.844
268.573 356.952
269.055 376.873
269.537 417.977
270.019 448.195
270.501 458.220
270.984 466.213
271.466 471.970
271.948 477.896
272.430 487.898
272.912 503.212
273.394 520.875
273.876 532.316
274.358 529.812
274.841 533.702
275.323 552.589
275.805 574.906
276.287 588.201
276.769 588.670
277.251 587.049
277.733 602.569
278.215 643.343
278.698 675.773
279.180 685.055
279.662 693.258
280.144 716.211
280.626 754.690
281.108 794.204
281.590 818.798
282.072 827.528
282.554 840.079
283.036 856.839
283.519 879.038
284.001 911.032
284.483 949.839
284.965 985.323
285.447 1010.91
285.929 1027.63
286.411 1038.40
286.893 1037.64
287.376 1041.91
287.858 1060.95
288.340 1091.07
288.822 1126.94
289.304 1173.56
289.786 1219.81
290.268 1245.79
290.750 1247.96
291.233 1252.38
291.715 1279.61
292.197 1314.53
292.679 1332.75
293.161 1325.77
293.643 1310.25
294.125 1300.44
294.607 1294.47
295.089 1279.24
295.572 1245.51
296.054 1204.46
296.536 1178.51
297.018 1173.97
297.500 1161.18
297.982 1125.07
298.464 1073.43
298.946 1018.87
299.428 964.158
299.911 909.769
300.393 854.898
300.875 798.789
301.357 747.751
301.839 702.487
302.321 662.621
302.803 631.566
303.285 608.073
303.767 580.487
304.250 535.999
304.732 472.805
305.214 427.784
305.696 411.670
306.178 400.088
306.660 383.560
307.142 362.832
307.625 341.319
308.107 320.977
308.589 301.757
309.071 283.367
309.553 269.342
310.035 252.007
310.517 225.309
310.999 197.038
311.481 176.014
311.964 165.590
312.446 162.501
312.928 162.404
313.410 172.611
313.892 169.533
314.374 140.635
314.856 108.892
315.338 113.372
315.820 123.637
316.303 123.838
316.785 110.758
317.267 117.983
317.749 130.593
318.231 111.531
318.713 107.620
319.195 110.710
319.677 103.268
320.159 100.028
320.642 112.191
321.124 133.608
321.606 147.323
322.088 152.919
322.570 152.078
323.052 141.923
323.534 127.066
324.016 112.557
324.499 100.507
324.981 112.651
325.463 124.472
325.945 135.917
326.427 146.730
326.909 158.918
327.391 167.994
327.873 165.621
328.355 148.703
328.838 138.253
329.320 148.731
329.802 170.829
330.284 187.928
330.766 196.563
331.248 201.238
331.730 206.049
332.212 211.004
332.694 216.622
333.177 219.211
333.659 225.356
334.141 242.719
334.623 269.484
335.105 295.432
335.587 313.446
336.069 324.635
336.552 340.313
337.034 361.074
337.516 384.866
337.998 413.081
338.480 443.706
338.962 472.983
339.444 499.402
339.926 526.844
340.408 562.534
340.891 606.339
341.373 660.444
341.855 740.019
342.337 817.221
342.819 867.760
343.301 892.725
343.783 915.993
344.265 965.712
344.747 1044.42
345.230 1101.84
345.712 1126.88
346.194 1141.52
346.676 1155.11
347.158 1164.76
347.640 1164.10
348.122 1148.97
348.604 1122.63
349.086 1093.59
349.569 1064.35
350.051 1021.66
350.533 944.925
351.015 859.353
351.497 793.267
351.979 754.738
352.461 719.647
352.944 665.218
353.426 598.042
353.908 544.817
354.390 514.401
354.872 495.044
355.354 474.763
355.836 453.768
356.318 432.829
356.800 409.291
357.283 387.775
357.765 374.789
358.247 370.004
358.729 366.047
359.211 357.677
359.693 345.287
360.175 333.227
360.657 321.041
361.139 309.723
361.622 299.212
362.104 289.822
362.586 281.953
363.068 275.809
363.550 271.276
364.032 267.988
364.514 263.499
364.996 265.120
365.478 279.137
365.961 293.572
366.443 301.757
366.925 302.627
367.407 297.471
367.889 285.850
368.371 267.947
368.853 254.493
369.335 246.069
369.818 241.749
370.300 241.843
370.782 245.205
371.264 250.770
371.746 259.125
372.228 267.002
372.710 272.853
373.192 276.095
373.674 274.103
374.157 261.753
374.639 249.109
375.121 248.566
375.603 261.407
376.085 269.849
376.567 259.598
377.049 239.692
377.531 227.727
378.013 226.325
378.496 227.431
378.978 224.758
379.460 218.784
379.942 212.982
380.424 207.472
380.906 203.472
381.388 202.935
381.871 204.523
382.353 204.072
382.835 198.476
383.317 190.646
383.799 188.879
384.281 206.188
384.763 211.927
385.245 194.528
385.727 173.152
386.210 162.978
386.692 166.253
387.174 176.464
387.656 188.623
388.138 203.368
388.620 210.215
389.102 204.448
389.584 195.547
390.066 183.507
390.549 171.167
391.031 162.925
391.513 160.656
391.995 163.453
392.477 171.779
392.959 186.581
393.441 198.268
393.923 205.897
394.405 207.024
394.888 197.560
395.370 176.579
395.852 157.295
396.334 143.644
396.816 136.879
397.298 143.160
397.780 164.331
398.263 183.310
398.745 183.905
399.227 166.341
399.709 159.386
400.191 174.275
400.673 188.106
401.155 192.576
401.637 188.414
402.119 175.138
402.602 152.199
403.084 127.332
403.566 117.128
404.048 136.109
404.530 144.879
405.012 134.061
405.494 119.577
405.976 111.699
406.458 112.285
406.941 117.168
407.423 122.458
407.905 127.642
408.387 133.274
408.869 140.227
409.351 147.304
409.833 158.667
410.315 168.240
410.797 166.611
411.280 149.589
411.762 131.694
412.244 126.171
412.726 131.397
413.208 139.688
413.690 151.912
414.172 162.205
414.654 160.209
415.137 147.244
415.619 139.982
416.101 145.113
416.583 154.589
417.065 164.469
417.547 173.328
418.029 176.925
418.511 172.691
418.993 162.539
419.476 151.531
419.958 133.435
420.440 123.090
420.922 127.165
421.404 135.629
421.886 139.892
422.368 138.378
422.850 134.946
423.332 133.227
423.815 133.264
424.297 134.687
424.779 139.899
425.261 143.314
425.743 141.136
426.225 136.698
426.707 136.190
427.190 143.711
427.672 149.638
428.154 135.751
428.636 103.476
429.118 110.769
429.600 111.151
430.082 140.650
430.564 142.375
431.046 118.279
431.529 101.741
432.011 107.091
432.493 120.272
432.975 130.140
433.457 135.652
433.939 135.613
434.421 127.876
434.903 115.789
435.385 112.245
435.868 128.053
436.350 138.391
436.832 138.860
437.314 134.802
437.796 129.650
438.278 124.732
438.760 121.199
439.242 119.709
439.724 120.237
440.207 126.651
440.689 144.946
441.171 160.927
441.653 171.638
442.135 176.732
442.617 173.925
443.099 160.308
443.581 146.586
444.064 146.535
444.546 158.272
445.028 166.441
445.510 166.739
445.992 164.307
446.474 164.629
446.956 167.420
447.438 169.674
447.921 174.454
448.403 175.602
448.885 164.608
449.367 145.299
449.849 130.542
450.331 127.019
450.813 131.291
451.295 134.613
451.777 136.353
452.259 138.122
452.742 141.370
453.224 143.563
453.706 143.937
454.188 141.807
454.670 135.278
455.152 120.599
455.634 100.879
456.116 108.074
456.599 102.090
457.081 104.656
457.563 106.299
458.045 106.320
458.527 108.463
459.009 113.682
459.491 118.171
459.973 121.175
460.456 121.355
460.938 113.127
461.420 105.159
461.902 120.691
462.384 120.430
462.866 105.693
463.348 101.601
463.830 120.753
464.312 135.311
464.795 132.392
465.277 120.257
465.759 109.934
466.241 105.085
466.723 104.074
467.205 104.972
467.687 108.139
468.169 111.550
468.651 121.835
469.134 125.122
469.616 108.547
470.098 117.238
470.580 131.749
471.062 123.493
471.544 107.193
472.026 102.660
472.508 109.251
472.991 114.731
473.473 115.623
473.955 114.894
474.437 117.069
474.919 122.029
475.401 122.963
475.883 110.831
476.365 100.739
476.848 109.131
477.330 130.110
477.812 143.158
478.294 137.236
478.776 120.550
479.258 112.778
479.740 120.171
480.222 125.554
480.704 128.534
481.186 129.907
481.669 128.645
482.151 125.988
482.633 125.568
483.115 130.932
483.597 139.148
484.079 141.179
484.561 134.981
485.043 134.403
485.526 149.104
486.008 168.089
486.490 177.091
486.972 174.781
487.454 171.082
487.936 167.263
488.418 163.830
488.900 161.169
489.383 159.324
489.865 159.053
490.347 160.833
490.829 164.297
491.311 168.174
491.793 171.938
492.275 176.805
492.757 182.550
493.239 189.610
493.722 201.716
494.204 216.837
494.686 225.367
495.168 216.174
495.650 194.538
496.132 184.959
496.614 190.869
497.096 198.465
497.578 203.822
498.061 207.132
498.543 208.133
499.025 206.333
499.507 204.629
499.989 205.012
500.471 206.021
500.953 206.765
501.435 206.763
501.918 202.169
502.400 188.927
502.882 169.512
503.364 158.279
503.846 162.382
504.328 165.918
504.810 166.184
505.292 166.333
505.775 170.495
506.257 178.284
506.739 184.155
507.221 181.248
507.703 172.232
508.185 172.234
508.667 184.778
509.149 196.160
509.631 201.837
510.114 202.382
510.596 197.021
511.078 183.790
511.560 173.495
512.042 172.547
512.524 176.639
513.006 180.790
513.488 184.447
513.971 187.214
514.453 188.687
514.935 189.715
515.417 194.976
515.899 209.768
516.381 221.663
516.863 226.668
517.345 230.739
517.827 240.256
518.310 256.013
518.792 271.400
519.274 278.462
519.756 278.821
520.238 280.845
520.720 285.212
521.202 295.118
521.684 316.521
522.166 340.028
522.649 349.410
523.131 340.897
523.613 336.104
524.095 346.542
524.577 361.261
525.059 368.871
525.541 369.020
526.023 366.663
526.505 364.148
526.988 362.837
527.470 368.168
527.952 390.498
528.434 398.927
528.916 377.007
529.398 354.032
529.880 348.743
530.362 360.311
530.844 377.852
531.327 401.084
531.809 421.398
532.291 416.058
532.773 385.567
533.255 374.168
533.737 402.566
534.219 446.320
534.701 466.830
535.184 458.432
535.666 470.680
536.148 518.075
536.630 578.587
537.112 643.888
537.594 712.015
538.076 776.987
538.558 835.500
539.041 895.159
539.523 965.469
540.005 1044.52
540.487 1142.78
540.969 1258.11
541.451 1398.09
541.933 1576.78
542.415 1780.94
542.898 1979.39
543.380 2154.62
543.862 2333.85
544.344 2543.10
544.826 2776.13
545.308 3017.85
545.790 3264.85
546.272 3519.79
546.754 3787.30
547.237 4070.02
547.719 4339.48
548.201 4601.92
548.683 4846.53
549.165 5098.99
549.647 5317.79
550.129 5467.32
550.611 5535.44
551.093 5512.11
551.576 5378.50
552.058 5142.67
552.540 4836.05
553.022 4446.37
553.504 4033.87
553.986 3610.35
554.468 3189.87
554.950 2789.72
555.432 2403.95
555.915 2060.02
556.397 1767.37
556.879 1520.24
557.361 1320.48
557.843 1162.20
558.325 1024.89
558.807 895.558
559.289 777.545
559.771 682.025
560.254 614.013
560.736 556.284
561.218 517.662
561.700 479.867
562.182 426.036
562.664 362.808
563.146 315.517
563.628 305.455
564.111 305.790
564.593 286.117
565.075 251.422
565.557 221.435
566.039 201.934
566.521 188.263
567.003 175.354
567.485 163.321
567.968 150.857
568.450 135.581
568.932 122.690
569.414 115.205
569.896 110.333
570.378 102.827
570.860 108.156
571.342 114.735
571.825 104.327
572.307 118.469
572.789 130.611
573.271 130.038
573.753 124.781
574.235 119.151
574.717 111.363
575.199 104.366
575.681 135.854
576.164 154.708
576.646 147.112
577.128 130.163
577.610 113.204
578.092 100.295
578.574 104.359
579.056 105.649
579.538 121.906
580.020 124.172
580.503 107.776
580.985 101.561
581.467 105.077
581.949 113.175
582.431 112.177
582.913 104.686
583.395 101.131
583.877 101.037
584.360 101.293
584.842 108.827
585.324 119.075
585.806 121.677
586.288 114.709
586.770 107.621
587.252 110.866
587.734 123.614
588.216 126.230
588.699 111.384
589.181 103.031
589.663 118.875
590.145 129.415
590.627 124.879
591.109 106.148
591.591 109.423
592.073 107.790
592.555 101.499
593.038 102.580
593.520 103.163
594.002 101.256
594.484 116.589
594.966 135.785
595.448 132.135
595.930 102.651
596.412 130.889
596.895 156.121
597.377 171.939
597.859 168.250
598.341 156.458
598.823 151.870
599.305 159.439
599.787 175.013
600.269 196.577
600.752 222.845
601.234 248.724
601.716 273.435
602.198 300.651
602.680 331.763
603.162 367.189
603.644 409.844
604.126 465.461
604.609 515.647
605.091 547.713
605.573 582.862
606.055 637.104
606.537 706.854
607.019 781.010
607.501 853.638
607.983 926.673
608.465 1005.67
608.948 1090.19
609.430 1167.02
609.912 1235.70
610.394 1292.51
610.876 1331.16
611.358 1354.94
611.840 1380.65
612.322 1429.98
612.804 1451.05
613.287 1420.40
613.769 1360.00
614.251 1287.18
614.733 1206.69
615.215 1120.10
615.697 1027.34
616.179 931.805
616.661 843.090
617.143 762.341
617.626 683.188
618.108 602.024
618.590 525.754
619.072 458.780
619.554 401.375
620.036 359.012
620.518 342.593
621.000 330.146
621.482 310.512
621.965 288.805
622.447 273.495
622.929 265.401
623.411 256.809
623.893 238.712
624.375 215.185
624.857 211.195
625.339 235.305
625.822 251.927
626.304 245.662
626.786 233.980
627.268 234.290
627.750 245.401
628.232 252.941
628.714 248.222
629.196 243.243
629.679 248.169
630.161 258.692
630.643 266.003
631.125 268.140
631.607 269.759
632.089 275.751
632.571 285.860
633.053 297.222
633.536 311.382
634.018 319.505
634.500 312.428
634.982 305.513
635.464 313.456
635.946 336.182
636.428 361.440
636.910 392.557
637.392 416.902
637.875 420.554
638.357 412.835
638.839 412.078
639.321 423.176
639.803 436.338
640.285 439.671
640.767 433.832
641.249 434.124
641.731 442.090
642.214 452.234
642.696 464.129
643.178 476.439
643.660 489.347
644.142 502.957
644.624 510.813
645.106 504.372
645.588 497.192
646.070 501.128
646.553 512.454
647.035 523.395
647.517 530.505
647.999 532.516
648.481 526.175
648.963 512.405
649.445 511.519
649.927 531.503
650.409 545.228
650.892 536.351
651.374 520.886
651.856 517.756
652.338 527.659
652.820 533.094
653.302 527.082
653.784 519.932
654.266 516.249
654.749 515.282
655.231 516.191
655.713 518.302
656.195 518.101
656.677 511.915
657.159 499.711
657.641 478.964
658.123 443.828
658.606 417.438
659.088 411.597
659.570 415.789
660.052 418.234
660.534 419.177
661.016 414.456
661.498 399.770
661.980 382.674
662.463 362.673
662.945 345.120
663.427 341.637
663.909 353.815
664.391 366.540
664.873 360.613
665.355 341.226
665.837 340.274
666.319 361.836
666.802 379.509
667.284 381.419
667.766 378.886
668.248 387.537
668.730 407.835
669.212 424.824
669.694 429.536
670.176 439.442
670.658 466.903
671.141 501.438
671.623 530.948
672.105 552.369
672.587 567.274
673.069 572.686
673.551 574.896
674.033 592.305
674.515 625.099
674.997 661.641
675.480 701.627
675.962 735.960
676.444 752.059
676.926 748.659
677.408 753.877
677.890 772.060
678.372 792.181
678.854 812.500
679.336 833.651
679.819 857.028
680.301 882.231
680.783 906.838
681.265 930.078
681.747 950.716
682.229 965.285
682.711 974.908
683.193 984.366
683.676 994.278
684.158 1009.86
684.640 1038.45
685.122 1077.45
685.604 1100.13
686.086 1096.29
686.568 1091.69
687.050 1083.95
687.532 1081.52
688.015 1092.66
688.497 1113.36
688.979 1132.16
689.461 1148.56
689.943 1155.53
690.425 1139.60
690.907 1114.78
691.390 1106.66
691.872 1114.47
692.354 1118.65
692.836 1105.45
693.318 1082.81
693.800 1074.90
694.282 1087.11
694.764 1081.46
695.246 1040.47
695.729 1001.50
696.211 991.664
696.693 998.144
697.175 995.708
697.657 979.154
698.139 958.182
698.621 933.240
699.103 909.257
699.585 888.662
700.068 870.965
700.550 856.643
701.032 846.708
701.514 838.744
701.996 829.538
702.478 819.039
702.960 805.851
703.442 790.558
703.924 768.421
704.407 731.503
704.889 691.214
705.371 669.903
705.853 673.867
706.335 676.406
706.817 680.589
707.299 675.691
707.781 650.119
708.263 616.776
708.746 592.402
709.228 580.693
709.710 573.906
710.192 566.516
710.674 559.893
711.156 557.204
711.638 557.651
712.120 557.623
712.603 555.979
713.085 547.573
713.567 523.539
714.049 484.483
714.531 465.842
715.013 485.186
715.495 496.288
715.977 486.788
716.459 469.187
716.942 450.636
717.424 431.923
717.906 413.744
718.388 393.096
718.870 377.173
719.352 376.073
719.834 381.069
720.317 376.571
720.799 360.471
721.281 341.556
721.763 325.750
722.245 311.774
722.727 294.836
723.209 274.282
723.691 264.792
724.173 272.635
724.656 279.494
725.138 274.157
725.620 259.097
726.102 240.289
726.584 212.392
727.066 193.351
727.548 192.391
728.030 193.295
728.513 186.887
728.995 175.965
729.477 166.037
729.959 158.895
730.441 152.470
730.923 143.499
731.405 134.746
731.887 133.453
732.369 138.090
732.852 138.272
733.334 129.945
733.816 117.509
734.298 105.489
734.780 106.141
735.262 110.234
735.744 101.497
736.226 104.505
736.708 101.643
737.191 103.799
737.673 107.295
738.155 108.754
738.637 108.834
739.119 108.241
739.601 105.470
740.083 102.374
740.565 111.520
741.047 117.813
741.530 120.819
742.012 122.092
742.494 122.876
742.976 121.726
743.458 114.993
743.940 103.683
744.422 107.378
744.904 118.053
745.386 123.781
745.869 120.791
746.351 112.403
746.833 105.941
747.315 100.877
747.797 100.185
748.279 125.965
748.761 140.357
749.244 115.562
749.726 120.002
750.208 124.237
750.690 110.055
751.172 133.864
751.654 112.342
752.136 118.491
752.618 126.991
753.100 120.760
753.583 116.550
754.065 118.548
754.547 121.309
755.029 120.489
755.511 116.042
755.993 105.166
756.475 112.928
756.957 120.501
757.440 111.819
757.922 102.292
758.404 115.278
758.886 126.216
759.368 130.154
759.850 119.662
760.332 112.870
760.814 113.572
761.296 114.489
761.779 112.786
762.261 108.041
762.743 102.061
763.225 119.696
763.707 130.859
764.189 122.764
764.671 106.464
765.153 108.231
765.635 119.616
766.118 125.111
766.600 123.944
767.082 118.746
767.564 111.561
768.046 103.082
768.528 103.540
769.010 108.687
769.492 107.395
769.974 104.443
770.457 117.520
770.939 122.675
771.421 120.443
771.903 118.364
772.385 114.111
772.867 113.367
773.349 119.394
773.831 126.486
774.313 131.229
774.796 134.098
775.278 138.168
775.760 146.342
776.242 147.257
776.724 122.464
777.206 106.205
777.688 110.617
778.170 105.169
778.653 125.184
779.135 142.928
779.617 156.396
780.099 162.793
780.581 162.697
781.063 158.312
781.545 149.015
782.027 140.855
782.510 134.102
782.992 133.105
783.474 144.816
783.956 167.896
784.438 180.639
784.920 173.870
785.402 169.266
785.884 171.626
786.367 174.092
786.849 170.896
787.331 164.726
787.813 162.650
788.295 167.791
788.777 172.240
789.259 172.615
789.741 169.761
790.223 161.430
790.706 151.105
791.188 147.407
791.670 152.905
792.152 159.775
792.634 159.078
793.116 153.267
793.598 151.189
794.080 152.304
794.562 149.362
795.045 139.244
795.527 132.368
796.009 140.634
796.491 160.189
796.973 164.637
797.455 144.798
797.937 130.724
798.419 129.551
798.901 129.346
799.384 120.772
799.866 109.268
800.348 106.126
800.830 115.016
801.312 123.033
801.794 125.886
802.276 127.183
802.758 128.181
803.240 129.833
803.723 134.397
804.205 142.056
804.687 148.602
805.169 150.215
805.651 149.257
806.133 149.295
806.615 149.256
807.097 143.906
807.580 132.294
808.062 125.645
808.544 133.117
809.026 147.072
809.508 151.161
809.990 143.303
810.472 141.479
810.954 150.054
811.437 154.988
811.919 144.854
812.401 130.932
812.883 135.246
813.365 165.162
813.847 180.144
814.329 169.977
814.811 156.773
815.294 142.454
815.776 132.564
816.258 132.889
816.740 141.765
817.222 150.417
817.704 156.349
818.186 160.225
818.668 162.949
819.150 163.613
819.633 160.479
820.115 154.087
820.597 144.491
821.079 131.183
821.561 121.322
822.043 127.528
822.525 144.962
823.007 156.522
823.489 161.962
823.972 170.586
824.454 186.478
824.936 193.900
825.418 172.472
825.900 127.566
826.382 106.300
826.864 117.085
827.346 123.019
827.828 113.604
828.311 107.613
828.793 122.321
829.275 149.148
829.757 162.873
830.239 158.296
830.721 154.005
831.203 153.300
831.685 151.126
832.167 143.730
832.650 134.388
833.132 126.340
833.614 120.323
834.096 117.357
834.578 117.285
835.060 119.758
835.542 132.518
836.024 146.861
836.507 144.532
836.989 127.709
837.471 115.988
837.953 120.818
838.435 130.283
838.917 124.050
839.399 109.583
839.881 117.523
840.364 146.138
840.846 155.645
841.328 128.702
841.810 104.892
842.292 107.125
842.774 118.168
843.256 130.147
843.738 124.837
844.221 122.154
844.703 127.842
845.185 133.235
845.667 130.897
846.149 123.295
846.631 119.075
847.113 117.607
847.595 120.902
848.077 137.613
848.560 149.117
849.042 144.823
849.524 132.879
850.006 122.194
850.488 114.007
850.970 108.864
851.452 105.757
851.934 107.154
852.416 119.117
852.899 133.049
853.381 137.968
853.863 135.544
854.345 135.419
854.827 142.622
855.309 149.313
855.791 143.641
856.273 134.042
856.755 140.204
857.238 156.800
857.720 157.445
858.202 134.569
858.684 111.737
859.166 114.407
859.648 133.445
860.130 137.038
860.612 125.246
861.094 116.360
861.577 113.602
862.059 112.383
862.541 108.778
863.023 106.357
863.505 115.347
863.987 141.460
864.469 152.957
864.951 143.611
865.434 130.971
865.916 117.554
866.398 106.432
866.880 101.273
867.362 101.645
867.844 103.850
868.326 109.424
868.808 114.468
869.291 120.125
869.773 123.401
870.255 119.768
870.737 113.122
871.219 111.773
871.701 118.311
872.183 121.468
872.665 111.949
873.148 101.531
873.630 100.463
874.112 101.767
874.594 100.905
875.076 103.028
875.558 103.286
876.040 105.043
876.522 115.753
877.004 122.121
877.487 125.886
877.969 133.252
878.451 141.937
878.933 137.747
879.415 115.582
879.897 105.462
880.379 100.229
880.861 123.243
881.343 126.895
881.826 112.507
882.308 104.478
882.790 108.321
883.272 113.022
883.754 111.095
884.236 106.423
884.718 108.060
885.200 116.676
885.682 119.749
886.165 115.120
886.647 112.354
887.129 115.846
887.611 121.202
888.093 124.128
888.575 124.562
889.057 120.998
889.539 105.925
890.021 101.403
890.504 102.098
890.986 111.830
891.468 129.643
891.950 150.158
892.432 165.149
892.914 174.742
893.396 172.798
893.878 142.148
894.361 119.036
894.843 124.620
895.325 141.117
895.807 154.092
896.289 160.583
896.771 158.712
897.253 144.456
897.735 131.391
898.218 129.727
898.700 131.473
899.182 127.961
899.664 121.730
900.146 119.849
900.628 124.058
901.110 128.994
901.592 130.068
902.075 131.059
902.557 138.423
903.039 148.900
903.521 156.793
904.003 160.830
904.485 157.959
904.967 146.723
905.449 137.494
905.931 147.690
906.414 170.880
906.896 186.471
907.378 194.132
907.860 186.880
908.342 162.872
908.824 143.181
909.306 145.320
909.788 160.126
910.270 162.935
910.753 152.805
911.235 147.982
911.717 149.612
912.199 155.190
912.681 165.027
913.163 174.846
913.645 180.672
914.127 182.524
914.610 179.510
915.092 168.409
915.574 161.149
916.056 159.364
916.538 161.246
917.020 170.204
917.502 179.268
917.984 173.324
918.466 147.092
918.949 134.266
919.431 144.785
919.913 155.110
920.395 166.073
920.877 170.850
921.359 157.772
921.841 134.986
922.323 126.534
922.805 141.322
923.288 152.307
923.770 153.585
924.252 150.732
924.734 141.975
925.216 133.443
925.698 133.517
926.180 141.090
926.662 145.783
927.145 143.602
927.627 138.870
928.109 130.213
928.591 122.843
929.073 123.185
929.555 127.307
930.037 126.990
930.519 120.902
931.002 116.477
931.484 118.549
931.966 123.864
932.448 130.535
932.930 138.160
933.412 149.214
933.894 160.755
934.376 162.679
934.859 151.566
935.341 139.297
935.823 139.235
936.305 144.286
936.787 143.618
937.269 138.921
937.751 135.281
938.233 134.011
938.715 131.736
939.198 126.184
939.680 118.729
940.162 111.234
940.644 103.304
941.126 110.056
941.608 125.711
942.090 124.963
942.572 103.749
943.054 118.599
943.537 126.588
944.019 125.021
944.501 122.012
944.983 118.382
945.465 123.076
945.947 136.171
946.429 139.665
946.911 126.176
947.393 108.088
947.876 102.375
948.358 104.675
948.840 107.134
949.322 133.901
949.804 147.693
950.286 143.839
950.768 137.955
951.250 138.013
951.732 138.592
952.215 130.479
952.697 114.575
953.179 110.540
953.661 121.664
954.143 128.283
954.625 126.341
955.107 121.641
955.589 116.590
956.072 112.806
956.554 114.033
957.036 121.237
957.518 124.874
958.000 122.621
958.482 122.973
958.964 128.781
959.446 136.422
959.929 146.203
960.411 154.197
960.893 147.836
961.375 120.040
961.857 101.804
962.339 104.020
962.821 104.950
963.303 102.666
963.786 103.534
964.268 117.756
964.750 135.792
965.232 145.924
965.714 146.111
966.196 142.401
966.678 127.437
967.160 117.810
967.642 127.483
968.125 139.522
968.607 133.963
969.089 113.702
969.571 102.146
970.053 100.114
970.535 107.305
971.017 135.278
971.499 159.110
971.981 169.264
972.464 168.234
972.946 154.969
973.428 131.042
973.910 115.361
974.392 112.000
974.874 114.880
975.356 134.000
975.838 147.197
976.320 132.541
976.803 109.004
977.285 107.617
977.767 130.792
978.249 144.620
978.731 132.811
979.213 123.706
979.695 126.416
980.177 133.233
980.659 140.439
981.142 147.333
981.624 154.150
982.106 160.969
982.588 163.775
983.070 160.349
983.552 154.183
984.034 143.448
984.516 133.350
984.999 126.757
985.481 124.376
985.963 129.813
986.445 144.623
986.927 150.051
987.409 127.127
987.891 109.258
988.373 119.320
988.856 134.574
989.338 132.290
989.820 118.950
990.302 114.769
990.784 125.721
991.266 130.491
991.748 112.310
992.230 104.069
992.713 100.881
993.195 106.348
993.677 102.110
994.159 119.170
994.641 122.556
995.123 105.250
995.605 114.543
996.087 134.842
996.569 148.288
997.052 146.321
997.534 138.773
998.016 134.654
998.498 134.361
998.980 134.552
999.462 133.990
999.944 135.737
1000.43 144.637
1000.91 153.369
1001.39 157.528
1001.87 159.279
1002.35 159.426
1002.84 159.594
1003.32 164.406
1003.80 176.641
1004.28 184.973
1004.77 183.224
1005.25 177.201
1005.73 169.750
1006.21 160.320
1006.69 144.424
1007.18 126.112
1007.66 119.245
1008.14 130.028
1008.62 141.544
1009.10 144.851
1009.59 148.217
1010.07 161.355
1010.55 173.719
1011.03 170.994
1011.52 156.879
1012.00 145.714
1012.48 141.457
1012.96 141.504
1013.44 151.929
1013.93 157.982
1014.41 143.447
1014.89 126.016
1015.37 127.065
1015.85 142.404
1016.34 153.492
1016.82 155.046
1017.30 154.328
1017.78 151.724
1018.27 150.393
1018.75 155.602
1019.23 160.079
1019.71 156.565
1020.19 145.427
1020.67 127.806
1021.16 100.562
1021.64 111.640
1022.12 126.590
1022.60 155.486
1023.09 136.182
1023.57 104.544
1024.05 106.425
1024.53 100.007
1025.01 107.326
1025.50 113.321
1025.98 116.086
1026.46 111.812
1026.94 108.669
1027.43 108.701
1027.91 112.232
1028.39 121.327
1028.87 133.768
1029.35 144.953
1029.83 153.841
1030.32 161.588
1030.80 172.409
1031.28 177.605
1031.76 173.098
1032.25 163.253
1032.73 143.892
1033.21 123.719
1033.69 123.676
1034.17 149.801
1034.66 170.329
1035.14 182.708
1035.62 188.593
1036.10 184.275
1036.58 177.388
1037.07 167.993
1037.55 161.203
1038.03 171.222
1038.51 204.373
1039.00 214.160
1039.48 176.519
1039.96 152.407
1040.44 158.261
1040.92 168.623
1041.41 168.665
1041.89 165.112
1042.37 169.554
1042.85 182.629
1043.33 192.614
1043.82 201.030
1044.30 202.771
1044.78 194.354
1045.26 183.900
1045.74 172.776
1046.23 165.019
1046.71 167.189
1047.19 178.697
1047.67 187.586
1048.16 195.329
1048.64 194.624
1049.12 180.878
1049.60 169.868
1050.08 169.314
1050.57 171.547
1051.05 165.204
1051.53 152.823
1052.01 155.938
1052.49 180.587
1052.98 186.277
1053.46 165.737
1053.94 149.490
1054.42 149.901
1054.91 154.135
1055.39 149.139
1055.87 138.655
1056.35 134.244
1056.83 135.936
1057.32 142.485
1057.80 154.135
1058.28 156.671
1058.76 145.444
1059.24 134.548
1059.73 135.491
1060.21 142.913
1060.69 147.612
1061.17 149.294
1061.66 143.332
1062.14 131.725
1062.62 130.976
1063.10 143.281
1063.58 151.914
1064.07 145.770
1064.55 135.734
1065.03 137.237
1065.51 146.507
1065.99 158.097
1066.48 168.909
1066.96 168.395
1067.44 156.907
1067.92 143.137
1068.41 130.986
1068.89 126.150
1069.37 142.323
1069.85 162.359
1070.33 158.919
1070.81 144.749
1071.30 142.270
1071.78 150.024
1072.26 155.589
1072.74 154.829
1073.23 150.931
1073.71 145.155
1074.19 138.252
1074.67 129.214
1075.15 120.734
1075.64 112.450
1076.12 108.237
1076.60 119.531
1077.08 145.249
1077.56 159.079
1078.05 142.325
1078.53 125.757
1079.01 125.298
1079.49 127.125
1079.98 121.439
1080.46 114.677
1080.94 118.255
1081.42 130.846
1081.90 140.621
1082.39 149.789
1082.87 147.383
1083.35 116.202
1083.83 107.653
1084.31 106.133
1084.80 104.603
1085.28 114.668
1085.76 121.723
1086.24 117.271
1086.72 107.246
1087.21 107.897
1087.69 137.218
1088.17 165.108
1088.65 157.578
1089.14 142.469
1089.62 135.331
1090.10 132.261
1090.58 126.529
1091.06 118.220
1091.55 112.177
1092.03 108.562
1092.51 105.204
1092.99 100.159
1093.47 106.167
1093.96 132.104
1094.44 156.591
1094.92 153.688
1095.40 131.942
1095.89 121.458
1096.37 121.375
1096.85 120.194
1097.33 117.366
1097.81 116.888
1098.30 119.835
1098.78 122.515
1099.26 122.069
1099.74 120.101
1100.22 119.340
1100.71 118.983
1101.19 116.658
1101.67 113.130
1102.15 109.502
1102.64 106.966
1103.12 110.318
1103.60 122.062
1104.08 132.889
1104.56 133.040
1105.05 129.377
1105.53 126.737
1106.01 126.436
1106.49 132.147
1106.97 141.105
1107.46 147.426
1107.94 149.590
1108.42 147.029
1108.90 135.021
1109.39 125.685
1109.87 124.758
1110.35 128.255
1110.83 139.900
1111.31 150.121
1111.80 143.602
1112.28 122.488
1112.76 107.210
1113.24 101.795
1113.72 100.594
1114.21 102.723
1114.69 101.266
1115.17 122.844
1115.65 139.701
1116.13 130.179
1116.62 106.760
1117.10 100.872
1117.58 109.267
1118.06 115.140
1118.55 116.698
1119.03 112.350
1119.51 101.745
1119.99 105.069
1120.47 115.862
1120.96 139.013
1121.44 134.548
1121.92 111.688
1122.40 107.165
1122.88 119.029
1123.37 131.286
1123.85 141.608
1124.33 137.747
1124.81 117.449
1125.30 102.118
1125.78 108.382
1126.26 122.229
1126.74 124.971
1127.22 121.141
1127.70 116.411
1128.19 112.487
1128.67 114.416
1129.15 120.218
1129.63 120.377
1130.12 111.065
1130.60 102.262
1131.08 100.201
1131.56 101.085
1132.04 105.611
1132.53 111.936
1133.01 121.402
1133.49 130.393
1133.97 132.346
1134.45 127.247
1134.94 123.426
1135.42 125.106
1135.90 123.622
1136.38 113.432
1136.86 105.230
1137.35 104.052
1137.83 105.550
1138.31 107.205
1138.79 108.491
1139.28 107.815
1139.76 104.757
1140.24 103.293
1140.72 104.059
1141.20 103.608
1141.69 100.801
1142.17 101.729
1142.65 102.741
1143.13 102.920
1143.61 102.660
1144.10 102.310
1144.58 105.109
1145.06 109.061
1145.54 102.093
1146.03 113.609
1146.51 124.791
1146.99 127.878
1147.47 124.218
1147.95 113.609
1148.44 103.901
1148.92 106.402
1149.40 112.346
1149.88 107.000
1150.36 100.316
1150.85 112.562
1151.33 136.322
1151.81 148.428
1152.29 143.272
1152.78 132.921
1153.26 115.474
1153.74 103.958
1154.22 105.824
1154.70 111.489
1155.19 113.791
1155.67 118.057
1156.15 136.670
1156.63 163.617
1157.11 170.001
1157.60 147.739
1158.08 133.193
1158.56 127.492
1159.04 127.468
1159.53 134.895
1160.01 140.639
1160.49 139.503
1160.97 133.756
1161.45 125.477
1161.94 116.346
1162.42 114.340
1162.90 118.328
1163.38 120.397
1163.86 119.728
1164.35 112.977
1164.83 100.696
1165.31 102.687
1165.79 113.782
1166.28 131.754
1166.76 126.518
1167.24 115.560
1167.72 119.740
1168.20 132.359
1168.69 148.087
1169.17 161.129
1169.65 158.484
1170.13 137.987
1170.61 121.854
1171.10 121.109
1171.58 121.988
1172.06 121.167
1172.54 120.323
1173.02 119.130
1173.51 119.078
1173.99 121.796
1174.47 126.786
1174.95 133.293
1175.44 142.656
1175.92 144.500
1176.40 136.802
1176.88 129.500
1177.36 123.217
1177.84 123.783
1178.33 135.514
1178.81 146.798
1179.29 144.183
1179.77 133.983
1180.26 130.320
1180.74 132.528
1181.22 137.229
1181.70 142.522
1182.18 140.778
1182.67 133.168
1183.15 132.814
1183.63 145.993
1184.11 159.089
1184.59 166.982
1185.08 169.231
1185.56 163.495
1186.04 153.680
1186.52 133.160
1187.01 116.734
1187.49 135.261
1187.97 184.513
1188.45 209.328
1188.93 191.073
1189.42 175.180
1189.90 160.558
1190.38 151.918
1190.86 150.246
1191.34 156.215
1191.83 173.982
1192.31 190.787
1192.79 185.269
1193.27 163.012
1193.76 150.909
1194.24 148.741
1194.72 159.549
1195.20 179.821
1195.68 183.902
1196.17 167.088
1196.65 148.568
1197.13 139.234
1197.61 138.947
1198.09 158.162
1198.58 175.155
1199.06 159.302
1199.54 135.194
1200.02 133.634
1200.51 146.939
1200.99 157.359
1201.47 161.594
1201.95 159.348
1202.43 141.995
1202.92 134.471
1203.40 155.311
1203.88 164.438
1204.36 143.274
1204.84 121.873
1205.33 122.890
1205.81 132.454
1206.29 124.366
1206.77 102.155
1207.25 108.752
1207.74 108.703
1208.22 101.249
1208.70 112.443
1209.18 128.432
1209.67 144.520
1210.15 151.978
1210.63 144.547
1211.11 135.142
1211.59 135.593
1212.08 142.720
1212.56 162.976
1213.04 179.826
1213.52 165.904
1214.00 136.552
1214.49 124.022
1214.97 131.886
1215.45 137.237
1215.93 130.395
1216.42 132.253
1216.90 151.708
1217.38 169.322
1217.86 185.698
1218.34 188.575
1218.82 164.820
1219.31 135.556
1219.79 132.170
1220.27 149.225
1220.75 166.054
1221.24 180.948
1221.72 176.875
1222.20 157.151
1222.68 147.024
1223.16 149.991
1223.65 145.138
1224.13 120.992
1224.61 105.516
1225.09 135.319
1225.57 167.680
1226.06 165.797
1226.54 152.857
1227.02 147.107
1227.50 146.923
1227.98 148.352
1228.47 150.759
1228.95 153.288
1229.43 155.220
1229.91 159.927
1230.40 169.754
1230.88 176.355
1231.36 178.656
1231.84 176.555
1232.32 169.659
1232.81 159.784
1233.29 147.822
1233.77 137.127
1234.25 138.668
1234.73 146.093
1235.22 134.161
1235.70 113.592
1236.18 116.286
1236.66 134.885
1237.15 136.138
1237.63 111.078
1238.11 107.917
1238.59 100.379
1239.07 109.002
1239.56 113.961
1240.04 114.177
1240.52 101.418
1241.00 110.766
1241.48 112.097
1241.97 148.597
1242.45 160.095
1242.93 148.256
1243.41 151.628
1243.90 170.383
1244.38 181.601
1244.86 182.557
1245.34 180.886
1245.82 178.693
1246.31 172.218
1246.79 158.728
1247.27 147.083
1247.75 149.785
1248.23 156.093
1248.72 156.357
1249.20 151.964
1249.68 138.500
1250.16 124.979
1250.65 116.709
1251.13 120.043
1251.61 123.825
1252.09 115.485
1252.57 115.019
1253.06 114.285
1253.54 114.838
1254.02 118.224
1254.50 118.030
1254.98 110.289
1255.47 104.727
1255.95 111.813
1256.43 122.794
1256.91 116.055
1257.40 103.083
1257.88 110.154
1258.36 126.301
1258.84 128.387
1259.32 116.409
1259.81 108.178
1260.29 105.171
1260.77 103.697
1261.25 101.188
1261.73 100.117
1262.22 105.117
1262.70 100.000
