107.765 50.2993
108.247 51.5613
108.729 51.4093
109.211 50.3725
109.693 51.2967
110.175 52.5413
110.657 53.0463
111.139 52.7033
111.621 52.6053
112.104 52.0133
112.586 51.0990
113.068 51.2525
113.550 52.1153
114.032 52.9703
114.514 52.8273
114.996 51.4383
115.479 50.3689
115.961 51.4683
116.443 54.9933
116.925 57.2263
117.407 55.6623
117.889 52.2673
118.371 51.2532
118.853 54.6113
119.335 58.7873
119.817 60.0173
120.300 58.5943
120.782 57.2503
121.264 58.5613
121.746 62.6293
122.228 65.2493
122.710 64.1893
123.192 62.3293
123.674 60.9893
124.157 60.4193
124.639 60.2953
125.121 60.0493
125.603 59.0893
126.085 59.4723
126.567 62.7193
127.049 66.2293
127.531 67.7093
128.014 66.1493
128.496 62.7293
128.978 60.9793
129.460 63.2693
129.942 65.9193
130.424 67.8193
130.906 68.7993
131.388 68.8293
131.870 67.6493
132.353 65.3693
132.835 64.6493
133.317 66.8593
133.799 69.4393
134.281 71.8693
134.763 74.1493
135.245 75.7993
135.727 77.9493
136.210 80.0993
136.692 80.8593
137.174 79.3693
137.656 77.1293
138.138 75.4093
138.620 74.2693
139.102 73.3093
139.584 72.0793
140.066 70.8393
140.549 70.0793
141.031 70.3493
141.513 71.1693
141.995 71.2193
142.477 70.2193
142.959 68.7393
143.441 66.5593
143.923 64.1693
144.406 62.4593
144.888 62.4293
145.370 64.0893
145.852 64.5193
146.334 61.9693
146.816 59.6523
147.298 58.5213
147.780 58.5153
148.262 59.1903
148.745 60.3193
149.227 62.5193
149.709 62.3993
150.191 58.2673
150.673 53.7333
151.155 50.5638
151.637 51.5043
152.119 51.7063
152.602 51.0389
153.084 51.7263
153.566 52.9773
154.048 52.8183
154.530 51.9803
155.012 51.0282
155.494 50.5206
155.976 50.3395
156.458 50.0000
156.941 50.6266
157.423 50.3497
157.905 50.8967
158.387 52.0823
158.869 52.7093
159.351 52.3143
159.833 51.5573
160.315 51.4233
160.798 51.9553
161.280 52.1453
161.762 50.8236
162.244 52.4263
162.726 53.8713
163.208 52.2873
163.690 50.3297
164.172 50.6753
164.654 51.4363
165.137 53.3633
165.619 51.0603
166.101 56.0783
166.583 59.2703
167.065 60.7293
167.547 55.3743
168.029 58.8223
168.511 58.7363
168.993 58.4973
169.476 63.1593
169.958 58.7663
170.440 63.3393
170.922 64.3193
171.404 66.9393
171.886 66.0093
172.368 66.1793
172.850 69.8793
173.333 71.5993
173.815 70.2393
174.297 72.9593
174.779 69.6093
175.261 69.7693
175.743 70.1993
176.225 71.1293
176.707 72.5893
177.189 74.6193
177.672 78.0593
178.154 80.9693
178.636 82.6593
179.118 83.6093
179.600 84.8193
180.082 86.8593
180.564 89.3593
181.046 91.0493
181.529 91.6193
182.011 92.0493
182.493 92.8193
182.975 93.8493
183.457 94.8593
183.939 95.5493
184.421 96.2493
184.903 97.5293
185.385 99.6293
185.867 101.949
186.350 103.949
186.832 105.609
187.314 107.509
187.796 110.349
188.278 113.329
188.760 115.409
189.242 116.099
189.725 116.529
190.207 118.209
190.689 121.399
191.171 124.619
191.653 127.279
192.135 129.759
192.617 132.529
193.099 135.889
193.581 139.159
194.064 140.669
194.546 138.949
195.028 138.619
195.510 142.459
195.992 147.069
196.474 148.979
196.956 146.649
197.438 141.519
197.921 137.629
198.403 135.759
198.885 134.279
199.367 133.659
199.849 133.069
200.331 131.349
200.813 127.899
201.295 123.329
201.777 120.089
202.260 119.689
202.742 119.039
203.224 117.929
203.706 116.379
204.188 114.149
204.670 111.049
205.152 107.579
205.634 106.149
206.117 109.479
206.599 111.519
207.081 110.209
207.563 106.749
208.045 103.319
208.527 100.989
209.009 99.5493
209.491 98.4093
209.973 98.2093
210.456 97.6893
210.938 95.9493
211.420 93.4193
211.902 91.4893
212.384 91.0293
212.866 91.5093
213.348 91.2593
213.830 89.3993
214.312 88.2893
214.795 90.1793
215.277 94.4293
215.759 97.3393
216.241 96.8393
216.723 94.2893
217.205 92.4093
217.687 91.2893
218.169 90.8093
218.652 90.9193
219.134 91.6293
219.616 92.9593
220.098 95.7793
220.580 98.5093
221.062 99.4193
221.544 98.0393
222.026 95.7993
222.508 93.8593
222.991 92.1293
223.473 90.9993
223.955 91.8193
224.437 92.6593
224.919 91.8693
225.401 89.0593
225.883 85.6793
226.365 83.1093
226.848 81.2993
227.330 80.6393
227.812 83.0593
228.294 85.4393
228.776 85.5793
229.258 83.0593
229.740 79.4193
230.222 76.3893
230.704 73.7393
231.186 72.5593
231.669 74.6893
232.151 77.0393
232.633 77.5193
233.115 75.8193
233.597 73.3493
234.079 72.1793
234.561 73.1093
235.044 73.3593
235.526 72.1893
236.008 70.9493
236.490 70.5893
236.972 71.2193
237.454 72.1493
237.936 72.5493
238.418 72.5893
238.900 71.4593
239.383 67.7593
239.865 64.1293
240.347 62.7093
240.829 63.5393
241.311 64.7293
241.793 63.8493
242.275 59.8943
242.757 56.6333
243.240 53.4433
243.722 51.2608
244.204 51.4523
244.686 53.7863
245.168 56.0983
245.650 55.8423
246.132 52.0473
246.614 51.0914
247.096 52.3283
247.579 52.5193
248.061 51.1114
248.543 52.2003
249.025 51.6103
249.507 51.4243
249.989 51.3273
250.471 51.1063
250.953 50.7617
251.436 50.4847
251.918 50.7771
252.400 52.6613
252.882 54.0343
253.364 53.1943
253.846 50.5105
254.328 52.3593
254.810 51.6753
255.292 50.7751
255.775 51.5133
256.257 53.7843
256.739 55.9373
257.221 56.8443
257.703 56.5373
258.185 56.0493
258.667 54.7093
259.149 53.7223
259.631 54.0363
260.114 55.5593
260.596 57.4683
261.078 59.4643
261.560 61.4293
262.042 63.1293
262.524 64.4093
263.006 65.5593
263.488 67.0393
263.970 68.7293
264.453 69.5993
264.935 68.6993
265.417 66.9493
265.899 66.1793
266.381 66.6493
266.863 67.5393
267.345 68.3093
267.827 68.9793
268.310 69.8793
268.792 71.2893
269.274 72.8393
269.756 73.9393
270.238 74.4893
270.720 75.0993
271.202 76.6793
271.684 78.9293
272.167 79.7593
272.649 77.8293
273.131 75.1093
273.613 73.2293
274.095 72.2093
274.577 72.3193
275.059 74.6193
275.541 78.5693
276.023 80.9493
276.505 80.0993
276.988 79.0993
277.470 80.6593
277.952 84.2993
278.434 87.5993
278.916 88.9893
279.398 88.7993
279.880 88.3193
280.362 87.0893
280.845 86.4993
281.327 87.7293
281.809 90.1493
282.291 92.3193
282.773 92.9993
283.255 92.8293
283.737 94.2093
284.219 98.3193
284.702 101.739
285.184 102.329
285.666 101.379
286.148 100.849
286.630 101.759
287.112 103.479
287.594 104.569
288.076 104.779
288.559 105.019
289.041 106.459
289.523 107.669
290.005 106.799
290.487 103.129
290.969 98.4193
291.451 95.8993
291.933 96.4393
292.415 96.4993
292.897 94.3993
293.380 91.7493
293.862 89.8693
294.344 89.1593
294.826 88.7393
295.308 87.1493
295.790 83.9293
296.272 81.8893
296.754 82.2793
297.237 83.3293
297.719 84.4893
298.201 85.5393
298.683 86.0793
299.165 85.2293
299.647 82.6193
300.129 81.2393
300.611 82.7493
301.094 84.2893
301.576 84.2293
302.058 82.9593
302.540 82.0893
303.022 83.4093
303.504 86.7593
303.986 88.1893
304.468 85.9493
304.950 83.6293
305.433 82.5793
305.915 82.5193
306.397 82.6793
306.879 82.4993
307.361 82.2093
307.843 82.8593
308.325 85.0693
308.807 87.2793
309.289 89.2293
309.772 90.8693
310.254 92.0793
310.736 92.8493
311.218 93.2393
311.700 93.1993
312.182 92.7193
312.664 91.4393
313.146 88.5793
313.629 85.3993
314.111 82.6993
314.593 80.6993
315.075 79.5793
315.557 80.0193
316.039 82.8493
316.521 84.1193
317.003 82.1993
317.486 79.5393
317.968 77.0993
318.450 75.1293
318.932 73.7693
319.414 73.3493
319.896 74.0093
320.378 74.3893
320.860 75.1393
321.342 74.9393
321.824 72.4393
322.307 68.5093
322.789 65.3193
323.271 64.6893
323.753 66.1993
324.235 66.7693
324.717 65.4293
325.199 64.5093
325.681 65.1393
326.164 66.4893
326.646 67.3793
327.128 67.2593
327.610 66.3593
328.092 65.1193
328.574 63.1993
329.056 61.6593
329.538 60.2933
330.021 59.5913
330.503 60.4293
330.985 63.0393
331.467 65.9093
331.949 66.6893
332.431 64.8293
332.913 63.3593
333.395 62.4893
333.877 62.2993
334.360 63.5693
334.842 65.9893
335.324 67.8493
335.806 67.0893
336.288 63.6893
336.770 61.1693
337.252 60.4193
337.734 59.6903
338.216 57.7923
338.699 55.2703
339.181 53.3423
339.663 52.5193
340.145 52.9203
340.627 55.5393
341.109 62.4893
341.591 67.4693
342.073 67.5193
342.556 64.6893
343.038 61.0493
343.520 57.0453
344.002 53.3823
344.484 51.5883
344.966 52.1953
345.448 52.3013
345.930 51.0757
346.413 53.7833
346.895 53.6163
347.377 50.4243
347.859 53.7513
348.341 53.1203
348.823 51.9463
349.305 55.1923
349.787 56.3833
350.269 56.2643
350.752 54.9243
351.234 52.6923
351.716 50.8628
352.198 50.3431
352.680 50.8286
353.162 51.4093
353.644 52.2513
354.126 52.7693
354.608 52.3363
355.091 51.4163
355.573 50.7558
356.055 50.8492
356.537 51.0006
357.019 50.6163
357.501 52.9673
357.983 54.7033
358.465 54.6063
358.948 53.6963
359.430 53.2563
359.912 53.5053
360.394 53.6893
360.876 52.7233
361.358 51.0177
361.840 50.8843
362.322 53.6433
362.805 56.8753
363.287 57.6493
363.769 56.2503
364.251 55.4993
364.733 57.2923
365.215 60.1773
365.697 61.5493
366.179 60.9993
366.661 60.1893
367.143 60.5093
367.626 61.5693
368.108 62.1993
368.590 62.3493
369.072 61.9193
369.554 60.2083
370.036 57.5233
370.518 56.0273
371.000 57.1373
371.483 59.7253
371.965 61.1193
372.447 60.8093
372.929 60.7193
373.411 62.1893
373.893 64.2393
374.375 64.9893
374.857 63.8493
375.340 61.8293
375.822 59.9963
376.304 58.2923
376.786 57.2353
377.268 57.0373
377.750 57.3853
378.232 58.3813
378.714 59.8593
379.196 60.7993
379.679 60.2093
380.161 58.3213
380.643 57.8923
381.125 60.6893
381.607 62.7893
382.089 61.9493
382.571 59.5573
383.053 58.5113
383.535 60.1613
384.018 63.0393
384.500 63.9093
384.982 60.5693
385.464 58.8213
385.946 60.2983
386.428 62.4993
386.910 63.4293
387.392 62.7593
387.875 61.0693
388.357 58.8723
388.839 55.9643
389.321 53.9933
389.803 53.4273
390.285 53.1393
390.767 52.5973
391.249 52.0133
391.732 52.0303
392.214 53.0993
392.696 54.7403
393.178 55.0183
393.660 52.0333
394.142 50.3791
394.624 51.6593
395.106 53.6623
395.588 54.2283
396.071 52.8973
396.553 50.9834
397.035 50.3422
397.517 51.0641
397.999 51.6703
398.481 52.2873
398.963 52.4833
399.445 51.7503
399.927 52.1223
400.410 51.3323
400.892 51.7863
401.374 51.6243
401.856 51.1106
402.338 50.7327
402.820 51.6003
403.302 51.1488
403.784 50.3783
404.267 50.7056
404.749 52.8543
405.231 55.2333
405.713 54.9473
406.195 51.7133
406.677 50.8461
407.159 50.8318
407.641 52.4943
408.124 52.9173
408.606 52.3293
409.088 51.8853
409.570 52.1523
410.052 52.9003
410.534 53.7863
411.016 54.8543
411.498 55.7813
411.980 56.1303
412.462 56.3513
412.945 57.1933
413.427 59.0643
413.909 60.9793
414.391 61.9393
414.873 62.2693
415.355 63.2093
415.837 65.2893
416.319 67.8193
416.802 69.6293
417.284 70.6293
417.766 72.3493
418.248 76.0493
418.730 80.2193
419.212 82.9893
419.694 84.2093
420.176 85.2493
420.659 87.1593
421.141 89.8393
421.623 92.1593
422.105 93.3193
422.587 95.0193
423.069 98.6893
423.551 103.239
424.033 106.629
424.515 107.969
424.998 108.299
425.480 109.529
425.962 112.119
426.444 114.759
426.926 117.969
427.408 120.879
427.890 122.789
428.372 123.759
428.854 124.339
429.337 124.879
429.819 125.419
430.301 126.629
430.783 129.569
431.265 132.009
431.747 133.149
432.229 133.759
432.711 135.009
433.194 137.279
433.676 139.559
434.158 140.029
434.640 138.179
435.122 136.379
435.604 134.309
436.086 132.739
436.568 132.559
437.051 133.309
437.533 133.519
438.015 132.009
438.497 129.249
438.979 126.689
439.461 124.069
439.943 122.279
440.425 122.449
440.907 123.279
441.389 123.419
441.872 122.529
442.354 121.339
442.836 120.119
443.318 119.029
443.800 119.199
444.282 121.499
444.764 123.929
445.246 124.279
445.729 122.979
446.211 121.859
446.693 120.859
447.175 120.629
447.657 122.439
448.139 126.049
448.621 128.989
449.103 129.609
449.586 128.989
450.068 130.409
450.550 135.479
451.032 138.879
451.514 137.759
451.996 134.919
452.478 134.139
452.960 135.989
453.443 138.089
453.925 137.929
454.407 135.279
454.889 132.909
455.371 130.929
455.853 129.109
456.335 127.769
456.817 126.469
457.299 124.449
457.781 121.379
458.264 117.579
458.746 113.629
459.228 108.519
459.710 105.589
460.192 106.979
460.674 108.519
461.156 107.569
461.638 104.399
462.121 101.119
462.603 99.4193
463.085 98.9193
463.567 97.5293
464.049 94.9493
464.531 92.0593
465.013 88.1393
465.495 84.5793
465.978 83.1993
466.460 84.6093
466.942 86.3993
467.424 86.2993
467.906 84.4093
468.388 81.7693
468.870 78.0293
469.352 74.8193
469.834 73.9793
470.317 74.6793
470.799 74.7593
471.281 72.9793
471.763 71.0193
472.245 70.3393
472.727 70.7693
473.209 71.6393
473.691 72.9493
474.173 73.9093
474.656 72.4693
475.138 67.5193
475.620 64.2093
476.102 64.2093
476.584 65.6093
477.066 67.1793
477.548 68.5093
478.030 68.7293
478.513 66.9293
478.995 63.4693
479.477 61.6293
479.959 62.2893
480.441 63.5793
480.923 65.8293
481.405 68.3293
481.887 70.5493
482.370 72.3293
482.852 73.2493
483.334 72.4393
483.816 69.5293
484.298 67.9193
484.780 68.5393
485.262 69.4593
485.744 70.3593
486.226 71.0293
486.708 71.1493
487.191 70.4993
487.673 69.5393
488.155 68.7493
488.637 68.1193
489.119 68.2693
489.601 69.6993
490.083 71.5893
490.565 73.4893
491.048 75.2993
491.530 76.4393
492.012 76.3193
492.494 75.5993
492.976 75.0193
493.458 74.5893
493.940 74.2893
494.422 73.9393
494.905 73.8293
495.387 74.9093
495.869 77.9393
496.351 80.0693
496.833 79.6893
497.315 78.6293
497.797 78.8193
498.279 80.4693
498.761 82.6993
499.244 84.9393
499.726 87.1293
500.208 87.9993
500.690 86.4993
501.172 84.9093
501.654 83.1193
502.136 81.6393
502.618 81.1393
503.100 81.7093
503.583 82.5693
504.065 82.6793
504.547 81.9693
505.029 81.5193
505.511 81.7093
505.993 81.7293
506.475 81.3193
506.957 80.5493
507.440 79.5193
507.922 78.3093
508.404 76.7793
508.886 74.0193
509.368 70.2093
509.850 69.0693
510.332 72.8793
510.814 77.2193
511.297 77.1793
511.779 73.5593
512.261 70.3893
512.743 69.1893
513.225 68.4293
513.707 66.6893
514.189 64.1793
514.671 61.9793
515.153 60.5793
515.636 59.6493
516.118 58.5623
516.600 57.3043
517.082 55.8713
517.564 53.7893
518.046 51.9323
518.528 51.0050
519.010 50.8728
519.492 50.9916
519.975 51.0222
520.457 50.9696
520.939 50.8468
521.421 50.5569
521.903 50.3618
522.385 50.6504
522.867 50.7427
523.349 50.7959
523.831 52.5743
524.314 53.9323
524.796 53.4653
525.278 51.8673
525.760 51.8433
526.242 53.9563
526.724 55.5353
527.206 55.1673
527.688 53.7073
528.171 52.0083
528.653 50.6378
529.135 50.4045
529.617 50.1458
530.099 50.7502
530.581 50.9228
531.063 51.8763
531.545 52.2093
532.028 51.2740
532.510 51.2045
532.992 51.7483
533.474 50.5630
533.956 52.1933
534.438 53.5713
534.920 54.4703
535.402 54.4463
535.885 53.5303
536.367 52.3793
536.849 51.6193
537.331 51.2489
537.813 51.1825
538.295 50.7646
538.777 52.4733
539.259 50.7971
539.741 52.0213
540.224 53.0023
540.706 52.3363
541.188 51.8093
541.670 53.7873
542.152 57.7693
542.634 60.2343
543.116 60.6993
543.598 60.2073
544.080 58.6903
544.563 56.8103
545.045 55.8453
545.527 56.1963
546.009 57.0463
546.491 58.2083
546.973 59.4803
547.455 60.4193
547.937 60.9293
548.419 61.4093
548.902 62.4493
549.384 64.0993
549.866 64.0693
550.348 60.7493
550.830 57.9743
551.312 56.3403
551.794 56.0513
552.276 57.9063
552.758 61.8393
553.241 65.9393
553.723 67.7893
554.205 67.2393
554.687 67.0493
555.169 67.4293
555.651 67.8793
556.133 68.5493
556.615 69.0393
557.098 68.4793
557.580 66.4293
558.062 64.8793
558.544 66.3293
559.026 69.8593
559.508 71.9093
559.990 71.8093
560.472 71.0993
560.955 70.9193
561.437 71.1193
561.919 70.9193
562.401 70.3793
562.883 69.4093
563.365 66.9093
563.847 64.3793
564.329 64.1893
564.812 66.6893
565.294 69.8993
565.776 71.8493
566.258 72.5393
566.740 73.2793
567.222 74.3193
567.704 75.0993
568.186 75.2993
568.668 75.3393
569.151 75.6493
569.633 76.3093
570.115 77.0693
570.597 77.4493
571.079 77.6193
571.561 78.8893
572.043 81.7993
572.525 84.2593
573.007 84.8393
573.490 84.4393
573.972 84.3393
574.454 84.6293
574.936 85.2993
575.418 86.7393
575.900 88.3993
576.382 89.3593
576.864 89.5793
577.346 89.8693
577.829 90.7593
578.311 92.2393
578.793 94.3293
579.275 97.8993
579.757 100.909
580.239 103.709
580.721 105.609
581.203 105.279
581.685 103.189
582.168 101.759
582.650 103.119
583.132 106.419
583.614 108.139
584.096 107.479
584.578 107.399
585.060 108.969
585.542 111.549
586.025 115.209
586.507 119.759
586.989 122.949
587.471 122.729
587.953 121.399
588.435 121.199
588.917 122.189
589.399 124.689
589.882 129.349
590.364 134.299
590.846 135.969
591.328 132.459
591.810 130.799
592.292 132.529
592.774 134.589
593.256 135.349
593.739 135.319
594.221 135.659
594.703 136.859
595.185 138.469
595.667 139.619
596.149 140.139
596.631 141.249
597.113 144.139
597.596 146.339
598.078 145.889
598.560 143.999
599.042 142.919
599.524 143.429
600.006 144.539
600.488 145.899
600.970 147.239
601.452 147.899
601.935 147.749
602.417 147.099
602.899 146.139
603.381 144.919
603.863 143.989
604.345 143.619
604.827 143.139
605.309 142.179
605.791 141.199
606.274 140.579
606.756 140.399
607.238 140.659
607.720 141.619
608.202 142.879
608.684 142.299
609.166 139.139
609.648 136.209
610.130 134.369
610.613 133.079
611.095 131.939
611.577 130.929
612.059 130.169
612.541 130.049
613.023 129.979
613.505 129.309
613.987 128.089
614.469 126.759
614.952 125.529
615.434 123.949
615.916 120.989
616.398 115.739
616.880 112.419
617.362 112.489
617.844 112.679
618.326 111.579
618.809 109.709
619.291 108.059
619.773 106.979
620.255 106.149
620.737 105.179
621.219 103.979
621.701 103.039
622.183 102.729
622.666 101.889
623.148 99.1293
623.630 95.6493
624.112 93.5793
624.594 93.6193
625.076 93.4693
625.558 91.3793
626.040 88.9093
626.523 88.4693
627.005 90.0193
627.487 91.3293
627.969 91.1693
628.451 89.7293
628.933 87.3593
629.415 82.8493
629.897 79.4493
630.379 77.1593
630.862 75.9993
631.344 76.6193
631.826 78.1993
632.308 79.0593
632.790 78.3393
633.272 76.9193
633.754 75.9593
634.236 75.4193
634.718 75.1693
635.201 75.0993
635.683 75.2693
636.165 76.1293
636.647 77.4893
637.129 77.7293
637.611 75.7393
638.093 73.9093
638.575 73.2593
639.057 73.0293
639.540 72.2793
640.022 70.9293
640.504 69.5393
640.986 68.5293
641.468 67.8693
641.950 67.4793
642.432 67.3193
642.914 67.4493
643.396 68.4593
643.879 69.3893
644.361 69.5893
644.843 69.1293
645.325 68.5393
645.807 67.5393
646.289 66.6493
646.771 67.2193
647.253 68.5693
647.736 68.2093
648.218 65.3093
648.700 62.0193
649.182 60.7993
649.664 61.7693
650.146 62.4693
650.628 62.5393
651.110 62.7993
651.593 64.0193
652.075 65.1793
652.557 64.9793
653.039 63.3193
653.521 61.6293
654.003 61.1293
654.485 61.4093
654.967 61.2293
655.450 60.5193
655.932 59.6923
656.414 58.6913
656.896 57.8943
657.378 57.9213
657.860 58.7363
658.342 59.5223
658.824 60.3993
659.306 60.9793
659.789 60.6993
660.271 60.0993
660.753 60.2583
661.235 61.4193
661.717 62.5993
662.199 62.2893
662.681 60.4893
663.163 59.4533
663.645 59.2943
664.128 59.7263
664.610 61.3093
665.092 63.0193
665.574 64.1593
666.056 64.6193
666.538 64.1793
667.020 61.9293
667.502 59.3293
667.984 57.9173
668.467 57.5343
668.949 57.5933
669.431 57.9123
669.913 58.1513
670.395 57.7663
670.877 56.6063
671.359 56.0943
671.841 56.9843
672.323 57.6643
672.806 57.9753
673.288 57.8173
673.770 56.8273
674.252 55.0853
674.734 53.5933
675.216 53.4763
675.698 54.0103
676.180 53.5933
676.663 52.2583
677.145 50.9497
677.627 50.8196
678.109 51.2691
678.591 50.7075
679.073 54.4893
679.555 56.8293
680.037 57.0263
680.519 56.4973
681.002 55.0183
681.484 53.4953
681.966 53.3663
682.448 54.7443
682.930 55.7183
683.412 53.9853
683.894 50.4880
684.377 51.5403
684.859 50.4726
685.341 50.8470
685.823 50.5730
686.305 51.8853
686.787 52.2983
687.269 51.8473
687.751 51.5663
688.233 52.0973
688.716 52.3293
689.198 51.0583
689.680 51.2433
690.162 51.6023
690.644 50.3307
691.126 52.2083
691.608 53.6203
692.090 54.5493
692.572 54.5763
693.055 53.3563
693.537 52.2013
694.019 51.7083
694.501 51.1587
694.983 51.1282
695.465 53.7083
695.947 55.1033
696.429 53.9203
696.912 52.1743
697.394 51.0196
697.876 50.3412
698.358 50.7357
698.840 51.0588
699.322 51.0261
699.804 51.5793
700.286 51.3973
700.768 52.3673
701.251 52.0173
701.733 53.8513
702.215 51.7033
702.697 50.9065
703.179 50.8439
703.661 51.5133
704.143 53.2533
704.625 54.5223
705.107 55.2853
705.590 55.4233
706.072 55.1253
706.554 54.5473
707.036 53.7863
707.518 53.5593
708.000 54.6573
708.482 56.5803
708.964 56.6323
709.447 53.0843
709.929 50.9737
710.411 52.0353
710.893 53.3793
711.375 52.9833
711.857 51.5993
712.339 51.4653
712.821 53.8653
713.304 56.4633
713.786 57.2903
714.268 56.8863
714.750 56.1533
715.232 55.2723
715.714 54.8003
716.196 55.1723
716.678 56.0893
717.161 56.7393
717.643 57.7273
718.125 57.2303
718.607 53.0833
719.089 50.8206
719.571 50.7615
720.053 51.9823
720.535 54.1123
721.017 55.6853
721.500 56.3963
721.982 55.3393
722.464 53.4753
722.946 52.5293
723.428 52.6333
723.910 53.8133
724.392 56.2313
724.874 59.2653
725.356 61.8193
725.839 64.0393
726.321 65.2593
726.803 64.4893
727.285 63.8993
727.767 64.6393
728.249 65.6693
728.731 65.4593
729.213 63.8093
729.695 62.4593
730.178 63.1993
730.660 64.7193
731.142 64.9193
731.624 63.9493
732.106 62.6093
732.588 61.1593
733.070 59.7023
733.552 58.2563
734.034 56.7873
734.517 56.3213
734.999 58.6953
735.481 59.6433
735.963 57.0353
736.445 53.9503
736.927 51.2820
737.409 53.4083
737.891 54.6313
738.374 54.9993
738.856 51.9573
739.338 53.3143
739.820 52.9043
740.302 52.4233
740.784 54.3963
741.266 51.8423
741.748 53.7583
742.231 53.8053
742.713 54.7373
743.195 53.9033
743.677 53.5953
744.159 54.9783
744.641 55.3493
745.123 54.2003
745.605 55.0983
746.088 52.3303
746.570 52.7293
747.052 54.5803
747.534 53.6193
748.016 54.6323
748.498 54.8723
748.980 51.5733
749.462 54.1273
749.944 54.0503
750.427 51.3293
750.909 53.6893
751.391 51.4763
751.873 50.9502
752.355 51.7033
752.837 51.2325
753.319 52.8213
753.801 52.4403
754.283 51.8763
754.766 52.0743
755.248 51.6043
755.730 52.1123
756.212 51.3453
756.694 52.4473
757.176 53.0073
757.658 52.1853
758.140 50.8769
758.622 53.2473
759.105 53.6963
759.587 52.5483
760.069 52.1463
760.551 52.9973
761.033 53.4323
761.515 52.9423
761.997 52.0363
762.479 50.9766
762.961 50.8169
763.444 52.1583
763.926 54.1063
764.408 55.3843
764.890 55.0593
765.372 53.9343
765.854 52.5083
766.336 51.1283
766.818 50.5680
767.301 51.2590
767.783 52.5873
768.265 53.9463
768.747 55.3513
769.229 55.0033
769.711 51.8303
770.193 51.1002
770.675 50.4076
771.157 52.8063
771.640 53.6963
772.122 52.8583
772.604 52.2443
773.086 52.2233
773.568 52.4443
774.050 53.1223
774.532 53.7593
775.015 53.3103
775.497 51.8123
775.979 50.8819
776.461 52.1763
776.943 54.5553
777.425 55.7783
777.907 55.9593
778.389 55.3113
778.871 53.6473
779.354 52.0103
779.836 51.1683
780.318 51.1276
780.800 51.9633
781.282 55.2903
781.764 57.1643
782.246 56.6533
782.728 55.3193
783.210 53.1973
783.693 51.1908
784.175 51.1916
784.657 54.0643
785.139 57.0463
785.621 57.3423
786.103 56.1553
786.585 55.8773
787.067 56.5083
787.549 56.9033
788.032 56.5513
788.514 55.8783
788.996 55.4423
789.478 55.2333
789.960 55.4843
790.442 56.7343
790.924 57.5843
791.406 57.1663
791.888 56.6603
792.371 57.2263
792.853 58.6883
793.335 59.7423
793.817 60.1493
794.299 59.8023
794.781 57.6253
795.263 55.2253
795.745 55.0603
796.228 56.9873
796.710 58.7963
797.192 59.1733
797.674 60.5193
798.156 61.2993
798.638 61.4193
799.120 62.1793
799.602 61.4493
800.084 60.6593
800.567 60.7093
801.049 60.9593
801.531 59.8163
802.013 56.7123
802.495 55.7793
802.977 59.4353
803.459 62.9393
803.942 64.2293
804.424 64.2793
804.906 64.1993
805.388 64.2093
805.870 63.9393
806.352 62.9093
806.834 61.7893
807.316 62.0293
807.799 63.2293
808.281 63.6393
808.763 62.9793
809.245 61.7293
809.727 60.0553
810.209 58.3823
810.691 58.0933
811.173 59.9353
811.655 61.4093
812.138 62.5193
812.620 63.2293
813.102 63.2593
813.584 63.0193
814.066 63.1393
814.548 63.7193
815.030 63.9393
815.512 63.2393
815.994 62.1993
816.477 60.7693
816.959 59.4943
817.441 59.3773
817.923 60.4493
818.405 61.7193
818.887 62.4593
819.369 63.5693
819.851 63.8693
820.333 65.2693
820.816 66.2993
821.298 66.7293
821.780 67.0293
822.262 67.7993
822.744 68.5393
823.226 67.6593
823.708 63.6593
824.190 61.4993
824.672 62.0093
825.155 63.6293
825.637 66.9893
826.119 70.3393
826.601 70.9393
827.083 68.5493
827.565 66.3993
828.047 67.0293
828.529 68.6893
829.012 69.5193
829.494 69.5493
829.976 68.5093
830.458 66.4893
830.940 65.0893
831.422 65.6593
831.904 67.5193
832.386 68.5893
832.869 68.6693
833.351 69.0393
833.833 70.2993
834.315 70.9193
834.797 69.2893
835.279 66.8593
835.761 66.4893
836.243 68.7593
836.726 69.8693
837.208 68.1593
837.690 66.3593
838.172 65.6593
838.654 65.7093
839.136 66.1893
839.618 66.9293
840.100 67.7293
840.582 68.6693
841.065 69.2393
841.547 68.2893
842.029 66.4093
842.511 65.5393
842.993 65.9593
843.475 67.0093
843.957 68.4593
844.439 69.6693
844.921 69.1193
845.404 66.2993
845.886 64.1993
846.368 62.4693
846.850 62.0293
847.332 64.7193
847.814 67.8393
848.296 68.1793
848.778 65.7793
849.260 64.1193
849.743 64.2593
850.225 64.7293
850.707 65.4293
851.189 65.8593
851.671 65.1193
852.153 63.7193
852.635 63.0993
853.117 63.9593
853.599 64.8793
854.082 63.7493
854.564 61.5293
855.046 61.0893
855.528 62.3593
856.010 62.8593
856.492 61.4893
856.974 59.7423
857.456 59.5313
857.939 60.7893
858.421 62.1493
858.903 63.9393
859.385 65.0093
859.867 64.8293
860.349 64.1793
860.831 63.5593
861.313 62.9693
861.795 62.3093
862.278 61.0693
862.760 60.4193
863.242 61.0593
863.724 62.0393
864.206 63.2493
864.688 64.2293
865.170 63.9193
865.653 62.1393
866.135 60.7593
866.617 61.7993
867.099 63.6893
867.581 63.8993
868.063 62.6593
868.545 60.7893
869.027 58.4853
869.509 56.4243
869.992 55.0863
870.474 54.8053
870.956 56.8123
871.438 61.7493
871.920 64.7993
872.402 65.4593
872.884 65.0293
873.366 63.1993
873.848 61.2093
874.331 61.1393
874.813 63.0593
875.295 64.2393
875.777 64.0293
876.259 63.6493
876.741 63.3393
877.223 63.1393
877.705 62.9793
878.188 62.8093
878.670 62.8893
879.152 63.4893
879.634 63.4993
880.116 61.0993
880.598 58.1903
881.080 57.7753
881.562 59.3043
882.044 60.3493
882.527 60.0963
883.009 59.5213
883.491 59.5623
883.973 60.1643
884.455 61.3393
884.937 63.1493
885.419 64.2693
885.901 64.3893
886.383 64.0993
886.866 63.9093
887.348 63.5293
887.830 62.0393
888.312 58.4733
888.794 56.4253
889.276 57.3183
889.758 57.9803
890.240 56.9723
890.722 55.6253
891.205 55.3343
891.687 56.1183
892.169 57.1103
892.651 58.6973
893.133 59.5573
893.615 58.0893
894.097 56.2403
894.580 56.3313
895.062 57.9393
895.544 59.3863
896.026 59.9873
896.508 59.8603
896.990 59.0543
897.472 57.6443
897.954 55.3283
898.436 52.4273
898.919 50.8472
899.401 51.1313
899.883 51.9403
900.365 52.0673
900.847 51.8393
901.329 52.7083
901.811 55.1893
902.293 55.9913
902.776 53.9433
903.258 52.3333
903.740 53.4773
904.222 51.8613
904.704 54.9503
905.186 51.2539
905.668 51.0431
906.150 51.3943
906.632 53.3283
907.115 55.3603
907.597 56.4813
908.079 55.3653
908.561 52.6873
909.043 50.3317
909.525 52.1423
910.007 52.8203
910.489 51.1962
910.971 51.5763
911.454 52.4593
911.936 52.5153
912.418 53.0913
912.900 54.4053
913.382 55.2463
913.864 54.3863
914.346 52.8423
914.828 52.7373
915.310 53.6833
915.793 53.7103
916.275 52.5953
916.757 51.9203
917.239 52.6703
917.721 53.6883
918.203 52.8023
918.685 50.6997
919.167 52.0443
919.650 51.3173
920.132 50.5636
920.614 50.4286
921.096 50.4705
921.578 50.8083
922.060 51.8753
922.542 51.5773
923.024 52.3983
923.506 53.8913
923.989 51.6503
924.471 51.2280
924.953 52.0083
925.435 51.8513
925.917 51.1451
926.399 50.4974
926.881 50.6791
927.364 52.1373
927.846 54.0653
928.328 54.1223
928.810 53.1063
929.292 51.3373
929.774 51.2251
930.256 50.4471
930.738 51.3933
931.220 50.6424
931.703 51.6193
932.185 53.4873
932.667 55.1653
933.149 56.3643
933.631 55.5603
934.113 52.6103
934.595 50.4649
935.077 50.4643
935.559 51.7003
936.042 52.9133
936.524 53.7763
937.006 53.9143
937.488 53.1193
937.970 52.7023
938.452 53.1903
938.934 54.2873
939.416 55.8203
939.898 57.7233
940.381 58.7693
940.863 58.3983
941.345 58.2863
941.827 58.7253
942.309 59.3003
942.791 59.8693
943.273 60.3993
943.755 60.8393
944.237 61.1593
944.720 61.4993
945.202 61.4593
945.684 61.9893
946.166 63.8093
946.648 66.0593
947.130 68.2793
947.612 70.1893
948.094 71.0993
948.577 70.5793
949.059 70.1393
949.541 70.7393
950.023 71.8393
950.505 72.8093
950.987 73.8893
951.469 75.8793
951.951 78.7493
952.433 81.1493
952.916 81.8893
953.398 82.4693
953.880 85.3693
954.362 89.7693
954.844 93.7493
955.326 97.0993
955.808 99.6093
956.291 101.199
956.773 102.539
957.255 104.289
957.737 106.529
958.219 109.819
958.701 114.189
959.183 118.719
959.665 123.169
960.147 128.559
960.630 135.789
961.112 143.689
961.594 149.899
962.076 157.599
962.558 165.699
963.040 171.699
963.522 181.499
964.004 187.899
964.487 193.999
964.969 201.699
965.451 210.799
965.933 219.399
966.415 227.399
966.897 235.799
967.379 244.299
967.861 253.699
968.343 264.699
968.826 276.499
969.308 288.199
969.790 299.899
970.272 312.299
970.754 326.599
971.236 339.999
971.718 349.999
972.200 359.699
972.682 372.199
973.165 385.599
973.647 397.099
974.129 406.099
974.611 414.699
975.093 424.199
975.575 433.299
976.057 441.199
976.539 447.699
977.021 453.299
977.504 457.699
977.986 460.299
978.468 460.499
978.950 458.899
979.432 455.599
979.914 450.799
980.396 445.499
980.878 439.699
981.360 432.399
981.843 423.499
982.325 411.599
982.807 395.999
983.289 378.699
983.771 362.399
984.253 346.899
984.735 330.399
985.218 312.799
985.700 295.599
986.182 279.099
986.664 263.899
987.146 250.899
987.628 238.799
988.110 225.299
988.592 209.799
989.074 196.099
989.557 184.199
990.039 174.299
990.521 167.199
991.003 160.799
991.485 153.899
991.967 146.629
992.449 139.599
992.931 132.709
993.414 126.709
993.896 122.199
994.378 117.689
994.860 111.919
995.342 106.519
995.824 103.229
996.306 101.739
996.788 100.109
997.270 98.0593
997.753 96.0393
998.235 94.4393
998.717 92.4893
999.199 89.3393
999.681 85.9193
1000.16 83.2993
1000.65 81.5493
1001.13 80.2993
1001.61 80.1593
1002.09 79.3293
1002.57 76.2593
1003.06 72.9893
1003.54 71.0693
1004.02 70.1693
1004.50 69.8693
1004.98 69.9093
1005.47 69.1593
1005.95 66.0793
1006.43 63.3493
1006.91 63.4393
1007.40 64.5893
1007.88 64.9993
1008.36 64.5993
1008.84 63.5193
1009.32 61.8893
1009.80 60.4993
1010.29 60.1193
1010.77 60.1223
1011.25 59.9643
1011.73 59.5533
1012.22 58.4963
1012.70 56.9993
1013.18 55.8953
1013.66 55.5173
1014.14 55.2923
1014.63 54.3853
1015.11 53.4543
1015.59 54.3483
1016.07 56.3133
1016.55 56.6703
1017.04 55.2643
1017.52 53.7983
1018.00 53.1213
1018.48 53.0363
1018.97 53.4793
1019.45 54.2173
1019.93 54.3273
1020.41 53.8803
1020.89 53.4653
1021.38 53.1903
1021.86 53.3973
1022.34 54.3673
1022.82 55.3573
1023.30 55.1013
1023.79 53.7423
1024.27 52.5863
1024.75 51.6193
1025.23 51.2297
1025.71 51.5623
1026.20 52.1093
1026.68 52.6713
1027.16 52.9023
1027.64 51.9733
1028.13 52.3093
1028.61 51.8813
1029.09 51.8273
1029.57 51.5083
1030.05 51.0395
1030.54 50.5831
1031.02 50.3226
1031.50 50.5606
1031.98 51.4683
1032.46 53.2013
1032.95 53.8653
1033.43 53.1123
1033.91 52.1573
1034.39 51.1302
1034.88 50.4541
1035.36 51.5303
1035.84 52.3643
1036.32 52.0573
1036.80 52.7333
1037.29 51.6763
1037.77 52.7333
1038.25 53.1463
1038.73 52.5123
1039.21 51.5993
1039.70 50.8169
1040.18 50.3944
1040.66 50.7952
1041.14 51.1552
1041.63 50.6613
1042.11 53.0513
1042.59 54.5893
1043.07 52.3903
1043.55 50.9454
1044.04 52.2833
1044.52 52.4193
1045.00 51.7253
1045.48 50.7229
1045.96 52.0283
1046.45 52.7153
1046.93 52.7973
1047.41 51.4573
1047.89 50.3164
1048.38 50.9162
1048.86 52.5083
1049.34 52.7963
1049.82 51.1548
1050.30 50.3457
1050.79 50.8997
1051.27 52.1903
1051.75 55.4763
1052.23 58.0873
1052.71 56.9643
1053.20 53.7633
1053.68 52.5343
1054.16 54.2083
1054.64 55.3803
1055.12 54.5713
1055.61 54.0203
1056.09 54.8753
1056.57 56.0283
1057.05 56.5123
1057.54 56.5863
1058.02 57.1473
1058.50 58.4823
1058.98 58.8393
1059.46 56.5413
1059.95 54.6733
1060.43 54.4773
1060.91 55.2373
1061.39 57.1393
1061.87 59.2393
1062.36 59.5293
1062.84 57.5433
1063.32 56.1293
1063.80 57.4593
1064.29 58.0793
1064.77 54.8493
1065.25 51.7183
1065.73 52.9413
1066.21 56.5533
1066.69 58.2093
1067.18 57.0753
1067.66 56.0313
1068.14 55.8343
1068.62 56.4783
1069.11 58.7293
1069.59 61.1093
1070.07 62.5593
1070.55 63.1393
1071.03 62.7493
1071.52 61.4993
1072.00 61.1393
1072.48 63.4393
1072.96 65.4193
1073.44 65.6193
1073.93 65.0293
1074.41 64.0693
1074.89 63.0593
1075.37 62.3193
1075.85 61.9193
1076.34 61.7193
1076.82 61.7193
1077.30 61.8393
1077.78 62.4993
1078.27 62.8093
1078.75 61.2593
1079.23 59.2803
1079.71 59.5643
1080.19 61.9693
1080.68 63.0693
1081.16 60.4793
1081.64 58.7573
1082.12 60.9593
1082.60 63.8593
1083.09 65.7193
1083.57 66.4693
1084.05 65.8393
1084.53 64.1693
1085.02 62.7893
1085.50 61.8493
1085.98 62.0693
1086.46 65.8893
1086.94 68.6193
1087.43 65.8793
1087.91 61.1993
1088.39 58.4483
1088.87 57.9253
1089.35 59.0603
1089.84 62.2993
1090.32 64.4793
1090.80 63.7593
1091.28 62.3093
1091.77 60.5993
1092.25 59.3603
1092.73 59.6633
1093.21 60.9293
1093.69 61.6693
1094.18 61.6293
1094.66 61.3893
1095.14 61.1193
1095.62 60.4493
1096.10 58.4143
1096.59 56.4893
1097.07 56.4573
1097.55 57.4893
1098.03 57.4543
1098.52 55.9293
1099.00 54.9533
1099.48 55.5723
1099.96 56.2513
1100.44 56.7533
1100.93 56.9913
1101.41 56.5883
1101.89 55.9133
1102.37 55.8323
1102.85 56.4653
1103.34 57.3113
1103.82 59.0093
1104.30 59.6343
1104.78 57.8303
1105.27 55.8843
1105.75 54.7573
1106.23 54.3873
1106.71 54.8623
1107.19 56.0213
1107.68 56.8653
1108.16 57.5283
1108.64 57.3543
1109.12 55.1223
1109.60 53.4353
1110.09 53.4463
1110.57 54.3423
1111.05 55.9043
1111.53 57.6953
1112.01 58.1323
1112.50 56.5473
1112.98 55.2683
1113.46 54.2463
1113.94 53.7453
1114.43 53.5823
1114.91 54.2253
1115.39 57.3463
1115.87 61.0693
1116.35 60.6393
1116.83 54.9623
1117.32 51.8383
1117.80 52.8863
1118.28 53.4823
1118.76 52.3123
1119.25 51.5863
1119.73 53.0753
1120.21 55.1703
1120.69 55.1643
1121.17 53.1273
1121.66 52.7323
1122.14 54.9053
1122.62 56.0133
1123.10 55.0023
1123.58 54.9173
1124.07 57.6543
1124.55 60.6493
1125.03 60.9693
1125.51 59.1333
1126.00 57.4463
1126.48 55.7983
1126.96 54.8863
1127.44 54.8033
1127.92 55.1983
1128.41 56.1583
1128.89 56.7143
1129.37 55.9673
1129.85 54.5723
1130.33 54.0933
1130.82 54.5283
1131.30 54.8023
1131.78 54.9163
1132.26 55.0183
1132.74 55.1543
1133.23 55.0673
1133.71 54.5793
1134.19 54.0573
1134.67 54.0583
1135.16 54.4633
1135.64 54.5313
1136.12 54.4393
1136.60 56.0823
1137.08 59.3853
1137.57 60.9393
1138.05 59.4583
1138.53 57.5033
1139.01 57.5293
1139.49 58.6553
1139.98 59.4063
1140.46 59.7813
1140.94 59.8573
1141.42 59.5653
1141.91 58.3733
1142.39 56.3483
1142.87 54.9023
1143.35 55.0313
1143.83 55.2043
1144.32 52.7263
1144.80 50.7931
1145.28 50.3407
1145.76 52.6553
1146.24 54.1973
1146.73 54.6013
1147.21 54.6473
1147.69 54.6543
1148.17 54.8053
1148.66 55.4283
1149.14 56.0633
1149.62 56.6953
1150.10 56.8193
1150.58 55.5723
1151.07 53.4423
1151.55 51.2242
1152.03 51.3973
1152.51 52.7023
1152.99 53.0223
1153.48 52.6693
1153.96 51.3703
1154.44 50.6911
1154.92 52.3723
1155.41 53.5023
1155.89 52.5543
1156.37 50.3530
1156.85 51.0373
1157.33 51.7513
1157.81 52.9283
1158.30 51.1226
1158.78 50.4607
1159.26 51.5023
1159.74 53.4363
1160.23 55.3353
1160.71 56.7533
1161.19 56.3673
1161.67 53.9593
1162.15 53.3363
1162.64 55.6173
1163.12 57.6423
1163.60 59.3773
1164.08 60.5593
1164.56 61.0293
1165.05 60.9493
1165.53 60.2993
1166.01 59.2753
1166.49 58.4503
1166.98 57.6543
1167.46 58.2263
1167.94 60.6393
1168.42 62.0393
1168.90 61.6593
1169.39 60.4593
1169.87 58.8473
1170.35 57.9933
1170.83 60.4493
1171.31 65.2593
1171.80 66.4793
1172.28 64.3893
1172.76 62.3193
1173.24 60.7693
1173.72 60.5093
1174.21 61.7693
1174.69 62.8693
1175.17 62.0793
1175.65 60.8293
1176.14 61.8193
1176.62 64.0593
1177.10 65.6493
1177.58 66.4993
1178.06 66.6193
1178.55 66.1093
1179.03 65.3993
1179.51 64.6793
1179.99 64.1193
1180.47 63.7893
1180.96 63.7193
1181.44 64.3193
1181.92 64.9793
1182.40 64.4493
1182.89 63.4593
1183.37 64.0793
1183.85 66.4793
1184.33 67.4793
1184.81 64.4493
1185.30 62.1693
1185.78 63.1293
1186.26 64.8593
1186.74 66.7293
1187.22 67.9093
1187.71 67.2593
1188.19 65.2393
1188.67 63.3893
1189.15 61.5593
1189.64 61.0393
1190.12 63.0693
1190.60 64.6893
1191.08 65.8293
1191.56 65.9693
1192.05 64.4593
1192.53 62.1993
1193.01 60.1603
1193.49 58.4873
1193.97 58.6213
1194.46 61.1493
1194.94 62.2393
1195.42 61.4793
1195.90 60.7993
1196.39 60.8193
1196.87 60.8693
1197.35 60.4393
1197.83 59.8703
1198.31 59.7813
1198.80 60.0813
1199.28 60.3793
1199.76 60.6593
1200.24 61.0893
1200.72 61.5193
1201.21 60.5993
1201.69 58.0103
1202.17 56.0323
1202.65 56.7383
1203.13 58.4763
1203.62 59.2773
1204.10 59.5673
1204.58 59.8113
1205.06 60.0893
1205.55 60.6893
1206.03 61.3993
1206.51 61.2993
1206.99 60.0113
1207.47 58.7253
1207.96 58.1143
1208.44 57.6373
1208.92 56.8273
1209.40 56.2153
1209.88 56.0823
1210.37 56.4063
1210.85 57.6813
1211.33 59.7053
1211.81 60.2133
1212.30 58.0683
1212.78 56.0793
1213.26 53.7543
1213.74 52.6143
1214.22 51.6973
1214.70 55.1073
1215.19 51.4073
1215.67 54.4453
1216.15 55.7343
1216.63 53.3343
1217.12 51.2238
1217.60 51.1946
1218.08 52.1853
1218.56 52.2283
1219.04 52.2473
1219.53 52.5643
1220.01 52.4773
1220.49 51.2621
1220.97 50.7583
1221.45 50.6617
1221.94 50.9867
1222.42 51.5913
1222.90 51.8943
1223.38 52.4773
1223.86 53.2193
1224.35 53.3033
1224.83 52.5773
1225.31 51.8323
1225.79 51.5103
1226.28 51.6323
1226.76 52.6603
1227.24 53.6783
1227.72 53.8923
1228.20 53.5693
1228.69 52.5613
1229.17 51.4383
1229.65 52.2023
1230.13 55.8513
1230.61 57.5983
1231.10 54.8263
1231.58 52.7223
1232.06 52.8533
1232.54 53.1253
1233.03 52.2133
1233.51 51.4843
1233.99 52.7733
1234.47 55.4143
1234.95 56.5053
1235.44 55.7663
1235.92 55.5283
1236.40 55.9033
1236.88 55.3533
1237.36 53.4983
1237.85 52.4823
1238.33 53.4873
1238.81 54.8563
1239.29 54.5283
1239.78 55.6653
1240.26 54.4103
1240.74 56.1183
1241.22 55.9423
1241.70 54.4943
1242.19 53.9503
1242.67 54.4933
1243.15 54.5673
1243.63 53.4283
1244.11 52.6163
1244.60 53.4883
1245.08 54.5893
1245.56 54.5213
1246.04 54.7393
1246.53 57.3903
1247.01 60.6693
1247.49 61.7293
1247.97 60.5793
1248.45 59.2393
1248.94 56.6723
1249.42 54.8083
1249.90 56.1853
1250.38 56.8783
1250.86 55.2433
1251.35 54.3093
1251.83 55.9323
1252.31 58.5143
1252.79 59.0083
1253.28 57.8973
1253.76 57.1523
1254.24 56.7293
1254.72 55.9653
1255.20 55.9313
1255.69 54.7153
1256.17 55.7013
1256.65 56.5033
1257.13 56.3023
1257.61 55.6313
1258.10 54.6463
1258.58 53.9253
1259.06 54.0953
1259.54 54.4323
1260.02 53.6033
1260.51 52.4893
1260.99 52.6103
1261.47 53.8533
1261.95 54.9193
1262.44 55.5243
1262.92 55.5593
1263.40 54.3713
1263.88 53.5433
1264.36 53.7993
1264.84 54.0353
1265.33 53.5373
1265.81 52.9093
1266.29 52.8443
1266.77 53.1453
1267.26 53.2043
1267.74 52.9803
1268.22 52.6323
1268.70 52.1463
1269.18 51.9853
1269.67 52.2253
1270.15 52.6363
1270.63 53.1073
1271.11 53.6353
1271.59 54.3633
1272.08 54.7423
1272.56 52.9983
1273.04 50.9517
1273.52 52.1963
1274.01 50.9081
1274.49 50.5391
1274.97 51.3733
1275.45 50.4319
1275.93 51.6413
1276.42 52.6043
1276.90 51.0146
1277.38 50.5276
1277.86 51.2508
1278.34 52.4123
1278.83 52.2443
1279.31 52.1083
1279.79 52.3903
1280.27 51.7633
1280.76 52.8983
1281.24 51.1937
1281.72 50.2993
