126.758 200.000
128.146 200.511
129.534 211.840
130.922 212.204
132.309 275.485
133.696 291.760
135.083 281.444
136.470 293.509
137.857 326.651
139.243 262.435
140.630 304.560
142.016 297.997
143.401 258.409
144.787 202.836
146.172 309.232
147.557 326.564
148.942 284.112
150.327 333.840
151.711 226.723
153.096 289.736
154.480 364.866
155.863 308.097
157.247 216.584
158.630 284.160
160.013 260.205
161.396 288.247
162.779 339.292
164.161 369.712
165.544 312.106
166.926 356.487
168.308 338.859
169.689 250.231
171.070 238.609
172.452 243.994
173.833 397.383
175.213 352.779
176.594 495.184
177.974 400.594
179.354 221.011
180.734 457.436
182.114 417.868
183.493 373.310
184.872 443.759
186.251 430.217
187.630 438.684
189.008 423.944
190.387 485.060
191.765 475.378
193.143 538.009
194.520 507.251
195.898 501.513
197.275 556.793
198.652 607.092
200.029 558.379
201.405 580.528
202.782 723.827
204.158 741.142
205.534 862.512
206.909 899.486
208.285 918.994
209.660 1017.84
211.035 1111.46
212.410 1159.04
213.784 1353.68
215.159 1503.32
216.533 1602.97
217.907 1994.62
219.281 2221.28
220.654 2368.93
222.027 2579.60
223.400 2473.27
224.773 2589.95
226.146 2523.64
227.518 2316.33
228.891 1994.03
230.263 1506.74
231.634 1312.45
233.006 1026.18
234.377 894.912
235.748 693.652
237.119 542.401
238.490 440.154
239.860 431.918
241.231 379.758
242.601 359.464
243.970 381.246
245.340 369.033
246.709 348.827
248.079 250.626
249.448 228.571
250.816 201.279
252.185 274.945
253.553 302.880
254.921 218.290
256.289 321.547
257.657 404.395
259.024 206.253
260.391 280.119
261.758 256.989
263.125 345.867
264.492 310.752
265.858 325.642
267.224 296.538
268.590 206.443
269.956 246.353
271.321 286.743
272.687 320.130
274.052 284.003
275.416 414.884
276.781 229.499
278.146 256.356
279.510 485.243
280.874 259.185
282.237 352.065
283.601 382.355
284.964 430.348
286.327 440.558
287.690 228.226
289.053 390.100
290.416 371.500
291.778 263.665
293.140 432.667
294.502 443.144
295.863 403.502
297.225 206.703
298.586 424.475
299.947 304.274
301.308 507.140
302.668 602.189
304.029 497.053
305.389 444.935
306.749 662.815
308.108 554.715
309.468 741.583
310.827 756.521
312.186 652.473
313.545 962.439
314.903 1144.43
316.262 1772.60
317.620 1931.61
318.978 1552.80
320.336 2019.84
321.693 2589.51
323.051 3172.60
324.408 3734.69
325.765 4636.78
327.121 5088.88
328.478 6277.99
329.834 6755.10
331.190 7417.21
332.546 7662.32
333.902 7678.44
335.257 7192.57
336.612 6996.69
337.967 5979.83
339.322 5400.97
340.677 4579.11
342.031 3708.25
343.385 3275.40
344.739 2415.55
346.093 2068.71
347.446 1713.86
348.799 1435.03
350.153 1191.20
351.505 1168.37
352.858 1125.53
354.210 965.654
355.563 717.775
356.915 837.900
358.267 723.031
359.618 532.166
360.969 783.303
362.321 547.443
363.672 704.545
365.022 667.650
366.373 609.760
367.723 678.873
369.073 420.021
370.423 634.170
371.773 569.320
373.122 414.477
374.471 508.650
375.821 538.078
377.169 664.258
378.518 431.457
379.866 423.656
381.215 293.896
382.563 453.141
383.910 544.387
385.258 366.637
386.605 409.533
387.952 393.783
389.299 565.035
390.646 302.289
391.992 441.549
393.339 503.807
394.685 341.064
396.031 351.330
397.376 407.594
398.722 357.441
400.067 449.127
401.412 380.396
402.757 337.666
404.101 321.062
405.446 264.203
406.790 373.779
408.134 240.051
409.478 290.324
410.821 406.596
412.165 471.809
413.508 367.078
414.851 418.600
416.193 496.850
417.536 353.525
418.878 327.797
420.220 269.064
421.562 392.812
422.904 414.098
424.245 301.635
425.586 340.932
426.927 361.172
428.268 241.410
429.609 378.977
430.949 282.211
432.289 234.443
433.629 342.211
434.969 289.703
436.309 269.070
437.648 493.137
438.987 207.676
440.326 266.848
441.665 361.283
443.003 206.594
444.342 263.189
445.680 393.332
447.018 329.709
448.355 347.854
449.693 414.994
451.030 205.867
452.367 205.871
453.704 277.002
455.041 246.609
456.377 250.646
457.713 265.732
459.049 306.787
460.385 270.000
461.721 241.051
463.056 203.100
464.391 510.160
465.726 351.219
467.061 274.273
468.395 607.340
469.730 275.391
471.064 330.492
472.398 507.537
473.731 317.938
475.065 428.471
476.398 219.504
477.731 336.801
479.064 223.857
480.397 412.615
481.729 419.660
483.062 481.449
484.394 549.494
485.725 491.527
487.057 487.557
488.389 514.824
489.720 455.844
491.051 582.855
492.382 419.865
493.712 415.869
495.043 568.252
496.373 489.664
497.703 334.748
499.032 437.070
500.362 510.141
501.691 530.217
503.020 619.277
504.349 684.346
505.678 650.984
507.007 669.752
508.335 568.135
509.663 573.182
510.991 509.775
512.319 387.811
513.646 717.318
514.973 456.336
516.300 627.344
517.627 464.539
518.954 680.535
520.280 649.523
521.607 616.934
522.933 546.475
524.259 553.453
525.584 428.734
526.910 377.893
528.235 437.703
529.560 542.654
530.885 417.592
532.209 697.520
533.534 441.938
534.858 251.139
536.182 492.625
537.506 606.400
538.829 471.289
540.152 442.648
541.476 461.812
542.799 478.941
544.121 487.271
545.444 216.113
546.766 564.980
548.088 566.840
549.410 365.947
550.732 712.250
552.053 466.074
553.375 667.891
554.696 417.629
556.017 381.455
557.337 335.531
558.658 486.334
559.978 547.541
561.298 412.320
562.618 307.572
563.938 518.324
565.257 297.064
566.576 438.791
567.895 454.506
569.214 418.209
570.533 631.900
571.851 574.582
573.170 461.250
574.488 357.924
575.805 566.584
577.123 351.234
578.440 366.871
579.758 232.496
581.075 343.102
582.391 576.695
583.708 212.887
585.024 390.658
586.341 489.189
587.657 260.295
588.972 501.168
590.288 528.615
591.603 454.025
592.918 285.467
594.233 370.893
595.548 414.084
596.863 260.482
598.177 538.734
599.491 285.104
600.805 315.457
602.119 246.650
603.432 363.041
604.746 295.348
606.059 417.512
607.372 573.787
608.685 399.049
609.997 222.027
611.309 641.090
612.621 321.414
613.933 348.711
615.245 230.975
616.557 438.166
617.868 314.293
619.179 431.896
620.490 498.947
621.801 419.809
623.111 472.785
624.421 624.955
625.731 354.988
627.041 406.338
628.351 208.658
629.660 593.117
630.970 275.416
632.279 215.371
633.588 598.529
634.896 312.471
636.205 533.340
637.513 231.648
638.821 578.154
640.129 264.059
641.437 370.221
642.744 502.924
644.051 378.613
645.358 314.424
646.665 382.467
647.972 411.268
649.278 514.434
650.584 514.740
651.890 283.330
653.196 320.225
654.502 758.773
655.807 339.307
657.113 535.193
658.418 395.688
659.722 479.166
661.027 704.727
662.331 265.166
663.636 494.584
664.940 392.598
666.244 693.434
667.547 270.797
668.851 574.672
670.154 289.197
671.457 477.496
672.760 467.779
674.062 360.148
675.365 585.643
676.667 479.123
677.969 448.324
679.271 520.514
680.572 693.025
681.874 336.209
683.175 364.643
684.476 269.074
685.777 410.445
687.077 565.330
688.378 602.346
689.678 231.770
690.978 342.838
692.278 273.410
693.577 206.314
694.877 454.215
696.176 311.566
697.475 343.475
698.774 350.070
700.072 299.266
701.371 515.266
702.669 557.801
703.967 435.443
705.265 361.066
706.562 311.740
707.860 652.516
709.157 528.615
710.454 239.158
711.751 740.422
713.047 366.916
714.344 760.389
715.640 330.842
716.936 612.271
718.232 314.682
719.527 498.945
720.823 821.312
722.118 519.486
723.413 610.814
724.708 607.148
726.002 570.574
727.297 648.842
728.591 1114.09
729.885 490.320
731.179 1014.54
732.472 1187.73
733.766 794.908
735.059 1096.39
736.352 1145.17
737.645 1243.27
738.937 1156.38
740.230 1337.15
741.522 1417.24
742.814 1083.30
744.106 1052.38
745.397 1122.59
746.689 1065.99
747.980 960.980
749.271 684.949
750.562 717.904
751.853 719.297
753.143 840.873
754.433 454.879
755.723 437.518
757.013 575.262
758.303 407.697
759.592 539.545
760.881 229.369
762.170 549.174
763.459 451.959
764.748 363.727
766.036 529.869
767.325 259.928
768.613 703.615
769.901 353.273
771.188 451.625
772.476 607.295
773.763 302.775
775.050 556.393
776.337 232.010
777.624 413.539
778.910 439.072
780.196 458.586
781.482 342.064
782.768 475.539
784.054 227.088
785.339 336.525
786.625 354.000
787.910 501.906
789.195 287.600
790.479 652.465
791.764 338.750
793.048 431.311
794.332 574.559
795.616 275.047
796.900 462.252
798.183 468.451
799.467 374.633
800.750 314.664
802.033 367.811
803.316 276.938
804.598 239.498
805.880 666.584
807.163 551.730
808.445 474.811
809.726 582.695
811.008 315.277
812.289 442.143
813.570 457.408
814.851 247.812
816.132 539.914
817.413 477.053
818.693 255.750
819.973 294.781
821.253 517.439
822.533 273.986
823.813 353.611
825.092 564.908
826.371 493.506
827.650 375.088
828.929 339.463
830.208 339.012
831.486 647.566
832.764 581.799
834.042 241.695
835.320 461.428
836.598 339.570
837.875 591.820
839.152 416.412
840.429 527.867
841.706 388.502
842.983 621.936
844.259 268.873
845.536 270.059
846.812 661.889
848.088 200.588
849.363 485.795
850.639 203.230
851.914 483.830
853.189 576.049
854.464 305.941
855.739 366.695
857.013 494.568
858.288 650.871
859.562 363.904
860.836 332.725
862.110 251.002
863.383 687.270
864.656 325.406
865.930 647.777
867.203 470.689
868.475 538.861
869.748 598.607
871.020 674.766
872.292 554.426
873.564 603.822
874.836 624.693
876.108 564.816
877.379 369.947
878.650 343.078
879.922 641.197
881.192 440.303
882.463 559.428
883.733 371.545
885.004 490.660
886.274 477.771
887.544 294.877
888.813 344.971
890.083 622.062
891.352 370.150
892.621 496.230
893.890 574.312
895.159 573.391
896.427 286.461
897.695 329.541
898.964 279.613
900.232 511.674
901.499 310.732
902.767 425.779
904.034 267.818
905.301 616.848
906.568 350.869
907.835 553.264
909.102 473.742
910.368 741.949
911.634 394.910
912.900 316.930
914.166 484.072
915.432 374.082
916.697 825.080
917.962 408.818
919.227 259.805
920.492 720.863
921.757 381.828
923.021 637.494
924.285 363.459
925.550 608.418
926.813 512.875
928.077 678.818
929.341 595.766
930.604 499.660
931.867 538.578
933.130 614.488
934.393 452.072
935.655 329.973
936.918 601.070
938.180 264.621
939.442 620.238
940.703 338.127
941.965 383.775
943.226 452.652
944.488 522.191
945.749 563.697
947.009 447.934
948.270 672.258
949.530 431.135
950.791 507.996
952.051 334.715
953.311 531.174
954.570 441.848
955.830 254.148
957.089 632.275
958.348 386.100
959.607 505.600
960.866 332.418
962.124 407.230
963.383 329.658
964.641 228.488
965.899 402.318
967.156 403.061
968.414 471.912
969.671 358.758
970.928 247.980
972.185 468.354
973.442 234.188
974.699 602.477
975.955 304.096
977.211 553.906
978.468 392.707
979.723 412.395
980.979 575.922
982.234 343.436
983.490 205.805
984.745 884.941
986.000 367.344
987.254 697.484
988.509 611.865
989.763 343.529
991.017 761.746
992.271 313.451
993.525 448.668
994.779 508.850
996.032 350.027
997.285 677.695
998.538 634.322
999.791 655.396
1001.04 255.719
1002.30 737.395
1003.55 334.082
1004.80 650.176
1006.05 498.596
1007.30 423.658
1008.55 724.514
1009.81 580.016
1011.06 683.986
1012.31 465.334
1013.56 511.875
1014.81 674.881
1016.06 570.289
1017.31 481.576
1018.56 641.043
1019.81 693.408
1021.06 400.791
1022.31 649.543
1023.56 926.824
1024.81 509.896
1026.06 1018.62
1027.31 492.256
1028.55 791.936
1029.80 643.465
1031.05 978.418
1032.30 762.977
1033.55 625.305
1034.79 858.395
1036.04 1001.31
1037.29 806.230
1038.53 793.338
1039.78 828.256
1041.03 671.674
1042.27 1166.17
1043.52 785.428
1044.77 818.756
1046.01 1145.08
1047.26 647.203
1048.50 822.139
1049.75 854.102
1050.99 1243.78
1052.24 669.904
1053.48 1178.18
1054.73 1103.09
1055.97 929.709
1057.22 1035.11
1058.46 1020.12
1059.70 1048.69
1060.95 1164.94
1062.19 1190.10
1063.43 1281.28
1064.68 1374.86
1065.92 1551.94
1067.16 1696.67
1068.40 1696.38
1069.65 2446.56
1070.89 2004.57
1072.13 2533.08
1073.37 3341.37
1074.61 3401.08
1075.85 4120.75
1077.10 5015.88
1078.34 5821.28
1079.58 6828.55
1080.82 8713.05
1082.06 10167.0
1083.30 11990.7
1084.54 13830.8
1085.78 16025.9
1087.02 17576.3
1088.26 19380.8
1089.50 20040.7
1090.74 20306.4
1091.97 19910.0
1093.21 18928.4
1094.45 17665.0
1095.69 15927.1
1096.93 14710.6
1098.17 12373.9
1099.40 10949.1
1100.64 9230.61
1101.88 8241.04
1103.12 6439.88
1104.35 6109.96
1105.59 4967.94
1106.83 4678.99
1108.06 3805.84
1109.30 3474.81
1110.54 2729.55
1111.77 2832.47
1113.01 2192.20
1114.24 2097.66
1115.48 1972.12
1116.71 1675.82
1117.95 1482.24
1119.18 1254.07
1120.42 1481.30
1121.65 1171.62
1122.89 1168.75
1124.12 1233.82
1125.35 1136.07
1126.59 987.879
1127.82 861.340
1129.06 804.613
1130.29 759.715
1131.52 728.078
1132.75 690.680
1133.99 477.297
1135.22 269.426
1136.45 312.289
1137.68 713.707
1138.91 357.363
1140.15 744.469
1141.38 427.980
1142.61 244.078
1143.84 328.977
1145.07 224.574
1146.30 367.223
1147.53 519.520
1148.76 307.688
1149.99 507.520
1151.22 358.312
1152.45 313.406
1153.68 378.504
1154.91 413.617
1156.14 347.785
1157.37 430.086
1158.60 304.875
1159.83 429.672
1161.06 314.273
1162.28 570.602
1163.51 292.926
1164.74 499.055
1165.97 256.801
1167.19 481.945
1168.42 477.262
1169.65 623.910
1170.88 493.840
1172.10 541.078
1173.33 383.391
1174.56 222.414
1175.78 242.836
1177.01 655.410
1178.23 585.078
1179.46 237.652
1180.69 519.102
1181.91 333.324
1183.14 241.535
1184.36 608.516
1185.59 492.328
1186.81 345.648
1188.04 488.984
1189.26 463.598
1190.48 522.840
1191.71 502.422
1192.93 500.023
1194.16 703.691
1195.38 539.344
1196.60 478.953
1197.82 396.168
1199.05 747.844
1200.27 485.270
1201.49 865.398
1202.71 391.570
1203.94 654.426
1205.16 260.797
1206.38 795.879
1207.60 283.820
1208.82 806.375
1210.04 269.168
1211.27 595.598
1212.49 857.965
1213.71 550.191
1214.93 545.441
1216.15 555.625
1217.37 706.836
1218.59 353.891
1219.81 623.875
1221.03 515.789
1222.25 519.641
1223.46 641.426
1224.68 571.102
1225.90 597.809
1227.12 536.379
1228.34 412.828
1229.56 305.250
1230.78 627.973
1231.99 567.195
1233.21 514.301
1234.43 378.328
1235.65 637.059
1236.86 411.914
1238.08 448.699
1239.30 881.410
1240.51 420.055
1241.73 550.594
1242.95 677.062
1244.16 481.395
1245.38 751.641
1246.59 419.789
1247.81 631.785
1249.03 552.691
1250.24 217.746
1251.45 628.348
1252.67 472.867
1253.89 252.277
1255.10 494.508
1256.31 528.648
1257.53 486.676
1258.74 261.391
1259.95 244.262
1261.17 225.340
1262.38 250.660
1263.59 354.059
1264.81 442.242
1266.02 786.328
1267.23 205.266
1268.45 465.094
1269.66 364.809
1270.87 724.414
1272.08 383.934
1273.29 443.359
1274.51 946.664
1275.72 1307.89
1276.93 452.027
1278.14 427.082
1279.35 229.047
1280.56 528.609
1281.77 323.258
1282.98 270.977
1284.19 249.410
1285.40 427.574
1286.61 296.969
1287.82 377.707
1289.03 220.410
1290.24 401.500
1291.45 337.996
1292.66 450.945
1293.86 304.426
1295.07 510.914
1296.28 249.145
1297.49 368.641
1298.70 433.379
1299.91 373.852
1301.11 311.133
1302.32 377.027
1303.53 202.824
1304.73 220.320
1305.94 282.422
1307.15 279.844
1308.35 417.086
1309.56 450.078
1310.77 210.148
1311.97 408.355
1313.18 277.863
1314.38 796.258
1315.59 1084.20
1316.80 550.508
1318.00 315.941
1319.20 233.629
1320.41 390.680
1321.61 619.848
1322.82 245.332
1324.02 411.559
1325.23 506.867
1326.43 207.449
1327.63 596.172
1328.84 256.016
1330.04 255.219
1331.24 305.961
1332.45 483.477
1333.65 396.555
1334.85 204.508
1336.06 363.621
1337.26 339.648
1338.46 321.645
1339.66 527.449
1340.86 308.613
1342.06 720.793
1343.27 465.422
1344.47 201.621
1345.67 558.078
1346.87 530.352
1348.07 799.164
1349.27 607.195
1350.47 592.113
1351.67 502.215
1352.87 612.332
1354.07 507.625
1355.27 664.543
1356.47 913.730
1357.67 357.887
1358.87 613.945
1360.06 1023.85
1361.26 553.195
1362.46 677.410
1363.66 649.160
1364.86 604.023
1366.06 776.082
1367.25 602.430
1368.45 704.531
1369.65 691.750
1370.85 795.152
1372.04 340.309
1373.24 788.398
1374.44 471.824
1375.63 594.332
1376.83 964.465
1378.03 554.879
1379.22 348.684
1380.42 637.008
1381.61 648.785
1382.81 674.824
1384.00 648.805
1385.20 656.672
1386.39 797.199
1387.59 617.449
1388.78 549.906
1389.98 789.738
1391.17 643.488
1392.36 878.629
1393.56 432.887
1394.75 491.523
1395.95 879.750
1397.14 497.309
1398.33 779.508
1399.53 729.207
1400.72 802.812
1401.91 534.129
1403.10 867.039
1404.30 707.688
1405.49 810.738
1406.68 447.148
1407.87 802.051
1409.06 610.242
1410.26 834.984
1411.45 1350.65
1412.64 1002.44
1413.83 1572.35
1415.02 1134.10
1416.21 1924.02
1417.40 1897.65
1418.59 2474.94
1419.78 2420.80
1420.97 2834.81
1422.16 3181.56
1423.35 3681.66
1424.54 3284.44
1425.73 3724.72
1426.92 3662.92
1428.10 3501.83
1429.29 3440.41
1430.48 3344.70
1431.67 2949.41
1432.86 2879.30
1434.05 2692.18
1435.23 2496.80
1436.42 2385.14
1437.61 2141.89
1438.80 2052.19
1439.98 1783.02
1441.17 1777.14
1442.35 1794.70
1443.54 1542.19
1444.73 1377.08
1445.91 1662.00
1447.10 1119.68
1448.29 1141.02
1449.47 911.133
1450.66 1096.68
1451.84 740.449
1453.03 1337.30
1454.21 1093.37
1455.40 836.402
1456.58 1079.44
1457.77 325.574
1458.95 953.770
1460.13 926.090
1461.32 449.715
1462.50 979.648
1463.69 429.949
1464.87 488.656
1466.05 815.844
1467.23 327.531
1468.42 908.738
1469.60 278.504
1470.78 578.773
1471.96 839.594
1473.15 517.051
1474.33 353.273
1475.51 969.414
1476.69 918.609
1477.87 212.992
1479.06 496.734
1480.24 553.043
1481.42 301.254
1482.60 473.105
1483.78 210.816
1484.96 483.191
1486.14 496.812
1487.32 438.473
1488.50 200.000
