172.124 56.4417
172.606 60.8699
173.088 64.4565
173.570 66.6437
174.052 67.6773
174.534 68.6732
175.016 71.0490
175.499 75.8691
175.981 83.1819
176.463 91.9420
176.945 100.293
177.427 106.286
177.909 108.462
178.391 106.315
178.873 100.311
179.356 91.7673
179.838 82.4954
180.320 74.4744
180.802 69.4081
181.284 68.3787
181.766 71.5360
182.248 78.0942
182.730 86.5717
183.212 95.3350
183.695 103.138
184.177 109.521
184.659 114.842
185.141 120.008
185.623 126.024
186.105 133.579
186.587 142.769
187.069 153.020
187.552 163.143
188.034 171.498
188.516 176.279
188.998 175.890
189.480 169.416
189.962 157.009
190.444 140.075
190.926 121.051
191.408 102.870
191.891 88.1655
192.373 78.6099
192.855 74.5230
193.337 74.9944
193.819 78.3188
194.301 82.6721
194.783 86.6053
195.265 89.3517
195.748 90.7291
196.230 90.9510
196.712 90.3119
197.194 89.1105
197.676 87.6127
198.158 86.2352
198.640 85.5726
199.122 86.4470
199.604 89.6786
200.087 95.9308
200.569 105.416
201.051 117.870
201.533 132.497
202.015 148.223
202.497 163.840
202.979 178.348
203.461 191.029
203.943 201.605
204.426 210.070
204.908 216.668
205.390 221.658
205.872 225.392
206.354 228.235
206.836 230.719
207.318 233.390
207.800 236.765
208.283 241.019
208.765 246.040
209.247 251.468
209.729 257.222
210.211 263.752
210.693 272.313
211.175 284.510
211.657 301.777
212.139 324.519
212.622 351.899
213.104 381.871
213.586 411.987
214.068 439.971
214.550 464.335
215.032 484.158
215.514 498.832
215.996 507.423
216.479 508.696
216.961 501.234
217.443 484.239
217.925 457.946
218.407 424.094
218.889 385.531
219.371 345.785
219.853 308.071
220.335 274.793
220.818 246.971
221.300 224.477
221.782 206.193
222.264 190.742
222.746 176.737
223.228 163.270
223.710 149.730
224.192 135.955
224.675 121.938
225.157 108.083
225.639 95.0288
226.121 83.8368
226.603 75.4831
227.085 70.6663
227.567 69.1643
228.049 69.9864
228.531 71.4488
229.014 72.0625
229.496 70.8869
229.978 68.0556
230.460 64.3008
230.942 60.6921
231.424 57.8551
231.906 56.0343
232.388 54.9651
232.871 54.4778
233.353 54.4469
233.835 55.0602
234.317 56.3265
234.799 58.1705
235.281 60.1305
235.763 61.8423
236.245 62.9791
236.727 63.6609
237.210 64.0550
237.692 64.4776
238.174 64.9319
238.656 65.4346
239.138 65.8399
239.620 66.2829
240.102 66.8378
240.584 67.6772
241.066 68.5617
241.549 69.1358
242.031 68.7691
242.513 67.1898
242.995 64.3760
243.477 60.9085
243.959 57.4051
244.441 54.5510
244.923 52.5225
245.406 51.3252
245.888 50.6092
246.370 50.2498
246.852 50.1106
247.334 50.3729
247.816 51.0272
248.298 52.1147
248.780 53.3376
249.262 54.5395
249.745 55.4777
250.227 56.2984
250.709 57.1281
251.191 58.3364
251.673 60.0028
252.155 62.2318
252.637 64.7772
253.119 67.5263
253.602 70.1820
254.084 72.6939
254.566 74.8258
255.048 76.5299
255.530 77.5484
256.012 77.9018
256.494 77.5645
256.976 76.9240
257.458 76.2928
257.941 76.1711
258.423 76.6313
258.905 77.6321
259.387 78.6042
259.869 79.0445
260.351 78.3122
260.833 76.2924
261.315 73.0779
261.798 69.3967
262.280 65.9932
262.762 63.8043
263.244 63.2036
263.726 64.2476
264.208 66.1944
264.690 68.1828
265.172 69.1570
265.654 68.7457
266.137 67.0282
266.619 64.9470
267.101 63.4898
267.583 63.7087
268.065 65.8857
268.547 69.9288
269.029 75.0785
269.511 80.7410
269.993 86.3054
270.476 91.7783
270.958 97.2281
271.440 103.098
271.922 109.487
272.404 116.478
272.886 123.551
273.368 130.126
273.850 135.215
274.333 138.234
274.815 138.812
275.297 137.530
275.779 135.347
276.261 133.762
276.743 133.735
277.225 135.773
277.707 139.281
278.189 143.436
278.672 147.225
279.154 150.478
279.636 153.434
280.118 156.955
280.600 161.428
281.082 166.919
281.564 172.608
282.046 177.721
282.529 181.462
283.011 183.848
283.493 185.055
283.975 185.620
284.457 185.531
284.939 184.711
285.421 182.656
285.903 179.341
286.385 174.821
286.868 169.704
287.350 164.258
287.832 158.718
288.314 152.657
288.796 145.818
289.278 137.876
289.760 129.265
290.242 120.539
290.725 112.695
291.207 106.246
291.689 101.628
292.171 98.6073
292.653 97.0231
293.135 96.3178
293.617 96.2038
294.099 96.0419
294.581 95.4804
295.064 93.9395
295.546 91.3914
296.028 87.8442
296.510 83.9392
296.992 80.1515
297.474 77.2056
297.956 75.2938
298.438 74.6919
298.920 75.1869
299.403 76.7826
299.885 79.0609
300.367 81.7976
300.849 84.3293
301.331 86.3235
301.813 87.3205
302.295 87.5438
302.777 87.2478
303.260 87.1990
303.742 87.7457
304.224 89.2685
304.706 91.4666
305.188 94.1355
305.670 96.6701
306.152 98.8607
306.634 100.256
307.116 100.833
307.599 100.340
308.081 99.0416
308.563 97.0818
309.045 95.1110
309.527 93.4176
310.009 92.3966
310.491 91.7440
310.973 91.2361
311.456 90.2835
311.938 88.8815
312.420 87.0021
312.902 85.1715
313.384 83.5335
313.866 82.3928
314.348 81.5352
314.830 81.1062
315.312 81.0458
315.795 81.7660
316.277 83.2133
316.759 85.3447
317.241 87.3659
317.723 88.7052
318.205 88.7155
318.687 87.7218
319.169 86.2777
319.652 85.5173
320.134 85.9052
320.616 87.6269
321.098 89.8890
321.580 92.0159
322.062 93.1425
322.544 93.1866
323.026 92.0438
323.508 90.1015
323.991 87.3270
324.473 84.0540
324.955 80.4166
325.437 77.2164
325.919 75.0348
326.401 74.6170
326.883 75.7275
327.365 77.7906
327.847 79.4140
328.330 79.7096
328.812 78.0432
329.294 74.9635
329.776 71.1695
330.258 67.7712
330.740 65.0984
331.222 63.3830
331.704 62.2282
332.187 61.7416
332.669 61.9475
333.151 63.4488
333.633 66.3093
334.115 70.5223
334.597 75.1651
335.079 79.4329
335.561 82.2704
336.043 83.5128
336.526 83.1962
337.008 82.1761
337.490 81.0061
337.972 80.4372
338.454 80.4808
338.936 81.2441
339.418 82.2696
339.900 83.4829
340.383 84.4726
340.865 85.3043
341.347 85.6754
341.829 85.6786
342.311 84.9762
342.793 83.6437
343.275 81.4359
343.757 78.6970
344.239 75.6049
344.722 72.9591
345.204 71.2163
345.686 71.0872
346.168 72.4999
346.650 75.3241
347.132 78.6215
347.614 81.6973
348.096 83.5533
348.579 83.9349
349.061 82.5854
349.543 80.0287
350.025 76.6115
350.507 73.1982
350.989 70.2107
351.471 68.3473
351.953 67.6267
352.435 68.1345
352.918 69.1711
353.400 70.2169
353.882 70.3324
354.364 69.2782
354.846 66.8421
355.328 63.6628
355.810 60.1650
356.292 57.1218
356.774 54.6000
357.257 52.8018
357.739 51.3739
358.221 50.4714
358.703 50.0000
359.185 50.3881
359.667 51.5147
360.149 53.3832
360.631 55.2522
361.114 56.7042
361.596 57.0985
362.078 56.6688
362.560 55.6566
363.042 54.9272
363.524 54.7474
364.006 55.4020
364.488 56.3224
364.970 57.1960
365.453 57.4142
365.935 57.1459
366.417 56.4342
366.899 55.8542
367.381 55.3983
367.863 55.2580
368.345 55.0485
368.827 54.8966
369.310 54.7093
369.792 55.0202
370.274 55.9034
370.756 57.6193
371.238 59.6280
371.720 61.5905
372.202 62.7586
372.684 63.1360
373.166 62.7050
373.649 62.2057
374.131 61.9840
374.613 62.6120
375.095 63.8595
375.577 65.6356
376.059 67.2897
376.541 68.7297
377.023 69.6696
377.506 70.5163
377.988 71.3242
378.470 72.4771
378.952 73.6303
379.434 74.6010
379.916 74.6463
380.398 73.6523
380.880 71.4820
381.362 68.9255
381.845 66.5860
382.327 65.3946
382.809 65.3541
383.291 66.3326
383.773 67.3679
384.255 67.9830
384.737 67.6462
385.219 66.7780
385.702 65.6359
386.184 64.8571
386.666 64.2878
387.148 63.9025
387.630 63.1608
388.112 62.2347
388.594 61.2341
389.076 60.9637
389.558 61.6624
390.041 63.5955
390.523 66.0532
391.005 68.4542
391.487 69.7824
391.969 69.8102
392.451 68.3071
392.933 65.8704
393.415 62.8107
393.897 59.8745
394.380 57.2184
394.862 55.3015
395.344 53.9938
395.826 53.5252
396.308 53.5900
396.790 54.2753
397.272 55.1494
397.754 56.1895
398.237 56.8911
398.719 57.2459
399.201 56.9097
399.683 56.1989
400.165 55.1767
400.647 54.4684
401.129 54.1545
401.611 54.5204
402.093 55.1007
402.576 55.7438
403.058 55.9393
403.540 55.9302
404.022 55.7846
404.504 56.1041
404.986 56.8226
405.468 57.9838
405.950 58.9226
406.433 59.4766
406.915 59.3379
407.397 59.0332
407.879 58.7949
408.361 59.1514
408.843 59.7832
409.325 60.4929
409.807 60.5717
410.289 60.0560
410.772 58.9606
411.254 58.0776
411.736 57.7381
412.218 58.4287
412.700 59.7515
413.182 61.4587
413.664 62.7728
414.146 63.5297
414.629 63.3536
415.111 62.5556
415.593 61.1411
416.075 59.6800
416.557 58.3585
417.039 57.8568
417.521 58.3221
418.003 60.1338
418.485 62.8480
418.968 66.0966
419.450 68.8035
419.932 70.3734
420.414 70.0683
420.896 68.1314
421.378 64.8890
421.860 61.4939
422.342 58.6933
422.824 57.4157
423.307 57.6246
423.789 59.1975
424.271 61.1638
424.753 62.9112
425.235 63.5713
425.717 63.1470
426.199 61.6481
426.681 59.9015
427.164 58.4203
427.646 58.0676
428.128 58.9230
428.610 61.0702
429.092 63.6933
429.574 66.1560
430.056 67.3766
430.538 67.0611
431.020 65.0094
431.503 62.0364
431.985 58.8343
432.467 56.5222
432.949 55.4065
433.431 55.7509
433.913 56.9586
434.395 58.7236
434.877 60.3596
435.360 61.8200
435.842 62.7574
436.324 63.3320
436.806 63.2421
437.288 62.6529
437.770 61.3667
438.252 59.7845
438.734 57.9917
439.216 56.5910
439.699 55.7158
440.181 55.8654
440.663 56.9487
441.145 59.1204
441.627 61.8183
442.109 64.6637
442.591 66.6974
443.073 67.5469
443.556 66.8234
444.038 65.1576
444.520 63.1641
445.002 61.9439
445.484 61.7507
445.966 62.6497
446.448 63.7446
446.930 64.4683
447.412 64.1312
447.895 63.0262
448.377 61.4332
448.859 60.1830
449.341 59.4658
449.823 59.6093
450.305 60.3024
450.787 61.6595
451.269 63.4249
451.751 65.7852
452.234 68.3494
452.716 70.9682
453.198 72.9583
453.680 74.1924
454.162 74.3975
454.644 74.0422
455.126 73.3086
455.608 72.7571
456.091 72.3261
456.573 72.2120
457.055 72.0868
457.537 72.0336
458.019 71.6762
458.501 71.0177
458.983 69.6163
459.465 67.5923
459.947 64.9325
460.430 62.3965
460.912 60.4806
461.394 59.9367
461.876 60.6050
462.358 62.2049
462.840 63.7295
463.322 64.7306
463.804 64.8163
464.287 64.5521
464.769 64.3392
465.251 64.8511
465.733 65.9000
466.215 67.2873
466.697 68.2241
467.179 68.5066
467.661 67.8644
468.143 66.7607
468.626 65.3522
469.108 64.1242
469.590 62.9746
470.072 62.1029
470.554 61.2858
471.036 60.7698
471.518 60.4156
472.000 60.4482
472.483 60.5702
472.965 60.7919
473.447 60.6758
473.929 60.2515
474.411 59.2728
474.893 58.0744
475.375 56.7419
475.857 55.8610
476.339 55.5875
476.822 56.3271
477.304 57.8321
477.786 60.0206
478.268 62.2914
478.750 64.5055
479.232 66.2992
479.714 67.8660
480.196 69.0114
480.678 69.8058
481.161 69.7780
481.643 68.8910
482.125 67.0172
482.607 64.8887
483.089 63.1901
483.571 62.9626
484.053 64.3625
484.535 67.1966
485.018 70.2695
485.500 72.6290
485.982 73.3315
486.464 72.5518
486.946 70.7582
487.428 69.1171
487.910 68.2521
488.392 68.6894
488.874 70.0296
489.357 71.8829
489.839 73.3694
490.321 74.1182
490.803 73.6558
491.285 72.2255
491.767 70.0103
492.249 67.7801
492.731 65.9418
493.214 65.0523
493.696 64.9002
494.178 65.2598
494.660 65.3653
495.142 64.9813
495.624 63.9112
496.106 62.7414
496.588 61.8440
497.070 61.7377
497.553 62.1039
498.035 62.5607
498.517 62.2605
498.999 61.0292
499.481 58.8857
499.963 56.6824
500.445 55.0251
500.927 54.5672
501.410 55.0590
501.892 56.1444
502.374 56.9887
502.856 57.3704
503.338 57.1789
503.820 57.0374
504.302 57.3071
504.784 58.4615
505.266 60.2200
505.749 62.3038
506.231 63.9724
506.713 64.9615
507.195 64.9310
507.677 64.1326
508.159 62.6161
508.641 60.8055
509.123 58.7869
509.605 57.0051
510.088 55.5977
510.570 54.9974
511.052 55.1363
511.534 56.0062
512.016 57.0157
512.498 57.8278
512.980 57.9593
513.462 57.6262
513.945 57.0790
514.427 57.0239
514.909 57.6454
515.391 59.0174
515.873 60.4656
516.355 61.4624
516.837 61.3489
517.319 60.2279
517.801 58.3444
518.284 56.4873
518.766 55.0388
519.248 54.3737
519.730 54.2249
520.212 54.4839
520.694 54.8153
521.176 55.3968
521.658 56.2487
522.141 57.6530
522.623 59.3659
523.105 61.1799
523.587 62.4637
524.069 63.0033
524.551 62.6071
525.033 61.7363
525.515 60.7669
525.997 60.3268
526.480 60.5006
526.962 61.3456
527.444 62.4120
527.926 63.5058
528.408 64.2770
528.890 64.8446
529.372 65.1728
529.854 65.5286
530.337 65.8407
530.819 66.2479
531.301 66.5852
531.783 66.9803
532.265 67.3073
532.747 67.6978
533.229 67.9602
533.711 68.1232
534.193 67.9503
534.676 67.5439
535.158 66.8483
535.640 66.1499
536.122 65.4717
536.604 65.0177
537.086 64.6252
537.568 64.3204
538.050 63.8824
538.533 63.4151
539.015 62.8451
539.497 62.3728
539.979 61.8964
540.461 61.4649
540.943 60.8012
541.425 59.8735
541.907 58.5072
542.389 56.9409
542.872 55.3397
543.354 54.1859
543.836 53.6591
544.318 53.9729
544.800 54.8422
545.282 56.0068
545.764 56.9291
546.246 57.4544
546.728 57.4889
547.211 57.4454
547.693 57.6306
548.175 58.4524
548.657 59.7846
549.139 61.3758
549.621 62.5643
550.103 62.9749
550.585 62.3213
551.068 60.9144
551.550 59.1302
552.032 57.5978
552.514 56.5531
552.996 56.1412
553.478 56.0495
553.960 56.0703
554.442 55.8673
554.924 55.4783
555.407 54.9208
555.889 54.5141
556.371 54.3950
556.853 54.8303
557.335 55.7927
557.817 57.3253
558.299 59.1612
558.781 61.1067
559.264 62.7082
559.746 63.6904
560.228 63.6940
560.710 62.7302
561.192 60.8761
561.674 58.6007
562.156 56.3132
562.638 54.5615
563.120 53.5546
563.603 53.4295
564.085 53.9352
564.567 54.8614
565.049 55.8402
565.531 56.7701
566.013 57.5257
566.495 58.2279
566.977 58.8468
567.460 59.4442
567.942 59.8639
568.424 60.0951
568.906 60.0614
569.388 59.9657
569.870 59.9688
570.352 60.3686
570.834 61.1834
571.316 62.3492
571.799 63.4628
572.281 64.1767
572.763 64.0992
573.245 63.1960
573.727 61.5724
574.209 59.6656
574.691 57.8547
575.173 56.5642
575.655 55.9172
576.138 55.9487
576.620 56.4058
577.102 57.0620
577.584 57.5784
578.066 57.8084
578.548 57.6231
579.030 57.1409
579.512 56.4845
579.995 55.9396
580.477 55.6862
580.959 55.9511
581.441 56.7748
581.923 58.1906
582.405 60.0268
582.887 62.1016
583.369 64.0661
583.851 65.6436
584.334 66.5380
584.816 66.6890
585.298 66.1440
585.780 65.1920
586.262 64.1089
586.744 63.2017
587.226 62.5858
587.708 62.3372
588.191 62.4131
588.673 62.8606
589.155 63.6920
589.637 64.9539
590.119 66.4983
590.601 68.0461
591.083 69.1057
591.565 69.2359
592.047 68.1274
592.530 65.8590
593.012 62.8199
593.494 59.6969
593.976 57.1711
594.458 55.7923
594.940 55.7401
595.422 56.8674
595.904 58.6894
596.387 60.6044
596.869 61.9960
597.351 62.4557
597.833 61.8206
598.315 60.2519
598.797 58.1181
599.279 55.9178
599.761 54.0826
600.243 52.8962
600.726 52.4053
601.208 52.4882
601.690 52.9262
602.172 53.5428
602.654 54.2512
603.136 55.0606
603.618 55.9822
604.100 56.9413
604.582 57.7342
605.065 58.0911
605.547 57.8327
606.029 57.0222
606.511 56.0413
606.993 55.4729
607.475 55.8759
607.957 57.4821
608.439 60.0657
608.922 62.9697
609.404 65.4114
609.886 66.7870
610.368 66.9665
610.850 66.2662
611.332 65.2998
611.814 64.6047
612.296 64.4546
612.778 64.7221
613.261 65.0823
613.743 65.1657
614.225 64.8390
614.707 64.1826
615.189 63.5021
615.671 63.0731
616.153 63.0964
616.635 63.5328
617.118 64.2440
617.600 64.9717
618.082 65.5508
618.564 65.8478
619.046 65.8987
619.528 65.7514
620.010 65.5536
620.492 65.3615
620.974 65.2398
621.457 65.0883
621.939 64.8041
622.421 64.1773
622.903 63.1459
623.385 61.7274
623.867 60.2453
624.349 59.1146
624.831 58.8782
625.314 59.8200
625.796 61.9853
626.278 64.9463
626.760 68.1263
627.242 70.8377
627.724 72.7249
628.206 73.6574
628.688 73.8746
629.170 73.5719
629.653 72.9476
630.135 71.9250
630.617 70.4970
631.099 68.6663
631.581 66.8013
632.063 65.3351
632.545 64.8140
633.027 65.4002
633.509 66.9983
633.992 69.0346
634.474 70.9282
634.956 72.0612
635.438 72.2404
635.920 71.4662
636.402 70.1597
636.884 68.7306
637.366 67.7151
637.849 67.3220
638.331 67.6401
638.813 68.3117
639.295 68.9559
639.777 69.0485
640.259 68.4681
640.741 67.2808
641.223 66.0124
641.705 65.0802
642.188 64.8706
642.670 65.2347
643.152 65.8934
643.634 66.2952
644.116 66.2311
644.598 65.6008
645.080 64.7462
645.562 63.9085
646.045 63.4413
646.527 63.3398
647.009 63.6551
647.491 64.1655
647.973 64.8324
648.455 65.4080
648.937 65.8501
649.419 65.9335
649.901 65.7235
650.384 65.1875
650.866 64.6076
651.348 64.0708
651.830 63.8313
652.312 63.8423
652.794 64.2549
653.276 65.0317
653.758 66.4172
654.241 68.3854
654.723 70.9685
655.205 73.6957
655.687 76.1331
656.169 77.6117
656.651 77.9729
657.133 77.2231
657.615 75.9690
658.097 74.6596
658.580 73.7873
659.062 73.1932
659.544 72.6403
660.026 71.5597
660.508 69.9118
660.990 67.8592
661.472 66.2465
661.954 65.7429
662.436 66.9623
662.919 69.5947
663.401 72.9371
663.883 75.6388
664.365 76.7721
664.847 75.7164
665.329 72.9084
665.811 69.0741
666.293 65.3777
666.776 62.3984
667.258 60.5253
667.740 59.4681
668.222 59.1598
668.704 59.4014
669.186 60.5088
669.668 62.4950
670.150 65.4296
670.632 68.6897
671.115 71.7239
671.597 73.7214
672.079 74.5470
672.561 74.1887
673.043 73.2730
673.525 72.1450
674.007 71.3140
674.489 70.7174
674.972 70.4595
675.454 70.2394
675.936 70.1015
676.418 69.7752
676.900 69.4041
677.382 68.9243
677.864 68.8294
678.346 69.4167
678.828 71.2891
679.311 74.3373
679.793 78.2524
680.275 81.8611
680.757 84.2227
681.239 84.3967
681.721 82.5475
682.203 79.2034
682.685 75.6444
683.168 72.6254
683.650 70.7564
684.132 69.6888
684.614 69.1493
685.096 68.5283
685.578 67.8878
686.060 67.1509
686.542 66.6883
687.024 66.3269
687.507 66.1178
687.989 65.6802
688.471 65.2187
688.953 64.8054
689.435 65.0961
689.917 66.2490
690.399 68.5019
690.881 71.2420
691.364 73.9721
691.846 75.7446
692.328 76.2967
692.810 75.3523
693.292 73.4561
693.774 70.9503
694.256 68.6550
694.738 66.8589
695.220 66.1421
695.703 66.4748
696.185 68.0793
696.667 70.4856
697.149 73.4056
697.631 75.8973
698.113 77.4680
698.595 77.4288
699.077 76.0315
699.559 73.5838
700.042 71.1920
700.524 69.4878
701.006 69.2399
701.488 70.2499
701.970 72.3661
702.452 74.7508
702.934 77.0741
703.416 78.6826
703.899 79.5774
704.381 79.3992
704.863 78.4019
705.345 76.5225
705.827 74.4154
706.309 72.3996
706.791 71.2570
707.273 70.9674
707.755 71.5518
708.238 72.1257
708.720 72.2181
709.202 71.1398
709.684 69.2735
710.166 67.0171
710.648 65.5143
711.130 65.1832
711.612 66.4395
712.095 68.5878
712.577 71.1017
713.059 72.9377
713.541 73.9376
714.023 73.9021
714.505 73.5751
714.987 73.2974
715.469 73.7891
715.951 74.8510
716.434 76.4368
716.916 77.7115
717.398 78.4236
717.880 78.0394
718.362 76.9656
718.844 75.3485
719.326 73.9789
719.808 72.9199
720.291 72.5086
720.773 72.2529
721.255 72.1435
721.737 71.6884
722.219 71.1563
722.701 70.3685
723.183 69.7302
723.665 68.9449
724.147 68.1709
724.630 66.9282
725.112 65.4125
725.594 63.3960
726.076 61.4244
726.558 59.5433
727.040 58.3954
727.522 57.9167
728.004 58.4872
728.486 59.6832
728.969 61.5119
729.451 63.2459
729.933 64.7739
730.415 65.5076
730.897 65.7296
731.379 65.3466
731.861 65.0203
732.343 64.7214
732.826 64.8409
733.308 64.8999
733.790 64.9400
734.272 64.4360
734.754 63.7215
735.236 62.7198
735.718 62.1216
736.200 61.9169
736.682 62.5583
737.165 63.6117
737.647 65.1164
738.129 66.3719
738.611 67.3662
739.093 67.5393
739.575 67.1702
740.057 66.0600
740.539 64.8320
741.022 63.4930
741.504 62.6534
741.986 62.0721
742.468 61.9940
742.950 61.8661
743.432 61.8383
743.914 61.5019
744.396 61.2868
744.878 61.0062
745.361 61.1292
745.843 61.3130
746.325 61.8031
746.807 62.1028
747.289 62.4554
747.771 62.4697
748.253 62.5139
748.735 62.2541
749.218 62.0506
749.700 61.5330
750.182 61.0525
750.664 60.2532
751.146 59.5079
751.628 58.4681
752.110 57.5386
752.592 56.4626
753.074 55.8080
753.557 55.4638
754.039 56.0054
754.521 57.0940
755.003 58.8927
755.485 60.6381
755.967 62.2932
756.449 63.2393
756.931 63.8795
757.413 64.0933
757.896 64.5824
758.378 65.1645
758.860 66.1717
759.342 66.9409
759.824 67.4644
760.306 67.0277
760.788 65.8797
761.270 63.7437
761.753 61.3280
762.235 58.6761
762.717 56.5911
763.199 54.9550
763.681 54.2115
764.163 53.7932
764.645 53.7753
765.127 53.4467
765.609 53.0469
766.092 52.2702
766.574 51.8286
767.056 51.7134
767.538 52.5970
768.020 54.0705
768.502 56.2121
768.984 58.0761
769.466 59.5113
769.949 59.7511
770.431 59.1707
770.913 57.6527
771.395 56.0924
771.877 54.5656
772.359 53.8061
772.841 53.4890
773.323 53.9341
773.805 54.5734
774.288 55.7320
774.770 56.9997
775.252 58.8374
775.734 60.7852
776.216 63.0590
776.698 64.8901
777.180 66.3460
777.662 66.8020
778.145 66.7337
778.627 65.9719
779.109 65.2539
779.591 64.3450
780.073 63.6831
780.555 62.7313
781.037 61.8589
781.519 60.7366
782.001 60.0610
782.484 59.6715
782.966 60.1022
783.448 60.7337
783.930 61.6038
784.412 61.8452
784.894 61.6513
785.376 60.6107
785.858 59.4177
786.340 57.9454
786.823 56.8815
787.305 55.9075
787.787 55.5424
788.269 55.4338
788.751 56.1607
789.233 57.3473
789.715 59.3354
790.197 61.3158
790.680 63.2162
791.162 64.0899
791.644 64.1587
792.126 63.1106
792.608 61.8666
793.090 60.5394
793.572 60.0140
794.054 59.9365
794.536 60.5401
795.019 60.9289
795.501 61.1325
795.983 60.4344
796.465 59.3283
796.947 57.6403
797.429 56.2873
797.911 55.2428
798.393 55.2463
798.876 55.8116
799.358 57.0985
799.840 58.1316
800.322 58.8887
800.804 58.6129
801.286 57.8367
801.768 56.4489
802.250 55.4263
802.732 54.6795
803.215 54.7879
803.697 55.0536
804.179 55.5721
804.661 55.5415
805.143 55.3908
805.625 54.8877
806.107 54.9433
806.589 55.4230
807.072 56.8742
807.554 58.4985
808.036 60.2261
808.518 61.0127
809.000 61.0758
809.482 60.0770
809.964 59.0429
810.446 58.1566
810.928 58.4282
811.411 59.4714
811.893 61.4360
812.375 63.1733
812.857 64.5287
813.339 64.6422
813.821 64.1079
814.303 62.9110
814.785 62.1926
815.267 61.9203
815.750 62.6709
816.232 63.5693
816.714 64.4885
817.196 64.3285
817.678 63.3435
818.160 61.2415
818.642 59.1353
819.124 57.2239
819.607 56.5138
820.089 56.5539
820.571 57.4950
821.053 58.2488
821.535 58.8589
822.017 58.6626
822.499 58.3835
822.981 57.8732
823.463 57.9181
823.946 57.9773
824.428 58.2885
824.910 57.9868
825.392 57.4460
825.874 56.3055
826.356 55.4811
826.838 54.8221
827.320 54.9887
827.803 55.2800
828.285 55.8856
828.767 56.0108
829.249 56.1732
829.731 56.0798
830.213 56.5952
830.695 57.4130
831.177 59.0870
831.659 60.9279
832.142 63.2533
832.624 65.3177
833.106 67.4471
833.588 68.8292
834.070 69.6663
834.552 69.1338
835.034 67.7301
835.516 65.2372
835.999 62.8325
836.481 60.6704
836.963 59.7522
837.445 59.5660
837.927 60.3205
838.409 61.0021
838.891 61.8298
839.373 62.1886
839.855 62.7544
840.338 63.1159
840.820 63.8401
841.302 64.2713
841.784 64.8610
842.266 65.0782
842.748 65.6402
843.230 66.1845
843.712 67.3402
844.195 68.4234
844.677 69.7101
845.159 70.3336
845.641 70.6413
846.123 70.0063
846.605 69.0488
847.087 67.3569
847.569 65.7231
848.051 63.8952
848.534 62.7864
849.016 62.1022
849.498 62.4500
849.980 62.9981
850.462 63.8191
850.944 63.8508
851.426 63.4289
851.908 62.1452
852.390 61.0384
852.873 60.0521
853.355 60.0445
853.837 60.3826
854.319 61.3306
854.801 61.9915
855.283 62.8067
855.765 63.2953
856.247 64.2175
856.730 65.0668
857.212 66.2605
857.694 66.8873
858.176 67.2163
858.658 66.5841
859.140 65.7919
859.622 64.6838
860.104 64.2527
860.586 64.1036
861.069 64.7007
861.551 65.1124
862.033 65.5317
862.515 65.1205
862.997 64.4421
863.479 63.0892
863.961 61.9287
864.443 60.6495
864.926 60.0623
865.408 59.7421
865.890 60.3872
866.372 61.4203
866.854 63.2767
867.336 64.9872
867.818 66.5958
868.300 66.9680
868.782 66.4132
869.265 64.4904
869.747 62.3737
870.229 60.2278
870.711 59.2277
871.193 58.8845
871.675 59.3956
872.157 59.4981
872.639 59.2553
873.122 57.9702
873.604 56.6340
874.086 55.2903
874.568 55.0766
875.050 55.5428
875.532 57.0264
876.014 58.4364
876.496 59.9484
876.978 60.7741
877.461 61.5849
877.943 61.9523
878.425 62.6166
878.907 62.9978
879.389 63.6759
879.871 64.0551
880.353 64.8427
880.835 65.5584
881.317 66.8532
881.800 67.9650
882.282 69.1518
882.764 69.3509
883.246 68.8025
883.728 66.7725
884.210 64.1006
884.692 60.7213
885.174 57.9726
885.657 55.9070
886.139 55.5195
886.621 56.1447
887.103 57.9528
887.585 59.6850
888.067 61.4090
888.549 62.2657
889.031 62.9696
889.513 63.1535
889.996 63.5865
890.478 63.5360
890.960 63.3224
891.442 62.0961
891.924 60.5892
892.406 58.6808
892.888 57.6530
893.370 57.3024
893.853 58.1443
894.335 58.9483
894.817 59.6023
895.299 59.0871
895.781 58.2518
896.263 57.1917
896.745 57.3196
897.227 58.3895
897.709 60.8082
898.192 63.3069
898.674 65.8692
899.156 67.5642
899.638 69.1191
900.120 70.1594
900.602 71.4077
901.084 72.0126
901.566 72.2126
902.049 71.1218
902.531 69.4989
903.013 67.2006
903.495 65.4463
903.977 63.9564
904.459 63.3285
904.941 62.6088
905.423 62.1123
905.905 61.1330
906.388 60.5346
906.870 60.0413
907.352 60.5328
907.834 61.3303
908.316 62.7515
908.798 63.7063
909.280 64.4268
909.762 64.0376
910.244 63.1591
910.727 61.3568
911.209 59.6853
911.691 58.0767
912.173 57.7712
912.655 58.5413
913.137 61.0349
913.619 64.1023
914.101 67.4656
914.584 69.4552
915.066 69.9713
915.548 68.2168
916.030 65.3550
916.512 61.7663
916.994 59.2716
917.476 58.1492
917.958 59.3890
918.440 61.9776
918.923 65.5893
919.405 68.3453
919.887 69.8711
920.369 69.1348
920.851 67.2068
921.333 64.4823
921.815 62.7727
922.297 62.1520
922.780 63.2138
923.262 64.5662
923.744 65.8801
924.226 65.8467
924.708 65.0900
925.190 63.4790
925.672 62.3153
926.154 61.2976
926.636 60.9531
927.119 60.2273
927.601 59.4754
928.083 58.1492
928.565 57.3770
929.047 57.0376
929.529 57.9780
930.011 59.2278
930.493 60.7655
930.976 61.2981
931.458 61.2335
931.940 60.1780
932.422 59.3588
932.904 58.6699
933.386 59.0195
933.868 59.6690
934.350 60.9998
934.832 62.1014
935.315 63.4946
935.797 64.4754
936.279 65.6275
936.761 66.1475
937.243 66.5273
937.725 66.0688
938.207 65.6049
938.689 64.8452
939.171 64.8357
939.654 65.1301
940.136 66.2917
940.618 67.2950
941.100 68.3112
941.582 68.2794
942.064 67.6782
942.546 65.9380
943.028 64.0198
943.511 61.6887
943.993 60.0351
944.475 58.7395
944.957 58.6099
945.439 58.8895
945.921 59.9004
946.403 60.5196
946.885 61.0000
947.367 60.5266
947.850 59.9427
948.332 59.0458
948.814 59.0131
949.296 59.5139
949.778 61.1847
950.260 63.0012
950.742 65.0840
951.224 66.2944
951.707 67.0525
952.189 66.7480
952.671 66.2997
953.153 65.3725
953.635 64.8888
954.117 64.3270
954.599 64.3701
955.081 64.3079
955.563 64.7197
956.046 64.8479
956.528 65.2345
957.010 65.0741
957.492 64.8770
957.974 63.8861
958.456 62.7989
958.938 61.1809
959.420 60.0849
959.903 59.2773
960.385 59.6773
960.867 60.5363
961.349 62.0506
961.831 62.8971
962.313 63.2049
962.795 62.2178
963.277 61.0272
963.759 59.7169
964.242 59.5919
964.724 60.1625
965.206 61.6957
965.688 62.8336
966.170 63.6901
966.652 63.5575
967.134 63.5548
967.616 63.6365
968.098 64.7653
968.581 66.0008
969.063 67.2670
969.545 67.1552
970.027 66.0428
970.509 63.6474
970.991 61.4703
971.473 59.6992
971.955 59.4372
972.438 59.9305
972.920 61.3940
973.402 62.6982
973.884 64.2438
974.366 65.3368
974.848 66.6788
975.330 67.5774
975.812 68.5687
976.294 68.8897
976.777 69.2362
977.259 69.1222
977.741 69.3737
978.223 69.3156
978.705 69.3558
979.187 68.4886
979.669 67.1911
980.151 64.9869
980.634 63.0679
981.116 61.4134
981.598 61.0848
982.080 61.3653
982.562 62.4230
983.044 62.9486
983.526 63.1422
984.008 62.3165
984.490 61.5200
984.973 60.6736
985.455 60.8865
985.937 61.6032
986.419 63.2020
986.901 64.5164
987.383 65.6895
987.865 65.7248
988.347 65.1790
988.830 63.5019
989.312 61.5948
989.794 59.1428
990.276 57.2242
990.758 55.6549
991.240 55.5103
991.722 56.3415
992.204 58.6449
992.686 61.2090
993.169 63.8802
993.651 65.2343
994.133 65.4969
994.615 64.0916
995.097 62.1985
995.579 59.8979
996.061 58.4873
996.543 57.6594
997.026 58.0653
997.508 58.7889
997.990 60.0998
998.472 60.9685
998.954 61.7622
999.436 61.6983
999.918 61.4938
1000.40 60.7554
1000.88 60.4944
1001.36 60.3508
1001.85 61.0160
1002.33 61.5634
1002.81 62.1715
1003.29 61.8009
1003.78 61.0665
1004.26 59.7303
1004.74 59.1157
1005.22 59.1476
1005.70 60.6101
1006.19 62.4585
1006.67 64.6165
1007.15 65.7677
1007.63 66.2648
1008.11 65.6178
1008.60 64.8887
1009.08 63.8041
1009.56 63.1277
1010.04 62.0830
1010.52 61.1114
1011.01 59.4903
1011.49 57.9836
1011.97 56.1803
1012.45 54.9231
1012.94 53.6553
1013.42 53.0436
1013.90 52.5259
1014.38 52.9386
1014.86 53.8595
1015.35 55.9772
1015.83 58.3632
1016.31 61.0618
1016.79 62.7705
1017.27 63.7392
1017.76 63.4318
1018.24 63.0347
1018.72 62.5901
1019.20 63.1596
1019.68 64.0304
1020.17 65.3194
1020.65 65.7233
1021.13 65.4338
1021.61 63.8113
1022.10 61.9098
1022.58 59.7198
1023.06 58.4504
1023.54 57.8146
1024.02 58.5210
1024.51 59.7769
1024.99 61.8902
1025.47 63.8059
1025.95 65.7337
1026.43 66.7488
1026.92 67.4445
1027.40 67.4319
1027.88 67.7320
1028.36 68.0003
1028.85 68.8243
1029.33 69.1768
1029.81 69.1609
1030.29 67.8581
1030.77 66.1027
1031.26 63.9261
1031.74 62.7112
1032.22 62.2253
1032.70 62.8689
1033.18 63.3007
1033.67 63.3935
1034.15 62.2222
1034.63 60.7688
1035.11 59.2085
1035.59 58.9077
1036.08 59.4749
1036.56 61.1276
1037.04 62.4770
1037.52 63.4933
1038.01 63.3910
1038.49 63.1507
1038.97 62.7506
1039.45 63.2399
1039.93 64.0026
1040.42 65.2583
1040.90 65.8504
1041.38 66.0232
1041.86 65.1208
1042.34 64.0158
1042.83 62.4713
1043.31 61.4274
1043.79 60.4591
1044.27 60.2506
1044.76 60.1921
1045.24 60.8533
1045.72 61.5099
1046.20 62.5693
1046.68 63.1517
1047.17 63.6237
1047.65 63.2606
1048.13 62.7357
1048.61 61.6411
1049.09 60.8181
1049.58 59.8293
1050.06 59.3678
1050.54 58.8867
1051.02 59.0967
1051.50 59.5461
1051.99 60.9404
1052.47 62.5699
1052.95 64.6345
1053.43 65.9037
1053.92 66.3711
1054.40 65.1505
1054.88 63.0735
1055.36 60.2392
1055.84 58.1343
1056.33 56.8620
1056.81 57.2702
1057.29 58.5250
1057.77 60.6933
1058.25 62.6303
1058.74 64.5637
1059.22 65.7418
1059.70 66.7204
1060.18 66.8795
1060.66 66.7833
1061.15 65.8849
1061.63 64.9860
1062.11 63.8672
1062.59 63.5249
1063.08 63.6155
1063.56 64.6712
1064.04 65.7373
1064.52 66.8649
1065.00 66.9681
1065.49 66.3534
1065.97 64.4608
1066.45 62.1933
1066.93 59.4843
1067.41 57.4990
1067.90 56.1384
1068.38 56.2205
1068.86 57.0601
1069.34 58.8229
1069.83 60.3612
1070.31 61.7691
1070.79 62.2510
1071.27 62.4686
1071.75 62.0830
1072.24 61.8434
1072.72 61.1424
1073.20 60.3738
1073.68 58.8507
1074.16 57.3287
1074.65 55.7642
1075.13 55.4095
1075.61 56.1730
1076.09 58.6063
1076.57 61.5630
1077.06 64.7046
1077.54 66.6064
1078.02 67.3638
1078.50 66.4438
1078.99 64.8485
1079.47 62.6258
1079.95 60.9277
1080.43 59.6436
1080.91 59.6287
1081.40 60.4338
1081.88 62.5140
1082.36 64.9439
1082.84 67.6982
1083.32 69.5582
1083.81 70.5693
1084.29 69.9935
1084.77 68.5936
1085.25 66.3015
1085.73 64.2447
1086.22 62.3404
1086.70 61.4215
1087.18 61.0211
1087.66 61.6240
1088.15 62.4836
1088.63 63.8378
1089.11 64.7464
1089.59 65.3969
1090.07 65.0634
1090.56 64.4158
1091.04 63.3149
1091.52 62.8182
1092.00 62.7330
1092.48 63.5909
1092.97 64.4544
1093.45 65.2781
1093.93 65.0293
1094.41 64.0834
1094.90 62.1140
1095.38 60.1263
1095.86 58.0993
1096.34 56.9838
1096.82 56.5071
1097.31 57.3450
1097.79 58.9995
1098.27 61.8978
1098.75 65.1899
1099.23 68.8719
1099.72 71.7746
1100.20 73.9085
1100.68 74.5527
1101.16 74.4390
1101.64 73.5045
1102.13 72.7370
1102.61 71.8237
1103.09 71.1737
1103.57 69.9394
1104.06 68.3528
1104.54 65.8451
1105.02 63.2074
1105.50 60.4133
1105.98 58.5152
1106.47 57.3830
1106.95 57.6672
1107.43 58.7036
1107.91 60.6335
1108.39 62.4491
1108.88 64.2064
1109.36 65.1263
1109.84 65.7444
1110.32 65.8262
1110.81 66.2282
1111.29 66.6022
1111.77 67.2696
1112.25 67.2509
1112.73 66.6007
1113.22 64.7639
1113.70 62.8081
1114.18 61.2491
1114.66 61.5752
1115.14 63.6577
1115.63 67.4447
1116.11 71.1236
1116.59 73.7174
1117.07 73.7912
1117.55 71.8673
1118.04 68.3459
1118.52 64.9670
1119.00 62.1914
1119.48 60.7961
1119.97 59.9518
1120.45 59.5844
1120.93 58.8477
1121.41 58.2949
1121.89 57.8019
1122.38 58.2098
1122.86 59.1087
1123.34 60.7432
1123.82 62.2520
1124.30 63.8528
1124.79 65.0261
1125.27 66.3623
1125.75 67.4219
1126.23 68.4985
1126.71 68.7212
1127.20 68.1806
1127.68 66.2800
1128.16 63.7886
1128.64 60.8668
1129.13 58.7193
1129.61 57.4125
1130.09 57.5904
1130.57 58.5847
1131.05 60.4358
1131.54 62.1923
1132.02 63.9211
1132.50 64.8932
1132.98 65.4522
1133.46 65.1274
1133.95 64.4663
1134.43 63.1474
1134.91 61.7985
1135.39 60.1278
1135.88 58.7796
1136.36 57.5296
1136.84 57.1367
1137.32 57.4529
1137.80 59.1004
1138.29 61.4704
1138.77 64.4541
1139.25 66.7366
1139.73 67.9153
1140.21 67.0736
1140.70 64.8323
1141.18 61.5160
1141.66 58.6224
1142.14 56.5803
1142.62 56.1924
1143.11 56.7903
1143.59 58.2324
1144.07 59.4806
1144.55 60.6400
1145.04 61.2519
1145.52 61.9134
1146.00 62.3108
1146.48 62.8388
1146.96 62.8706
1147.45 62.6328
1147.93 61.6146
1148.41 60.3771
1148.89 58.7917
1149.37 57.6570
1149.86 56.8438
1150.34 56.9051
1150.82 57.3116
1151.30 58.1867
1151.78 58.7085
1152.27 58.9721
1152.75 58.4472
1153.23 57.7334
1153.71 56.7884
1154.20 56.4059
1154.68 56.3174
1155.16 56.7702
1155.64 56.9566
1156.12 56.9260
1156.61 56.1668
1157.09 55.3450
1157.57 54.5185
1158.05 54.5226
1158.53 55.1041
1159.02 56.5131
1159.50 58.0007
1159.98 59.6505
1160.46 60.8733
1160.95 62.0097
1161.43 62.6070
1161.91 62.9635
1162.39 62.5653
1162.87 61.8194
1163.36 60.5473
1163.84 59.5388
1164.32 58.7886
1164.80 58.8951
1165.28 59.4131
1165.77 60.5370
1166.25 61.7186
1166.73 63.3533
1167.21 65.1587
1167.69 67.5397
1168.18 69.8566
1168.66 71.9758
1169.14 72.9318
1169.62 72.7630
1170.11 71.1598
1170.59 68.9556
1171.07 66.3670
1171.55 64.2630
1172.03 62.5303
1172.52 61.6502
1173.00 61.3201
1173.48 62.0038
1173.96 63.3200
1174.44 65.3602
1174.93 67.1317
1175.41 68.2247
1175.89 67.7104
1176.37 65.9892
1176.86 63.4232
1177.34 61.5306
1177.82 60.9780
1178.30 62.5181
1178.78 65.3228
1179.27 68.6555
1179.75 70.9532
1180.23 71.8211
1180.71 70.8872
1181.19 69.1447
1181.68 67.1382
1182.16 65.9336
1182.64 65.4084
1183.12 65.6557
1183.60 65.8036
1184.09 65.7408
1184.57 64.9555
1185.05 63.9836
1185.53 62.8811
1186.02 62.3727
1186.50 62.2540
1186.98 62.6819
1187.46 62.8795
1187.94 62.7092
1188.43 61.5427
1188.91 59.7713
1189.39 57.4504
1189.87 55.4885
1190.35 54.0591
1190.84 53.7236
1191.32 54.0110
1191.80 54.8353
1192.28 55.3874
1192.76 55.6960
1193.25 55.4501
1193.73 55.2767
1194.21 55.2443
1194.69 55.9269
1195.18 56.9551
1195.66 58.3318
1196.14 59.3298
1196.62 60.0081
1197.10 60.0712
1197.59 60.1033
1198.07 60.1154
1198.55 60.6143
1199.03 61.2701
1199.51 62.2681
1200.00 63.2351
1200.48 64.5919
1200.96 66.2351
1201.44 68.5491
1201.93 70.9606
1202.41 73.1492
1202.89 74.0721
1203.37 73.5749
1203.85 71.4774
1204.34 68.7836
1204.82 66.1557
1205.30 64.6471
1205.78 64.1729
1206.26 64.6844
1206.75 65.2718
1207.23 65.7313
1207.71 65.6301
1208.19 65.4423
1208.67 65.1405
1209.16 65.1040
1209.64 64.8788
1210.12 64.4597
1210.60 63.3780
1211.09 62.0097
1211.57 60.4258
1212.05 59.3496
1212.53 58.8129
1213.01 59.1491
1213.50 59.8902
1213.98 61.0051
1214.46 61.9378
1214.94 62.8053
1215.42 63.3191
1215.91 63.8430
1216.39 64.2443
1216.87 64.9145
1217.35 65.6305
1217.83 66.5850
1218.32 67.3049
1218.80 67.7590
1219.28 67.3902
1219.76 66.2873
1220.25 64.2265
1220.73 61.7479
1221.21 59.0639
1221.69 56.9788
1222.17 55.7001
1222.66 55.7141
1223.14 56.6649
1223.62 58.3753
1224.10 59.9658
1224.58 61.0953
1225.07 61.2063
1225.55 60.6624
1226.03 59.6946
1226.51 59.1331
1227.00 59.0912
1227.48 59.7182
1227.96 60.2423
1228.44 60.2067
1228.92 58.8759
1229.41 56.4661
1229.89 53.2085
1230.37 50.0662
