   1.1931200e+03   2.9100000e+02
   1.1921900e+03   2.9100000e+02
   1.1912700e+03   2.9100000e+02
   1.1903400e+03   2.9100000e+02
   1.1894100e+03   2.4900000e+02
   1.1884800e+03   2.7500000e+02
   1.1875500e+03   2.9300000e+02
   1.1866300e+03   2.6100000e+02
   1.1857000e+03   2.6700000e+02
   1.1847700e+03   2.6100000e+02
   1.1838400e+03   2.8600000e+02
   1.1829100e+03   2.7100000e+02
   1.1819800e+03   2.6700000e+02
   1.1810500e+03   3.0200000e+02
   1.1801200e+03   2.9000000e+02
   1.1791900e+03   2.7500000e+02
   1.1782600e+03   2.8400000e+02
   1.1773300e+03   2.7100000e+02
   1.1764000e+03   2.8500000e+02
   1.1754700e+03   2.5800000e+02
   1.1745400e+03   2.6300000e+02
   1.1736100e+03   2.7600000e+02
   1.1726800e+03   2.4900000e+02
   1.1717500e+03   2.9300000e+02
   1.1708200e+03   2.5800000e+02
   1.1698900e+03   2.4800000e+02
   1.1689600e+03   2.4300000e+02
   1.1680200e+03   2.6900000e+02
   1.1670900e+03   2.7800000e+02
   1.1661600e+03   2.6100000e+02
   1.1652300e+03   2.9000000e+02
   1.1643000e+03   2.7700000e+02
   1.1633600e+03   2.8700000e+02
   1.1624300e+03   2.7200000e+02
   1.1615000e+03   2.5800000e+02
   1.1605700e+03   2.5500000e+02
   1.1596300e+03   2.6100000e+02
   1.1587000e+03   2.6800000e+02
   1.1577700e+03   2.6400000e+02
   1.1568300e+03   2.7800000e+02
   1.1559000e+03   2.5700000e+02
   1.1549700e+03   2.6800000e+02
   1.1540300e+03   2.6900000e+02
   1.1531000e+03   2.7200000e+02
   1.1521600e+03   2.7200000e+02
   1.1512300e+03   2.5900000e+02
   1.1502900e+03   2.7500000e+02
   1.1493600e+03   2.8500000e+02
   1.1484200e+03   2.7800000e+02
   1.1474900e+03   2.6500000e+02
   1.1465500e+03   2.8200000e+02
   1.1456200e+03   2.7500000e+02
   1.1446800e+03   2.7900000e+02
   1.1437500e+03   2.7400000e+02
   1.1428100e+03   2.7200000e+02
   1.1418700e+03   2.5800000e+02
   1.1409400e+03   2.7400000e+02
   1.1400000e+03   2.8400000e+02
   1.1390700e+03   2.7800000e+02
   1.1381300e+03   2.9300000e+02
   1.1371900e+03   2.9800000e+02
   1.1362500e+03   2.7400000e+02
   1.1353200e+03   2.7000000e+02
   1.1343800e+03   2.6600000e+02
   1.1334400e+03   2.7000000e+02
   1.1325000e+03   2.8000000e+02
   1.1315700e+03   2.8400000e+02
   1.1306300e+03   2.6700000e+02
   1.1296900e+03   3.0800000e+02
   1.1287500e+03   2.7700000e+02
   1.1278100e+03   3.0400000e+02
   1.1268800e+03   2.9800000e+02
   1.1259400e+03   2.8500000e+02
   1.1250000e+03   3.1300000e+02
   1.1240600e+03   3.2900000e+02
   1.1231200e+03   3.1400000e+02
   1.1221800e+03   3.0500000e+02
   1.1212400e+03   2.9500000e+02
   1.1203000e+03   3.2200000e+02
   1.1193600e+03   3.3400000e+02
   1.1184200e+03   3.2200000e+02
   1.1174800e+03   3.2500000e+02
   1.1165400e+03   3.3000000e+02
   1.1156000e+03   3.3100000e+02
   1.1146600e+03   3.1300000e+02
   1.1137200e+03   3.3400000e+02
   1.1127800e+03   2.9600000e+02
   1.1118300e+03   3.2600000e+02
   1.1108900e+03   3.2000000e+02
   1.1099500e+03   3.1000000e+02
   1.1090100e+03   2.9900000e+02
   1.1080700e+03   2.9900000e+02
   1.1071300e+03   3.5500000e+02
   1.1061800e+03   3.2500000e+02
   1.1052400e+03   3.1900000e+02
   1.1043000e+03   3.1000000e+02
   1.1033600e+03   3.0800000e+02
   1.1024100e+03   3.4600000e+02
   1.1014700e+03   3.0900000e+02
   1.1005300e+03   3.1600000e+02
   1.0995800e+03   3.1600000e+02
   1.0986400e+03   2.9300000e+02
   1.0977000e+03   3.1300000e+02
   1.0967500e+03   3.1500000e+02
   1.0958100e+03   3.1300000e+02
   1.0948600e+03   3.3100000e+02
   1.0939200e+03   3.0300000e+02
   1.0929700e+03   3.2000000e+02
   1.0920300e+03   3.2100000e+02
   1.0910900e+03   3.0900000e+02
   1.0901400e+03   3.0500000e+02
   1.0891900e+03   3.0000000e+02
   1.0882500e+03   3.1400000e+02
   1.0873000e+03   2.8200000e+02
   1.0863600e+03   2.9300000e+02
   1.0854100e+03   3.0500000e+02
   1.0844700e+03   2.9000000e+02
   1.0835200e+03   3.1700000e+02
   1.0825700e+03   2.8600000e+02
   1.0816300e+03   2.9000000e+02
   1.0806800e+03   2.7900000e+02
   1.0797300e+03   3.1700000e+02
   1.0787900e+03   2.8500000e+02
   1.0778400e+03   2.9600000e+02
   1.0768900e+03   3.1200000e+02
   1.0759500e+03   2.8500000e+02
   1.0750000e+03   3.1800000e+02
   1.0740500e+03   3.0400000e+02
   1.0731000e+03   2.6700000e+02
   1.0721500e+03   3.0900000e+02
   1.0712100e+03   2.8500000e+02
   1.0702600e+03   2.9100000e+02
   1.0693100e+03   3.0400000e+02
   1.0683600e+03   2.6800000e+02
   1.0674100e+03   2.7500000e+02
   1.0664600e+03   2.6100000e+02
   1.0655100e+03   2.8500000e+02
   1.0645600e+03   2.7900000e+02
   1.0636100e+03   2.7100000e+02
   1.0626600e+03   3.0700000e+02
   1.0617100e+03   3.0700000e+02
   1.0607600e+03   2.8400000e+02
   1.0598100e+03   2.6100000e+02
   1.0588600e+03   2.8600000e+02
   1.0579100e+03   2.8200000e+02
   1.0569600e+03   2.9400000e+02
   1.0560100e+03   2.7700000e+02
   1.0550600e+03   3.0200000e+02
   1.0541100e+03   3.1400000e+02
   1.0531600e+03   2.8000000e+02
   1.0522100e+03   2.7800000e+02
   1.0512600e+03   2.9500000e+02
   1.0503000e+03   2.8700000e+02
   1.0493500e+03   3.0700000e+02
   1.0484000e+03   2.8800000e+02
   1.0474500e+03   2.5200000e+02
   1.0464900e+03   2.6800000e+02
   1.0455400e+03   2.8400000e+02
   1.0445900e+03   3.0100000e+02
   1.0436400e+03   2.8200000e+02
   1.0426800e+03   2.6300000e+02
   1.0417300e+03   3.0500000e+02
   1.0407800e+03   2.9300000e+02
   1.0398200e+03   2.8600000e+02
   1.0388700e+03   2.6600000e+02
   1.0379100e+03   2.6700000e+02
   1.0369600e+03   3.0600000e+02
   1.0360100e+03   2.7600000e+02
   1.0350500e+03   2.8500000e+02
   1.0341000e+03   2.6200000e+02
   1.0331400e+03   2.8400000e+02
   1.0321900e+03   2.7600000e+02
   1.0312300e+03   2.4600000e+02
   1.0302800e+03   2.6300000e+02
   1.0293200e+03   2.9300000e+02
   1.0283700e+03   2.6400000e+02
   1.0274100e+03   2.6400000e+02
   1.0264500e+03   2.6900000e+02
   1.0255000e+03   2.5700000e+02
   1.0245400e+03   2.4900000e+02
   1.0235900e+03   2.6900000e+02
   1.0226300e+03   2.7000000e+02
   1.0216700e+03   2.3900000e+02
   1.0207200e+03   2.5200000e+02
   1.0197600e+03   2.4000000e+02
   1.0188000e+03   2.4000000e+02
   1.0178400e+03   2.3900000e+02
   1.0168900e+03   2.5500000e+02
   1.0159300e+03   2.3900000e+02
   1.0149700e+03   2.6400000e+02
   1.0140100e+03   2.5700000e+02
   1.0130500e+03   2.4200000e+02
   1.0121000e+03   2.4200000e+02
   1.0111400e+03   2.5100000e+02
   1.0101800e+03   2.4600000e+02
   1.0092200e+03   2.4000000e+02
   1.0082600e+03   2.1200000e+02
   1.0073000e+03   2.4500000e+02
   1.0063400e+03   2.5000000e+02
   1.0053800e+03   2.5500000e+02
   1.0044200e+03   2.5200000e+02
   1.0034600e+03   2.1800000e+02
   1.0025000e+03   2.2500000e+02
   1.0015400e+03   2.3700000e+02
   1.0005800e+03   2.2900000e+02
   9.9962300e+02   2.4200000e+02
   9.9866200e+02   2.2500000e+02
   9.9770200e+02   2.4800000e+02
   9.9674100e+02   2.3700000e+02
   9.9577900e+02   2.3600000e+02
   9.9481800e+02   2.3600000e+02
   9.9385700e+02   2.3000000e+02
   9.9289500e+02   2.3700000e+02
   9.9193300e+02   2.3600000e+02
   9.9097100e+02   2.3200000e+02
   9.9000900e+02   2.4100000e+02
   9.8904700e+02   2.5100000e+02
   9.8808400e+02   2.5100000e+02
   9.8712200e+02   2.2900000e+02
   9.8615900e+02   2.4300000e+02
   9.8519600e+02   2.3700000e+02
   9.8423300e+02   2.4600000e+02
   9.8327000e+02   2.5500000e+02
   9.8230600e+02   2.5000000e+02
   9.8134200e+02   2.3800000e+02
   9.8037900e+02   2.2900000e+02
   9.7941500e+02   2.4500000e+02
   9.7845100e+02   2.4100000e+02
   9.7748600e+02   2.4100000e+02
   9.7652200e+02   2.6100000e+02
   9.7555700e+02   2.4300000e+02
   9.7459300e+02   2.1400000e+02
   9.7362800e+02   2.2900000e+02
   9.7266300e+02   2.1700000e+02
   9.7169700e+02   2.4700000e+02
   9.7073200e+02   2.6200000e+02
   9.6976600e+02   2.4400000e+02
   9.6880100e+02   2.2500000e+02
   9.6783500e+02   2.2300000e+02
   9.6686900e+02   2.5500000e+02
   9.6590200e+02   2.4900000e+02
   9.6493600e+02   2.5800000e+02
   9.6396900e+02   2.2800000e+02
   9.6300300e+02   2.4500000e+02
   9.6203600e+02   2.5500000e+02
   9.6106900e+02   2.5100000e+02
   9.6010100e+02   2.6200000e+02
   9.5913400e+02   2.7500000e+02
   9.5816600e+02   2.5600000e+02
   9.5719900e+02   2.4100000e+02
   9.5623100e+02   2.4000000e+02
   9.5526300e+02   2.6000000e+02
   9.5429500e+02   2.5900000e+02
   9.5332600e+02   2.5200000e+02
   9.5235800e+02   2.4000000e+02
   9.5138900e+02   2.6300000e+02
   9.5042000e+02   2.4400000e+02
   9.4945100e+02   2.5700000e+02
   9.4848200e+02   2.3400000e+02
   9.4751200e+02   2.5700000e+02
   9.4654300e+02   2.5600000e+02
   9.4557300e+02   2.5500000e+02
   9.4460300e+02   2.4300000e+02
   9.4363300e+02   2.4800000e+02
   9.4266300e+02   2.3500000e+02
   9.4169300e+02   2.3600000e+02
   9.4072200e+02   2.6200000e+02
   9.3975100e+02   2.6300000e+02
   9.3878100e+02   2.4300000e+02
   9.3781000e+02   2.3000000e+02
   9.3683800e+02   2.5300000e+02
   9.3586700e+02   2.4900000e+02
   9.3489500e+02   2.5500000e+02
   9.3392400e+02   2.7700000e+02
   9.3295200e+02   2.5300000e+02
   9.3198000e+02   2.6800000e+02
   9.3100800e+02   2.5300000e+02
   9.3003500e+02   2.4500000e+02
   9.2906300e+02   2.4500000e+02
   9.2809000e+02   2.6000000e+02
   9.2711700e+02   2.5300000e+02
   9.2614400e+02   2.7100000e+02
   9.2517100e+02   2.3600000e+02
   9.2419800e+02   2.4000000e+02
   9.2322400e+02   2.3400000e+02
   9.2225100e+02   2.5900000e+02
   9.2127700e+02   2.6700000e+02
   9.2030300e+02   2.4300000e+02
   9.1932900e+02   2.6200000e+02
   9.1835400e+02   2.6500000e+02
   9.1738000e+02   2.6600000e+02
   9.1640500e+02   2.6700000e+02
   9.1543000e+02   2.6100000e+02
   9.1445500e+02   2.9100000e+02
   9.1348000e+02   3.0100000e+02
   9.1250500e+02   3.0100000e+02
   9.1152900e+02   2.5300000e+02
   9.1055400e+02   2.3300000e+02
   9.0957800e+02   2.7600000e+02
   9.0860200e+02   3.0900000e+02
   9.0762600e+02   2.6000000e+02
   9.0664900e+02   2.6400000e+02
   9.0567300e+02   2.5800000e+02
   9.0469600e+02   2.5800000e+02
   9.0371900e+02   2.7400000e+02
   9.0274200e+02   2.7100000e+02
   9.0176500e+02   2.3100000e+02
   9.0078800e+02   2.5400000e+02
   8.9981000e+02   2.8100000e+02
   8.9883300e+02   2.5500000e+02
   8.9785500e+02   2.3300000e+02
   8.9687700e+02   2.4900000e+02
   8.9589900e+02   2.3100000e+02
   8.9492000e+02   2.7500000e+02
   8.9394200e+02   2.6900000e+02
   8.9296300e+02   2.4700000e+02
   8.9198500e+02   2.6400000e+02
   8.9100600e+02   2.5000000e+02
   8.9002600e+02   2.5300000e+02
   8.8904700e+02   2.5600000e+02
   8.8806800e+02   2.3900000e+02
   8.8708800e+02   2.7100000e+02
   8.8610800e+02   2.6800000e+02
   8.8512800e+02   2.4400000e+02
   8.8414800e+02   2.6400000e+02
   8.8316800e+02   2.4800000e+02
   8.8218700e+02   2.5600000e+02
   8.8120700e+02   2.5600000e+02
   8.8022600e+02   2.3500000e+02
   8.7924500e+02   2.4700000e+02
   8.7826400e+02   2.2500000e+02
   8.7728200e+02   2.5600000e+02
   8.7630100e+02   2.5800000e+02
   8.7531900e+02   2.5800000e+02
   8.7433700e+02   2.4600000e+02
   8.7335600e+02   2.6800000e+02
   8.7237300e+02   2.5700000e+02
   8.7139100e+02   2.5600000e+02
   8.7040900e+02   2.5400000e+02
   8.6942600e+02   2.5700000e+02
   8.6844300e+02   2.5500000e+02
   8.6746000e+02   2.5600000e+02
   8.6647700e+02   2.6100000e+02
   8.6549400e+02   2.6200000e+02
   8.6451000e+02   2.5300000e+02
   8.6352700e+02   2.5800000e+02
   8.6254300e+02   2.4100000e+02
   8.6155900e+02   2.6100000e+02
   8.6057500e+02   2.5500000e+02
   8.5959000e+02   2.5600000e+02
   8.5860600e+02   2.5000000e+02
   8.5762100e+02   2.6500000e+02
   8.5663600e+02   2.7300000e+02
   8.5565100e+02   2.4100000e+02
   8.5466600e+02   2.5800000e+02
   8.5368100e+02   2.5900000e+02
   8.5269600e+02   2.6500000e+02
   8.5171000e+02   2.6100000e+02
   8.5072400e+02   2.7400000e+02
   8.4973800e+02   2.8700000e+02
   8.4875200e+02   2.4400000e+02
   8.4776600e+02   2.6400000e+02
   8.4677900e+02   2.6100000e+02
   8.4579300e+02   2.8300000e+02
   8.4480600e+02   2.6500000e+02
   8.4381900e+02   2.7500000e+02
   8.4283200e+02   2.7500000e+02
   8.4184400e+02   3.0000000e+02
   8.4085700e+02   2.7500000e+02
   8.3986900e+02   2.7400000e+02
   8.3888100e+02   2.7200000e+02
   8.3789300e+02   2.7500000e+02
   8.3690500e+02   2.5700000e+02
   8.3591700e+02   2.9000000e+02
   8.3492900e+02   2.7600000e+02
   8.3394000e+02   2.5200000e+02
   8.3295100e+02   2.7100000e+02
   8.3196200e+02   2.9000000e+02
   8.3097300e+02   3.0600000e+02
   8.2998400e+02   2.7900000e+02
   8.2899400e+02   2.6200000e+02
   8.2800500e+02   2.6500000e+02
   8.2701500e+02   2.7200000e+02
   8.2602500e+02   3.0500000e+02
   8.2503500e+02   2.8300000e+02
   8.2404400e+02   2.9900000e+02
   8.2305400e+02   2.8800000e+02
   8.2206300e+02   3.1900000e+02
   8.2107200e+02   2.7700000e+02
   8.2008100e+02   3.2100000e+02
   8.1909000e+02   3.1300000e+02
   8.1809900e+02   2.8900000e+02
   8.1710700e+02   3.0300000e+02
   8.1611600e+02   2.9700000e+02
   8.1512400e+02   3.0400000e+02
   8.1413200e+02   2.9400000e+02
   8.1314000e+02   2.8000000e+02
   8.1214700e+02   2.9200000e+02
   8.1115500e+02   2.8400000e+02
   8.1016200e+02   2.8000000e+02
   8.0916900e+02   2.8200000e+02
   8.0817600e+02   2.9800000e+02
   8.0718300e+02   2.7200000e+02
   8.0619000e+02   3.0000000e+02
   8.0519600e+02   2.9200000e+02
   8.0420300e+02   2.8900000e+02
   8.0320900e+02   2.7400000e+02
   8.0221500e+02   2.8500000e+02
   8.0122100e+02   2.8200000e+02
   8.0022600e+02   2.8500000e+02
   7.9923200e+02   2.8000000e+02
   7.9823700e+02   2.9400000e+02
   7.9724200e+02   2.6500000e+02
   7.9624700e+02   2.8800000e+02
   7.9525200e+02   2.5800000e+02
   7.9425700e+02   2.8400000e+02
   7.9326100e+02   2.4000000e+02
   7.9226600e+02   2.8500000e+02
   7.9127000e+02   2.6700000e+02
   7.9027400e+02   2.7500000e+02
   7.8927700e+02   2.4700000e+02
   7.8828100e+02   2.3900000e+02
   7.8728500e+02   2.5900000e+02
   7.8628800e+02   2.4900000e+02
   7.8529100e+02   2.6800000e+02
   7.8429400e+02   2.5800000e+02
   7.8329700e+02   2.6300000e+02
   7.8229900e+02   2.7800000e+02
   7.8130200e+02   2.7800000e+02
   7.8030400e+02   2.5300000e+02
   7.7930600e+02   2.5400000e+02
   7.7830800e+02   2.6800000e+02
   7.7731000e+02   2.4900000e+02
   7.7631200e+02   2.3700000e+02
   7.7531300e+02   2.3500000e+02
   7.7431400e+02   2.5100000e+02
   7.7331600e+02   2.6200000e+02
   7.7231700e+02   2.4600000e+02
   7.7131700e+02   2.6100000e+02
   7.7031800e+02   2.5400000e+02
   7.6931800e+02   2.6300000e+02
   7.6831900e+02   2.7700000e+02
   7.6731900e+02   2.6200000e+02
   7.6631900e+02   2.5500000e+02
   7.6531800e+02   2.7000000e+02
   7.6431800e+02   2.6100000e+02
   7.6331800e+02   2.5700000e+02
   7.6231700e+02   2.6000000e+02
   7.6131600e+02   2.7400000e+02
   7.6031500e+02   2.5100000e+02
   7.5931400e+02   2.6300000e+02
   7.5831200e+02   2.6200000e+02
   7.5731100e+02   2.7900000e+02
   7.5630900e+02   2.7700000e+02
   7.5530700e+02   2.8000000e+02
   7.5430500e+02   2.9000000e+02
   7.5330300e+02   2.9200000e+02
   7.5230000e+02   2.7800000e+02
   7.5129800e+02   2.8300000e+02
   7.5029500e+02   2.7600000e+02
   7.4929200e+02   2.7500000e+02
   7.4828900e+02   2.6600000e+02
   7.4728600e+02   2.6700000e+02
   7.4628200e+02   2.8900000e+02
   7.4527900e+02   2.9100000e+02
   7.4427500e+02   2.9300000e+02
   7.4327100e+02   2.8400000e+02
   7.4226700e+02   3.2000000e+02
   7.4126200e+02   3.0100000e+02
   7.4025800e+02   3.1500000e+02
   7.3925300e+02   3.0800000e+02
   7.3824900e+02   3.2500000e+02
   7.3724400e+02   2.9700000e+02
   7.3623900e+02   3.0200000e+02
   7.3523300e+02   3.3300000e+02
   7.3422800e+02   3.3600000e+02
   7.3322200e+02   2.9100000e+02
   7.3221600e+02   3.2400000e+02
   7.3121000e+02   3.2700000e+02
   7.3020400e+02   3.1500000e+02
   7.2919800e+02   2.9300000e+02
   7.2819100e+02   2.9500000e+02
   7.2718500e+02   3.1100000e+02
   7.2617800e+02   3.3500000e+02
   7.2517100e+02   3.3800000e+02
   7.2416400e+02   3.3800000e+02
   7.2315700e+02   3.3800000e+02
   7.2214900e+02   3.4600000e+02
   7.2114100e+02   3.7400000e+02
   7.2013400e+02   3.7600000e+02
   7.1912600e+02   3.9500000e+02
   7.1811700e+02   3.7900000e+02
   7.1710900e+02   4.2400000e+02
   7.1610100e+02   4.3600000e+02
   7.1509200e+02   4.3200000e+02
   7.1408300e+02   4.5000000e+02
   7.1307400e+02   4.9000000e+02
   7.1206500e+02   5.0500000e+02
   7.1105500e+02   5.4000000e+02
   7.1004600e+02   5.1300000e+02
   7.0903600e+02   5.8400000e+02
   7.0802600e+02   5.8100000e+02
   7.0701600e+02   5.8800000e+02
   7.0600600e+02   5.9100000e+02
   7.0499600e+02   5.6200000e+02
   7.0398500e+02   5.3400000e+02
   7.0297500e+02   5.4200000e+02
   7.0196400e+02   5.3000000e+02
   7.0095300e+02   5.2000000e+02
   6.9994100e+02   4.9300000e+02
   6.9893000e+02   4.2200000e+02
   6.9791800e+02   4.3200000e+02
   6.9690700e+02   4.0000000e+02
   6.9589500e+02   3.9300000e+02
   6.9488300e+02   3.7900000e+02
   6.9387000e+02   3.7700000e+02
   6.9285800e+02   3.3300000e+02
   6.9184600e+02   2.9400000e+02
   6.9083300e+02   3.0100000e+02
   6.8982000e+02   2.8700000e+02
   6.8880700e+02   2.9000000e+02
   6.8779400e+02   2.9800000e+02
   6.8678000e+02   3.2300000e+02
   6.8576600e+02   3.0600000e+02
   6.8475300e+02   3.1500000e+02
   6.8373900e+02   2.9800000e+02
   6.8272500e+02   3.0400000e+02
   6.8171000e+02   2.7100000e+02
   6.8069600e+02   2.8000000e+02
   6.7968100e+02   2.9000000e+02
   6.7866700e+02   3.0100000e+02
   6.7765200e+02   2.8500000e+02
   6.7663600e+02   3.0300000e+02
   6.7562100e+02   3.0100000e+02
   6.7460600e+02   2.7100000e+02
   6.7359000e+02   2.7300000e+02
   6.7257400e+02   2.8900000e+02
   6.7155800e+02   3.2900000e+02
   6.7054200e+02   2.9500000e+02
   6.6952600e+02   2.9000000e+02
   6.6850900e+02   2.7800000e+02
   6.6749300e+02   2.8300000e+02
   6.6647600e+02   2.6500000e+02
   6.6545900e+02   3.0200000e+02
   6.6444200e+02   2.6100000e+02
   6.6342400e+02   3.0500000e+02
   6.6240700e+02   3.0600000e+02
   6.6138900e+02   3.1700000e+02
   6.6037100e+02   3.0200000e+02
   6.5935300e+02   2.7400000e+02
   6.5833500e+02   3.1500000e+02
   6.5731700e+02   2.9800000e+02
   6.5629800e+02   3.1900000e+02
   6.5527900e+02   2.9800000e+02
   6.5426100e+02   3.0800000e+02
   6.5324200e+02   3.2700000e+02
   6.5222200e+02   3.1300000e+02
   6.5120300e+02   3.0900000e+02
   6.5018300e+02   2.9200000e+02
   6.4916400e+02   3.0900000e+02
   6.4814400e+02   2.9100000e+02
   6.4712400e+02   3.0500000e+02
   6.4610300e+02   3.1400000e+02
   6.4508300e+02   3.0800000e+02
   6.4406200e+02   3.3900000e+02
   6.4304200e+02   3.1700000e+02
   6.4202100e+02   3.2200000e+02
   6.4100000e+02   3.1500000e+02
   6.3997800e+02   3.0300000e+02
   6.3895700e+02   3.0700000e+02
   6.3793500e+02   3.0100000e+02
   6.3691400e+02   3.0400000e+02
   6.3589200e+02   3.2200000e+02
   6.3487000e+02   3.1800000e+02
   6.3384700e+02   3.3100000e+02
   6.3282500e+02   3.0100000e+02
   6.3180200e+02   3.4400000e+02
   6.3077900e+02   3.4600000e+02
   6.2975600e+02   3.4100000e+02
   6.2873300e+02   3.2700000e+02
   6.2771000e+02   3.4400000e+02
   6.2668600e+02   3.7100000e+02
   6.2566300e+02   3.6800000e+02
   6.2463900e+02   3.4400000e+02
   6.2361500e+02   3.8100000e+02
   6.2259100e+02   3.9200000e+02
   6.2156600e+02   3.9600000e+02
   6.2054200e+02   4.2400000e+02
   6.1951700e+02   4.5700000e+02
   6.1849200e+02   4.5200000e+02
   6.1746700e+02   4.8400000e+02
   6.1644200e+02   5.1200000e+02
   6.1541700e+02   5.5300000e+02
   6.1439100e+02   5.6000000e+02
   6.1336500e+02   6.0200000e+02
   6.1234000e+02   6.4500000e+02
   6.1131400e+02   6.4200000e+02
   6.1028700e+02   6.6900000e+02
   6.0926100e+02   6.5700000e+02
   6.0823400e+02   6.4000000e+02
   6.0720800e+02   6.6900000e+02
   6.0618100e+02   6.5000000e+02
   6.0515400e+02   6.2200000e+02
   6.0412600e+02   5.6500000e+02
   6.0309900e+02   5.5000000e+02
   6.0207100e+02   5.1900000e+02
   6.0104400e+02   5.2700000e+02
   6.0001600e+02   4.9200000e+02
   5.9898700e+02   4.8000000e+02
   5.9795900e+02   4.1300000e+02
   5.9693100e+02   4.0800000e+02
   5.9590200e+02   4.3800000e+02
   5.9487300e+02   4.3300000e+02
   5.9384400e+02   4.2200000e+02
   5.9281500e+02   4.0400000e+02
   5.9178600e+02   3.9400000e+02
   5.9075600e+02   4.0100000e+02
   5.8972700e+02   3.9400000e+02
   5.8869700e+02   3.6500000e+02
   5.8766700e+02   3.3700000e+02
   5.8663700e+02   3.7100000e+02
   5.8560600e+02   3.7200000e+02
   5.8457600e+02   3.6300000e+02
   5.8354500e+02   3.4200000e+02
   5.8251400e+02   3.4200000e+02
   5.8148300e+02   3.5600000e+02
   5.8045200e+02   3.5000000e+02
   5.7942100e+02   3.2800000e+02
   5.7838900e+02   3.4900000e+02
   5.7735700e+02   3.3000000e+02
   5.7632600e+02   3.1000000e+02
   5.7529400e+02   3.1200000e+02
   5.7426100e+02   3.2300000e+02
   5.7322900e+02   3.4700000e+02
   5.7219600e+02   3.5800000e+02
   5.7116400e+02   3.3100000e+02
   5.7013100e+02   3.3700000e+02
   5.6909800e+02   3.1200000e+02
   5.6806400e+02   3.5300000e+02
   5.6703100e+02   3.2000000e+02
   5.6599700e+02   3.1300000e+02
   5.6496300e+02   3.2000000e+02
   5.6392900e+02   3.3600000e+02
   5.6289500e+02   3.2600000e+02
   5.6186100e+02   3.2500000e+02
   5.6082700e+02   3.0400000e+02
   5.5979200e+02   3.1900000e+02
   5.5875700e+02   3.1600000e+02
   5.5772200e+02   3.4200000e+02
   5.5668700e+02   3.0700000e+02
   5.5565200e+02   3.0300000e+02
   5.5461600e+02   3.0400000e+02
   5.5358000e+02   3.0200000e+02
   5.5254500e+02   3.1600000e+02
   5.5150900e+02   2.9700000e+02
   5.5047200e+02   3.0800000e+02
   5.4943600e+02   3.0400000e+02
   5.4839900e+02   3.0500000e+02
   5.4736300e+02   3.0400000e+02
   5.4632600e+02   2.9800000e+02
   5.4528900e+02   3.2900000e+02
   5.4425200e+02   3.1900000e+02
   5.4321400e+02   3.2600000e+02
   5.4217700e+02   3.3200000e+02
   5.4113900e+02   3.3300000e+02
   5.4010100e+02   3.3300000e+02
   5.3906300e+02   3.0700000e+02
   5.3802500e+02   3.0400000e+02
   5.3698600e+02   2.9800000e+02
   5.3594700e+02   3.1900000e+02
   5.3490900e+02   3.2600000e+02
   5.3387000e+02   3.3800000e+02
   5.3283100e+02   3.1800000e+02
   5.3179100e+02   3.3700000e+02
   5.3075200e+02   3.4500000e+02
   5.2971200e+02   3.3400000e+02
   5.2867200e+02   3.1400000e+02
   5.2763200e+02   3.2100000e+02
   5.2659200e+02   3.2100000e+02
   5.2555200e+02   3.2400000e+02
   5.2451100e+02   3.1900000e+02
   5.2347100e+02   3.3200000e+02
   5.2243000e+02   2.9700000e+02
   5.2138900e+02   3.3100000e+02
   5.2034800e+02   3.3700000e+02
   5.1930600e+02   3.5100000e+02
   5.1826500e+02   3.5200000e+02
   5.1722300e+02   3.3500000e+02
   5.1618100e+02   3.6600000e+02
   5.1513900e+02   3.5100000e+02
   5.1409700e+02   3.4700000e+02
   5.1305400e+02   3.4400000e+02
   5.1201200e+02   3.6700000e+02
   5.1096900e+02   3.8700000e+02
   5.0992600e+02   3.6100000e+02
   5.0888300e+02   3.9600000e+02
   5.0784000e+02   3.8300000e+02
   5.0679600e+02   3.6800000e+02
   5.0575300e+02   4.2800000e+02
   5.0470900e+02   4.2500000e+02
   5.0366500e+02   3.9900000e+02
   5.0262100e+02   4.5200000e+02
   5.0157600e+02   4.7500000e+02
   5.0053200e+02   4.8300000e+02
   4.9948700e+02   5.0600000e+02
   4.9844200e+02   5.3400000e+02
   4.9739700e+02   5.4600000e+02
   4.9635200e+02   5.2400000e+02
   4.9530700e+02   5.8700000e+02
   4.9426100e+02   5.3800000e+02
   4.9321500e+02   5.4500000e+02
   4.9217000e+02   5.8800000e+02
   4.9112400e+02   5.8100000e+02
   4.9007700e+02   5.3600000e+02
   4.8903100e+02   5.5100000e+02
   4.8798400e+02   5.1800000e+02
   4.8693800e+02   5.1100000e+02
   4.8589100e+02   4.8700000e+02
   4.8484400e+02   4.9100000e+02
   4.8379600e+02   4.8400000e+02
   4.8274900e+02   4.5700000e+02
   4.8170100e+02   4.5300000e+02
   4.8065300e+02   4.4100000e+02
   4.7960500e+02   4.1100000e+02
   4.7855700e+02   3.8600000e+02
   4.7750900e+02   4.0600000e+02
   4.7646100e+02   3.9000000e+02
   4.7541200e+02   3.8100000e+02
   4.7436300e+02   3.6100000e+02
   4.7331400e+02   3.6300000e+02
   4.7226500e+02   4.0600000e+02
   4.7121600e+02   3.6400000e+02
   4.7016600e+02   3.4200000e+02
   4.6911600e+02   3.4000000e+02
   4.6806600e+02   3.4800000e+02
   4.6701600e+02   3.6900000e+02
   4.6596600e+02   3.6200000e+02
   4.6491600e+02   3.3800000e+02
   4.6386500e+02   3.6200000e+02
   4.6281400e+02   3.5200000e+02
   4.6176400e+02   3.2200000e+02
   4.6071200e+02   3.8500000e+02
   4.5966100e+02   3.6100000e+02
   4.5861000e+02   4.0400000e+02
   4.5755800e+02   4.0000000e+02
   4.5650600e+02   4.0200000e+02
   4.5545400e+02   4.1700000e+02
   4.5440200e+02   4.1100000e+02
   4.5335000e+02   4.5400000e+02
   4.5229700e+02   4.4700000e+02
   4.5124500e+02   4.4400000e+02
   4.5019200e+02   4.1300000e+02
   4.4913900e+02   4.4200000e+02
   4.4808600e+02   4.3100000e+02
   4.4703200e+02   4.8100000e+02
   4.4597900e+02   4.3900000e+02
   4.4492500e+02   4.4100000e+02
   4.4387100e+02   4.5700000e+02
   4.4281700e+02   4.7400000e+02
   4.4176300e+02   5.0200000e+02
   4.4070900e+02   4.9200000e+02
   4.3965400e+02   5.3000000e+02
   4.3859900e+02   5.8500000e+02
   4.3754400e+02   6.1000000e+02
   4.3648900e+02   6.6600000e+02
   4.3543400e+02   6.9300000e+02
   4.3437800e+02   7.9200000e+02
   4.3332300e+02   7.8700000e+02
   4.3226700e+02   8.2700000e+02
   4.3121100e+02   8.3600000e+02
   4.3015500e+02   8.8400000e+02
   4.2909900e+02   9.1700000e+02
   4.2804200e+02   8.8500000e+02
   4.2698500e+02   9.4100000e+02
   4.2592900e+02   8.1600000e+02
   4.2487200e+02   8.4100000e+02
   4.2381400e+02   8.2800000e+02
   4.2275700e+02   7.7600000e+02
   4.2169900e+02   7.6700000e+02
   4.2064200e+02   7.4600000e+02
   4.1958400e+02   7.4800000e+02
   4.1852600e+02   7.2800000e+02
   4.1746800e+02   7.3400000e+02
   4.1640900e+02   7.4600000e+02
   4.1535100e+02   8.4000000e+02
   4.1429200e+02   8.9400000e+02
   4.1323300e+02   8.9200000e+02
   4.1217400e+02   9.6800000e+02
   4.1111400e+02   1.0570000e+03
   4.1005500e+02   1.0990000e+03
   4.0899500e+02   1.0140000e+03
   4.0793500e+02   1.0600000e+03
   4.0687500e+02   9.4300000e+02
   4.0581500e+02   8.6400000e+02
   4.0475500e+02   7.6400000e+02
   4.0369400e+02   7.4300000e+02
   4.0263400e+02   6.4800000e+02
   4.0157300e+02   5.8600000e+02
   4.0051200e+02   5.3600000e+02
   3.9945100e+02   5.1800000e+02
   3.9838900e+02   5.0200000e+02
   3.9732800e+02   4.7200000e+02
   3.9626600e+02   4.4800000e+02
   3.9520400e+02   4.3300000e+02
   3.9414200e+02   3.9900000e+02
   3.9308000e+02   3.8700000e+02
   3.9201700e+02   3.9300000e+02
   3.9095500e+02   3.9000000e+02
   3.8989200e+02   3.7400000e+02
   3.8882900e+02   3.7600000e+02
   3.8776600e+02   3.4000000e+02
   3.8670200e+02   3.7600000e+02
   3.8563900e+02   3.6500000e+02
   3.8457500e+02   3.6500000e+02
   3.8351100e+02   3.2100000e+02
   3.8244700e+02   3.3800000e+02
   3.8138300e+02   3.3900000e+02
   3.8031900e+02   3.3400000e+02
   3.7925400e+02   3.0100000e+02
   3.7819000e+02   3.2300000e+02
   3.7712500e+02   3.1300000e+02
   3.7606000e+02   3.4100000e+02
   3.7499400e+02   3.4200000e+02
   3.7392900e+02   3.3800000e+02
   3.7286300e+02   2.9800000e+02
   3.7179700e+02   3.3300000e+02
   3.7073200e+02   3.4100000e+02
   3.6966500e+02   2.9700000e+02
   3.6859900e+02   3.2000000e+02
   3.6753300e+02   3.1500000e+02
   3.6646600e+02   3.2300000e+02
   3.6539900e+02   3.0800000e+02
   3.6433200e+02   3.5300000e+02
   3.6326500e+02   3.0100000e+02
   3.6219800e+02   3.2300000e+02
   3.6113000e+02   2.9600000e+02
   3.6006200e+02   3.0700000e+02
   3.5899500e+02   3.1300000e+02
   3.5792600e+02   3.0600000e+02
   3.5685800e+02   3.1500000e+02
   3.5579000e+02   3.0200000e+02
   3.5472100e+02   3.0600000e+02
   3.5365200e+02   3.2100000e+02
   3.5258300e+02   3.2300000e+02
   3.5151400e+02   3.0200000e+02
   3.5044500e+02   3.0000000e+02
   3.4937600e+02   3.1500000e+02
   3.4830600e+02   3.2200000e+02
   3.4723600e+02   2.9000000e+02
   3.4616600e+02   2.9600000e+02
   3.4509600e+02   2.8600000e+02
   3.4402600e+02   3.1000000e+02
   3.4295500e+02   3.2500000e+02
   3.4188400e+02   3.2500000e+02
   3.4081400e+02   3.1600000e+02
   3.3974300e+02   2.9900000e+02
   3.3867100e+02   3.0500000e+02
   3.3760000e+02   3.0000000e+02
   3.3652800e+02   3.1400000e+02
   3.3545700e+02   3.0600000e+02
   3.3438500e+02   3.1000000e+02
   3.3331300e+02   2.9700000e+02
   3.3224000e+02   3.1600000e+02
   3.3116800e+02   3.0100000e+02
   3.3009500e+02   3.3300000e+02
   3.2902200e+02   2.9200000e+02
   3.2794900e+02   2.9000000e+02
   3.2687600e+02   3.0900000e+02
   3.2580300e+02   3.1500000e+02
   3.2472900e+02   3.0900000e+02
   3.2365600e+02   2.9900000e+02
   3.2258200e+02   3.4600000e+02
   3.2150800e+02   3.6900000e+02
   3.2043300e+02   3.3700000e+02
   3.1935900e+02   3.6000000e+02
   3.1828500e+02   3.5800000e+02
   3.1721000e+02   3.5000000e+02
   3.1613500e+02   3.8900000e+02
   3.1506000e+02   3.7100000e+02
   3.1398400e+02   3.7500000e+02
   3.1290900e+02   3.7300000e+02
   3.1183300e+02   4.2400000e+02
   3.1075800e+02   4.1700000e+02
   3.0968200e+02   4.6400000e+02
   3.0860500e+02   5.0400000e+02
   3.0752900e+02   5.2400000e+02
   3.0645300e+02   5.7300000e+02
   3.0537600e+02   5.8200000e+02
   3.0429900e+02   6.8600000e+02
   3.0322200e+02   7.3900000e+02
   3.0214500e+02   9.0900000e+02
   3.0106700e+02   9.4800000e+02
   2.9999000e+02   1.1360000e+03
   2.9891200e+02   1.2550000e+03
   2.9783400e+02   1.3890000e+03
   2.9675600e+02   1.4370000e+03
   2.9567800e+02   1.4640000e+03
   2.9459900e+02   1.5730000e+03
   2.9352100e+02   1.8990000e+03
   2.9244200e+02   2.1840000e+03
   2.9136300e+02   2.2530000e+03
   2.9028400e+02   2.0250000e+03
   2.8920400e+02   1.6680000e+03
   2.8812500e+02   1.3030000e+03
   2.8704500e+02   1.0700000e+03
   2.8596500e+02   8.5400000e+02
   2.8488500e+02   7.6200000e+02
   2.8380500e+02   6.5400000e+02
   2.8272400e+02   6.1900000e+02
   2.8164400e+02   5.9300000e+02
   2.8056300e+02   5.0300000e+02
   2.7948200e+02   5.0200000e+02
   2.7840100e+02   4.4500000e+02
   2.7732000e+02   4.2100000e+02
   2.7623800e+02   4.2100000e+02
   2.7515700e+02   4.4900000e+02
   2.7407500e+02   4.2600000e+02
   2.7299300e+02   4.2100000e+02
   2.7191100e+02   4.0300000e+02
   2.7082800e+02   3.9100000e+02
   2.6974600e+02   3.7500000e+02
   2.6866300e+02   3.9900000e+02
   2.6758000e+02   4.0900000e+02
   2.6649700e+02   3.3500000e+02
   2.6541400e+02   3.3200000e+02
   2.6433000e+02   3.1600000e+02
   2.6324700e+02   3.6200000e+02
   2.6216300e+02   3.5800000e+02
   2.6107900e+02   3.5300000e+02
   2.5999500e+02   3.4200000e+02
   2.5891100e+02   3.5000000e+02
   2.5782600e+02   3.2900000e+02
   2.5674100e+02   3.7100000e+02
   2.5565700e+02   3.5500000e+02
   2.5457200e+02   3.4400000e+02
   2.5348600e+02   3.5000000e+02
   2.5240100e+02   3.5700000e+02
   2.5131500e+02   3.7100000e+02
   2.5023000e+02   3.9800000e+02
   2.4914400e+02   4.2200000e+02
   2.4805800e+02   4.6700000e+02
   2.4697100e+02   5.1700000e+02
   2.4588500e+02   5.7400000e+02
   2.4479800e+02   6.1000000e+02
   2.4371200e+02   5.9400000e+02
   2.4262500e+02   4.9700000e+02
   2.4153700e+02   4.7000000e+02
   2.4045000e+02   3.8800000e+02
   2.3936300e+02   4.0600000e+02
   2.3827500e+02   3.9800000e+02
   2.3718700e+02   4.2000000e+02
   2.3609900e+02   4.1900000e+02
   2.3501100e+02   4.0800000e+02
   2.3392200e+02   4.7500000e+02
   2.3283400e+02   4.8700000e+02
   2.3174500e+02   5.2600000e+02
   2.3065600e+02   6.0300000e+02
   2.2956700e+02   7.7000000e+02
   2.2847800e+02   1.0600000e+03
   2.2738800e+02   1.6100000e+03
   2.2629900e+02   2.1820000e+03
   2.2520900e+02   2.1840000e+03
   2.2411900e+02   1.6290000e+03
   2.2302900e+02   1.1500000e+03
   2.2193800e+02   8.0700000e+02
   2.2084800e+02   6.1700000e+02
   2.1975700e+02   5.1100000e+02
   2.1866600e+02   4.4900000e+02
   2.1757500e+02   4.1700000e+02
   2.1648400e+02   3.7600000e+02
   2.1539200e+02   3.6000000e+02
   2.1430100e+02   3.3400000e+02
   2.1320900e+02   3.4400000e+02
   2.1211700e+02   3.5700000e+02
   2.1102500e+02   3.5300000e+02
   2.0993300e+02   3.3600000e+02
   2.0884000e+02   3.1600000e+02
   2.0774700e+02   3.2300000e+02
   2.0665500e+02   3.1700000e+02
   2.0556200e+02   3.5300000e+02
   2.0446800e+02   3.0800000e+02
   2.0337500e+02   2.8900000e+02
   2.0228100e+02   3.2800000e+02
   2.0118800e+02   3.0600000e+02
   2.0009400e+02   3.0100000e+02
   1.9900000e+02   3.1300000e+02
   1.9790500e+02   3.1700000e+02
   1.9681100e+02   2.8300000e+02
   1.9571600e+02   2.8900000e+02
   1.9462200e+02   3.0900000e+02
   1.9352700e+02   2.9900000e+02
   1.9243100e+02   3.2300000e+02
   1.9133600e+02   3.0200000e+02
   1.9024000e+02   3.1300000e+02
   1.8914500e+02   2.9400000e+02
   1.8804900e+02   2.9300000e+02
   1.8695300e+02   2.8600000e+02
   1.8585700e+02   2.9400000e+02
   1.8476000e+02   2.7900000e+02
   1.8366400e+02   2.9200000e+02
   1.8256700e+02   3.1300000e+02
   1.8147000e+02   2.8900000e+02
   1.8037300e+02   2.7900000e+02
   1.7927500e+02   2.6700000e+02
   1.7817800e+02   3.0400000e+02
   1.7708000e+02   3.0200000e+02
   1.7598200e+02   2.8400000e+02
   1.7488400e+02   2.6100000e+02
   1.7378600e+02   2.8900000e+02
   1.7268800e+02   2.9300000e+02
   1.7158900e+02   2.8500000e+02
   1.7049000e+02   2.8100000e+02
   1.6939200e+02   2.6600000e+02
   1.6829200e+02   2.8700000e+02
   1.6719300e+02   2.9500000e+02
   1.6609400e+02   3.1900000e+02
   1.6499400e+02   2.7300000e+02
   1.6389400e+02   2.7600000e+02
   1.6279400e+02   2.8300000e+02
   1.6169400e+02   3.0600000e+02
   1.6059400e+02   3.0900000e+02
   1.5949300e+02   2.5900000e+02
   1.5839200e+02   3.0400000e+02
   1.5729200e+02   2.9200000e+02
