0.000000 200.000
0.000000 200.000
0.000000 200.000
0.000000 200.000
0.000000 207.056
0.000000 205.093
155.708 201.229
156.190 213.572
156.672 227.781
157.155 232.571
157.637 222.924
158.119 215.719
158.601 214.698
159.083 218.867
159.565 226.262
160.047 241.200
160.529 255.953
161.012 266.291
161.494 270.306
161.976 271.699
162.458 269.746
162.940 265.684
163.422 263.673
163.904 268.996
164.386 275.485
164.868 277.845
165.351 269.543
165.833 262.061
166.315 266.435
166.797 281.458
167.279 293.795
167.761 294.579
168.243 288.840
168.725 282.438
169.208 278.835
169.690 274.544
170.172 265.300
170.654 250.798
171.136 238.120
171.618 233.983
172.100 235.109
172.582 235.530
173.064 231.548
173.546 225.959
174.029 222.382
174.511 221.548
174.993 219.822
175.475 210.436
175.957 203.236
176.439 211.928
176.921 205.170
177.404 208.479
177.886 214.058
178.368 206.930
178.850 201.140
179.332 206.724
179.814 227.719
180.296 247.777
180.778 257.635
181.260 259.696
181.742 259.163
182.225 255.574
182.707 251.756
183.189 252.263
183.671 256.983
184.153 264.063
184.635 273.077
185.117 283.473
185.600 293.313
186.082 301.466
186.564 309.135
187.046 319.178
187.528 331.807
188.010 344.961
188.492 355.080
188.974 363.023
189.456 375.430
189.939 396.432
190.421 423.401
190.903 446.186
191.385 464.321
191.867 481.601
192.349 503.246
192.831 529.153
193.313 553.928
193.796 574.244
194.278 590.922
194.760 611.685
195.242 636.943
195.724 665.005
196.206 694.460
196.688 725.107
197.170 754.697
197.652 783.893
198.135 812.699
198.617 832.182
199.099 841.043
199.581 842.396
200.063 843.491
200.545 845.932
201.027 839.405
201.509 815.440
201.991 772.294
202.474 732.769
202.956 699.268
203.438 668.888
203.920 632.742
204.402 587.987
204.884 546.763
205.366 518.609
205.848 506.778
206.331 487.169
206.813 455.375
207.295 415.172
207.777 379.341
208.259 347.776
208.741 320.525
209.223 296.748
209.705 276.087
210.187 260.824
210.669 252.797
211.152 250.608
211.634 245.395
212.116 234.895
212.598 224.996
213.080 220.513
213.562 222.549
214.044 226.631
214.527 232.539
215.009 240.036
215.491 245.288
215.973 245.942
216.455 247.761
216.937 257.318
217.419 278.464
217.901 296.600
218.383 307.605
218.865 311.302
219.348 318.851
219.830 331.883
220.312 346.906
220.794 360.481
221.276 372.058
221.758 382.995
222.240 394.293
222.723 406.525
223.205 413.740
223.687 414.382
224.169 411.138
224.651 407.264
225.133 401.856
225.615 397.794
226.097 396.977
226.579 400.763
227.061 398.550
227.544 385.481
228.026 370.309
228.508 367.218
228.990 385.025
229.472 398.708
229.954 398.719
230.436 379.795
230.919 369.708
231.401 372.060
231.883 381.056
232.365 387.153
232.847 390.730
233.329 390.667
233.811 384.652
234.293 367.463
234.775 361.583
235.258 372.079
235.740 391.361
236.222 403.620
236.704 402.206
237.186 404.289
237.668 417.888
238.150 450.359
238.632 473.899
239.114 484.706
239.597 487.975
240.079 495.285
240.561 508.240
241.043 522.869
241.525 538.092
242.007 556.874
242.489 569.330
242.971 571.710
243.454 568.705
243.936 573.543
244.418 592.661
244.900 610.213
245.382 619.120
245.864 618.026
246.346 611.046
246.828 595.249
247.310 574.608
247.792 560.032
248.275 554.261
248.757 549.069
249.239 541.051
249.721 530.203
250.203 517.688
250.685 501.804
251.167 483.748
251.650 467.369
252.132 450.672
252.614 439.322
253.096 438.348
253.578 453.455
254.060 457.729
254.542 443.296
255.024 418.773
255.506 415.072
255.988 445.200
256.471 474.657
256.953 483.003
257.435 459.425
257.917 444.849
258.399 443.482
258.881 452.168
259.363 460.486
259.845 469.516
260.328 476.320
260.810 479.337
261.292 478.241
261.774 473.462
262.256 461.811
262.738 447.230
263.220 444.428
263.702 458.099
264.185 473.912
264.667 484.434
265.149 490.341
265.631 487.809
266.113 473.430
266.595 451.485
267.077 438.262
267.559 437.540
268.041 436.125
268.524 424.369
269.006 399.033
269.488 378.838
269.970 366.775
270.452 360.110
270.934 350.507
271.416 337.232
271.898 322.945
272.380 308.947
272.863 295.195
273.345 281.945
273.827 269.569
274.309 257.796
274.791 245.113
275.273 230.366
275.755 218.489
276.237 213.734
276.720 216.796
277.202 218.509
277.684 217.860
278.166 215.569
278.648 213.690
279.130 212.637
279.612 209.794
280.094 201.663
280.577 211.850
281.059 220.370
281.541 222.261
282.023 219.563
282.505 216.425
282.987 212.938
283.469 208.865
283.951 203.509
284.433 203.698
284.916 210.968
285.398 217.774
285.880 223.124
286.362 225.012
286.844 223.738
287.326 223.461
287.808 226.471
288.290 232.409
288.772 240.380
289.255 251.112
289.737 262.235
290.219 269.616
290.701 273.556
291.183 276.355
291.665 277.078
292.147 277.189
292.629 283.840
293.112 299.853
293.594 315.791
294.076 316.655
294.558 304.701
295.040 292.336
295.522 287.734
296.004 287.605
296.486 283.126
296.969 273.285
297.451 260.863
297.933 246.502
298.415 231.648
298.897 221.941
299.379 225.044
299.861 233.938
300.343 236.668
300.825 231.994
301.307 224.994
301.790 219.983
302.272 216.521
302.754 213.451
303.236 210.722
303.718 207.922
304.200 203.792
304.682 202.027
305.164 205.968
305.647 202.666
306.129 204.387
306.611 208.808
307.093 202.422
307.575 204.482
308.057 200.442
308.539 217.969
309.021 230.802
309.504 219.749
309.986 201.267
310.468 213.079
310.950 200.662
311.432 218.900
311.914 226.947
312.396 224.965
312.878 224.494
313.360 236.183
313.843 250.844
314.325 258.960
314.807 250.689
315.289 241.366
315.771 236.290
316.253 235.646
316.735 240.297
317.217 260.640
317.699 281.312
318.182 289.979
318.664 268.886
319.146 250.275
319.628 244.793
320.110 250.435
320.592 255.838
321.074 259.598
321.556 261.279
322.039 260.539
322.521 255.674
323.003 250.382
323.485 243.290
323.967 235.701
324.449 232.416
324.931 237.471
325.413 244.407
325.896 250.447
326.378 257.690
326.860 260.761
327.342 258.228
327.824 251.433
328.306 243.637
328.788 230.056
329.270 220.207
329.752 218.601
330.234 231.549
330.717 237.951
331.199 233.392
331.681 223.911
332.163 221.252
332.645 230.594
333.127 238.597
333.609 239.984
334.091 232.402
334.574 229.654
335.056 234.756
335.538 241.864
336.020 242.145
336.502 232.720
336.984 224.388
337.466 220.682
337.948 221.672
338.431 219.943
338.913 214.553
339.395 208.682
339.877 206.802
340.359 209.898
340.841 209.107
341.323 200.313
341.805 215.540
342.287 219.910
342.770 212.105
343.252 201.821
343.734 202.012
344.216 200.195
344.698 201.911
345.180 201.556
345.662 200.070
346.144 200.557
346.626 200.322
347.109 200.720
347.591 204.197
348.073 208.684
348.555 208.897
349.037 202.490
349.519 205.701
350.001 208.797
350.483 207.437
350.966 204.510
351.448 201.606
351.930 207.279
352.412 204.686
352.894 209.280
353.376 223.192
353.858 224.475
354.340 217.061
354.823 210.394
355.305 209.809
355.787 211.771
356.269 213.230
356.751 213.922
357.233 214.472
357.715 214.465
358.197 214.746
358.679 216.500
359.162 221.839
359.644 227.403
360.126 231.375
360.608 233.713
361.090 235.594
361.572 238.857
362.054 241.167
362.536 240.255
363.018 230.217
363.501 223.088
363.983 223.743
364.465 230.834
364.947 236.451
365.429 239.413
365.911 240.665
366.393 240.310
366.875 234.221
367.358 230.890
367.840 230.948
368.322 233.455
368.804 238.142
369.286 248.167
369.768 255.890
370.250 257.929
370.732 251.098
371.215 246.585
371.697 244.870
372.179 245.205
372.661 246.776
373.143 251.110
373.625 253.557
374.107 252.064
374.589 246.303
375.071 241.738
375.553 238.452
376.036 236.284
376.518 235.978
377.000 238.217
377.482 237.572
377.964 231.528
378.446 221.622
378.928 215.248
379.410 212.769
379.893 211.246
380.375 207.143
380.857 201.119
381.339 201.338
381.821 201.565
382.303 207.466
382.785 213.110
383.267 218.350
383.750 220.913
384.232 216.690
384.714 209.063
385.196 206.018
385.678 209.547
386.160 213.856
386.642 210.950
387.124 203.695
387.606 200.326
388.089 207.182
388.571 217.137
389.053 220.186
389.535 215.343
390.017 209.559
390.499 204.566
390.981 202.117
391.463 204.449
391.945 221.278
392.428 235.003
392.910 234.625
393.392 221.618
393.874 211.057
394.356 211.061
394.838 213.919
395.320 214.336
395.802 207.388
396.284 202.938
396.767 202.137
397.249 204.980
397.731 211.603
398.213 231.007
398.695 246.409
399.177 250.338
399.659 235.010
400.142 225.298
400.624 226.267
401.106 231.675
401.588 231.158
402.070 219.540
402.552 210.290
403.034 207.337
403.516 210.857
403.998 215.247
404.480 221.247
404.963 226.555
405.445 228.651
405.927 227.132
406.409 224.826
406.891 222.406
407.373 220.008
407.855 217.478
408.337 214.622
408.820 213.029
409.302 215.012
409.784 219.405
410.266 220.680
410.748 217.719
411.230 213.724
411.712 213.894
412.194 217.429
412.677 220.909
413.159 223.643
413.641 225.013
414.123 223.008
414.605 217.359
415.087 212.449
415.569 212.075
416.051 214.566
416.533 217.416
417.016 220.653
417.498 223.207
417.980 224.030
418.462 223.362
418.944 222.831
419.426 220.117
419.908 219.673
420.390 226.018
420.872 249.519
421.355 263.226
421.837 251.425
422.319 225.750
422.801 210.945
423.283 222.878
423.765 234.654
424.247 236.030
424.729 222.232
425.212 216.417
425.694 225.081
426.176 237.362
426.658 241.793
427.140 233.315
427.622 227.130
428.104 226.150
428.586 229.814
429.069 235.049
429.551 243.538
430.033 249.453
430.515 246.341
430.997 233.275
431.479 227.262
431.961 231.351
432.443 240.818
432.925 248.265
433.408 253.664
433.890 255.931
434.372 251.826
434.854 244.601
435.336 242.411
435.818 246.147
436.300 250.948
436.782 253.142
437.264 252.795
437.747 249.803
438.229 241.841
438.711 233.465
439.193 228.202
439.675 226.203
440.157 227.758
440.639 236.057
441.121 246.251
441.603 254.823
442.086 261.806
442.568 265.073
443.050 260.300
443.532 251.835
444.014 246.919
444.496 252.133
444.978 257.682
445.461 257.448
445.943 249.764
446.425 248.283
446.907 257.890
447.389 271.315
447.871 283.823
448.353 298.799
448.835 307.017
449.317 305.903
449.799 297.455
450.282 288.293
450.764 276.689
451.246 268.513
451.728 267.899
452.210 275.883
452.692 282.792
453.174 288.984
453.656 292.886
454.139 289.130
454.621 278.488
455.103 275.342
455.585 287.698
456.067 308.743
456.549 324.532
457.031 335.886
457.513 342.831
457.996 342.538
458.478 338.046
458.960 334.422
459.442 333.006
459.924 332.147
460.406 330.216
460.888 328.036
461.370 327.344
461.852 328.753
462.335 331.598
462.817 336.782
463.299 345.222
463.781 350.665
464.263 348.810
464.745 343.964
465.227 339.968
465.709 338.085
466.191 336.479
466.674 336.645
467.156 337.385
467.638 333.006
468.120 318.023
468.602 304.357
469.084 297.302
469.566 299.093
470.048 300.392
470.530 301.565
471.013 301.821
471.495 299.857
471.977 295.438
472.459 290.295
472.941 284.479
473.423 278.409
473.905 274.096
474.388 271.582
474.870 269.567
475.352 267.156
475.834 264.443
476.316 261.287
476.798 257.134
477.280 254.224
477.762 257.548
478.244 264.386
478.727 267.863
479.209 261.775
479.691 252.888
480.173 245.618
480.655 240.178
481.137 238.484
481.619 245.772
482.101 254.961
482.583 260.117
483.066 258.491
483.548 254.623
484.030 247.155
484.512 238.037
484.994 232.285
485.476 232.245
485.958 233.875
486.440 236.684
486.922 241.243
487.405 243.507
487.887 242.844
488.369 240.684
488.851 238.211
489.333 235.312
489.815 232.939
490.297 232.148
490.779 231.297
491.262 222.761
491.744 205.919
492.226 204.913
492.708 204.026
493.190 226.182
493.672 239.625
494.154 242.863
494.636 239.978
495.118 230.949
495.601 218.951
496.083 210.868
496.565 211.463
497.047 214.245
497.529 213.163
498.011 209.410
498.493 207.553
498.975 211.118
499.458 216.286
499.940 221.932
500.422 229.969
500.904 231.353
501.386 215.989
501.868 204.130
502.350 214.618
502.832 207.725
503.315 200.329
503.797 208.206
504.279 215.683
504.761 221.681
505.243 226.956
505.725 229.289
506.207 226.041
506.689 216.004
507.171 211.264
507.654 213.677
508.136 217.885
508.618 215.203
509.100 206.319
509.582 200.191
510.064 200.912
510.546 205.120
511.028 207.932
511.510 209.058
511.993 206.106
512.475 211.002
512.957 229.622
513.439 231.112
513.921 208.586
514.403 212.854
514.885 216.041
515.367 209.263
515.849 203.987
516.332 206.742
516.814 208.651
517.296 205.520
517.778 202.008
518.260 207.031
518.742 209.046
519.224 208.124
519.706 203.566
520.189 207.629
520.671 214.626
521.153 216.403
521.635 214.986
522.117 212.408
522.599 208.077
523.081 205.899
523.563 207.551
524.045 211.773
524.528 214.656
525.010 216.205
525.492 216.631
525.974 214.598
526.456 211.734
526.938 212.976
527.420 219.544
527.903 225.274
528.385 221.945
528.867 214.280
529.349 209.905
529.831 215.651
530.313 221.983
530.795 222.280
531.277 218.267
531.759 217.352
532.242 226.583
532.724 235.725
533.206 239.092
533.688 233.101
534.170 230.236
534.652 233.362
535.134 237.896
535.616 238.831
536.098 234.579
536.581 230.274
537.063 225.631
537.545 221.944
538.027 225.241
538.509 236.721
538.991 246.676
539.473 248.230
539.955 243.422
540.438 241.830
540.920 243.862
541.402 246.866
541.884 249.400
542.366 250.972
542.848 250.245
543.330 244.931
543.812 240.340
544.294 241.561
544.777 246.841
545.259 251.868
545.741 256.627
546.223 259.230
546.705 257.767
547.187 251.652
547.669 246.840
548.151 244.348
548.633 243.382
549.116 243.353
549.598 243.813
550.080 245.862
550.562 250.889
551.044 257.405
551.526 264.039
552.008 271.540
552.490 274.991
552.972 271.085
553.455 262.263
553.937 257.874
554.419 258.437
554.901 260.704
555.383 261.514
555.865 262.308
556.347 267.929
556.830 281.321
557.312 290.631
557.794 275.902
558.276 252.029
558.758 241.947
559.240 274.103
559.722 302.424
560.204 301.150
560.686 276.923
561.169 261.303
561.651 264.206
562.133 272.708
562.615 283.525
563.097 300.315
563.579 304.167
564.061 287.286
564.543 266.541
565.026 260.321
565.508 271.778
565.990 279.592
566.472 278.853
566.954 274.431
567.436 278.729
567.918 291.425
568.400 301.706
568.882 301.059
569.365 295.015
569.847 290.078
570.329 285.574
570.811 283.202
571.293 293.898
571.775 305.838
572.257 301.781
572.739 266.268
573.221 240.452
573.704 248.019
574.186 272.331
574.668 289.071
575.150 290.712
575.632 288.127
576.114 281.533
576.596 272.007
577.078 264.127
577.560 255.904
578.043 254.344
578.525 267.707
579.007 297.879
579.489 307.011
579.971 291.878
580.453 270.821
580.935 264.294
581.417 269.073
581.899 273.242
582.382 273.614
582.864 272.911
583.346 276.128
583.828 280.847
584.310 280.950
584.792 267.367
585.274 253.439
585.756 247.738
586.239 250.361
586.721 253.035
587.203 250.438
587.685 249.558
588.167 255.923
588.649 278.885
589.131 288.033
589.613 276.936
590.096 257.796
590.578 246.781
591.060 245.472
591.542 244.295
592.024 240.980
592.506 236.795
592.988 235.275
593.470 236.236
593.953 237.118
594.435 234.861
594.917 232.179
595.399 234.698
595.881 242.461
596.363 249.380
596.845 252.332
597.327 251.925
597.809 248.150
598.292 238.405
598.774 230.731
599.256 229.213
599.738 230.738
600.220 230.285
600.702 225.386
601.184 221.608
601.666 220.468
602.148 221.249
602.631 219.906
603.113 215.529
603.595 212.072
604.077 211.473
604.559 213.614
605.041 219.385
605.523 229.358
606.005 236.716
606.487 231.671
606.970 219.589
607.452 211.973
607.934 212.343
608.416 214.242
608.898 213.442
609.380 210.735
609.862 207.438
610.344 203.590
610.827 207.379
611.309 209.112
611.791 241.381
612.273 256.291
612.755 242.351
613.237 223.851
613.719 208.923
614.201 202.707
614.683 206.706
615.166 200.738
615.648 206.860
616.130 207.450
616.612 202.009
617.094 201.361
617.576 201.359
618.058 200.785
618.541 205.679
619.023 211.534
619.505 214.209
619.987 209.116
620.469 202.730
620.951 201.925
621.433 204.620
621.915 204.558
622.397 202.157
622.880 208.551
623.362 212.218
623.844 213.588
624.326 207.995
624.808 212.225
625.290 229.886
625.772 229.148
626.254 205.735
626.737 208.240
627.219 208.330
627.701 201.825
628.183 201.250
628.665 205.565
629.147 209.331
629.629 210.326
630.111 210.465
630.593 211.681
631.076 213.933
631.558 217.110
632.040 223.433
632.522 228.718
633.004 229.889
633.486 226.694
633.968 223.969
634.450 225.698
634.932 225.658
635.415 219.058
635.897 201.004
636.379 207.050
636.861 206.412
637.343 225.597
637.825 233.499
638.307 229.971
638.789 224.851
639.271 218.640
639.754 214.441
640.236 219.217
640.718 230.729
641.200 240.862
641.682 245.121
642.164 246.891
642.646 249.240
643.128 251.835
643.610 252.422
644.093 246.730
644.575 241.548
645.057 241.400
645.539 249.273
646.021 251.747
646.503 245.144
646.985 237.313
647.468 234.726
647.950 238.314
648.432 241.462
648.914 243.059
649.396 245.251
649.878 253.916
650.360 267.062
650.842 274.111
651.324 267.870
651.807 258.626
652.289 258.271
652.771 264.642
653.253 271.412
653.735 277.163
654.217 281.123
654.699 281.604
655.181 278.603
655.664 278.388
656.146 286.298
656.628 292.741
657.110 292.287
657.592 282.504
658.074 276.560
658.556 274.811
659.038 275.938
659.520 280.869
660.003 288.688
660.485 289.374
660.967 278.937
661.449 267.584
661.931 272.876
662.413 286.755
662.895 292.075
663.377 271.540
663.859 250.158
664.342 240.936
664.824 241.909
665.306 246.377
665.788 260.658
666.270 269.948
666.752 267.198
667.234 252.505
667.716 244.471
668.198 243.710
668.681 247.435
669.163 258.909
669.645 276.677
670.127 276.974
670.609 257.275
671.091 234.765
671.573 226.551
672.055 227.639
672.537 229.599
673.020 232.092
673.502 232.551
673.984 227.043
674.466 219.093
674.948 213.645
675.430 213.223
675.912 214.422
676.394 217.211
676.877 220.970
677.359 224.171
677.841 227.066
678.323 228.741
678.805 228.604
679.287 226.850
679.769 224.129
680.251 220.653
680.734 217.857
681.216 216.730
681.698 217.095
682.180 220.876
682.662 227.572
683.144 227.746
683.626 206.565
684.108 215.654
684.591 221.975
685.073 200.608
685.555 216.467
686.037 221.755
686.519 222.214
687.001 225.018
687.483 232.721
687.965 234.687
688.447 227.580
688.930 216.779
689.412 211.850
689.894 212.623
690.376 217.612
690.858 230.390
691.340 243.028
691.822 241.919
692.304 230.381
692.786 220.587
693.269 216.540
693.751 217.559
694.233 225.389
694.715 240.516
695.197 252.286
695.679 259.753
696.161 263.037
696.643 260.272
697.125 249.404
697.608 248.313
698.090 259.736
698.572 272.646
699.054 276.094
699.536 271.876
700.018 268.162
700.500 265.725
700.982 265.329
701.464 268.657
701.947 274.271
702.429 280.195
702.911 287.465
703.393 292.521
703.875 293.464
704.357 291.371
704.839 288.038
705.321 280.037
705.804 276.587
706.286 280.737
706.768 290.097
707.250 296.292
707.732 299.013
708.214 301.993
708.696 308.130
709.178 315.140
709.661 315.049
710.143 309.279
710.625 307.663
711.107 322.223
711.589 339.688
712.071 348.496
712.553 347.753
713.035 346.184
713.518 345.428
714.000 346.929
714.482 351.942
714.964 362.388
715.446 369.504
715.928 371.688
716.410 373.690
716.892 380.984
717.374 392.941
717.857 405.692
718.339 419.657
718.821 431.412
719.303 433.509
719.785 431.059
720.267 433.677
720.749 449.980
721.231 463.893
721.713 465.462
722.196 459.969
722.678 457.828
723.160 463.682
723.642 468.768
724.124 472.149
724.606 474.275
725.088 478.545
725.570 485.068
726.052 484.746
726.535 472.455
727.017 453.266
727.499 440.258
727.981 432.287
728.463 422.176
728.945 402.843
729.427 381.915
729.909 364.334
730.391 350.587
730.874 341.215
731.356 340.529
731.838 340.746
732.320 337.688
732.802 330.458
733.284 324.420
733.766 319.821
734.248 315.828
734.731 311.965
735.213 308.138
735.695 303.981
736.177 299.338
736.659 294.083
737.141 285.961
737.623 277.922
738.105 274.662
738.588 279.747
739.070 284.593
739.552 286.116
740.034 285.447
740.516 283.932
740.998 279.528
741.480 278.309
741.962 281.151
742.445 286.494
742.927 293.031
743.409 300.117
743.891 303.993
744.373 299.857
744.855 295.627
745.337 308.639
745.819 333.064
746.302 351.920
746.784 351.684
747.266 348.400
747.748 350.416
748.230 356.930
748.712 362.424
749.194 361.999
749.676 366.211
750.158 381.792
750.641 406.524
751.123 414.382
751.605 403.029
752.087 393.201
752.569 400.985
753.051 419.387
753.533 432.213
754.015 438.474
754.497 440.579
754.980 444.496
755.462 442.868
755.944 426.650
756.426 391.148
756.908 363.328
757.390 353.563
757.872 347.105
758.354 334.949
758.836 314.849
759.319 299.429
759.801 289.172
760.283 281.556
760.765 274.169
761.247 267.128
761.729 261.881
762.211 259.309
762.693 255.460
763.175 244.252
763.658 231.166
764.140 222.664
764.622 222.072
765.104 223.315
765.586 225.944
766.068 229.658
766.550 235.084
767.032 243.944
767.515 247.780
767.997 245.330
768.479 237.387
768.961 218.810
769.443 205.802
769.925 215.293
770.407 206.466
770.889 231.236
771.372 232.852
771.854 220.420
772.336 210.715
772.818 212.185
773.300 212.242
773.782 204.879
774.264 205.502
774.746 206.379
775.229 204.736
775.711 216.177
776.193 225.625
776.675 231.980
777.157 229.833
777.639 221.163
778.121 215.410
778.603 221.783
779.085 227.981
779.568 220.961
780.050 204.078
780.532 207.143
781.014 200.533
781.496 204.838
781.978 200.490
782.460 214.848
782.942 215.925
783.424 200.375
783.907 214.302
784.389 211.569
784.871 201.623
785.353 202.336
785.835 208.279
786.317 218.015
786.799 217.572
787.281 213.673
787.763 211.125
788.246 210.313
788.728 212.029
789.210 218.396
789.692 225.631
790.174 233.321
790.656 242.045
791.138 242.844
791.620 234.517
792.102 223.348
792.585 210.870
793.067 200.157
793.549 200.568
794.031 213.787
794.513 225.281
794.995 223.658
795.477 217.011
795.959 211.003
796.442 205.974
796.924 203.593
797.406 204.102
797.888 207.052
798.370 213.868
798.852 226.169
799.334 228.973
799.816 220.730
800.299 209.401
800.781 200.398
801.263 205.178
801.745 204.034
802.227 205.319
802.709 215.556
803.191 224.425
803.673 230.642
804.156 232.740
804.638 226.889
805.120 224.143
805.602 226.749
806.084 229.682
806.566 226.539
807.048 217.333
807.530 212.963
808.012 215.332
808.495 219.010
808.977 219.089
809.459 216.157
809.941 210.134
810.423 201.764
810.905 209.210
811.387 205.453
811.869 203.805
812.351 212.718
812.834 224.233
813.316 228.185
813.798 221.099
814.280 211.432
814.762 210.422
815.244 216.775
815.726 222.921
816.208 228.065
816.690 230.102
817.173 223.554
817.655 213.944
818.137 208.872
818.619 214.200
819.101 218.215
819.583 217.093
820.065 214.398
820.547 213.976
821.029 216.379
821.512 218.644
821.994 220.367
822.476 221.971
822.958 224.731
823.440 227.820
823.922 228.685
824.404 225.639
824.886 222.871
825.369 223.945
825.851 226.641
826.333 228.158
826.815 228.180
827.297 226.154
827.779 221.577
828.261 216.191
828.743 207.584
829.226 204.109
829.708 205.516
830.190 208.567
830.672 224.627
831.154 224.526
831.636 215.547
832.118 209.727
832.600 212.510
833.083 216.268
833.565 221.548
834.047 224.430
834.529 218.911
835.011 200.845
835.493 212.000
835.975 211.034
836.457 203.422
836.939 206.026
837.422 215.927
837.904 219.458
838.386 212.555
838.868 205.773
839.350 206.568
839.832 211.820
840.314 217.028
840.796 227.799
841.278 231.682
841.761 222.181
842.243 208.800
842.725 203.783
843.207 207.717
843.689 210.814
844.171 211.267
844.653 211.782
845.135 216.718
845.617 223.728
846.100 228.808
846.582 230.972
847.064 230.517
847.546 224.836
848.028 218.227
848.510 215.323
848.992 217.974
849.474 219.948
849.956 221.444
850.439 221.554
850.921 222.450
851.403 223.422
851.885 219.328
852.367 208.026
852.849 201.064
853.331 201.827
853.813 209.382
854.296 213.825
854.778 210.559
855.260 211.829
855.742 222.956
856.224 233.320
856.706 231.458
857.188 216.838
857.670 212.714
858.153 221.694
858.635 230.920
859.117 224.518
859.599 212.190
860.081 206.925
860.563 210.936
861.045 217.933
861.527 231.765
862.010 242.650
862.492 242.638
862.974 227.937
863.456 222.653
863.938 228.939
864.420 236.391
864.902 235.809
865.384 229.844
865.866 224.500
866.349 220.051
866.831 217.035
867.313 215.584
867.795 215.700
868.277 218.723
868.759 226.091
869.241 224.501
869.723 207.925
870.205 205.591
870.688 203.170
871.170 212.315
871.652 220.130
872.134 220.666
872.616 220.879
873.098 226.982
873.580 233.933
874.062 237.137
874.544 236.633
875.027 235.685
875.509 235.700
875.991 234.369
876.473 229.473
876.955 222.410
877.437 224.078
877.919 234.714
878.401 242.856
878.883 237.903
879.366 229.868
879.848 237.444
880.330 254.901
880.812 262.569
881.294 240.714
881.776 220.533
882.258 214.853
882.740 218.827
883.223 217.307
883.705 208.064
884.187 205.759
884.669 218.483
885.151 235.344
885.633 234.339
886.115 221.056
886.597 210.747
887.080 212.136
887.562 215.025
888.044 216.719
888.526 216.649
889.008 214.185
889.490 206.629
889.972 204.080
890.454 209.477
890.937 217.699
891.419 220.935
891.901 220.129
892.383 218.609
892.865 216.651
893.347 214.082
893.829 211.166
894.311 209.174
894.794 209.073
895.276 211.646
895.758 214.435
896.240 218.516
896.722 220.888
897.204 217.339
897.686 208.915
898.168 202.184
898.650 202.276
899.133 204.251
899.615 201.736
900.097 202.062
900.579 204.170
901.061 204.020
901.543 203.648
902.025 203.187
902.507 202.602
902.989 201.023
903.472 201.308
903.954 202.049
904.436 211.126
904.918 219.963
905.400 227.703
905.882 230.815
906.364 220.737
906.846 200.393
907.328 212.307
907.811 200.562
908.293 212.248
908.775 219.956
909.257 222.932
909.739 221.598
910.221 215.668
910.703 213.807
911.185 225.177
911.667 238.098
912.150 234.212
912.632 219.787
913.114 210.144
913.596 214.007
914.078 219.953
914.560 227.546
915.042 234.163
915.524 233.622
916.007 225.046
916.489 220.151
916.971 222.049
917.453 226.174
917.935 227.486
918.417 226.740
918.899 224.903
919.381 221.950
919.864 218.505
920.346 213.869
920.828 209.452
921.310 206.462
921.792 205.079
922.274 203.617
922.756 201.448
923.238 202.450
923.721 215.796
924.203 232.575
924.685 236.069
925.167 224.008
925.649 214.973
926.131 218.253
926.613 225.416
927.095 233.222
927.577 241.530
928.060 242.091
928.542 234.693
929.024 227.748
929.506 225.957
929.988 227.248
930.470 227.427
930.952 227.292
931.434 229.869
931.916 244.219
932.399 252.960
932.881 243.144
933.363 224.373
933.845 222.008
934.327 239.433
934.809 250.808
935.291 248.597
935.773 239.945
936.255 233.075
936.738 228.087
937.220 225.041
937.702 222.775
938.184 223.898
938.666 231.881
939.148 242.093
939.630 251.280
940.112 261.068
940.594 259.518
941.077 244.193
941.559 227.178
942.041 218.484
942.523 217.496
943.005 225.339
943.487 242.660
943.969 253.891
944.451 246.317
944.934 235.775
945.416 229.519
945.898 227.962
946.380 233.298
946.862 246.465
947.344 256.672
947.826 256.491
948.308 250.791
948.791 245.073
949.273 239.774
949.755 235.880
950.237 235.842
950.719 234.613
951.201 228.715
951.683 221.884
952.165 223.817
952.648 234.978
953.130 241.978
953.612 240.946
954.094 237.173
954.576 235.622
955.058 235.861
955.540 237.806
956.022 244.372
956.504 245.421
956.987 236.105
957.469 225.120
957.951 217.980
958.433 214.821
958.915 219.122
959.397 230.984
959.879 241.645
960.361 246.395
960.843 246.495
961.326 240.560
961.808 228.247
962.290 221.439
962.772 226.260
963.254 232.290
963.736 238.463
964.218 243.133
964.700 237.847
965.182 222.925
965.665 210.630
966.147 204.346
966.629 202.428
967.111 206.601
967.593 213.493
968.075 217.053
968.557 212.928
969.039 211.531
969.521 214.105
970.004 218.525
970.486 223.430
970.968 227.956
971.450 227.249
971.932 220.039
972.414 215.570
972.896 225.179
973.378 236.566
973.861 238.964
974.343 230.553
974.825 224.894
975.307 222.361
975.789 221.409
976.271 221.201
976.753 221.990
977.235 226.321
977.718 232.707
978.200 235.105
978.682 223.628
979.164 215.063
979.646 219.888
980.128 231.563
980.610 237.543
981.092 237.118
981.575 234.584
982.057 229.976
982.539 225.158
983.021 222.032
983.503 220.425
983.985 220.932
984.467 225.125
984.949 225.752
985.431 214.580
985.914 204.843
986.396 205.435
986.878 216.420
987.360 220.687
987.842 218.168
988.324 215.631
988.806 219.622
989.288 224.363
989.770 222.440
990.253 215.646
990.735 212.302
991.217 218.740
991.699 221.682
992.181 217.665
992.663 209.894
993.145 204.245
993.627 200.548
994.109 202.417
994.592 205.285
995.074 206.334
995.556 203.532
996.038 201.306
996.520 206.558
997.002 212.647
997.484 217.573
997.966 222.190
998.448 222.821
998.931 213.319
999.413 201.318
999.895 209.242
1000.38 210.829
1000.86 210.881
1001.34 213.635
1001.82 213.214
1002.30 204.454
1002.79 208.682
1003.27 216.469
1003.75 218.697
1004.23 216.272
1004.72 207.748
1005.20 200.716
1005.68 200.722
1006.16 204.049
1006.65 208.403
1007.13 211.244
1007.61 213.319
1008.09 214.619
1008.57 215.391
1009.05 216.283
1009.54 217.055
1010.02 214.050
1010.50 207.550
1010.98 202.524
1011.47 202.592
1011.95 205.009
1012.43 210.446
1012.91 216.979
1013.39 216.169
1013.88 203.996
1014.36 204.477
1014.84 205.093
1015.32 202.346
1015.80 204.857
1016.29 209.553
1016.77 207.916
1017.25 206.931
1017.73 212.964
1018.22 211.741
1018.70 237.786
1019.18 243.623
1019.66 227.931
1020.14 212.345
1020.63 203.389
1021.11 213.126
1021.59 204.269
1022.07 206.377
1022.55 203.367
1023.04 227.639
1023.52 242.812
1024.00 238.660
1024.48 233.107
1024.96 227.958
1025.45 224.517
1025.93 225.748
1026.41 230.575
1026.89 235.999
1027.38 242.316
1027.86 244.911
1028.34 236.891
1028.82 226.902
1029.30 222.028
1029.79 222.715
1030.27 224.198
1030.75 226.930
1031.23 227.288
1031.71 221.541
1032.20 213.206
1032.68 206.255
1033.16 201.069
1033.64 201.206
1034.13 201.831
1034.61 203.547
1035.09 218.851
1035.57 236.319
1036.05 244.745
1036.54 244.960
1037.02 241.443
1037.50 234.339
1037.98 228.866
1038.46 234.051
1038.95 238.591
1039.43 230.552
1039.91 209.243
1040.39 201.713
1040.88 200.291
1041.36 203.952
1041.84 206.981
1042.32 210.256
1042.80 217.556
1043.29 226.915
1043.77 233.957
1044.25 235.154
1044.73 237.165
1045.21 243.415
1045.70 248.533
1046.18 245.574
1046.66 235.308
1047.14 229.802
1047.63 229.731
1048.11 234.654
1048.59 251.237
1049.07 266.742
1049.55 269.345
1050.04 260.290
1050.52 256.545
1051.00 259.539
1051.48 263.457
1051.96 267.572
1052.45 270.194
1052.93 267.251
1053.41 261.318
1053.89 256.429
1054.37 252.084
1054.86 252.694
1055.34 266.644
1055.82 278.323
1056.30 275.283
1056.79 259.130
1057.27 254.166
1057.75 259.641
1058.23 268.413
1058.71 283.580
1059.19 292.981
1059.68 281.812
1060.16 260.028
1060.64 253.312
1061.12 266.193
1061.61 279.102
1062.09 290.188
1062.57 298.542
1063.05 300.362
1063.53 299.983
1064.02 305.834
1064.50 319.515
1064.98 327.926
1065.46 320.996
1065.94 316.532
1066.43 324.074
1066.91 337.668
1067.39 330.372
1067.87 306.832
1068.35 292.530
1068.84 303.216
1069.32 315.751
1069.80 311.729
1070.28 304.318
1070.77 311.120
1071.25 340.137
1071.73 351.203
1072.21 341.933
1072.69 329.995
1073.18 328.863
1073.66 333.181
1074.14 336.785
1074.62 340.214
1075.10 346.192
1075.59 359.237
1076.07 366.688
1076.55 364.278
1077.03 357.740
1077.52 355.050
1078.00 355.954
1078.48 361.092
1078.96 371.132
1079.44 376.338
1079.93 360.997
1080.41 349.558
1080.89 358.508
1081.37 385.229
1081.85 398.633
1082.34 398.877
1082.82 400.120
1083.30 409.979
1083.78 421.769
1084.27 427.827
1084.75 432.215
1085.23 441.603
1085.71 458.612
1086.19 477.329
1086.68 499.021
1087.16 517.369
1087.64 524.810
1088.12 525.917
1088.60 527.403
1089.09 530.002
1089.57 535.849
1090.05 548.118
1090.53 560.544
1091.02 570.508
1091.50 580.990
1091.98 599.767
1092.46 624.740
1092.94 645.074
1093.43 658.328
1093.91 668.431
1094.39 673.013
1094.87 679.558
1095.35 695.107
1095.84 718.746
1096.32 734.525
1096.80 741.607
1097.28 755.990
1097.77 786.350
1098.25 823.734
1098.73 863.805
1099.21 902.759
1099.69 933.147
1100.18 941.337
1100.66 967.952
1101.14 1014.35
1101.62 1073.50
1102.10 1143.50
1102.59 1220.33
1103.07 1291.17
1103.55 1360.95
1104.03 1451.92
1104.51 1572.54
1105.00 1719.36
1105.48 1894.04
1105.96 2091.91
1106.44 2298.09
1106.93 2518.67
1107.41 2775.46
1107.89 3075.50
1108.37 3403.78
1108.85 3762.01
1109.33 4140.06
1109.82 4525.78
1110.30 4923.52
1110.78 5343.86
1111.26 5790.40
1111.75 6262.15
1112.23 6760.83
1112.71 7262.13
1113.19 7730.32
1113.68 8181.63
1114.16 8651.24
1114.64 9170.67
1115.12 9610.49
1115.60 9994.76
1116.08 10203.6
1116.57 10184.9
1117.05 9926.38
1117.53 9331.09
1118.01 8484.28
1118.50 7592.24
1118.98 6641.53
1119.46 5771.39
1119.94 4980.77
1120.42 4280.73
1120.91 3687.73
1121.39 3194.30
1121.87 2791.69
1122.35 2472.03
1122.83 2192.51
1123.32 1934.69
1123.80 1716.31
1124.28 1549.36
1124.76 1417.43
1125.24 1282.17
1125.73 1146.12
1126.21 1033.40
1126.69 952.242
1127.17 886.413
1127.66 831.356
1128.14 782.237
1128.62 735.919
1129.10 692.068
1129.58 649.105
1130.07 606.818
1130.55 571.427
1131.03 544.922
1131.51 525.878
1131.99 521.079
1132.48 519.918
1132.96 505.932
1133.44 469.769
1133.92 447.282
1134.41 441.337
1134.89 436.823
1135.37 422.000
1135.85 402.406
1136.33 386.002
1136.82 372.418
1137.30 360.922
1137.78 351.786
1138.26 344.721
1138.74 341.370
1139.23 336.584
1139.71 322.277
1140.19 302.943
1140.67 287.394
1141.16 276.656
1141.64 272.242
1142.12 280.256
1142.60 288.023
1143.08 294.060
1143.57 295.840
1144.05 282.782
1144.53 260.007
1145.01 254.376
1145.49 273.225
1145.98 287.508
1146.46 275.025
1146.94 258.346
1147.42 249.701
1147.91 248.117
1148.39 249.443
1148.87 253.422
1149.35 255.656
1149.83 254.684
1150.31 252.170
1150.80 246.306
1151.28 241.081
1151.76 241.563
1152.24 248.699
1152.73 246.068
1153.21 233.534
1153.69 224.784
1154.17 232.863
1154.65 242.536
1155.14 236.094
1155.62 221.813
1156.10 215.456
1156.58 222.110
1157.06 223.969
1157.55 220.002
1158.03 214.666
1158.51 211.419
1158.99 209.187
1159.48 206.064
1159.96 202.509
1160.44 200.673
1160.92 201.494
1161.40 206.217
1161.89 229.138
1162.37 250.189
1162.85 248.271
1163.33 234.403
1163.81 225.124
1164.30 221.622
1164.78 218.305
1165.26 213.388
1165.74 209.076
1166.22 205.046
1166.71 203.262
1167.19 212.609
1167.67 225.813
1168.15 221.727
1168.64 208.021
1169.12 221.030
1169.60 220.303
1170.08 250.520
1170.56 239.574
1171.05 203.726
1171.53 213.050
1172.01 214.003
1172.49 208.929
1172.97 202.906
1173.46 210.375
1173.94 202.628
1174.42 204.554
1174.90 201.061
1175.39 215.850
1175.87 212.270
1176.35 205.732
1176.83 216.621
1177.31 203.229
1177.80 209.129
1178.28 206.420
1178.76 200.265
1179.24 200.028
1179.72 207.134
1180.21 208.380
1180.69 204.222
1181.17 200.613
1181.65 201.791
1182.14 204.773
1182.62 209.432
1183.10 214.149
1183.58 216.608
1184.06 216.774
1184.55 215.836
1185.03 213.849
1185.51 212.215
1185.99 214.440
1186.47 214.920
1186.96 206.899
1187.44 205.126
1187.92 209.724
1188.40 206.623
1188.89 200.579
1189.37 208.432
1189.85 213.703
1190.33 202.523
1190.81 209.651
1191.30 207.454
1191.78 206.347
1192.26 211.335
1192.74 206.375
1193.22 205.047
1193.71 211.788
1194.19 217.711
1194.67 210.363
1195.15 200.614
1195.63 201.106
1196.12 212.128
1196.60 212.977
1197.08 202.041
1197.56 203.845
1198.05 202.779
1198.53 213.240
1199.01 221.901
1199.49 227.146
1199.97 225.419
1200.46 215.413
1200.94 209.709
1201.42 208.563
1201.90 210.040
1202.38 215.292
1202.87 219.638
1203.35 215.944
1203.83 208.721
1204.31 204.946
1204.80 206.835
1205.28 205.219
1205.76 200.532
1206.24 205.675
1206.72 205.721
1207.20 205.051
1207.69 211.262
1208.17 219.744
1208.65 220.850
1209.13 212.557
1209.62 200.081
1210.10 217.889
1210.58 232.201
1211.06 232.644
1211.54 228.070
1212.03 227.758
1212.51 230.309
1212.99 231.370
1213.47 230.534
1213.95 228.413
1214.44 224.850
1214.92 221.121
1215.40 218.408
1215.88 215.986
1216.36 211.737
1216.85 206.904
1217.33 208.082
1217.81 220.197
1218.29 218.581
1218.78 203.012
1219.26 222.230
1219.74 210.725
1220.22 210.816
1220.70 220.676
1221.19 218.922
1221.67 218.668
1222.15 220.902
1222.63 222.771
1223.11 223.839
1223.60 224.033
1224.08 223.332
1224.56 221.670
1225.04 216.652
1225.53 209.150
1226.01 212.954
1226.49 231.303
1226.97 241.528
1227.45 238.004
1227.94 230.879
1228.42 234.881
1228.90 240.010
1229.38 232.517
1229.86 212.005
1230.35 201.808
1230.83 202.704
1231.31 208.198
1231.79 217.702
1232.28 226.951
1232.76 231.283
1233.24 233.405
1233.72 237.778
1234.20 244.581
1234.69 239.500
1235.17 222.218
1235.65 215.538
1236.13 234.737
1236.61 252.848
1237.10 237.227
1237.58 211.698
1238.06 203.466
1238.54 213.399
1239.03 224.870
1239.51 237.935
1239.99 245.453
1240.47 241.923
1240.95 235.794
1241.44 232.111
1241.92 230.763
1242.40 232.370
1242.88 237.131
1243.36 237.494
1243.85 233.559
1244.33 228.721
1244.81 222.766
1245.29 218.914
1245.78 224.189
1246.26 229.942
1246.74 224.978
1247.22 208.452
1247.70 205.136
1248.19 213.847
1248.67 222.593
1249.15 224.951
1249.63 228.073
1250.11 238.322
1250.60 247.687
1251.08 245.507
1251.56 232.935
1252.04 238.340
1252.52 258.587
1253.01 269.713
1253.49 245.448
1253.97 227.386
1254.45 237.307
1254.94 253.354
1255.42 254.912
1255.90 245.068
1256.38 234.942
1256.86 226.134
1257.34 225.829
1257.83 251.580
1258.31 267.507
1258.79 262.474
1259.27 249.661
1259.76 241.956
1260.24 237.651
1260.72 230.548
1261.20 222.208
1261.68 219.967
1262.17 238.568
1262.65 246.978
1263.13 239.161
1263.61 230.399
1264.09 233.343
1264.58 241.748
1265.06 242.782
1265.54 237.587
1266.02 234.586
1266.51 236.749
1266.99 239.935
1267.47 244.469
1267.95 249.068
1268.43 255.289
1268.92 263.016
1269.40 254.356
1269.88 233.182
1270.36 222.083
1270.84 226.229
1271.33 230.204
1271.81 232.955
1272.29 235.266
1272.77 239.869
1273.26 242.451
1273.74 234.214
1274.22 219.518
1274.70 215.316
1275.18 223.754
1275.67 225.849
1276.15 218.494
1276.63 211.927
1277.11 215.283
1277.59 222.344
1278.08 233.992
1278.56 246.366
1279.04 250.044
1279.52 244.806
1280.01 241.904
1280.49 242.782
1280.97 244.896
1281.45 248.389
1281.93 250.806
1282.42 248.224
1282.90 244.995
1283.38 247.353
1283.86 253.658
1284.34 253.116
1284.83 244.627
1285.31 235.690
1285.79 226.255
1286.27 223.180
1286.76 231.109
1287.24 242.350
1287.72 242.867
1288.20 236.396
1288.68 234.077
1289.17 236.667
1289.65 236.850
1290.13 229.932
1290.61 223.706
1291.09 219.630
1291.58 216.911
1292.06 212.430
1292.54 209.655
1293.02 217.285
1293.50 234.571
1293.99 243.369
1294.47 240.287
1294.95 234.225
1295.43 226.119
1295.92 218.334
1296.40 211.175
1296.88 207.561
1297.36 213.803
1297.84 228.235
1298.32 235.544
1298.81 234.957
1299.29 234.749
1299.77 236.536
1300.25 236.866
1300.74 232.851
1301.22 226.076
1301.70 212.125
1302.18 201.889
1302.66 203.031
1303.15 225.167
1303.63 244.063
1304.11 257.004
1304.59 261.194
1305.07 247.415
1305.56 233.247
1306.04 224.822
1306.52 220.703
1307.00 219.158
1307.48 219.679
1307.97 218.880
1308.45 216.484
1308.93 214.844
1309.41 213.361
1309.90 214.397
1310.38 222.956
1310.86 231.837
1311.34 231.809
1311.82 227.176
1312.31 225.718
1312.79 227.223
1313.27 221.366
1313.75 202.005
1314.23 201.252
1314.72 219.303
1315.20 242.633
1315.68 225.204
1316.16 208.506
1316.65 200.000
