50.3896 0.219031
50.9315 0.259528
51.4733 0.300066
52.0151 0.336092
52.5569 0.367259
53.0988 0.389680
53.6406 0.404430
54.1824 0.409286
54.7242 0.407410
55.2661 0.398467
55.8079 0.387405
56.3497 0.374927
56.8915 0.366414
57.4334 0.361876
57.9752 0.365259
58.5170 0.374195
59.0588 0.390062
59.6007 0.407860
60.1425 0.427210
60.6843 0.442329
61.2261 0.453685
61.7680 0.457524
62.3098 0.457508
62.8516 0.453137
63.3934 0.450907
63.9353 0.451550
64.4771 0.461081
65.0189 0.477609
65.5607 0.503299
66.1026 0.531732
66.6444 0.561458
67.1862 0.584050
67.7280 0.598738
68.2698 0.600108
68.8117 0.592473
69.3535 0.575920
69.8953 0.559586
70.4371 0.545960
70.9790 0.543769
71.5208 0.551902
72.0626 0.573608
72.6044 0.601555
73.1463 0.634237
73.6881 0.662149
74.2299 0.685419
74.7717 0.699378
75.3136 0.711436
75.8554 0.724358
76.3972 0.751495
76.9390 0.797938
77.4809 0.875331
78.0227 0.982882
78.5645 1.12391
79.1063 1.28846
79.6482 1.47237
80.1900 1.66123
80.7318 1.85066
81.2736 2.02954
81.8155 2.19956
82.3573 2.35622
82.8991 2.50702
83.4409 2.65071
83.9827 2.79549
84.5246 2.93820
85.0664 3.08409
85.6082 3.22690
86.1500 3.37016
86.6919 3.50742
87.2337 3.64374
87.7755 3.77458
88.3173 3.90661
88.8592 4.03515
89.4010 4.16496
89.9428 4.28757
90.4846 4.40359
91.0265 4.50102
91.5683 4.57944
92.1101 4.62882
92.6519 4.65408
93.1938 4.65256
93.7356 4.63732
94.2774 4.61205
94.8192 4.59315
95.3611 4.58315
95.9029 4.59323
96.4447 4.61737
96.9865 4.65731
97.5284 4.69839
98.0702 4.73706
98.6120 4.75748
99.1538 4.75970
99.6957 4.73502
100.237 4.69299
100.779 4.63427
101.321 4.57613
101.863 4.52339
102.405 4.49363
102.947 4.48767
103.488 4.51600
104.030 4.57006
104.572 4.65063
105.114 4.74015
105.656 4.83293
106.198 4.90800
106.739 4.96036
107.281 4.97345
107.823 4.95038
108.365 4.88488
108.907 4.79147
109.448 4.67413
109.990 4.55513
110.532 4.44178
111.074 4.35504
111.616 4.29593
112.158 4.27581
112.699 4.28436
113.241 4.32262
113.783 4.37271
114.325 4.43285
114.867 4.48686
115.409 4.53883
115.950 4.58020
116.492 4.62253
117.034 4.66178
117.576 4.71010
118.118 4.75947
118.659 4.81506
119.201 4.86058
119.743 4.89480
120.285 4.89871
120.827 4.87385
121.369 4.80882
121.910 4.71652
122.452 4.59745
122.994 4.47431
123.536 4.35217
124.078 4.25217
124.620 4.17124
125.161 4.11813
125.703 4.07557
126.245 4.04017
126.787 3.98699
127.329 3.91166
127.871 3.79470
128.412 3.64262
128.954 3.44915
129.496 3.23373
130.038 2.99937
130.580 2.76987
131.121 2.54663
131.663 2.34731
132.205 2.16407
132.747 2.00517
133.289 1.85500
133.831 1.71774
134.372 1.57737
134.914 1.44142
135.456 1.29917
135.998 1.16421
136.540 1.03057
137.082 0.914678
137.623 0.810537
138.165 0.732481
138.707 0.670562
139.249 0.634835
139.791 0.611171
140.332 0.606738
140.874 0.605597
141.416 0.614663
141.958 0.618483
142.500 0.625365
143.042 0.621302
143.583 0.616437
144.125 0.598378
144.667 0.579182
145.209 0.548124
145.751 0.519105
146.293 0.482689
146.834 0.453793
147.376 0.422946
147.918 0.404400
148.460 0.386911
149.002 0.382657
149.543 0.377910
150.085 0.382977
150.627 0.382762
151.169 0.387507
151.711 0.382833
152.253 0.380810
152.794 0.369080
153.336 0.362009
153.878 0.348863
154.420 0.345237
154.962 0.340582
155.504 0.350248
156.045 0.362630
156.587 0.391949
157.129 0.425011
157.671 0.474621
158.213 0.525841
158.754 0.589985
159.296 0.650408
159.838 0.717230
160.380 0.772819
160.922 0.827349
161.464 0.863952
162.005 0.894893
162.547 0.906024
163.089 0.913115
163.631 0.905193
164.173 0.900820
164.715 0.890356
165.256 0.892498
165.798 0.896019
166.340 0.917200
166.882 0.941582
167.424 0.982601
167.965 1.02334
168.507 1.07607
169.049 1.12348
169.591 1.17860
170.133 1.22503
170.675 1.27705
171.216 1.31894
171.758 1.36549
172.300 1.40092
172.842 1.44005
173.384 1.46696
173.926 1.49692
174.467 1.51445
175.009 1.53574
175.551 1.54596
176.093 1.56200
176.635 1.56905
177.177 1.58402
177.718 1.59169
178.260 1.60890
178.802 1.62037
179.344 1.64345
179.886 1.66323
180.427 1.69754
180.969 1.73112
181.511 1.78096
182.053 1.82990
182.595 1.89291
183.137 1.95071
183.678 2.01735
184.220 2.07379
184.762 2.13619
185.304 2.18867
185.846 2.25122
186.388 2.31085
186.929 2.38897
187.471 2.47131
188.013 2.57600
188.555 2.68371
189.097 2.80773
189.638 2.92522
190.180 3.04917
190.722 3.15955
191.264 3.27527
191.806 3.38312
192.348 3.50803
192.889 3.63909
193.431 3.79881
193.973 3.96836
194.515 4.15873
195.057 4.33814
195.599 4.50734
196.140 4.62982
196.682 4.70991
197.224 4.72288
197.766 4.69178
198.308 4.61330
198.849 4.53055
199.391 4.45354
199.933 4.42921
200.475 4.46007
201.017 4.57591
201.559 4.75543
202.100 5.00340
202.642 5.27673
203.184 5.56642
203.726 5.82530
204.268 6.05037
204.810 6.20776
205.351 6.31198
205.893 6.34612
206.435 6.33822
206.977 6.27883
207.519 6.19753
208.060 6.08125
208.602 5.95370
209.144 5.79563
209.686 5.62701
210.228 5.42779
210.770 5.22051
211.311 4.98945
211.853 4.76211
212.395 4.52616
212.937 4.31037
213.479 4.10053
214.021 3.92151
214.562 3.75351
215.104 3.61593
215.646 3.48421
216.188 3.37480
216.730 3.26163
217.271 3.16145
217.813 3.04908
218.355 2.94288
218.897 2.81912
219.439 2.69790
219.981 2.55706
220.522 2.41885
221.064 2.26339
221.606 2.11574
222.148 1.95840
222.690 1.81852
223.232 1.67924
223.773 1.56716
224.315 1.46312
224.857 1.39048
225.399 1.32594
225.941 1.28918
226.483 1.25380
227.024 1.23800
227.566 1.21518
228.108 1.20501
228.650 1.18301
229.192 1.17166
229.733 1.14879
230.275 1.13881
230.817 1.12023
231.359 1.11744
231.901 1.10783
232.443 1.11443
232.984 1.11285
233.526 1.12494
234.068 1.12538
234.610 1.13618
235.152 1.13277
235.694 1.13882
236.235 1.13158
236.777 1.13680
237.319 1.13301
237.861 1.14666
238.403 1.15567
238.944 1.18517
239.486 1.21084
240.028 1.25589
240.570 1.29446
241.112 1.34974
241.654 1.39713
242.195 1.46273
242.737 1.52530
243.279 1.61437
243.821 1.71051
244.363 1.84311
244.905 1.98965
245.446 2.17424
245.988 2.36714
246.530 2.58532
247.072 2.79291
247.614 3.00362
248.155 3.18144
248.697 3.34365
249.239 3.46003
249.781 3.55510
250.323 3.60516
250.865 3.63955
251.406 3.63635
251.948 3.62411
252.490 3.57773
253.032 3.52207
253.574 3.42867
254.116 3.32132
254.657 3.17281
255.199 3.01092
255.741 2.81385
256.283 2.61534
256.825 2.39807
257.366 2.19813
257.908 1.99721
258.450 1.82781
258.992 1.66565
259.534 1.53676
260.076 1.41078
260.617 1.30979
261.159 1.20181
261.701 1.11016
262.243 1.00584
262.785 0.916510
263.327 0.817037
263.868 0.738066
264.410 0.655378
264.952 0.598852
265.494 0.541652
266.036 0.510488
266.578 0.475144
267.119 0.460128
267.661 0.434197
268.203 0.422726
268.745 0.396419
269.287 0.383642
269.828 0.357826
270.370 0.349599
270.912 0.333098
271.454 0.338454
271.996 0.337706
272.538 0.358349
273.079 0.369402
273.621 0.396234
274.163 0.406649
274.705 0.426536
275.247 0.425287
275.789 0.431542
276.330 0.417394
276.872 0.413966
277.414 0.394523
277.956 0.390371
278.498 0.373571
279.039 0.373882
279.581 0.361615
280.123 0.365777
280.665 0.356801
281.207 0.365256
281.749 0.363615
282.290 0.384754
282.832 0.402289
283.374 0.448873
283.916 0.495640
284.458 0.571264
285.000 0.641642
285.541 0.730681
286.083 0.800749
286.625 0.875080
287.167 0.918204
287.709 0.958669
288.250 0.967971
288.792 0.982279
289.334 0.979106
289.876 0.998038
290.418 1.01593
290.960 1.06807
291.501 1.12361
292.043 1.20877
292.585 1.28360
293.127 1.36765
293.669 1.41757
294.211 1.45404
294.752 1.43876
295.294 1.40093
295.836 1.31220
296.378 1.21197
296.920 1.08015
297.461 0.961638
298.003 0.837905
298.545 0.751899
299.087 0.679611
299.629 0.656442
300.171 0.649474
300.712 0.685637
301.254 0.724626
301.796 0.788509
302.338 0.834701
302.880 0.886257
303.422 0.904078
303.963 0.917096
304.505 0.893053
305.047 0.868107
305.589 0.816001
306.131 0.777255
306.672 0.727217
307.214 0.705593
307.756 0.684284
308.298 0.698140
308.840 0.713282
309.382 0.759439
309.923 0.798708
310.465 0.859024
311.007 0.902605
311.549 0.959655
312.091 0.995640
312.633 1.04461
313.174 1.07504
313.716 1.12296
314.258 1.15686
314.800 1.21132
315.342 1.25190
315.884 1.30997
316.425 1.34796
316.967 1.39552
317.509 1.41485
318.051 1.43756
318.593 1.42927
319.134 1.42633
319.676 1.39902
320.218 1.38775
320.760 1.36490
321.302 1.37089
321.844 1.37542
322.385 1.41449
322.927 1.45194
323.469 1.51811
324.011 1.57214
324.553 1.64212
325.095 1.68747
325.636 1.73954
326.178 1.76296
326.720 1.79555
327.262 1.80786
327.804 1.84225
328.345 1.87094
328.887 1.93518
329.429 2.00306
329.971 2.11005
330.513 2.21755
331.055 2.35525
331.596 2.48039
332.138 2.62124
332.680 2.73600
333.222 2.85623
333.764 2.94436
334.306 3.03647
334.847 3.09840
335.389 3.16831
335.931 3.21209
336.473 3.26671
337.015 3.29576
337.556 3.33394
338.098 3.34288
338.640 3.35655
339.182 3.33677
339.724 3.31895
340.266 3.26684
340.807 3.21829
341.349 3.13926
341.891 3.06978
342.433 2.97731
342.975 2.90318
343.517 2.81541
344.058 2.75544
344.600 2.69034
345.142 2.65979
345.684 2.62774
346.226 2.62988
346.767 2.62526
347.309 2.64483
347.851 2.64343
348.393 2.64969
348.935 2.61820
349.477 2.58019
350.018 2.49505
350.560 2.40073
351.102 2.26373
351.644 2.12868
352.186 1.96675
352.728 1.82484
353.269 1.67343
353.811 1.55646
354.353 1.43963
354.895 1.36179
355.437 1.28387
355.978 1.24151
356.520 1.19388
357.062 1.17662
357.604 1.14973
358.146 1.15022
358.688 1.13888
359.229 1.15290
359.771 1.15223
360.313 1.17288
360.855 1.17338
361.397 1.18920
361.939 1.17924
362.480 1.18078
363.022 1.15539
363.564 1.14375
364.106 1.11038
364.648 1.09808
365.190 1.07182
365.731 1.07329
366.273 1.06468
366.815 1.08425
367.357 1.09043
367.899 1.11863
368.440 1.12557
368.982 1.14673
369.524 1.14024
370.066 1.14422
370.608 1.11968
371.150 1.10752
371.691 1.07049
372.233 1.05026
372.775 1.00896
373.317 0.987013
373.859 0.944762
374.401 0.921214
374.942 0.875806
375.484 0.847816
376.026 0.797767
376.568 0.766962
377.110 0.718058
377.651 0.694382
378.193 0.659579
378.735 0.656860
379.277 0.648095
379.819 0.673527
380.361 0.690911
380.902 0.736223
381.444 0.763243
381.986 0.805393
382.528 0.815606
383.070 0.828864
383.612 0.801669
384.153 0.774480
384.695 0.710021
385.237 0.655017
385.779 0.577061
386.321 0.525765
386.862 0.468719
387.404 0.452895
387.946 0.440713
388.488 0.472660
389.030 0.504183
389.572 0.569838
390.113 0.620836
390.655 0.690101
391.197 0.729571
391.739 0.775155
392.281 0.782917
392.823 0.793421
393.364 0.766720
393.906 0.746426
394.448 0.694183
394.990 0.654226
395.532 0.588003
396.073 0.539599
396.615 0.470484
397.157 0.425426
397.699 0.366765
398.241 0.340186
398.783 0.308091
399.324 0.315147
399.866 0.321090
400.408 0.366715
400.950 0.406950
401.492 0.478036
402.034 0.531335
402.575 0.601672
403.117 0.641338
403.659 0.688664
404.201 0.701096
404.743 0.722963
405.284 0.716966
405.826 0.731036
406.368 0.728730
406.910 0.756187
407.452 0.772703
407.994 0.818988
408.535 0.848818
409.077 0.898881
409.619 0.921161
410.161 0.953468
410.703 0.951289
411.245 0.957717
411.786 0.933761
412.328 0.927202
412.870 0.901540
413.412 0.904531
413.954 0.896945
414.496 0.922045
415.037 0.935218
415.579 0.974992
416.121 0.993522
416.663 1.02855
417.205 1.03373
417.746 1.05033
418.288 1.03635
418.830 1.03732
419.372 1.01413
419.914 1.01332
420.456 0.994545
420.997 1.00144
421.539 0.989674
422.081 0.999131
422.623 0.982715
423.165 0.979539
423.707 0.943742
424.248 0.917690
424.790 0.859880
425.332 0.817415
425.874 0.752681
426.416 0.715211
426.957 0.667659
427.499 0.657824
428.041 0.644757
428.583 0.671653
429.125 0.692558
429.667 0.746268
430.208 0.783476
430.750 0.841291
431.292 0.870323
431.834 0.909296
432.376 0.911625
432.918 0.919799
433.459 0.891244
434.001 0.872379
434.543 0.823796
435.085 0.794098
435.627 0.744606
436.168 0.723297
436.710 0.689435
437.252 0.688043
437.794 0.674886
438.336 0.691764
438.878 0.691939
439.419 0.716058
439.961 0.717581
440.503 0.738709
441.045 0.735145
441.587 0.751497
442.129 0.745136
442.670 0.761237
443.212 0.756280
443.754 0.773509
444.296 0.766921
444.838 0.777760
445.379 0.759198
445.921 0.753541
446.463 0.716811
447.005 0.695580
447.547 0.650386
448.089 0.631466
448.630 0.600866
449.172 0.607606
449.714 0.609615
450.256 0.649763
450.798 0.678996
451.340 0.734142
451.881 0.762421
452.423 0.800373
452.965 0.798403
453.507 0.799145
454.049 0.760478
454.590 0.732261
455.132 0.677600
455.674 0.648616
456.216 0.607302
456.758 0.601994
457.300 0.589349
457.841 0.612463
458.383 0.624100
458.925 0.665759
459.467 0.690872
460.009 0.743323
460.551 0.779387
461.092 0.845087
461.634 0.897053
462.176 0.979604
462.718 1.04585
463.260 1.13582
463.802 1.19877
464.343 1.27263
464.885 1.30700
465.427 1.34287
465.969 1.33497
466.511 1.33050
467.052 1.29010
467.594 1.26548
468.136 1.21954
468.678 1.20386
469.220 1.17907
469.762 1.19312
470.303 1.20239
470.845 1.25074
471.387 1.29102
471.929 1.36434
472.471 1.42148
473.013 1.50217
473.554 1.55647
474.096 1.62421
474.638 1.65657
475.180 1.69581
475.722 1.69676
476.263 1.70619
476.805 1.68347
477.347 1.67901
477.889 1.65382
478.431 1.65742
478.973 1.64728
479.514 1.66743
480.056 1.66928
480.598 1.69183
481.140 1.68404
481.682 1.68606
482.224 1.65151
482.765 1.62779
483.307 1.57652
483.849 1.55165
484.391 1.51800
484.933 1.52820
485.474 1.54119
486.016 1.60052
486.558 1.65500
487.100 1.73957
487.642 1.79823
488.184 1.86622
488.725 1.89299
489.267 1.92301
489.809 1.91629
490.351 1.92648
490.893 1.91888
491.435 1.94706
491.976 1.97084
492.518 2.03416
493.060 2.08548
493.602 2.15855
494.144 2.19536
494.685 2.22864
495.227 2.20522
495.769 2.16750
496.311 2.07477
496.853 1.98193
497.395 1.85811
497.936 1.76341
498.478 1.66657
499.020 1.62194
499.562 1.58856
500.104 1.60916
500.646 1.63171
501.187 1.69042
501.729 1.72875
502.271 1.78087
502.813 1.79431
503.355 1.81009
503.896 1.78374
504.438 1.76368
504.980 1.71078
505.522 1.67583
506.064 1.61904
506.606 1.58802
507.147 1.53850
507.689 1.51358
508.231 1.46576
508.773 1.43702
509.315 1.38112
509.857 1.34318
510.398 1.28102
510.940 1.24350
511.482 1.19064
512.024 1.17109
512.566 1.14223
513.108 1.14807
513.649 1.14061
514.191 1.15912
514.733 1.15285
515.275 1.16110
515.817 1.13615
516.358 1.12243
516.900 1.07831
517.442 1.05349
517.984 1.00943
518.526 0.995804
519.068 0.970944
519.609 0.979066
520.151 0.972270
520.693 0.989388
521.235 0.979583
521.777 0.981916
522.319 0.949008
522.860 0.925576
523.402 0.870685
523.944 0.834455
524.486 0.779017
525.028 0.754371
525.569 0.719587
526.111 0.719471
526.653 0.707347
527.195 0.723133
527.737 0.717474
528.279 0.730239
528.820 0.714573
529.362 0.714369
529.904 0.687193
530.446 0.680347
530.988 0.653045
531.530 0.652029
532.071 0.634255
532.613 0.643229
533.155 0.632947
533.697 0.645072
534.239 0.633625
534.780 0.642040
535.322 0.627493
535.864 0.636869
536.406 0.630193
536.948 0.655518
537.490 0.672020
538.031 0.724734
538.573 0.768364
539.115 0.842764
539.657 0.898023
540.199 0.970776
540.741 1.01017
541.282 1.05427
541.824 1.05598
542.366 1.05859
542.908 1.02105
543.450 0.992231
543.991 0.935511
544.533 0.902238
545.075 0.856165
545.617 0.846912
546.159 0.835055
546.701 0.866101
547.242 0.896575
547.784 0.968474
548.326 1.03600
548.868 1.13991
549.410 1.23423
549.952 1.35993
550.493 1.47126
551.035 1.60870
551.577 1.72536
552.119 1.85985
552.661 1.96337
553.202 2.07314
553.744 2.14055
554.286 2.20489
554.828 2.22192
555.370 2.23689
555.912 2.21246
556.453 2.20014
556.995 2.16706
557.537 2.16615
558.079 2.16256
558.621 2.20392
559.163 2.24801
559.704 2.33431
560.246 2.41372
560.788 2.52134
561.330 2.60735
561.872 2.70964
562.414 2.78413
562.955 2.87571
563.497 2.94699
564.039 3.04742
564.581 3.14122
565.123 3.27586
565.664 3.41094
566.206 3.58758
566.748 3.75915
567.290 3.96185
567.832 4.14677
568.374 4.35050
568.915 4.52706
569.457 4.71725
569.999 4.87960
570.541 5.05830
571.083 5.21368
571.625 5.38978
572.166 5.54552
572.708 5.72281
573.250 5.87906
573.792 6.05564
574.334 6.21101
574.875 6.38872
575.417 6.55002
575.959 6.74073
576.501 6.92325
577.043 7.14260
577.585 7.35885
578.126 7.61326
578.668 7.86202
579.210 8.14307
579.752 8.41094
580.294 8.70366
580.836 8.97768
581.377 9.27382
581.919 9.55156
582.461 9.85370
583.003 10.1404
583.545 10.4536
584.086 10.7513
584.628 11.0733
585.170 11.3760
585.712 11.6990
586.254 12.0006
586.796 12.3232
587.337 12.6292
587.879 12.9642
588.421 13.2922
588.963 13.6582
589.505 14.0229
590.047 14.4256
590.588 14.8205
591.130 15.2403
591.672 15.6344
592.214 16.0327
592.756 16.3853
593.297 16.7253
593.839 17.0084
594.381 17.2744
594.923 17.4859
595.465 17.6883
596.007 17.8489
596.548 18.0155
597.090 18.1554
597.632 18.3143
598.174 18.4552
598.716 18.6175
599.258 18.7568
599.799 18.9044
600.341 19.0085
600.883 19.0948
601.425 19.1091
601.967 19.0787
602.508 18.9559
603.050 18.7784
603.592 18.5113
604.134 18.2053
604.676 17.8374
605.218 17.4652
605.759 17.0674
606.301 16.6974
606.843 16.3249
607.385 15.9917
607.927 15.6560
608.469 15.3509
609.010 15.0306
609.552 14.7287
610.094 14.4047
610.636 14.0996
611.178 13.7800
611.720 13.4908
612.261 13.1984
612.803 12.9426
613.345 12.6814
613.887 12.4451
614.429 12.1835
614.970 11.9230
615.512 11.6157
616.054 11.2953
616.596 10.9261
617.138 10.5553
617.680 10.1591
618.221 9.79218
618.763 9.43220
619.305 9.12832
619.847 8.84742
620.389 8.62465
620.931 8.41305
621.472 8.23660
622.014 8.04247
622.556 7.85447
623.098 7.62533
623.640 7.38807
624.181 7.10650
624.723 6.82381
625.265 6.51157
625.807 6.21679
626.349 5.91129
626.891 5.63898
627.432 5.36702
627.974 5.13401
628.516 4.90287
629.058 4.70930
629.600 4.51530
630.142 4.35685
630.683 4.19722
631.225 4.07340
631.767 3.94937
632.309 3.86161
632.851 3.77300
633.392 3.71810
633.934 3.65802
634.476 3.62575
635.018 3.58187
635.560 3.55954
636.102 3.52060
636.643 3.49976
637.185 3.46080
637.727 3.43983
638.269 3.40169
638.811 3.38258
639.353 3.34706
639.894 3.33036
640.436 3.29620
640.978 3.27886
641.520 3.24182
642.062 3.21931
642.603 3.17540
643.145 3.14490
643.687 3.09268
644.229 3.05384
644.771 2.99347
645.313 2.94625
645.854 2.87687
646.396 2.81932
646.938 2.73806
647.480 2.66702
648.022 2.57133
648.564 2.48580
649.105 2.37708
649.647 2.28128
650.189 2.16651
650.731 2.06974
651.273 1.95973
651.814 1.87334
652.356 1.77901
652.898 1.71262
653.440 1.64165
653.982 1.60052
654.524 1.55539
655.065 1.53900
655.607 1.51610
656.149 1.51780
656.691 1.50777
657.233 1.51617
657.775 1.50665
658.316 1.50982
658.858 1.49086
659.400 1.48235
659.942 1.45207
660.484 1.43494
661.026 1.40094
661.567 1.38596
662.109 1.36014
662.651 1.35796
663.193 1.34734
663.735 1.35960
664.276 1.35962
664.818 1.37587
665.360 1.37171
665.902 1.37518
666.444 1.35101
666.986 1.32960
667.527 1.27926
668.069 1.23391
668.611 1.16527
669.153 1.10938
669.695 1.03902
670.237 0.989528
670.778 0.932049
671.320 0.899210
671.862 0.859502
672.404 0.842966
672.946 0.816585
673.487 0.809534
674.029 0.789093
674.571 0.784959
675.113 0.765360
675.655 0.760354
676.197 0.738353
676.738 0.728838
677.280 0.699800
677.822 0.680289
678.364 0.638943
678.906 0.606208
679.448 0.553482
679.989 0.514322
680.531 0.463525
681.073 0.436837
681.615 0.409888
682.157 0.416775
682.698 0.429622
683.240 0.477042
683.782 0.525295
684.324 0.597294
684.866 0.655546
685.408 0.721317
685.949 0.758486
686.491 0.791752
687.033 0.790309
687.575 0.784294
688.117 0.748012
688.659 0.714876
689.200 0.660890
689.742 0.619024
690.284 0.563849
690.826 0.525964
691.368 0.477986
691.909 0.448804
692.451 0.410406
692.993 0.391335
693.535 0.363854
694.077 0.356358
694.619 0.340961
695.160 0.345197
695.702 0.340457
696.244 0.353345
696.786 0.355105
697.328 0.372492
697.870 0.377825
698.411 0.398885
698.953 0.409195
699.495 0.436774
700.037 0.454760
700.579 0.489431
701.120 0.511781
701.662 0.545394
702.204 0.559385
702.746 0.576232
703.288 0.565835
703.830 0.552747
704.371 0.510634
704.913 0.468219
705.455 0.403631
705.997 0.348852
706.539 0.284120
707.081 0.241310
707.622 0.199044
708.164 0.185714
708.706 0.175906
709.248 0.193498
709.790 0.209565
710.332 0.245427
710.873 0.271665
711.415 0.310559
711.957 0.335545
712.499 0.372371
713.041 0.398463
713.582 0.442486
714.124 0.483621
714.666 0.549879
715.208 0.617967
715.750 0.711226
716.292 0.800991
716.833 0.904913
717.375 0.990211
717.917 1.07230
718.459 1.11936
719.001 1.15033
719.543 1.13962
720.084 1.11335
720.626 1.05349
721.168 0.992043
721.710 0.914953
722.252 0.855002
722.793 0.796509
723.335 0.768112
723.877 0.749106
724.419 0.762543
724.961 0.783195
725.503 0.830517
726.044 0.877540
726.586 0.942922
727.128 1.00016
727.670 1.06839
728.212 1.12191
728.754 1.17993
729.295 1.21687
729.837 1.25157
730.379 1.25860
730.921 1.25715
731.463 1.22346
732.004 1.17914
732.546 1.10433
733.088 1.02507
733.630 0.926690
734.172 0.839724
734.714 0.753217
735.255 0.699030
735.797 0.665161
736.339 0.678960
736.881 0.721351
737.423 0.810048
737.965 0.915856
738.506 1.04687
739.048 1.16732
739.590 1.28253
740.132 1.35934
740.674 1.41013
741.215 1.41286
741.757 1.39235
742.299 1.33858
742.841 1.28491
743.383 1.22540
743.925 1.19168
744.466 1.17158
745.008 1.18681
745.550 1.21478
746.092 1.26778
746.634 1.31741
747.176 1.37402
747.717 1.41165
748.259 1.44555
748.801 1.45626
749.343 1.46452
749.885 1.45484
750.427 1.44916
750.968 1.43137
751.510 1.42116
752.052 1.40049
752.594 1.38760
753.136 1.36472
753.677 1.35116
754.219 1.33109
754.761 1.32491
755.303 1.31701
755.845 1.32604
756.387 1.33378
756.928 1.35536
757.470 1.36996
758.012 1.39127
758.554 1.39940
759.096 1.41032
759.638 1.40775
760.179 1.41074
760.721 1.40517
761.263 1.40984
761.805 1.40888
762.347 1.41780
762.888 1.41792
763.430 1.42300
763.972 1.41535
764.514 1.41183
765.056 1.39998
765.598 1.40170
766.139 1.40846
766.681 1.44255
767.223 1.49239
767.765 1.57340
768.307 1.66548
768.849 1.77535
769.390 1.87714
769.932 1.97565
770.474 2.04851
771.016 2.10795
771.558 2.14182
772.099 2.17193
772.641 2.19317
773.183 2.22913
773.725 2.27128
774.267 2.33462
774.809 2.39976
775.350 2.47072
775.892 2.52073
776.434 2.55141
776.976 2.54026
777.518 2.49839
778.060 2.41679
778.601 2.32033
779.143 2.21177
779.685 2.12239
780.227 2.05538
780.769 2.03563
781.310 2.05517
781.852 2.12447
782.394 2.22141
782.936 2.34436
783.478 2.46403
784.020 2.57668
784.561 2.65680
785.103 2.70856
785.645 2.71762
786.187 2.69977
786.729 2.65159
787.271 2.59670
787.812 2.53605
788.354 2.49300
788.896 2.46464
789.438 2.46690
789.980 2.48801
790.521 2.53436
791.063 2.58630
791.605 2.64460
792.147 2.68794
792.689 2.71885
793.231 2.72160
793.772 2.70625
794.314 2.66596
794.856 2.61846
795.398 2.56265
795.940 2.51819
796.482 2.48251
797.023 2.47000
797.565 2.47091
798.107 2.49125
798.649 2.51430
799.191 2.54118
799.733 2.55405
800.274 2.55617
800.816 2.53535
801.358 2.50187
801.900 2.45122
802.442 2.39962
802.983 2.34624
803.525 2.30725
804.067 2.27888
804.609 2.27150
805.151 2.27473
805.693 2.29224
806.234 2.30909
806.776 2.32675
807.318 2.33163
807.860 2.32896
808.402 2.31129
808.944 2.29019
809.485 2.26418
810.027 2.24830
810.569 2.24210
811.111 2.25814
811.653 2.29114
812.194 2.34659
812.736 2.41198
813.278 2.48587
813.820 2.55111
814.362 2.60398
814.904 2.62846
815.445 2.62450
815.987 2.58249
816.529 2.50974
817.071 2.40476
817.613 2.28181
818.155 2.14501
818.696 2.01138
819.238 1.88542
819.780 1.78134
820.322 1.69880
820.864 1.64505
821.405 1.61248
821.947 1.60101
822.489 1.59760
823.031 1.59871
823.573 1.59115
824.115 1.57385
824.656 1.53907
825.198 1.49239
825.740 1.43351
826.282 1.37406
826.824 1.31803
827.366 1.27797
827.907 1.25603
828.449 1.25976
828.991 1.28495
829.533 1.33184
830.075 1.39012
830.616 1.45545
831.158 1.51580
831.700 1.56727
832.242 1.60084
832.784 1.61652
833.326 1.61007
833.867 1.58547
834.409 1.54205
834.951 1.48600
835.493 1.41849
836.035 1.34672
836.577 1.27314
837.118 1.20586
837.660 1.14843
838.202 1.10903
838.744 1.09052
839.286 1.09834
839.827 1.13123
840.369 1.18859
840.911 1.26268
841.453 1.34629
841.995 1.42703
842.537 1.49513
843.078 1.53927
843.620 1.55362
844.162 1.53391
844.704 1.48261
845.246 1.40433
845.788 1.30884
846.329 1.20616
846.871 1.10802
847.413 1.02367
847.955 0.960987
848.497 0.923792
849.039 0.913169
849.580 0.926577
850.122 0.959112
850.664 1.00400
851.206 1.05335
851.748 1.09955
852.289 1.13515
852.831 1.15492
853.373 1.15473
853.915 1.13414
854.457 1.09402
854.999 1.03943
855.540 0.975778
856.082 0.911780
856.624 0.854196
857.166 0.811162
857.708 0.786059
858.250 0.782016
858.791 0.795760
859.333 0.824024
859.875 0.857808
860.417 0.890690
860.959 0.913019
861.500 0.921219
862.042 0.910791
862.584 0.885462
863.126 0.848064
863.668 0.809050
864.210 0.775287
864.751 0.758522
865.293 0.763083
865.835 0.795483
866.377 0.852227
866.919 0.931494
867.461 1.02157
868.002 1.11466
868.544 1.19552
869.086 1.25657
869.628 1.28570
870.170 1.28166
870.711 1.24011
871.253 1.16856
871.795 1.07042
872.337 0.959583
872.879 0.842850
873.421 0.734936
873.962 0.640146
874.504 0.568693
875.046 0.518467
875.588 0.493231
876.130 0.484722
876.672 0.492597
877.213 0.506366
877.755 0.526295
878.297 0.544249
878.839 0.564653
879.381 0.583548
879.922 0.609273
880.464 0.639831
881.006 0.683799
881.548 0.736846
882.090 0.803859
882.632 0.875529
883.173 0.952341
883.715 1.02146
884.257 1.08234
884.799 1.12324
885.341 1.14746
885.883 1.14845
886.424 1.13582
886.966 1.10847
887.508 1.08024
888.050 1.05145
888.592 1.03500
889.133 1.02736
889.675 1.03612
890.217 1.05125
890.759 1.07470
891.301 1.09196
891.843 1.10327
892.384 1.09486
892.926 1.07071
893.468 1.02237
894.010 0.960573
894.552 0.883032
895.094 0.805623
895.635 0.728554
896.177 0.667794
896.719 0.620505
897.261 0.597761
897.803 0.590161
898.345 0.602466
898.886 0.619607
899.428 0.643019
899.970 0.656417
900.512 0.662932
901.054 0.649716
901.595 0.625071
902.137 0.581389
902.679 0.532179
903.221 0.473619
903.763 0.422008
904.305 0.374549
904.846 0.347731
905.388 0.337592
905.930 0.359014
906.472 0.405219
907.014 0.487655
907.556 0.594580
908.097 0.731671
908.639 0.880183
909.181 1.03907
909.723 1.18355
910.265 1.30938
910.806 1.39199
911.348 1.43221
911.890 1.41467
912.432 1.35333
912.974 1.24708
913.516 1.12351
914.057 0.991161
914.599 0.881836
915.141 0.801067
915.683 0.771426
916.225 0.783952
916.767 0.844941
917.308 0.929876
917.850 1.03394
918.392 1.12732
918.934 1.20709
919.476 1.25103
920.017 1.26813
920.559 1.24878
921.101 1.21324
921.643 1.15881
922.185 1.10794
922.727 1.05493
923.268 1.01613
923.810 0.978035
924.352 0.950385
924.894 0.915343
925.436 0.882148
925.978 0.835398
926.519 0.789369
927.061 0.733985
927.603 0.688214
928.145 0.644110
928.687 0.620402
929.228 0.606107
929.770 0.615752
930.312 0.633521
930.854 0.670354
931.396 0.708181
931.938 0.757919
932.479 0.802619
933.021 0.855370
933.563 0.900826
934.105 0.953062
934.647 0.996083
935.189 1.04256
935.730 1.07426
936.272 1.10238
936.814 1.10806
937.356 1.10399
937.898 1.07430
938.439 1.03637
938.981 0.979174
939.523 0.924660
940.065 0.864445
940.607 0.821164
941.149 0.784300
941.690 0.772563
942.232 0.769856
942.774 0.789405
943.316 0.810120
943.858 0.842261
944.400 0.863572
944.941 0.885593
945.483 0.888680
946.025 0.888276
946.567 0.868461
947.109 0.848214
947.651 0.813880
948.192 0.785980
948.734 0.751170
949.276 0.730015
949.818 0.708593
950.360 0.707099
950.901 0.710762
951.443 0.738898
951.985 0.774875
952.527 0.835595
953.069 0.900799
953.611 0.983520
954.152 1.05936
954.694 1.13847
955.236 1.19499
955.778 1.24036
956.320 1.25232
956.862 1.24843
957.403 1.21356
957.945 1.17271
958.487 1.11644
959.029 1.07309
959.571 1.03289
960.112 1.02082
960.654 1.02072
961.196 1.05010
961.738 1.08518
962.280 1.13772
962.822 1.18057
963.363 1.22555
963.905 1.24810
964.447 1.26498
964.989 1.25714
965.531 1.24679
966.073 1.21860
966.614 1.19686
967.156 1.16592
967.698 1.14838
968.240 1.12556
968.782 1.11706
969.323 1.10133
969.865 1.09637
970.407 1.07987
970.949 1.07046
971.491 1.04706
972.033 1.03035
972.574 1.00110
973.116 0.981864
973.658 0.954353
974.200 0.941495
974.742 0.924099
975.284 0.923533
975.825 0.918029
976.367 0.926369
976.909 0.924158
977.451 0.928719
977.993 0.915287
978.534 0.902778
979.076 0.869318
979.618 0.838111
980.160 0.791554
980.702 0.756690
981.244 0.717801
981.785 0.701828
982.327 0.690291
982.869 0.705777
983.411 0.724280
983.953 0.763517
984.495 0.795896
985.036 0.838220
985.578 0.864273
986.120 0.894593
986.662 0.907432
987.204 0.927758
987.745 0.936430
988.287 0.958999
988.829 0.974256
989.371 1.00426
989.913 1.02351
990.455 1.05092
990.996 1.05961
991.538 1.06998
992.080 1.05871
992.622 1.05145
993.164 1.02979
993.706 1.02295
994.247 1.01305
994.789 1.02689
995.331 1.04116
995.873 1.07595
996.415 1.10121
996.957 1.13255
997.498 1.13843
998.040 1.13708
998.582 1.10270
999.124 1.06169
999.666 0.996580
1000.21 0.940974
1000.75 0.881518
1001.29 0.852627
1001.83 0.838007
1002.37 0.866656
1002.92 0.915059
1003.46 1.00499
1004.00 1.10622
1004.54 1.23551
1005.08 1.35894
1005.63 1.49128
1006.17 1.59763
1006.71 1.69315
1007.25 1.74429
1007.79 1.76935
1008.33 1.73958
1008.88 1.68030
1009.42 1.57119
1009.96 1.44695
1010.50 1.29558
1011.04 1.15789
1011.59 1.02364
1012.13 0.930648
1012.67 0.860556
1013.21 0.839591
1013.75 0.836086
1014.29 0.864443
1014.84 0.884830
1015.38 0.909503
1015.92 0.902620
1016.46 0.886149
1017.00 0.836961
1017.55 0.790153
1018.09 0.732531
1018.63 0.703952
1019.17 0.689220
1019.71 0.720378
1020.25 0.770074
1020.80 0.857235
1021.34 0.943092
1021.88 1.03986
1022.42 1.10764
1022.96 1.16348
1023.51 1.17631
1024.05 1.17405
1024.59 1.13560
1025.13 1.09625
1025.67 1.03809
1026.22 0.995943
1026.76 0.948373
1027.30 0.925691
1027.84 0.902132
1028.38 0.905382
1028.92 0.908573
1029.47 0.939665
1030.01 0.971877
1030.55 1.03230
1031.09 1.09116
1031.63 1.17081
1032.18 1.23553
1032.72 1.30248
1033.26 1.33280
1033.80 1.34449
1034.34 1.30364
1034.88 1.23724
1035.43 1.12252
1035.97 0.997876
1036.51 0.849460
1037.05 0.720654
1037.59 0.597213
1038.14 0.517392
1038.68 0.457931
1039.22 0.446561
1039.76 0.449758
1040.30 0.487471
1040.84 0.521563
1041.39 0.571155
1041.93 0.600094
1042.47 0.631634
1043.01 0.634358
1043.55 0.636318
1044.10 0.610074
1044.64 0.587154
1045.18 0.542892
1045.72 0.511484
1046.26 0.470448
1046.80 0.455733
1047.35 0.445222
1047.89 0.473580
1048.43 0.514959
1048.97 0.598275
1049.51 0.690212
1050.06 0.812081
1050.60 0.923974
1051.14 1.04343
1051.68 1.13018
1052.22 1.20544
1052.76 1.23560
1053.31 1.25050
1053.85 1.22507
1054.39 1.19621
1054.93 1.14283
1055.47 1.10258
1056.02 1.05200
1056.56 1.02455
1057.10 0.991752
1057.64 0.982960
1058.18 0.966968
1058.72 0.972371
1059.27 0.968472
1059.81 0.985149
1060.35 0.992511
1060.89 1.02039
1061.43 1.03745
1061.98 1.07133
1062.52 1.08820
1063.06 1.11416
1063.60 1.11528
1064.14 1.11973
1064.68 1.09717
1065.23 1.08046
1065.77 1.04358
1066.31 1.02243
1066.85 0.991618
1067.39 0.985236
1067.94 0.973749
1068.48 0.986038
1069.02 0.987317
1069.56 1.00277
1070.10 0.996120
1070.64 0.993901
1071.19 0.963423
1071.73 0.936452
1072.27 0.885670
1072.81 0.847433
1073.35 0.797025
1073.90 0.771256
1074.44 0.743525
1074.98 0.747240
1075.52 0.751383
1076.06 0.785037
1076.60 0.813324
1077.15 0.862598
1077.69 0.896239
1078.23 0.940053
1078.77 0.957673
1079.31 0.976127
1079.86 0.960961
1080.40 0.942088
1080.94 0.888619
1081.48 0.834776
1082.02 0.754046
1082.56 0.684700
1083.11 0.602945
1083.65 0.548004
1084.19 0.494612
1084.73 0.478392
1085.27 0.468641
1085.82 0.494919
1086.36 0.520777
1086.90 0.571690
1087.44 0.609290
1087.98 0.659715
1088.52 0.687179
1089.07 0.721635
1089.61 0.731001
1090.15 0.748045
1090.69 0.741809
1091.23 0.744742
1091.78 0.724505
1092.32 0.712296
1092.86 0.675445
1093.40 0.646640
1093.94 0.596377
1094.48 0.561763
1095.03 0.517549
1095.57 0.503664
1096.11 0.494770
1096.65 0.527336
1097.19 0.569205
1097.74 0.648033
1098.28 0.722516
1098.82 0.813150
1099.36 0.875106
1099.90 0.930245
1100.44 0.939767
1100.99 0.935238
1101.53 0.889010
1102.07 0.842988
1102.61 0.776631
1103.15 0.734406
1103.70 0.693200
1104.24 0.690696
1104.78 0.694289
1105.32 0.731806
1105.86 0.762365
1106.40 0.808845
1106.95 0.829302
1107.49 0.849378
1108.03 0.832564
1108.57 0.811336
1109.11 0.755782
1109.66 0.703742
1110.20 0.628642
1110.74 0.569704
1111.28 0.499971
1111.82 0.457198
1112.37 0.412240
1112.91 0.400406
1113.45 0.389805
1113.99 0.412796
1114.53 0.434170
1115.07 0.482887
1115.62 0.520510
1116.16 0.573676
1116.70 0.603058
1117.24 0.636467
1117.78 0.637795
1118.33 0.639847
1118.87 0.612275
1119.41 0.593328
1119.95 0.556449
1120.49 0.541235
1121.03 0.519615
1121.58 0.527314
1122.12 0.530945
1122.66 0.560981
1123.20 0.580102
1123.74 0.617252
1124.29 0.636163
1124.83 0.669012
1125.37 0.683732
1125.91 0.716321
1126.45 0.736734
1126.99 0.780488
1127.54 0.814421
1128.08 0.869156
1128.62 0.906140
1129.16 0.951791
1129.70 0.965830
1130.25 0.976268
1130.79 0.947587
1131.33 0.914897
1131.87 0.850522
1132.41 0.796506
1132.95 0.729593
1133.50 0.692835
1134.04 0.660320
1134.58 0.669411
1135.12 0.686568
1135.66 0.741101
1136.21 0.792343
1136.75 0.864580
1137.29 0.914819
1137.83 0.967947
1138.37 0.984196
1138.91 0.993796
1139.46 0.963636
1140.00 0.931101
1140.54 0.869772
1141.08 0.822367
1141.62 0.765529
1142.17 0.742128
1142.71 0.725672
1143.25 0.752831
1143.79 0.788611
1144.33 0.860295
1144.87 0.924371
1145.42 1.00233
1145.96 1.04900
1146.50 1.08900
1147.04 1.08463
1147.58 1.07085
1148.13 1.02092
1148.67 0.978818
1149.21 0.922726
1149.75 0.896331
1150.29 0.872378
1150.83 0.885425
1151.38 0.897780
1151.92 0.934971
1152.46 0.953966
1153.00 0.979887
1153.54 0.974078
1154.09 0.969345
1154.63 0.935679
1155.17 0.912955
1155.71 0.874688
1156.25 0.859880
1156.79 0.837297
1157.34 0.838960
1157.88 0.826727
1158.42 0.827952
1158.96 0.803505
1159.50 0.783640
1160.05 0.735040
1160.59 0.694787
1161.13 0.635296
1161.67 0.596533
1162.21 0.550214
1162.75 0.532391
1163.30 0.509086
1163.84 0.510749
1164.38 0.499712
1164.92 0.505682
1165.46 0.493260
1166.01 0.496389
1166.55 0.484257
1167.09 0.493955
1167.63 0.495200
1168.17 0.522667
1168.71 0.541519
1169.26 0.581219
1169.80 0.602929
1170.34 0.634711
1170.88 0.639597
1171.42 0.650264
1171.97 0.635787
1172.51 0.634394
1173.05 0.618560
1173.59 0.626679
1174.13 0.628260
1174.67 0.656586
1175.22 0.675718
1175.76 0.714922
1176.30 0.737063
1176.84 0.773284
1177.38 0.790725
1177.93 0.825481
1178.47 0.848452
1179.01 0.896598
1179.55 0.938157
1180.09 1.00430
1180.63 1.05605
1181.18 1.11807
1181.72 1.14795
1182.26 1.17137
1182.80 1.15176
1183.34 1.12420
1183.89 1.06291
1184.43 1.01228
1184.97 0.951844
1185.51 0.925627
1186.05 0.907102
1186.59 0.929789
1187.14 0.954861
1187.68 1.00471
1188.22 1.03349
1188.76 1.06233
1189.30 1.05035
1189.85 1.02860
1190.39 0.968736
1190.93 0.913814
1191.47 0.844214
1192.01 0.806198
1192.56 0.777203
1193.10 0.794936
1193.64 0.824744
1194.18 0.891302
1194.72 0.949008
1195.26 1.01592
1195.81 1.04571
1196.35 1.06155
1196.89 1.02707
1197.43 0.977950
1197.97 0.890396
1198.52 0.810000
1199.06 0.718380
1199.60 0.660957
1200.14 0.613963
1200.68 0.613405
1201.22 0.624345
1201.77 0.672126
1202.31 0.714000
1202.85 0.771659
1203.39 0.803502
1203.93 0.836380
1204.48 0.836550
1205.02 0.839271
1205.56 0.817972
1206.10 0.812189
1206.64 0.796244
1207.18 0.807266
1207.73 0.815082
1208.27 0.851521
1208.81 0.881959
1209.35 0.935481
1209.89 0.976962
1210.44 1.03665
1210.98 1.08147
1211.52 1.14326
1212.06 1.18930
1212.60 1.24986
1213.14 1.28925
1213.69 1.33405
1214.23 1.34568
1214.77 1.34973
1215.31 1.30954
1215.85 1.25551
1216.40 1.15816
1216.94 1.05586
1217.48 0.926406
1218.02 0.812888
1218.56 0.694424
1219.10 0.611535
1219.65 0.537690
1220.19 0.505787
1220.73 0.481601
1221.27 0.491670
1221.81 0.498128
1222.36 0.526819
1222.90 0.542037
1223.44 0.573457
1223.98 0.589837
1224.52 0.624472
1225.06 0.648244
1225.61 0.694495
1226.15 0.732578
1226.69 0.793187
1227.23 0.843058
1227.77 0.910896
1228.32 0.962824
1228.86 1.02813
1229.40 1.07457
1229.94 1.13319
1230.48 1.17313
1231.02 1.22560
1231.57 1.25871
1232.11 1.30145
1232.65 1.31941
1233.19 1.33938
1233.73 1.32620
1234.28 1.30766
1234.82 1.25177
1235.36 1.19098
1235.90 1.09887
1236.44 1.01290
1236.98 0.910275
1237.53 0.829650
1238.07 0.746930
1238.61 0.697059
1239.15 0.650945
1239.69 0.638141
1240.24 0.625209
1240.78 0.638956
1241.32 0.645387
1241.86 0.672360
1242.40 0.688044
1242.94 0.722274
1243.49 0.744406
1244.03 0.783909
1244.57 0.808617
1245.11 0.845710
1245.65 0.861306
1246.20 0.882190
1246.74 0.876390
1247.28 0.874627
1247.82 0.850448
1248.36 0.840013
1248.90 0.820888
1249.45 0.830101
1249.99 0.842471
1250.53 0.888542
1251.07 0.934429
1251.61 1.00141
1252.16 1.04834
1252.70 1.09291
1253.24 1.09553
1253.78 1.08024
1254.32 1.01777
1254.86 0.944025
1255.41 0.840936
1255.95 0.752418
1256.49 0.663976
1257.03 0.617825
1257.57 0.593450
1258.12 0.623837
1258.66 0.678235
1259.20 0.779871
1259.74 0.890397
1260.28 1.02797
1260.82 1.15209
1261.37 1.28094
1261.91 1.37598
1262.45 1.45847
1262.99 1.49415
1263.53 1.50934
1264.08 1.47597
1264.62 1.42714
1265.16 1.34194
1265.70 1.25979
1266.24 1.16440
1266.78 1.09661
1267.33 1.03793
1267.87 1.02294
1268.41 1.02396
1268.95 1.06470
1269.49 1.10733
1270.04 1.16782
1270.58 1.20511
1271.12 1.23678
1271.66 1.22824
1272.20 1.20676
1272.75 1.14889
1273.29 1.09188
1273.83 1.01947
1274.37 0.971671
1274.91 0.930640
1275.45 0.930734
1276.00 0.946181
1276.54 1.00249
1277.08 1.06617
1277.62 1.15703
1278.16 1.23891
1278.71 1.33155
1279.25 1.40114
1279.79 1.47099
1280.33 1.51148
1280.87 1.54962
1281.41 1.55890
1281.96 1.56830
1282.50 1.55264
1283.04 1.54139
1283.58 1.50968
1284.12 1.48693
1284.67 1.44834
1285.21 1.42308
1285.75 1.38612
1286.29 1.36587
1286.83 1.33630
1287.37 1.32424
1287.92 1.30197
1288.46 1.29424
1289.00 1.27165
1289.54 1.25755
1290.08 1.22214
1290.63 1.18922
1291.17 1.13075
1291.71 1.07314
1292.25 0.991819
1292.79 0.916608
1293.33 0.826043
1293.88 0.751687
1294.42 0.672409
1294.96 0.618095
1295.50 0.564519
1296.04 0.537187
1296.59 0.507435
1297.13 0.496763
1297.67 0.474158
1298.21 0.460509
1298.75 0.426440
1299.29 0.395933
1299.84 0.343871
1300.38 0.298320
