176.706 2.38282
178.691 2.38045
180.677 2.37809
182.662 2.37573
184.648 2.37337
186.633 2.37101
188.619 2.36864
190.604 2.36628
192.590 2.36392
194.575 2.36156
196.560 2.35920
198.546 2.35683
200.531 2.35447
202.517 2.44116
204.502 2.59304
206.488 2.91261
208.473 3.53118
210.459 4.47869
212.444 5.46242
214.430 6.24946
216.415 6.89459
218.401 7.48030
220.386 8.04624
222.371 8.48204
224.357 8.68324
226.342 8.65117
228.328 8.39363
230.313 7.73103
232.299 6.94028
234.284 6.39201
236.270 6.20989
238.255 6.02279
240.241 5.63678
242.226 5.10639
244.212 4.62687
246.197 4.19317
248.182 3.86228
250.168 3.61071
252.153 3.43199
254.139 3.18007
256.124 2.80492
258.110 2.55910
260.095 2.69574
262.081 3.17547
264.066 3.36868
266.052 3.02824
268.037 2.42319
270.023 2.26949
272.008 2.59304
273.993 2.94673
275.979 3.20831
277.964 3.34672
279.950 3.35561
281.935 3.29949
283.921 3.39463
285.906 3.79534
287.892 4.33000
289.877 4.83428
291.863 5.23879
293.848 5.63117
295.833 6.08733
297.819 6.60647
299.804 7.09948
301.790 7.39519
303.775 7.66689
305.761 8.15108
307.746 8.97504
309.732 9.78214
311.717 10.3416
313.703 10.7749
315.688 11.3824
317.674 12.3968
319.659 13.4791
321.644 14.3982
323.630 15.0461
325.615 15.2632
327.601 15.0045
329.586 14.4782
331.572 13.8028
333.557 13.0123
335.543 12.2105
337.528 11.4488
339.514 10.6772
341.499 9.71462
343.485 8.59158
345.470 7.66728
347.455 7.16109
349.441 6.77504
351.426 5.96044
353.412 4.85753
355.397 4.06746
357.383 4.02195
359.368 4.23510
361.354 4.51512
363.339 4.87354
365.325 5.14319
367.310 5.04140
369.295 4.65270
371.281 4.13374
373.266 3.53355
375.252 3.12383
377.237 2.90307
379.223 2.78988
381.208 2.71356
383.194 2.71450
385.179 2.57713
387.165 2.34304
389.150 2.11647
391.136 1.99010
393.121 1.87489
395.106 1.81958
397.092 1.89666
399.077 2.11749
401.063 2.31029
403.048 2.45001
405.034 2.61473
407.019 2.98890
409.005 3.53333
410.990 3.89059
412.976 3.79288
414.961 3.36491
416.947 2.96696
418.932 2.84289
420.917 3.05080
422.903 3.45099
424.888 3.73913
426.874 3.91512
428.859 4.12494
430.845 4.48519
432.830 5.07315
434.816 5.46632
436.801 5.31112
438.787 4.41104
440.772 3.76070
442.757 3.84020
444.743 4.40178
446.728 5.24336
448.714 6.19408
450.699 6.33396
452.685 5.51291
454.670 4.45813
456.656 4.08145
458.641 4.22692
460.627 4.32920
462.612 4.25327
464.598 4.06029
466.583 3.81665
468.568 3.51375
470.554 3.17108
472.539 2.80148
474.525 2.47375
476.510 2.27603
478.496 2.19640
480.481 2.14999
482.467 2.09975
484.452 2.00786
486.438 1.80988
488.423 1.59212
490.409 1.60470
492.394 1.91758
494.379 2.22636
496.365 2.34434
498.350 2.39789
500.336 2.46372
502.321 2.59304
504.307 2.62690
506.292 2.51525
508.278 1.93280
510.263 1.48046
512.249 1.57384
514.234 1.96213
516.219 2.16144
518.205 2.16790
520.190 2.20996
522.176 2.20936
524.161 2.08675
526.147 2.05447
528.132 2.35860
530.118 2.69262
532.103 2.94234
534.089 3.04699
536.074 2.99549
538.060 2.84538
540.045 2.91151
542.030 3.35058
544.016 3.89243
546.001 4.17716
547.987 4.29380
549.972 4.42869
551.958 4.69238
553.943 5.03038
555.929 5.31277
557.914 5.50977
559.900 5.78089
561.885 6.40517
563.871 6.97022
565.856 6.97136
567.841 6.46917
569.827 6.27481
571.812 6.70891
573.798 7.17647
575.783 7.31956
577.769 7.42705
579.754 7.69975
581.740 8.15667
583.725 8.59313
585.711 8.96711
587.696 9.20626
589.681 9.37077
591.667 9.46119
593.652 9.61461
595.638 9.89837
597.623 10.2355
599.609 10.5505
601.594 10.8975
603.580 11.3242
605.565 11.6217
607.551 11.7060
609.536 11.9335
611.522 12.4630
613.507 13.0475
615.492 13.1426
617.478 13.0382
619.463 13.3933
621.449 14.3093
623.434 15.2120
625.420 15.7111
627.405 16.1252
629.391 16.7572
631.376 17.6198
633.362 18.5948
635.347 19.5301
637.333 20.4019
639.318 21.2073
641.303 22.2656
643.289 23.5329
645.274 25.0900
647.260 26.5949
649.245 27.9908
651.231 29.3266
653.216 30.6529
655.202 31.9630
657.187 33.3064
659.173 34.7340
661.158 36.2052
663.144 37.5693
665.129 38.7997
667.114 39.9827
669.100 41.2031
671.085 42.3121
673.071 43.0325
675.056 43.3781
677.042 43.4903
679.027 43.4664
681.013 43.1388
682.998 42.2520
684.984 40.9160
686.969 39.2970
688.954 37.2184
690.940 35.0695
692.925 33.3344
694.911 31.9280
696.896 30.4837
698.882 28.7158
700.867 27.0642
702.853 25.8047
704.838 24.9415
706.824 24.1470
708.809 23.3923
710.795 22.5924
712.780 21.5694
714.765 20.4894
716.751 19.8246
718.736 19.9493
720.722 19.8790
722.707 19.3611
724.693 18.5213
726.678 17.7168
728.664 16.9815
730.649 16.4668
732.635 16.2419
734.620 16.0586
736.606 15.4148
738.591 14.3901
740.576 14.0025
742.562 14.6105
744.547 15.3771
746.533 15.1504
748.518 14.2755
750.504 13.6662
752.489 13.5959
754.475 13.5818
756.460 13.0817
758.446 12.4333
760.431 11.8193
762.416 12.0114
764.402 12.3314
766.387 12.4466
768.373 11.8749
770.358 12.0281
772.344 11.9738
774.329 11.8558
776.315 12.2669
778.300 11.7053
780.286 12.1279
782.271 12.1625
784.257 12.3427
786.242 12.1612
788.227 12.1489
790.213 12.4509
792.198 12.4944
794.184 12.3573
796.169 12.3706
798.155 11.9672
800.140 12.1888
802.126 12.4036
804.111 12.3493
806.097 12.5135
808.082 12.2379
810.068 12.1327
812.053 12.4882
814.038 12.2264
816.024 12.2915
818.009 12.2772
819.995 12.0308
821.980 12.1179
823.966 12.1159
825.951 12.3338
827.937 12.3765
829.922 12.2584
831.908 12.2665
833.893 11.9137
835.878 12.2318
837.864 12.1649
839.849 12.2869
841.835 12.5108
843.820 12.2230
845.806 12.3491
847.791 12.2534
849.777 11.8903
851.762 11.6408
853.748 11.6832
855.733 11.6286
857.719 11.2666
859.704 10.8318
861.689 10.6754
863.675 10.7738
865.660 10.7447
867.646 10.4775
869.631 10.1494
871.617 9.99500
873.602 9.94215
875.588 9.60237
877.573 8.99054
879.559 8.34027
881.544 7.75729
883.530 7.29974
885.515 7.07965
887.500 6.94233
889.486 6.80238
891.471 6.85381
893.457 6.96998
895.442 6.78479
897.428 6.20917
899.413 5.84311
901.399 6.04003
903.384 6.15475
905.370 5.65054
907.355 5.01482
909.340 4.84883
911.326 5.09529
913.311 5.10146
915.297 4.51273
917.282 4.08181
919.268 4.02429
921.253 4.31170
923.239 4.49463
925.224 4.48176
927.210 4.24213
929.195 3.89406
931.181 3.68681
933.166 3.60672
935.151 3.55071
937.137 3.28218
939.122 2.88905
941.108 2.63187
943.093 2.76739
945.079 3.14986
947.064 3.36926
949.050 3.32369
951.035 3.23552
953.021 3.32867
955.006 3.48737
956.992 3.43353
958.977 3.08806
960.962 2.77704
962.948 2.82965
964.933 2.91553
966.919 2.59304
968.904 1.96341
970.890 1.77757
972.875 2.22883
974.861 2.66204
976.846 2.81511
978.832 2.97614
980.817 2.97515
982.802 2.50109
984.788 2.30095
986.773 2.77126
988.759 3.39936
990.744 3.54024
992.730 3.17483
994.715 2.99183
996.701 3.16552
998.686 3.33774
1000.67 3.08508
1002.66 2.58451
1004.64 2.45968
1006.63 2.74007
1008.61 3.09351
1010.60 3.34729
1012.58 3.62864
1014.57 4.15217
1016.56 4.66460
1018.54 4.75650
1020.53 4.45379
1022.51 4.03073
1024.50 3.78577
1026.48 3.97877
1028.47 4.68182
1030.45 5.28394
1032.44 5.20351
1034.42 4.88087
1036.41 4.78096
1038.40 4.71762
1040.38 4.44901
1042.37 4.05883
1044.35 4.09545
1046.34 4.27942
1048.32 4.25212
1050.31 4.19345
1052.29 4.35008
1054.28 4.68194
1056.26 4.88816
1058.25 4.90436
1060.24 4.83909
1062.22 4.75694
1064.21 4.65769
1066.19 4.50151
1068.18 4.26637
1070.16 3.93652
1072.15 3.64471
1074.13 3.67066
1076.12 4.07941
1078.10 4.38641
1080.09 4.26549
1082.08 3.98832
1084.06 3.85201
1086.05 3.87374
1088.03 3.89915
1090.02 3.81991
1092.00 3.72930
1093.99 3.80530
1095.97 4.06671
1097.96 4.20858
1099.94 3.97424
1101.93 3.64144
1103.92 3.29030
1105.90 3.02639
1107.89 3.08600
1109.87 3.57822
1111.86 3.80371
1113.84 3.87242
1115.83 3.89507
1117.81 3.50535
1119.80 2.66502
1121.78 2.29792
1123.77 2.81545
1125.76 3.16406
1127.74 3.13846
1129.73 3.00480
1131.71 2.99190
1133.70 2.91416
1135.68 2.91817
1137.67 3.08301
1139.65 3.23720
1141.64 3.15256
1143.62 2.84824
1145.61 2.61862
1147.60 2.59642
1149.58 2.66444
1151.57 2.77357
1153.55 3.00967
1155.54 3.45903
1157.52 3.73821
1159.51 3.46007
1161.49 2.87375
1163.48 2.50039
1165.46 2.60894
1167.45 2.77272
1169.44 2.59304
1171.42 2.17646
1173.41 2.12051
1175.39 2.66683
1177.38 3.31547
1179.36 3.72624
1181.35 3.70973
1183.33 3.41713
1185.32 3.23386
1187.30 3.25975
1189.29 3.38401
1191.28 3.56401
1193.26 3.79378
1195.25 3.74217
1197.23 3.53246
1199.22 3.36529
1201.20 3.43187
1203.19 3.62005
1205.17 3.74129
1207.16 3.70152
1209.14 3.60222
1211.13 3.66378
1213.12 3.84778
1215.10 4.03220
1217.09 4.25618
1219.07 4.40264
1221.06 4.32580
1223.04 4.26792
1225.03 4.62056
1227.01 5.07483
1229.00 4.96200
1230.98 4.34373
1232.97 3.84947
1234.96 3.78295
1236.94 3.90670
1238.93 4.19665
1240.91 4.51970
1242.90 4.60966
1244.88 4.48706
1246.87 4.57937
1248.85 5.06112
1250.84 5.60101
1252.82 6.11001
1254.81 6.28534
1256.80 6.14275
1258.78 5.88605
1260.77 5.85998
1262.75 6.01313
1264.74 6.21947
1266.72 6.59167
1268.71 6.84188
1270.69 6.53724
1272.68 5.87378
1274.67 5.98452
1276.65 6.81702
1278.64 7.63054
1280.62 8.17806
1282.61 8.41891
1284.59 8.24398
1286.58 7.87144
1288.56 7.66144
1290.55 7.68646
1292.53 7.82811
1294.52 8.00120
1296.51 8.22099
1298.49 8.59258
1300.48 8.89804
1302.46 8.73629
1304.45 8.26319
1306.43 8.17833
1308.42 8.86528
1310.40 9.47522
1312.39 9.51082
1314.37 9.34688
1316.36 9.21305
1318.35 8.77733
1320.33 9.20415
1322.32 9.41837
1324.30 9.36049
1326.29 8.75994
1328.27 8.95234
1330.26 8.80661
1332.24 8.77988
1334.23 8.91307
1336.21 8.57819
1338.20 8.84404
1340.19 8.89507
1342.17 8.91490
1344.16 8.73130
1346.14 8.80051
1348.13 8.99609
1350.11 8.99850
1352.10 8.97566
1354.08 8.83984
1356.07 8.52908
1358.05 8.15872
1360.04 7.91818
1362.03 7.90832
1364.01 8.01936
1366.00 8.43180
1367.98 9.02466
1369.97 9.22899
1371.95 8.70705
1373.94 8.18522
1375.92 7.86188
1377.91 7.74552
1379.89 8.00324
1381.88 8.30931
1383.87 8.01152
1385.85 7.08338
1387.84 6.68154
1389.82 7.19402
1391.81 7.55468
1393.79 7.20294
1395.78 6.76283
1397.76 6.97977
1399.75 7.49243
1401.73 7.43694
1403.72 8.18449
1405.71 8.51198
1407.69 8.01926
1409.68 7.28479
1411.66 7.47053
1413.65 7.16238
1415.63 7.36535
1417.62 7.13425
1419.60 6.94020
1421.59 7.26980
1423.57 7.33189
1425.56 7.31030
1427.55 7.22811
1429.53 7.24886
1431.52 7.30938
1433.50 7.33008
1435.49 7.29086
1437.47 7.19083
1439.46 7.01553
1441.44 6.90978
1443.43 7.07828
1445.41 7.18781
1447.40 6.84622
1449.39 6.30868
1451.37 6.16220
1453.36 6.45990
1455.34 6.57746
1457.33 6.35174
1459.31 6.12842
1461.30 6.04625
1463.28 5.99584
1465.27 5.83208
1467.25 5.63496
1469.24 5.92095
1471.23 6.74231
1473.21 7.07579
1475.20 6.65406
1477.18 6.16481
1479.17 6.19885
1481.15 6.43908
1483.14 6.23122
1485.12 5.74343
1487.11 5.36904
1489.09 5.15347
1491.08 5.15631
1493.07 5.47034
1495.05 5.76669
1497.04 5.63893
1499.02 5.39834
1501.01 5.41973
1502.99 5.57383
1504.98 5.47867
1506.96 5.07158
1508.95 4.95948
1510.93 5.59390
1512.92 5.94951
1514.91 5.24348
1516.89 4.40163
1518.88 4.26301
1520.86 4.61201
1522.85 4.77541
1524.83 4.72858
1526.82 4.81880
1528.80 5.22501
1530.79 5.33073
1532.77 4.59724
1534.76 3.65428
1536.75 4.46351
1538.73 4.85229
1540.72 4.44351
1542.70 3.72370
1544.69 3.97879
1546.67 3.72507
1548.66 3.95971
1550.64 3.82299
1552.63 3.64237
1554.61 4.04175
1556.60 4.26993
1558.59 4.17882
1560.57 3.91085
1562.56 4.27022
1564.54 4.60883
1566.53 4.29843
1568.51 4.46820
1570.50 3.60685
1572.48 3.51558
1574.47 4.24828
1576.45 3.96826
1578.44 4.29039
1580.43 3.36691
1582.41 2.80218
1584.40 2.59304
1586.38 3.14192
1588.37 3.46297
1590.35 3.21750
1592.34 2.85236
1594.32 2.73360
1596.31 2.79620
1598.29 2.76225
1600.28 2.58316
1602.27 2.75774
1604.25 3.35432
1606.24 3.89243
1608.22 4.19357
1610.21 4.34594
1612.19 4.47458
1614.18 4.53862
1616.16 4.31548
1618.15 3.92668
1620.14 3.78121
1622.12 3.86893
1624.11 3.98733
1626.09 4.05642
1628.08 3.99765
1630.06 3.67147
1632.05 3.35086
1634.03 3.30503
1636.02 3.38619
1638.00 3.48541
1639.99 3.53618
1641.98 3.37501
1643.96 2.93271
1645.95 2.67758
1647.93 2.75258
1649.92 2.97633
1651.90 3.46313
1653.89 3.89566
1655.87 4.05549
1657.86 4.00365
1659.84 3.85112
1661.83 3.60538
1663.82 3.30709
1665.80 2.92046
1667.79 2.70395
1669.77 2.73787
1671.76 2.83151
1673.74 2.86382
1675.73 2.86805
1677.71 2.91054
1679.70 2.93987
1681.68 2.73447
1683.67 2.37681
1685.66 2.27657
1687.64 2.48198
1689.63 2.85644
1691.61 3.33287
1693.60 3.59241
1695.58 3.27589
1697.57 2.89133
1699.55 3.12812
1701.54 3.54821
1703.52 3.43256
1705.51 2.94866
1707.50 2.80546
1709.48 3.14029
1711.47 3.26811
1713.45 2.89183
1715.44 2.51490
1717.42 2.24374
1719.41 2.16810
1721.39 2.57025
1723.38 3.06160
1725.36 2.95792
1727.35 2.38337
1729.34 2.29851
1731.32 2.81335
1733.31 3.07139
1735.29 2.88287
1737.28 2.74161
1739.26 2.85794
1741.25 3.03644
1743.23 3.10463
1745.22 3.02526
1747.20 2.62768
1749.19 2.09529
1751.18 2.06340
1753.16 2.46481
1755.15 2.90885
1757.13 3.26808
1759.12 3.43731
1761.10 3.34765
1763.09 3.19186
1765.07 3.06465
1767.06 3.03685
1769.04 3.40832
1771.03 3.72265
1773.02 3.22167
1775.00 2.29092
1776.99 1.95232
1778.97 2.37617
1780.96 2.66604
1782.94 2.37270
1784.93 2.40092
1786.91 3.46467
1788.90 4.11809
1790.88 3.42103
1792.87 2.56031
1794.86 2.74905
1796.84 3.59122
1798.83 3.85262
1800.81 3.47484
1802.80 3.35995
1804.78 3.54842
1806.77 3.35099
1808.75 2.64501
1810.74 1.96705
1812.72 1.56524
1814.71 1.53916
1816.70 2.09804
1818.68 2.78936
1820.67 2.69715
1822.65 2.24251
1824.64 2.37780
1826.62 2.82979
1828.61 2.78169
1830.59 2.26519
1832.58 1.94951
1834.56 2.07437
1836.55 2.23366
1838.54 2.24451
1840.52 2.15471
1842.51 1.83256
1844.49 1.66512
1846.48 2.11440
1848.46 2.75515
1850.45 3.18990
1852.43 3.38351
1854.42 3.24281
1856.40 2.78675
1858.39 2.62374
1860.38 2.86467
1862.36 3.10406
1864.35 3.32638
1866.33 3.23309
1868.32 2.56397
1870.30 2.03851
1872.29 2.30300
1874.27 2.82701
1876.26 2.73868
1878.24 2.26880
1880.23 2.14624
1882.22 2.33648
1884.20 2.58060
1886.19 2.75962
1888.17 2.37133
1890.16 1.44469
1892.14 1.10737
1894.13 2.00330
1896.11 2.82349
1898.10 2.18765
1900.08 1.48363
1902.07 2.31379
1904.06 3.35433
1906.04 3.14175
1908.03 2.32047
1910.01 1.83336
1912.00 1.74590
1913.98 1.84377
1915.97 2.10220
1917.95 2.31598
1919.94 2.41982
1921.92 2.57624
1923.91 2.94603
1925.90 3.12862
1927.88 2.99017
1929.87 2.67053
1931.85 2.15547
1933.84 1.71195
1935.82 1.72435
1937.81 2.04703
1939.79 2.31838
1941.78 2.54160
1943.76 2.84948
1945.75 3.17754
1947.74 2.87979
1949.72 1.97668
1951.71 1.59210
1953.69 2.03879
1955.68 2.63247
1957.66 2.96294
1959.65 2.96371
1961.63 2.45575
1963.62 1.97012
1965.60 2.16487
1967.59 2.63727
1969.58 3.10359
1971.56 3.37804
1973.55 3.08943
1975.53 2.49946
1977.52 2.22835
1979.50 2.34344
1981.49 2.48327
1983.47 2.55074
1985.46 2.78962
1987.45 3.48149
1989.43 3.76061
1991.42 3.17839
1993.40 2.62827
1995.39 2.40735
1997.37 2.40524
1999.36 2.61043
2001.34 2.88006
2003.33 3.05591
2005.31 3.03372
2007.30 2.50752
2009.29 1.71186
2011.27 1.70841
2013.26 2.41933
2015.24 2.83919
2017.23 2.82677
2019.21 2.44462
2021.20 1.82136
2023.18 1.53145
2025.17 1.81687
2027.15 2.30694
2029.14 2.79015
2031.13 3.07150
2033.11 2.93007
2035.10 2.59304
2037.08 2.18221
2039.07 1.80504
2041.05 1.62240
2043.04 1.50476
2045.02 1.12860
2047.01 0.782924
2048.99 1.15125
2050.98 2.08898
2052.97 2.86221
2054.95 3.38125
2056.94 3.33098
2058.92 2.54572
2060.91 2.04561
2062.89 2.06539
2064.88 2.19891
2066.86 2.37223
2068.85 2.57717
2070.83 2.85873
2072.82 2.91167
2074.81 2.45297
2076.79 1.83877
2078.78 1.54528
2080.76 1.58693
2082.75 2.06805
2084.73 2.70135
2086.72 2.72848
2088.70 2.37539
2090.69 2.28673
2092.67 2.44426
2094.66 2.67539
2096.65 2.85489
2098.63 2.69210
2100.62 2.24425
2102.60 2.05691
2104.59 2.29239
2106.57 2.34058
2108.56 1.81422
2110.54 1.58061
2112.53 2.41509
2114.51 3.07418
2116.50 2.87479
2118.49 2.57811
2120.47 2.51065
2122.46 2.60128
2124.44 3.00770
2126.43 3.31541
2128.41 2.98015
2130.40 2.31401
2132.38 1.91189
2134.37 1.74087
2136.35 1.68841
2138.34 1.75451
2140.33 1.97948
2142.31 2.35631
2144.30 2.80575
2146.28 3.28821
2148.27 3.30660
2150.25 2.85081
2152.24 2.63043
2154.22 2.80080
2156.21 2.72757
2158.19 2.17110
2160.18 1.87995
2162.17 2.32730
2164.15 2.87516
2166.14 3.07138
2168.12 3.16461
2170.11 3.41368
2172.09 3.42521
2174.08 2.56075
2176.06 1.76391
2178.05 2.11227
2180.03 2.79582
2182.02 2.99593
2184.01 2.89841
2185.99 2.80326
2187.98 2.73027
2189.96 2.62443
2191.95 2.52084
2193.93 2.66369
2195.92 3.01009
2197.90 2.96555
2199.89 2.51068
2201.87 2.00190
2203.86 1.48264
2205.85 1.60687
2207.83 2.51180
2209.82 3.22604
2211.80 3.51566
2213.79 3.28830
2215.77 2.57510
2217.76 2.24202
2219.74 2.66977
2221.73 3.07027
2223.71 2.91028
2225.70 2.72053
2227.69 2.94913
2229.67 3.00541
2231.66 2.33722
2233.64 1.58982
2235.63 1.34558
2237.61 1.37675
2239.60 1.37625
2241.58 1.56518
2243.57 2.62243
2245.55 3.52685
2247.54 2.76790
2249.53 1.57194
2251.51 1.74803
2253.50 2.65646
2255.48 3.04081
2257.47 2.89059
2259.45 2.22291
2261.44 1.30581
2263.42 1.31343
2265.41 2.08011
2267.39 2.01314
2269.38 1.04877
2271.37 0.898800
2273.35 1.78016
2275.34 2.61506
2277.32 3.30931
2279.31 3.19694
2281.29 2.00731
2283.28 1.44860
2285.26 2.24133
2287.25 2.61652
2289.23 2.03243
2291.22 1.63175
2293.21 1.81561
2295.19 1.59780
2297.18 2.02871
2299.16 1.64547
2301.15 1.78979
2303.13 2.11609
2305.12 2.43674
2307.10 2.27355
2309.09 2.08081
2311.07 2.59304
2313.06 2.89451
2315.05 2.51139
2317.03 2.83471
2319.02 1.76878
2321.00 1.90395
2322.99 2.74884
2324.97 2.32692
2326.96 2.76825
2328.94 2.76215
2330.93 1.57957
2332.92 2.69808
2334.90 2.59316
2336.89 1.90300
2338.87 2.61804
2340.86 1.84783
2342.84 1.81098
2344.83 2.00872
2346.81 2.10332
2348.80 2.49987
2350.78 2.28341
2352.77 2.16595
2354.76 1.80493
2356.74 1.77634
2358.73 2.08172
2360.71 2.09401
2362.70 2.48244
2364.68 2.28441
2366.67 2.35751
2368.65 1.70372
2370.64 1.43717
2372.62 1.54362
2374.61 2.31080
2376.60 1.57715
2378.58 1.45234
2380.57 2.14142
2382.55 2.20358
2384.54 2.45392
2386.52 1.77315
2388.51 1.90721
2390.49 2.12020
2392.48 2.87610
2394.46 4.19342
2396.45 4.43239
2398.44 3.28059
2400.42 2.41214
2402.41 1.80715
2404.39 1.79703
2406.38 2.41001
2408.36 3.00568
2410.35 3.48923
2412.33 3.71198
2414.32 3.66285
2416.30 3.51202
2418.29 3.29753
2420.28 2.91764
2422.26 2.43361
2424.25 2.26857
2426.23 2.44751
2428.22 2.48800
2430.20 2.36855
2432.19 2.74784
2434.17 3.59528
2436.16 4.01002
2438.14 3.76993
2440.13 3.34213
2442.12 2.90407
2444.10 2.43193
2446.09 1.92357
2448.07 1.81260
2450.06 2.20785
2452.04 2.73739
2454.03 3.33340
2456.01 3.61557
2458.00 3.44673
2459.98 3.27080
2461.97 3.16290
2463.96 3.03731
2465.94 2.87509
2467.93 2.75017
2469.91 2.67483
2471.90 2.64653
2473.88 2.66968
2475.87 2.57442
2477.85 2.31916
2479.84 2.13343
2481.82 2.08180
2483.81 2.36047
2485.80 2.91664
2487.78 3.01226
2489.77 2.53272
2491.75 1.94192
2493.74 1.51671
2495.72 1.68969
2497.71 2.38282
2499.69 2.93895
2501.68 3.11590
2503.66 2.83374
2505.65 2.27562
2507.64 2.29116
2509.62 2.95194
2511.61 3.20825
2513.59 2.91200
2515.58 2.79029
2517.56 2.96956
2519.55 3.04121
2521.53 2.93851
2523.52 2.55045
2525.50 1.76679
2527.49 1.50740
2529.48 1.79083
2531.46 2.36696
2533.45 3.16357
2535.43 3.15196
2537.42 2.26148
2539.40 2.11026
2541.39 2.89740
2543.37 3.28677
2545.36 3.24530
2547.34 2.70566
2549.33 1.89127
2551.32 1.84032
2553.30 2.45211
2555.29 3.02173
2557.27 3.35168
2559.26 3.01183
2561.24 2.34609
2563.23 2.28478
2565.21 2.61773
2567.20 2.79147
2569.18 2.82923
2571.17 2.82719
2573.16 2.89539
2575.14 3.18272
2577.13 3.59396
2579.11 4.21856
2581.10 4.63790
2583.08 4.21949
2585.07 3.48128
2587.05 2.88039
2589.04 2.46124
2591.02 2.22163
2593.01 2.14670
2595.00 2.24423
2596.98 2.46540
2598.97 2.85727
2600.95 3.18746
2602.94 3.26366
2604.92 3.07920
2606.91 2.54683
2608.89 2.29275
2610.88 2.89441
2612.86 3.51453
2614.85 3.43107
2616.84 3.27185
2618.82 3.53466
2620.81 3.87657
2622.79 4.01590
2624.78 3.76721
2626.76 3.09958
2628.75 2.60823
2630.73 2.60969
2632.72 2.71357
2634.70 2.68735
2636.69 2.40605
2638.68 1.96102
2640.66 2.20017
2642.65 3.19910
2644.63 3.47091
2646.62 2.73560
2648.60 2.40643
2650.59 2.68717
2652.57 2.50663
2654.56 1.86842
2656.54 2.00020
2658.53 2.84993
2660.52 2.84134
2662.50 2.03922
2664.49 1.53339
2666.47 1.37335
2668.46 1.85355
2670.44 2.74895
2672.43 3.40155
2674.41 3.66603
2676.40 3.16210
2678.38 2.32996
2680.37 2.28438
2682.36 2.65904
2684.34 2.76237
2686.33 2.71045
2688.31 2.68369
2690.30 2.53026
2692.28 2.05530
2694.27 1.69819
2696.25 1.90211
2698.24 2.18899
2700.23 2.17926
2702.21 1.95969
2704.20 1.61824
2706.18 1.93780
2708.17 3.29425
2710.15 3.78069
2712.14 3.99779
2714.12 4.10421
2716.11 4.00606
2718.09 3.20868
2720.08 3.17381
2722.07 2.90175
2724.05 2.57422
2726.04 2.78781
2728.02 2.01186
2730.01 2.22150
2731.99 1.98839
2733.98 1.29187
2735.96 1.83452
2737.95 2.16506
2739.93 2.18258
2741.92 1.78277
2743.91 2.07715
2745.89 2.06038
2747.88 2.20307
2749.86 2.39402
2751.85 2.26095
2753.83 2.62832
2755.82 2.82259
2757.80 2.94419
2759.79 2.89951
2761.77 3.12734
2763.76 3.43727
2765.75 3.44152
2767.73 3.56597
2769.72 3.36467
2771.70 3.31988
2773.69 3.25267
2775.67 3.12835
2777.66 3.06692
2779.64 2.88458
2781.63 2.61360
2783.61 2.39774
2785.60 2.28209
2787.59 2.37713
2789.57 2.51689
2791.56 2.40712
2793.54 2.20093
2795.53 1.98091
2797.51 1.99384
2799.50 2.66103
2801.48 3.33484
2803.47 3.68558
2805.45 3.42917
2807.44 2.22733
2809.43 1.37837
2811.41 1.54110
2813.40 2.08780
2815.38 2.73837
2817.37 2.62531
2819.35 1.68522
2821.34 1.72354
2823.32 2.73053
2825.31 2.59304
2827.29 1.48948
2829.28 1.01159
2831.27 1.10409
2833.25 1.09182
2835.24 1.03532
2837.22 1.24242
2839.21 1.47855
2841.19 1.41502
2843.18 1.43593
2845.16 2.05806
2847.15 2.52259
2849.13 2.12495
2851.12 1.86421
2853.11 2.13681
2855.09 2.47209
2857.08 2.07196
2859.06 2.94080
2861.05 3.49379
2863.03 3.60172
2865.02 2.28769
2867.00 2.82468
2868.99 2.61244
2870.97 2.52920
2872.96 3.06685
2874.95 2.27980
2876.93 2.96474
2878.92 3.10765
2880.90 3.29971
2882.89 2.98511
2884.87 3.12328
2886.86 3.63279
2888.84 3.57314
2890.83 3.48537
2892.81 3.17098
2894.80 2.65823
2896.79 3.22664
2898.77 3.38601
2900.76 3.45864
2902.74 3.71415
2904.73 2.84125
2906.71 3.18272
2908.70 3.65115
2910.68 2.87861
2912.67 3.47280
2914.65 3.00869
2916.64 2.66754
2918.63 2.95521
2920.61 2.82719
2922.60 3.45126
2924.58 3.34982
2926.57 3.09459
2928.55 3.17829
2930.54 2.32396
2932.52 3.20375
2934.51 2.93995
2936.49 3.27046
2938.48 3.42770
2940.47 2.06978
2942.45 2.05145
2944.44 2.46822
2946.42 2.25163
2948.41 1.78941
2950.39 2.64030
2952.38 3.07138
2954.36 2.65710
2956.35 2.07809
2958.33 2.35855
2960.32 2.16186
2962.31 2.50111
2964.29 2.33740
2966.28 2.29981
2968.26 2.72375
2970.25 3.02575
2972.23 2.95956
2974.22 2.76029
2976.20 3.21127
2978.19 3.58993
2980.17 3.30897
2982.16 3.57517
2984.15 2.70437
2986.13 2.73095
2988.12 3.54756
2990.10 3.27219
2992.09 3.68994
2994.07 3.85151
2996.06 2.47328
2998.04 3.73953
3000.03 3.78563
3002.01 2.90566
3004.00 3.86102
3005.99 3.05034
3007.97 2.99130
3009.96 3.28031
3011.94 3.31696
3013.93 3.83486
3015.91 3.65967
3017.90 3.22576
3019.88 2.64371
3021.87 2.61210
3023.85 2.59734
3025.84 2.53405
3027.83 2.59335
3029.81 2.64435
3031.80 2.34526
3033.78 2.07202
3035.77 2.32045
3037.75 2.54982
3039.74 2.25080
3041.72 2.35820
3043.71 3.24628
3045.69 3.47738
3047.68 2.84063
3049.67 2.66591
3051.65 2.95318
3053.64 2.87332
3055.62 2.53105
3057.61 2.14946
3059.59 1.93216
3061.58 2.12200
3063.56 2.43877
3065.55 2.86714
3067.54 2.94995
3069.52 2.41055
3071.51 2.28945
3073.49 2.97168
3075.48 2.81113
3077.46 1.94862
3079.45 1.56671
3081.43 1.59769
3083.42 1.60105
3085.40 1.75132
3087.39 2.29203
3089.38 2.82263
3091.36 2.99457
3093.35 2.86149
3095.33 2.56598
3097.32 2.54653
3099.30 2.77138
3101.29 2.74008
3103.27 2.51122
3105.26 2.30124
3107.24 2.31454
3109.23 2.81091
3111.22 3.10949
3113.20 2.53674
3115.19 2.13087
3117.17 2.35963
3119.16 2.71232
3121.14 2.99296
3123.13 2.93498
3125.11 2.59562
3127.10 1.89281
3129.08 1.44330
3131.07 2.70356
3133.06 3.86808
3135.04 3.44525
3137.03 2.74434
3139.01 2.16839
3141.00 2.13942
3142.98 2.76121
3144.97 3.38826
3146.95 3.86200
3148.94 3.47926
3150.92 2.60161
3152.91 2.10480
3154.90 1.97704
3156.88 2.11160
3158.87 2.41891
3160.85 2.76512
3162.84 2.85504
3164.82 2.75493
3166.81 3.32855
3168.79 4.02066
3170.78 3.07380
3172.76 1.79661
3174.75 2.83956
3176.74 3.98181
3178.72 3.34547
3180.71 2.63349
3182.69 2.65911
3184.68 2.40823
3186.66 1.79455
3188.65 1.96586
3190.63 2.66867
3192.62 3.13647
3194.60 3.37857
3196.59 3.54048
3198.58 3.45010
3200.56 2.89648
3202.55 2.53504
3204.53 2.58066
3206.52 2.86874
3208.50 3.29177
3210.49 2.90098
3212.47 2.04314
3214.46 1.87809
3216.44 2.09653
3218.43 2.24439
3220.42 2.49398
3222.40 2.92640
3224.39 3.35821
3226.37 3.62738
3228.36 3.46895
3230.34 2.95533
3232.33 2.16213
3234.31 1.63956
3236.30 2.08797
3238.28 2.39424
3240.27 1.82228
3242.26 2.02136
3244.24 3.28750
3246.23 3.61318
3248.21 3.05173
3250.20 2.73631
3252.18 2.69192
3254.17 2.86818
3256.15 2.76586
3258.14 1.87997
3260.12 1.60549
3262.11 2.85147
3264.10 3.31238
3266.08 2.96765
3268.07 3.05848
3270.05 3.40754
3272.04 3.61903
3274.02 3.75034
3276.01 3.86031
3277.99 3.89712
3279.98 3.84144
3281.96 3.57048
3283.95 3.07090
3285.94 2.42760
3287.92 1.89821
3289.91 2.09148
3291.89 2.67243
3293.88 3.09255
3295.86 3.19351
3297.85 2.94803
3299.83 2.49634
3301.82 2.06888
3303.80 1.96559
3305.79 2.17494
3307.78 2.65924
3309.76 3.24669
3311.75 3.81960
3313.73 3.96470
3315.72 3.61674
3317.70 3.63668
3319.69 3.95910
3321.67 3.99638
3323.66 3.55860
3325.64 1.87916
3327.63 0.836344
3329.62 1.62761
3331.60 2.59304
3333.59 3.29867
3335.57 3.52666
3337.56 3.39120
3339.54 3.55789
3341.53 3.86646
3343.51 4.08811
3345.50 3.92618
3347.48 3.15756
3349.47 2.54895
3351.46 2.33158
3353.44 2.16801
3355.43 2.07183
3357.41 2.22766
3359.40 2.49901
3361.38 2.66357
3363.37 2.77350
3365.35 2.90166
3367.34 3.20243
3369.32 3.54348
3371.31 3.48308
3373.30 3.25649
3375.28 3.31959
3377.27 3.35532
3379.25 3.10151
3381.24 3.13581
3383.22 3.47496
3385.21 3.10542
3387.19 2.43776
3389.18 2.70826
3391.16 3.29143
3393.15 3.84430
3395.14 3.69103
3397.12 2.41924
3399.11 2.01254
3401.09 2.69092
3403.08 3.45084
3405.06 3.86579
3407.05 2.85574
3409.03 2.11284
3411.02 2.92119
3413.01 3.22253
3414.99 2.52649
3416.98 2.21490
3418.96 2.43309
3420.95 2.82734
3422.93 3.10792
3424.92 2.94814
3426.90 2.73546
3428.89 2.70459
3430.87 2.79107
3432.86 2.90117
3434.85 2.92363
3436.83 2.76304
3438.82 2.36143
3440.80 2.24864
3442.79 2.58919
3444.77 2.51958
3446.76 2.15184
3448.74 2.59285
3450.73 2.99250
3452.71 1.70619
3454.70 0.872198
3456.69 1.51355
3458.67 1.93058
3460.66 1.84673
3462.64 2.16311
3464.63 2.81346
3466.61 3.90129
3468.60 4.48295
3470.58 3.69801
3472.57 3.24792
3474.55 3.37550
3476.54 2.78314
3478.53 1.87118
3480.51 2.21491
3482.50 2.60830
3484.48 1.95218
3486.47 1.55993
3488.45 1.86820
3490.44 2.05170
3492.42 1.99812
3494.41 1.89049
3496.39 1.84497
3498.38 1.94404
3500.37 1.91025
3502.35 1.83677
3504.34 2.42886
3506.32 3.29405
3508.31 3.62484
3510.29 3.35368
3512.28 2.60996
3514.26 2.29275
3516.25 2.46788
3518.23 1.98221
3520.22 1.31856
3522.21 1.53946
3524.19 1.99229
3526.18 2.32298
3528.16 2.10255
3530.15 1.32644
3532.13 1.78806
3534.12 2.88278
3536.10 3.12928
3538.09 3.15548
3540.07 3.34180
3542.06 3.41537
3544.05 3.30527
3546.03 2.79666
3548.02 2.11403
3550.00 1.86284
3551.99 2.23890
3553.97 3.24338
3555.96 3.65145
3557.94 3.32343
3559.93 3.34705
3561.91 3.52748
3563.90 3.25080
3565.89 2.92306
3567.87 2.78754
3569.86 2.28432
3571.84 1.90932
3573.83 3.12327
3575.81 4.18940
3577.80 3.23665
3579.78 2.28950
3581.77 2.26953
3583.75 2.52187
3585.74 2.71677
3587.73 2.61459
3589.71 2.63932
3591.70 3.41012
3593.68 3.57128
3595.67 2.96528
3597.65 1.91982
3599.64 1.18579
3601.62 2.57440
3603.61 3.63426
3605.59 3.08981
3607.58 2.52778
3609.57 2.11163
3611.55 1.85395
3613.54 1.62529
3615.52 1.24284
3617.51 1.09380
3619.49 1.39113
3621.48 2.39759
3623.46 3.61871
3625.45 3.55770
3627.43 3.09343
3629.42 3.16909
3631.41 2.84009
3633.39 2.05680
3635.38 1.98823
3637.36 2.23740
3639.35 2.01883
3641.33 2.51290
3643.32 3.87664
3645.30 3.91841
3647.29 2.93372
3649.27 2.38255
3651.26 1.97344
3653.25 1.34829
3655.23 1.41194
3657.22 2.14010
3659.20 2.58447
3661.19 2.72992
3663.17 2.54918
3665.16 2.57655
3667.14 2.97936
3669.13 3.64258
3671.11 4.23961
3673.10 3.62095
3675.09 2.73377
3677.07 2.26514
3679.06 2.20363
3681.04 2.46009
3683.03 2.34462
3685.01 2.05014
3687.00 2.04914
3688.98 2.09996
3690.97 2.10155
3692.95 2.39914
3694.94 2.75680
3696.93 2.44942
3698.91 1.53783
3700.90 0.632682
3702.88 1.46152
3704.87 3.32341
3706.85 3.42431
3708.84 2.61715
3710.82 2.32476
3712.81 2.91304
3714.79 3.85356
3716.78 3.48462
3718.77 2.66845
3720.75 2.84113
3722.74 2.88766
3724.72 2.37904
3726.71 2.42447
3728.69 2.80950
3730.68 2.82268
3732.66 2.61182
3734.65 2.07786
3736.63 2.16463
3738.62 2.80258
3740.61 3.17680
3742.59 3.24490
3744.58 2.92420
3746.56 2.69908
3748.55 2.69946
3750.53 2.43495
3752.52 2.13288
3754.50 2.24245
3756.49 2.57817
3758.47 2.88200
3760.46 2.50200
3762.45 1.73806
3764.43 1.61221
3766.42 2.12697
3768.40 2.89688
3770.39 3.09903
3772.37 2.76548
3774.36 2.37319
3776.34 2.33995
3778.33 2.71547
3780.32 2.54321
3782.30 2.07049
3784.29 2.23267
3786.27 2.69240
3788.26 3.13622
3790.24 2.95238
3792.23 2.43418
3794.21 3.00681
3796.20 3.51188
3798.18 2.88426
3800.17 1.82605
3802.16 0.589608
3804.14 1.53068
3806.13 2.68720
3808.11 1.25577
3810.10 0.866493
3812.08 2.50568
3814.07 2.41705
3816.05 1.61163
3818.04 2.59304
3820.02 3.17043
3822.01 2.39022
3824.00 2.60929
3825.98 3.36878
3827.97 2.85561
3829.95 1.97633
3831.94 1.59757
3833.92 1.92937
3835.91 2.73883
3837.89 3.53090
3839.88 3.41443
3841.86 2.42465
3843.85 2.19840
3845.84 2.56174
3847.82 2.66560
3849.81 2.70960
3851.79 2.82415
3853.78 2.67141
3855.76 2.39869
3857.75 2.45779
3859.73 2.04194
3861.72 0.948549
3863.70 1.26206
3865.69 2.39917
3867.68 2.89753
3869.66 3.04356
3871.65 2.98936
3873.63 2.44220
3875.62 1.76676
3877.60 1.94226
3879.59 2.19737
3881.57 2.11787
3883.56 2.32363
3885.54 2.73703
3887.53 2.85194
3889.52 2.50387
3891.50 1.82020
3893.49 2.14915
3895.47 2.88777
3897.46 2.31918
3899.44 1.71958
3901.43 1.89878
3903.41 2.27858
3905.40 2.35561
3907.38 1.75106
3909.37 1.73632
3911.36 2.49386
3913.34 2.52478
3915.33 2.37452
3917.31 2.86977
3919.30 3.48002
3921.28 3.79334
3923.27 3.27860
3925.25 2.67230
3927.24 2.93706
3929.22 3.38441
3931.21 3.57534
3933.20 2.76072
3935.18 2.09317
3937.17 2.45285
3939.15 2.21826
3941.14 1.79573
3943.12 2.15904
3945.11 2.62591
3947.09 2.98523
3949.08 3.45904
3951.06 3.62749
3953.05 2.88016
3955.04 2.13176
3957.02 2.13745
3959.01 2.45278
3960.99 2.31852
3962.98 1.73843
3964.96 1.49344
3966.95 1.71166
3968.93 2.52111
3970.92 3.29286
3972.90 2.81966
3974.89 2.10174
3976.88 2.01736
3978.86 2.08880
3980.85 2.05908
3982.83 2.00307
3984.82 2.37245
3986.80 2.83056
3988.79 2.57884
3990.77 2.23494
3992.76 2.34268
3994.74 2.75609
3996.73 3.21468
3998.72 3.26676
4000.70 2.66286
4002.69 1.50235
4004.67 1.75191
4006.66 2.77314
4008.64 2.49791
4010.63 2.36411
4012.61 2.69665
4014.60 3.16122
4016.58 3.18721
4018.57 2.00595
4020.56 1.44114
4022.54 1.53224
4024.53 2.33193
4026.51 3.04082
4028.50 2.67604
4030.48 2.14155
4032.47 2.03907
4034.45 2.29697
4036.44 2.54495
4038.42 2.79843
4040.41 3.40458
4042.40 3.52775
4044.38 2.68261
4046.37 2.46243
4048.35 2.80355
4050.34 2.55128
4052.32 2.27601
4054.31 2.36495
4056.29 2.42508
4058.28 2.40055
4060.26 2.18858
4062.25 2.59304
4064.24 3.61400
4066.22 4.05395
4068.21 4.00012
4070.19 3.56378
4072.18 2.87078
4074.16 2.14396
4076.15 2.36832
4078.13 2.62141
4080.12 2.24061
4082.10 2.08603
4084.09 2.24875
4086.08 2.52704
4088.06 2.27007
4090.05 1.27537
4092.03 1.19016
4094.02 1.73267
4096.00 1.90102
4097.99 2.17009
4099.97 2.46199
4101.96 1.87011
4103.94 1.25840
4105.93 1.39025
4107.92 1.68039
4109.90 2.06446
4111.89 2.64365
4113.87 2.63682
4115.86 2.04656
4117.84 1.81233
4119.83 2.04448
4121.81 2.64434
4123.80 3.27416
4125.79 3.81826
4127.77 3.41002
4129.76 2.53707
4131.74 3.22040
4133.73 2.97912
4135.71 1.77681
4137.70 1.07818
4139.68 1.77700
4141.67 3.60763
4143.65 3.47105
4145.64 2.68599
4147.63 2.32609
4149.61 1.93054
4151.60 1.84899
4153.58 2.57135
4155.57 3.35029
4157.55 3.38420
4159.54 2.97581
4161.52 2.58906
4163.51 3.02855
4165.49 3.53555
4167.48 3.56198
4169.47 3.67778
4171.45 3.62485
4173.44 3.11693
4175.42 3.07362
4177.41 3.19461
4179.39 2.31600
4181.38 1.92364
4183.36 2.66469
4185.35 2.91691
4187.33 2.44487
4189.32 1.79820
4191.31 1.15916
4193.29 0.891295
4195.28 2.63478
4197.26 3.38550
4199.25 1.84478
4201.23 1.94427
4203.22 2.82138
4205.20 3.11874
4207.19 2.42066
4209.17 1.22628
4211.16 1.52182
4213.15 2.33667
4215.13 3.13116
4217.12 3.39099
4219.10 3.11973
4221.09 2.23131
4223.07 1.65111
4225.06 1.92709
4227.04 3.13278
4229.03 3.68466
4231.01 2.67526
4233.00 2.94784
4234.99 3.86537
4236.97 3.28797
4238.96 2.87623
4240.94 3.07217
4242.93 2.72498
4244.91 2.84081
4246.90 3.73911
4248.88 3.78597
4250.87 3.26295
4252.85 2.93076
4254.84 2.46097
4256.83 1.89932
4258.81 1.44942
4260.80 1.47289
4262.78 2.03757
4264.77 3.15733
4266.75 3.98830
4268.74 3.89672
4270.72 2.87037
4272.71 1.54659
4274.69 1.89480
4276.68 2.03174
4278.67 1.36531
4280.65 1.95055
4282.64 3.01334
4284.62 3.56570
4286.61 3.28203
4288.59 2.65553
4290.58 2.93511
4292.56 3.05666
4294.55 2.43443
4296.53 1.68670
4298.52 2.00850
4300.51 3.64609
4302.49 3.71864
4304.48 2.70801
4306.46 2.64414
4308.45 3.05589
4310.43 3.03787
4312.42 1.88029
4314.40 1.39007
4316.39 2.08758
4318.37 2.33317
4320.36 2.21074
4322.35 2.15021
4324.33 2.01868
4326.32 1.86575
4328.30 1.66635
4330.29 2.18309
4332.27 3.16697
4334.26 3.18337
4336.24 3.31080
4338.23 4.25838
4340.21 4.64390
4342.20 4.58268
4344.19 4.21369
4346.17 3.57834
4348.16 2.90840
4350.14 2.93149
4352.13 3.42244
4354.11 3.99121
4356.10 2.87094
4358.08 1.61747
4360.07 1.81473
4362.05 2.86733
4364.04 3.55761
4366.03 2.57477
4368.01 1.68768
4370.00 1.76576
4371.98 2.63379
4373.97 3.47111
4375.95 3.58245
4377.94 2.85472
4379.92 2.80822
4381.91 3.43601
4383.89 1.83023
4385.88 0.503752
4387.87 1.44692
4389.85 2.60005
4391.84 2.59304
4393.82 0.711858
4395.81 0.102216
4397.79 0.976095
4399.78 2.17797
4401.76 3.03960
4403.75 3.32926
4405.73 2.18521
4407.72 1.26586
4409.71 2.02227
4411.69 1.39135
4413.68 0.692226
4415.66 2.04750
4417.65 3.18454
4419.63 3.69527
4421.62 3.74345
4423.60 2.98630
4425.59 1.80553
4427.57 1.94770
4429.56 2.34734
4431.55 2.12779
4433.53 1.90864
4435.52 1.84338
4437.50 1.86511
4439.49 1.64847
4441.47 1.78183
4443.46 2.76165
4445.44 3.60481
4447.43 3.95803
4449.41 3.99236
4451.40 3.10673
4453.39 1.77314
4455.37 0.866460
4457.36 1.15848
4459.34 2.31148
4461.33 3.32427
4463.31 3.69923
4465.30 3.41677
4467.28 2.87830
4469.27 2.48922
4471.25 2.48623
4473.24 1.86416
4475.23 1.32759
4477.21 2.06599
4479.20 2.59803
4481.18 2.69184
4483.17 2.30890
4485.15 1.95962
4487.14 1.95859
4489.12 2.78561
4491.11 3.06386
4493.10 2.17996
4495.08 1.51953
4497.07 1.34977
4499.05 1.89049
4501.04 3.17572
4503.02 3.25929
4505.01 1.52741
4506.99 1.99130
4508.98 3.32058
4510.96 2.97256
4512.95 3.10878
4514.94 3.88092
4516.92 4.24485
4518.91 3.27214
4520.89 2.17520
4522.88 2.46842
4524.86 2.74779
4526.85 2.69324
4528.83 2.77178
4530.82 3.00446
4532.80 3.20344
4534.79 2.96811
4536.78 2.43257
4538.76 1.90575
4540.75 4.12223
4542.73 5.51385
4544.72 4.00099
4546.70 2.75635
4548.69 2.36272
4550.67 3.23615
4552.66 4.02134
4554.64 4.32416
4556.63 3.94261
4558.62 3.74247
4560.60 3.31330
4562.59 2.02962
4564.57 1.78627
4566.56 2.75086
4568.54 3.44456
4570.53 3.57693
4572.51 3.43711
4574.50 3.53852
4576.48 3.06635
4578.47 2.97538
4580.46 4.62033
4582.44 5.25287
4584.43 3.45472
4586.41 3.69209
4588.40 4.86552
4590.38 5.29812
4592.37 3.42343
4594.35 3.65300
4596.34 3.53453
4598.32 3.07718
4600.31 4.36122
4602.30 2.59454
4604.28 3.82426
4606.27 3.95625
4608.25 4.66554
4610.24 3.93934
4612.22 3.74290
4614.21 4.85672
4616.19 5.07605
4618.18 4.41385
4620.16 4.65904
4622.15 2.96402
4624.14 3.63603
4626.12 4.55768
4628.11 4.19758
4630.09 4.79988
4632.08 3.99140
4634.06 3.19148
4636.05 4.60022
4638.03 3.79105
4640.02 3.66449
4642.00 3.87617
4643.99 2.84490
4645.98 3.04054
4647.96 3.08024
4649.95 3.69485
4651.93 3.61275
4653.92 3.09580
4655.90 2.67527
4657.89 2.83083
4659.87 3.05584
4661.86 2.90615
4663.84 3.60940
4665.83 4.07460
4667.82 3.24453
4669.80 3.40039
4671.79 3.99497
4673.77 4.26637
4675.76 4.19523
4677.74 3.92439
4679.73 3.46772
4681.71 4.09739
4683.70 4.58963
4685.68 3.24671
4687.67 3.61770
4689.66 4.43393
4691.64 3.29255
4693.63 3.37761
4695.61 3.74977
4697.60 2.24728
4699.58 1.71710
4701.57 2.23567
4703.55 2.29356
4705.54 1.54921
4707.52 1.02525
4709.51 1.71488
4711.50 2.97259
4713.48 3.49116
4715.47 2.90215
4717.45 2.38854
4719.44 2.26890
4721.42 2.31301
4723.41 2.32363
4725.39 2.10541
4727.38 1.91343
4729.36 3.11108
4731.35 4.45272
4733.34 5.06349
4735.32 3.97507
4737.31 3.55840
4739.29 4.69310
4741.28 4.39117
4743.26 3.23115
4745.25 1.72652
4747.23 2.13913
4749.22 2.99890
4751.20 3.51805
4753.19 3.27945
4755.18 2.86202
4757.16 2.68242
4759.15 2.94129
4761.13 2.98510
4763.12 2.92393
4765.10 3.83335
4767.09 3.94627
4769.07 2.64580
4771.06 1.85277
4773.04 3.08596
4775.03 4.63407
4777.02 3.68998
4779.00 3.25736
4780.99 3.71022
4782.97 3.50110
4784.96 3.70635
4786.94 3.77471
4788.93 2.98712
4790.91 2.26710
4792.90 2.28761
4794.88 2.96877
4796.87 2.77113
4798.86 2.16094
4800.84 1.71575
4802.83 2.16129
4804.81 2.32641
4806.80 1.70911
4808.78 3.04958
4810.77 4.09660
4812.75 3.82894
4814.74 2.71782
4816.72 1.78361
4818.71 1.55445
4820.70 2.41029
4822.68 3.18204
4824.67 3.31665
4826.65 2.87954
4828.64 2.50717
4830.62 2.72465
4832.61 3.49414
4834.59 3.01421
4836.58 1.67814
4838.57 1.29222
4840.55 1.29513
4842.54 1.67295
4844.52 2.29736
4846.51 2.29919
4848.49 2.50307
4850.48 3.34788
4852.46 3.99432
4854.45 3.64169
4856.43 2.68369
4858.42 2.06298
4860.41 2.39730
4862.39 2.92130
4864.38 2.29804
4866.36 2.01147
4868.35 2.19703
4870.33 2.49077
4872.32 2.52653
4874.30 2.40351
4876.29 2.12808
4878.27 2.70162
4880.26 3.18997
4882.25 2.90058
4884.23 3.12812
4886.22 3.09277
4888.20 2.19792
4890.19 1.68907
4892.17 1.72792
4894.16 2.10502
4896.14 1.89419
4898.13 1.35607
4900.11 0.913153
4902.10 1.15352
4904.09 1.94802
4906.07 2.81382
4908.06 3.08368
4910.04 2.61871
4912.03 2.11799
4914.01 2.20277
4916.00 2.61701
4917.98 2.04568
4919.97 0.894890
4921.95 0.773992
4923.94 2.31537
4925.93 3.60613
4927.91 2.66472
4929.90 2.62717
4931.88 2.70138
4933.87 1.75700
4935.85 3.60883
4937.84 4.96251
4939.82 3.65286
4941.81 2.19793
4943.79 2.19019
4945.78 3.36054
4947.77 2.16312
4949.75 1.58367
4951.74 1.77368
4953.72 0.834513
4955.71 1.92726
4957.69 3.72981
4959.68 3.14584
4961.66 2.58195
4963.65 2.54935
4965.63 2.97824
4967.62 3.16387
4969.61 2.50066
4971.59 1.81168
4973.58 2.70119
4975.56 2.98371
4977.55 2.15875
4979.53 1.63077
4981.52 1.59660
4983.50 1.50167
4985.49 1.51317
4987.47 2.97547
4989.46 3.12244
4991.45 2.14755
4993.43 2.59304
4995.42 2.35444
4997.40 2.06755
4999.39 3.00790
5001.37 2.76757
5003.36 1.51081
5005.34 0.000000
5007.33 0.975303
5009.31 2.14509
5011.30 2.50578
5013.29 1.60834
5015.27 2.36782
5017.26 3.64565
5019.24 2.04025
5021.23 1.77813
5023.21 2.53261
5025.20 3.04366
5027.18 2.59619
5029.17 1.92141
5031.15 1.94627
5033.14 2.96365
5035.13 2.80755
5037.11 1.71630
5039.10 1.80490
5041.08 2.27257
5043.07 2.76790
5045.05 2.98216
5047.04 2.49643
5049.02 1.60347
5051.01 1.34516
5052.99 2.07846
5054.98 2.46622
5056.97 2.45154
5058.95 2.48012
5060.94 2.68683
5062.92 1.66876
5064.91 0.222240
5066.89 0.496654
5068.88 2.26693
5070.86 3.71227
5072.85 3.10215
5074.83 3.38369
5076.82 3.19776
5078.81 1.84696
5080.79 1.73099
5082.78 1.15904
5084.76 0.428089
5086.75 1.52050
5088.73 2.94190
5090.72 3.33189
5092.70 1.95136
5094.69 2.56318
5096.67 3.51710
5098.66 3.69426
5100.65 4.23723
5102.63 4.53001
5104.62 3.78220
5106.60 2.33782
5108.59 2.18346
5110.57 2.23145
5112.56 1.70197
5114.54 1.81535
5116.53 3.15688
5118.51 4.03173
5120.50 3.39687
5122.49 2.55798
5124.47 2.71644
5126.46 3.49725
5128.44 3.99508
5130.43 2.89502
5132.41 1.78508
5134.40 2.03116
5136.38 3.18653
5138.37 2.58355
5140.35 0.922840
5142.34 3.26312
5144.33 4.28059
5146.31 3.80959
5148.30 2.91975
5150.28 1.64255
5152.27 0.810330
5154.25 1.02658
5156.24 2.67882
5158.22 3.33037
5160.21 2.39008
5162.19 1.26407
5164.18 3.76472
5166.17 5.21838
5168.15 2.85999
5170.14 2.36245
5172.12 3.04511
5174.11 3.47319
5176.09 3.11642
5178.08 3.00756
5180.06 3.20065
5182.05 3.62307
5184.03 4.22547
5186.02 4.14425
5188.01 3.96459
5189.99 4.10917
5191.98 4.05065
5193.96 2.11826
5195.95 1.17762
5197.93 3.68901
5199.92 4.35521
5201.90 3.70831
5203.89 3.01147
5205.88 2.46397
5207.86 3.15018
5209.85 3.94861
5211.83 3.34729
5213.82 2.90259
5215.80 3.22862
5217.79 4.12652
5219.77 4.26680
5221.76 4.38806
5223.74 3.86914
5225.73 2.05083
5227.72 2.04739
5229.70 2.92793
5231.69 3.89983
5233.67 4.38667
5235.66 3.84019
5237.64 3.55327
5239.63 4.15892
5241.61 3.95963
5243.60 4.19940
5245.58 4.68507
5247.57 4.26394
5249.56 3.50819
5251.54 2.72189
5253.53 2.76091
5255.51 3.82108
5257.50 4.27174
5259.48 4.46501
5261.47 4.67011
5263.45 4.35967
5265.44 3.86086
5267.42 3.05785
5269.41 2.25385
5271.40 3.92392
5273.38 3.04159
5275.37 1.19686
5277.35 3.22647
5279.34 5.21012
5281.32 3.94893
5283.31 0.165422
5285.29 2.99727
5287.28 4.44475
5289.26 3.90352
5291.25 2.82100
5293.24 3.99542
5295.22 3.92859
5297.21 2.30785
5299.19 2.50133
5301.18 2.81660
5303.16 2.97590
5305.15 3.19354
5307.13 3.39079
5309.12 2.94590
5311.10 3.33494
5313.09 4.74925
5315.08 4.73936
5317.06 4.04494
5319.05 3.36562
5321.03 2.91641
5323.02 3.12618
5325.00 3.14805
5326.99 2.70196
5328.97 2.06502
5330.96 1.03193
5332.94 1.96136
5334.93 3.32044
5336.92 2.61512
5338.90 1.65530
5340.89 2.07730
5342.87 3.27010
5344.86 2.79093
5346.84 1.53038
5348.83 1.02845
5350.81 1.98154
5352.80 1.61265
5354.78 1.64979
5356.77 2.52686
5358.76 3.77394
5360.74 2.90334
5362.73 2.54520
5364.71 3.19835
5366.70 2.96173
5368.68 2.80303
5370.67 3.64793
5372.65 4.23384
5374.64 2.28276
5376.62 0.899603
5378.61 1.67411
5380.60 2.91351
5382.58 2.91304
5384.57 3.82030
5386.55 4.04461
5388.54 2.69650
5390.52 1.46665
5392.51 1.06240
5394.49 1.36708
5396.48 2.39484
5398.46 4.13250
5400.45 3.80007
5402.44 2.97177
5404.42 2.84609
5406.41 3.08538
5408.39 3.35298
5410.38 3.49206
5412.36 3.55978
5414.35 4.77993
5416.33 3.78268
5418.32 2.15270
5420.30 1.89703
5422.29 1.56517
5424.28 2.66684
5426.26 3.73793
5428.25 2.08529
5430.23 1.93166
5432.22 2.45418
5434.20 3.09881
5436.19 3.47486
5438.17 2.57067
5440.16 1.84577
5442.14 2.08968
5444.13 1.88760
5446.12 0.741247
5448.10 2.61963
5450.09 5.26867
5452.07 4.31462
5454.06 2.59304
5456.04 3.11717
5458.03 3.59538
5460.01 2.44102
5462.00 1.70167
5463.98 3.31845
5465.97 3.71062
5467.96 1.60050
5469.94 2.07604
5471.93 2.40607
5473.91 2.30650
5475.90 2.51290
5477.88 2.98141
5479.87 3.76747
5481.85 4.17671
5483.84 3.61510
5485.82 3.54135
5487.81 3.61911
5489.80 3.59716
5491.78 3.42649
5493.77 4.01817
5495.75 3.03658
5497.74 1.08341
5499.72 2.66470
5501.71 3.48806
5503.69 2.89972
5505.68 1.67914
5507.66 2.27058
5509.65 1.93047
5511.64 2.44598
5513.62 2.35751
5515.61 2.10671
5517.59 2.95818
5519.58 3.47715
5521.56 3.44547
5523.55 3.07399
5525.53 3.81998
5527.52 4.55464
5529.50 4.12638
5531.49 4.52902
5533.48 2.14101
5535.46 1.28987
5537.45 2.21196
5539.43 3.46830
5541.42 4.17287
5543.40 4.37853
5545.39 3.12909
5547.37 2.65243
5549.36 5.36097
5551.34 2.84599
5553.33 2.16079
5555.32 2.85221
5557.30 2.64501
5559.29 3.25461
5561.27 3.39134
5563.26 2.91311
5565.24 2.44101
5567.23 2.75014
5569.21 2.78503
5571.20 2.39952
5573.19 1.94229
5575.17 2.04555
5577.16 3.31336
5579.14 3.72707
5581.13 3.83168
5583.11 4.82636
5585.10 3.42775
5587.08 1.32810
5589.07 0.943494
5591.05 2.14898
5593.04 4.26557
5595.03 3.85476
5597.01 2.54976
5599.00 1.65806
5600.98 0.581274
5602.97 1.54887
5604.95 2.82910
5606.94 2.74758
5608.92 1.09765
5610.91 2.96044
5612.89 3.04423
5614.88 1.56609
5616.87 0.885176
5618.85 2.61703
5620.84 3.52472
5622.82 3.72960
5624.81 4.00037
5626.79 3.72068
5628.78 3.13806
5630.76 2.33361
5632.75 1.74683
5634.73 2.26653
5636.72 2.91342
5638.71 3.09381
5640.69 2.57285
5642.68 2.24871
5644.66 3.05226
5646.65 3.42335
5648.63 2.65206
5650.62 2.53227
5652.60 3.50362
5654.59 3.17460
5656.57 2.10775
5658.56 2.50064
5660.55 3.44679
5662.53 2.46988
5664.52 1.38581
5666.50 1.76442
5668.49 2.62239
5670.47 2.50752
5672.46 2.30903
5674.44 3.23834
5676.43 3.80945
5678.41 2.23239
5680.40 2.93078
5682.39 2.94681
5684.37 1.99644
5686.36 3.64864
5688.34 4.53484
5690.33 4.46678
5692.31 2.36832
5694.30 3.18527
5696.28 2.76796
5698.27 2.75391
5700.25 3.38513
5702.24 2.24182
5704.23 3.32367
5706.21 3.60618
5708.20 3.80170
5710.18 3.24214
5712.17 3.58074
5714.15 4.40121
5716.14 4.15909
5718.12 4.10833
5720.11 3.26687
5722.09 2.52906
5724.08 3.61521
5726.07 3.67695
5728.05 3.91151
5730.04 4.29020
5732.02 2.45774
5734.01 2.00175
5735.99 3.02465
5737.98 3.76253
5739.96 3.81604
5741.95 3.55875
5743.93 2.92791
5745.92 3.07081
5747.91 2.99405
5749.89 2.13623
5751.88 2.21965
5753.86 2.34690
5755.85 2.93933
5757.83 3.65372
5759.82 3.66239
5761.80 3.75530
5763.79 2.45798
5765.77 1.27636
5767.76 1.76303
5769.75 2.71310
5771.73 3.49122
5773.72 2.38650
5775.70 0.735398
5777.69 1.28298
5779.67 2.11466
5781.66 2.27914
5783.64 2.59304
5785.63 3.23712
5787.61 3.22385
5789.60 2.76735
5791.59 2.55760
5793.57 2.88376
5795.56 3.39637
5797.54 3.22769
5799.53 1.57667
5801.51 1.87192
5803.50 1.93060
5805.48 1.51584
5807.47 1.93883
5809.45 2.63412
5811.44 4.01647
5813.43 3.56338
5815.41 1.73468
5817.40 2.14082
5819.38 3.59414
5821.37 4.32760
5823.35 3.75402
5825.34 2.35698
5827.32 2.59550
5829.31 3.20710
5831.29 2.95444
5833.28 2.20633
5835.27 2.30095
5837.25 2.45610
5839.24 2.47039
5841.22 3.21019
5843.21 4.54954
5845.19 3.83233
5847.18 1.57383
5849.16 1.95431
5851.15 2.79488
5853.13 3.23664
5855.12 3.88091
5857.11 2.80067
5859.09 2.31656
5861.08 2.94495
5863.06 2.76885
5865.05 2.51930
5867.03 3.78416
5869.02 4.64984
5871.00 4.28067
5872.99 3.16829
5874.97 2.27923
5876.96 2.79640
5878.95 4.01710
5880.93 4.23980
5882.92 3.94229
5884.90 3.65946
5886.89 1.20660
5888.87 2.11957
5890.86 3.81706
5892.84 4.39770
5894.83 3.34739
5896.81 3.08679
5898.80 3.22048
5900.79 2.43195
5902.77 2.12333
5904.76 3.91161
5906.74 3.77142
5908.73 3.34396
5910.71 3.98687
5912.70 4.05111
5914.68 2.89327
5916.67 2.96996
5918.66 2.80509
5920.64 2.19269
5922.63 2.56932
5924.61 4.16024
5926.60 4.85588
5928.58 3.30907
5930.57 3.51808
5932.55 3.66133
5934.54 3.08364
5936.52 2.64198
5938.51 2.01092
5940.50 3.04108
5942.48 2.98592
5944.47 2.67746
5946.45 4.14741
5948.44 5.13193
5950.42 5.38478
5952.41 2.86783
5954.39 3.85348
5956.38 3.43020
5958.36 3.14892
5960.35 4.23410
5962.34 2.61333
5964.32 3.86616
5966.31 4.05021
5968.29 4.41562
5970.28 3.78559
5972.26 3.92666
5974.25 4.83517
5976.23 4.73924
5978.22 4.46448
5980.20 3.98476
5982.19 2.90366
5984.18 3.83362
5986.16 4.17949
5988.15 4.19552
5990.13 4.63840
5992.12 3.14643
5994.10 3.50285
5996.09 4.39473
5998.07 3.05467
6000.06 3.90072
6002.04 3.18781
6004.03 2.47074
6006.02 2.89999
6008.00 2.67216
6009.99 3.67805
6011.97 3.52213
6013.96 3.02512
6015.94 3.10695
6017.93 1.50018
6019.91 3.09432
6021.90 2.52631
6023.88 3.06645
6025.87 3.72582
6027.86 3.51234
6029.84 4.47002
6031.83 4.70154
6033.81 3.74382
6035.80 4.62696
6037.78 4.97997
6039.77 3.83027
6041.75 2.48854
6043.74 3.01967
6045.72 4.37854
6047.71 4.69249
6049.70 2.69664
6051.68 1.75088
6053.67 2.74120
6055.65 2.35530
6057.64 1.89996
6059.62 3.14860
6061.61 3.10567
6063.59 3.04064
6065.58 4.32678
6067.56 4.91431
6069.55 3.38141
6071.54 4.13406
6073.52 2.44875
6075.51 2.02669
6077.49 2.89544
6079.48 1.85665
6081.46 2.20564
6083.45 1.74513
6085.43 1.67858
6087.42 1.77688
6089.40 1.88107
6091.39 3.72639
6093.38 2.60232
6095.36 2.37745
6097.35 3.13580
6099.33 4.04783
6101.32 4.97914
6103.30 5.73991
6105.29 3.90298
6107.27 2.05051
6109.26 2.24263
6111.24 3.56648
6113.23 3.52713
6115.22 3.26257
6117.20 3.32820
6119.19 3.35334
6121.17 3.55133
6123.16 3.93410
6125.14 3.86792
6127.13 3.30024
6129.11 2.63637
6131.10 3.92709
6133.08 2.24361
6135.07 0.801827
6137.06 1.34556
6139.04 1.60148
6141.03 1.83810
6143.01 3.08112
6145.00 4.17312
6146.98 3.74538
6148.97 3.24291
6150.95 5.49984
6152.94 3.48162
6154.92 2.28681
6156.91 3.65493
6158.90 4.59675
6160.88 3.53038
6162.87 3.28410
6164.85 2.23495
6166.84 2.57435
6168.82 3.12011
6170.81 3.53753
6172.79 4.03116
6174.78 3.33674
6176.76 2.26362
6178.75 1.79204
6180.74 1.56081
6182.72 2.72799
6184.71 3.16606
6186.69 1.20894
6188.68 1.60864
6190.66 3.45788
6192.65 2.50263
6194.63 1.63460
6196.62 2.59304
6198.60 2.84780
6200.59 2.54985
6202.58 3.00558
6204.56 2.55189
6206.55 2.89493
6208.53 3.69499
6210.52 2.98311
6212.50 1.42223
6214.49 1.52580
6216.47 1.18667
6218.46 3.07079
6220.44 2.21403
6222.43 1.20544
6224.42 1.81077
6226.40 1.24389
6228.39 3.11548
6230.37 3.88122
6232.36 3.45763
6234.34 3.60088
6236.33 4.39491
6238.31 4.11261
6240.30 3.69261
6242.28 2.75720
6244.27 2.01484
6246.26 1.99571
6248.24 1.96023
6250.23 1.81816
6252.21 2.15504
6254.20 2.09701
6256.18 2.02794
6258.17 2.01180
6260.15 3.28297
6262.14 3.96107
6264.12 3.05134
6266.11 2.56807
6268.10 2.61545
6270.08 0.947138
6272.07 3.35617
6274.05 3.94191
6276.04 1.41056
6278.02 0.584097
6280.01 2.64486
6281.99 2.15264
6283.98 2.47668
6285.97 4.09805
6287.95 4.51548
6289.94 3.05743
6291.92 1.54664
6293.91 2.49317
6295.89 1.09708
6297.88 1.89543
6299.86 2.39687
6301.85 2.12571
6303.83 1.97384
6305.82 2.42909
6307.81 2.52400
6309.79 1.94655
6311.78 1.52880
6313.76 1.06124
6315.75 1.55897
6317.73 1.88972
6319.72 1.69840
6321.70 2.39583
6323.69 1.95113
6325.67 1.46034
6327.66 2.52790
6329.65 2.76527
6331.63 1.71095
6333.62 1.78949
6335.60 1.90469
6337.59 1.72730
6339.57 3.25039
6341.56 2.96513
6343.54 2.55068
6345.53 3.31910
6347.51 2.96569
6349.50 1.91054
6351.49 2.31892
6353.47 4.01310
6355.46 2.95567
6357.44 3.42692
6359.43 3.10680
6361.41 3.06460
6363.40 3.49224
6365.38 2.74238
6367.37 2.76401
6369.35 1.82115
6371.34 1.59779
6373.33 2.71552
6375.31 4.00189
6377.30 3.11729
6379.28 0.986297
6381.27 1.94897
6383.25 3.71422
6385.24 4.62932
6387.22 3.75538
6389.21 2.04971
6391.19 2.93026
6393.18 4.02144
6395.17 3.50480
6397.15 3.31837
6399.14 3.27498
6401.12 3.14928
6403.11 4.10957
6405.09 3.50822
6407.08 2.47699
6409.06 2.67470
6411.05 2.40658
6413.03 1.45291
6415.02 2.84823
6417.01 3.55153
6418.99 3.66967
6420.98 2.44452
6422.96 2.33120
6424.95 3.55965
6426.93 4.32276
6428.92 3.76319
6430.90 3.87441
6432.89 3.21765
6434.87 2.34477
6436.86 3.85559
6438.85 4.28932
6440.83 2.62417
6442.82 3.13103
6444.80 3.33815
6446.79 2.26813
6448.77 2.42528
6450.76 2.17932
6452.74 1.34523
6454.73 1.94068
6456.71 2.40103
6458.70 2.07085
6460.69 3.13371
6462.67 3.66118
6464.66 2.46733
6466.64 1.51600
6468.63 2.57912
6470.61 3.01878
6472.60 3.62732
6474.58 3.54487
6476.57 3.17549
6478.55 2.66385
6480.54 1.73642
6482.53 3.38950
6484.51 4.47866
6486.50 1.90303
6488.48 2.79375
6490.47 3.13746
6492.45 3.44495
6494.44 4.61822
6496.42 2.07215
6498.41 1.70833
6500.39 1.07676
6502.38 1.49521
6504.37 4.26926
6506.35 3.97525
6508.34 1.80142
6510.32 2.86589
6512.31 4.46864
6514.29 4.71873
6516.28 3.79541
6518.26 2.59054
6520.25 1.41379
6522.23 0.832982
6524.22 1.30634
6526.21 3.05174
6528.19 2.44363
6530.18 1.39949
6532.16 2.14159
6534.15 2.66675
6536.13 2.90645
6538.12 3.07684
6540.10 1.44297
6542.09 1.75664
6544.07 2.47366
6546.06 2.63835
6548.05 2.74893
6550.03 2.65634
6552.02 2.44261
6554.00 3.82517
6555.99 2.14786
6557.97 2.26352
6559.96 1.64168
6561.94 1.28366
6563.93 1.95794
6565.91 2.99094
6567.90 3.40540
6569.89 2.47019
6571.87 0.421834
6573.86 2.33934
6575.84 2.32838
6577.83 1.51209
6579.81 1.78525
6581.80 2.67570
6583.78 2.69417
6585.77 1.64398
6587.75 1.03900
6589.74 1.07354
6591.73 1.71396
6593.71 2.15674
6595.70 1.28751
6597.68 1.33091
6599.67 1.86660
6601.65 1.83607
6603.64 1.86412
6605.62 2.20613
6607.61 1.41654
6609.59 1.61803
6611.58 2.49465
6613.57 1.08977
6615.55 0.00769675
6617.54 0.588674
6619.52 2.13218
6621.51 2.53091
6623.49 2.59304
