160.729 50.0000
161.211 50.6179
161.693 50.7322
162.175 50.2327
162.658 50.3214
163.140 50.6624
163.622 52.2335
164.104 54.2369
164.586 56.6214
165.068 59.2099
165.550 61.6837
166.032 64.3466
166.514 67.5715
166.997 72.0967
167.479 76.7382
167.961 80.6199
168.443 83.6585
168.925 86.9283
169.407 91.0687
169.889 95.8515
170.371 100.922
170.854 106.565
171.336 112.185
171.818 117.132
172.300 121.254
172.782 125.468
173.264 130.706
173.746 136.584
174.228 142.293
174.710 147.142
175.193 151.791
175.675 156.935
176.157 162.671
176.639 168.911
177.121 176.057
177.603 183.740
178.085 190.930
178.567 196.747
179.049 201.781
179.532 207.075
180.014 212.851
180.496 218.686
180.978 224.348
181.460 229.794
181.942 234.689
182.424 238.846
182.906 242.308
183.389 245.154
183.871 247.363
184.353 249.101
184.835 250.862
185.317 252.575
185.799 253.476
186.281 252.718
186.763 250.579
187.245 248.134
187.728 245.733
188.210 242.825
188.692 237.968
189.174 231.105
189.656 224.029
190.138 218.673
190.620 214.752
191.102 210.275
191.585 204.435
192.067 197.447
192.549 190.698
193.031 184.297
193.513 178.220
193.995 172.536
194.477 167.794
194.959 162.830
195.441 156.966
195.924 150.652
196.406 144.507
196.888 138.527
197.370 133.155
197.852 129.084
198.334 126.321
198.816 122.956
199.298 118.202
199.781 112.573
200.263 108.576
200.745 106.512
201.227 104.872
201.709 102.261
202.191 98.5976
202.673 94.8942
203.155 91.3201
203.637 87.9215
204.120 84.9882
204.602 82.6277
205.084 80.4501
205.566 77.9524
206.048 75.0075
206.530 72.6004
207.012 71.1966
207.494 70.6788
207.977 69.4198
208.459 67.2178
208.941 64.6701
209.423 62.2589
209.905 59.8610
210.387 58.0566
210.869 57.1595
211.351 57.1322
211.833 56.8376
212.316 56.2256
212.798 55.4121
213.280 54.4770
213.762 53.3060
214.244 52.3227
214.726 51.6344
215.208 51.2297
215.690 50.8403
216.173 50.4658
216.655 50.1523
217.137 50.0284
217.619 50.3160
218.101 50.2142
218.583 50.2817
219.065 51.5117
219.547 52.5680
220.029 53.5206
220.512 54.2583
220.994 54.6635
221.476 54.7488
221.958 54.5187
222.440 53.8264
222.922 52.5932
223.404 51.9552
223.886 52.1739
224.368 52.7053
224.850 52.9703
225.333 52.9565
225.815 52.6576
226.297 51.8979
226.779 50.5771
227.261 50.0083
227.743 50.5632
228.225 51.4398
228.708 51.6062
229.190 50.6779
229.672 50.1894
230.154 50.6621
230.636 50.6722
231.118 51.0450
231.600 51.9850
232.082 53.0924
232.564 53.8897
233.046 54.1324
233.529 54.5195
234.011 55.2353
234.493 56.3091
234.975 57.3374
235.457 58.3180
235.939 59.2460
236.421 60.1209
236.904 60.9473
237.386 61.7144
237.868 62.4529
238.350 63.1805
238.832 63.6329
239.314 63.5131
239.796 63.3995
240.278 63.9328
240.760 65.5029
241.242 66.9925
241.725 68.2041
242.207 69.1396
242.689 69.8002
243.171 69.8170
243.653 69.9106
244.135 70.8832
244.617 73.3591
245.099 75.5124
245.582 76.9491
246.064 77.6566
246.546 78.2725
247.028 78.7254
247.510 79.1617
247.992 79.7961
248.474 81.0320
248.956 81.6521
249.439 81.3644
249.921 80.1876
250.403 78.7832
250.885 76.8202
251.367 75.0032
251.849 74.0975
252.331 74.7723
252.813 74.8638
253.295 73.8153
253.777 71.7232
254.260 70.2243
254.742 69.5502
255.224 69.1680
255.706 68.6815
256.188 68.0839
256.670 67.3658
257.152 66.4500
257.634 65.3775
258.117 64.4897
258.599 63.7797
259.081 63.2825
259.563 63.0736
260.045 63.3042
260.527 63.4318
261.009 63.3687
261.491 63.1509
261.974 62.9527
262.456 62.7277
262.938 62.6122
263.420 62.7770
263.902 63.4105
264.384 63.6912
264.866 63.3985
265.348 62.7264
265.830 62.4234
266.313 62.6679
266.795 62.9013
267.277 62.6584
267.759 61.6396
268.241 61.3379
268.723 62.0754
269.205 63.4956
269.687 64.5726
270.169 65.2931
270.652 65.7191
271.134 65.7852
271.616 65.3706
272.098 65.2023
272.580 65.3926
273.062 65.7717
273.544 65.9159
274.026 65.7625
274.509 65.5724
274.991 65.4681
275.473 65.4740
275.955 65.5750
276.437 65.8037
276.919 65.9710
277.401 65.7427
277.883 65.0400
278.366 64.4522
278.848 64.3828
279.330 64.8886
279.812 65.0051
280.294 64.6672
280.776 64.2004
281.258 63.9979
281.740 64.0287
282.222 64.0441
282.704 63.9484
283.187 63.7737
283.669 63.7233
284.151 63.8387
284.633 64.1040
285.115 64.4860
285.597 64.9085
286.079 65.0809
286.561 64.8158
287.044 64.3225
287.526 64.3992
288.008 65.1168
288.490 65.7866
288.972 65.6033
289.454 64.6674
289.936 63.8803
290.418 63.4503
290.901 63.3510
291.383 63.5590
291.865 64.0763
292.347 64.7951
292.829 65.7353
293.311 66.8389
293.793 67.8805
294.275 68.9174
294.757 69.7764
295.240 69.8591
295.722 69.2064
296.204 68.7099
296.686 69.1274
297.168 70.2282
297.650 71.4576
298.132 72.8291
298.614 74.1268
299.096 74.9641
299.579 75.4060
300.061 75.8004
300.543 76.4444
301.025 77.1938
301.507 77.7686
301.989 78.0896
302.471 78.3777
302.953 78.8798
303.435 79.5684
303.918 80.2795
304.400 81.0397
304.882 81.8036
305.364 82.4113
305.846 82.8051
306.328 83.3443
306.810 84.6804
307.293 86.4079
307.775 87.6521
308.257 87.5828
308.739 87.0987
309.221 87.0726
309.703 87.5748
310.185 88.0541
310.667 87.7761
311.149 87.3065
311.632 87.4481
312.114 89.5390
312.596 91.5675
313.078 91.8133
313.560 90.4189
314.042 89.3919
314.524 90.2429
315.006 91.8291
315.488 93.0143
315.971 93.2685
316.453 93.2540
316.935 93.2365
317.417 93.2026
317.899 93.0940
318.381 92.8907
318.863 92.6037
319.345 92.2720
319.828 92.1386
320.310 91.6067
320.792 90.1723
321.274 88.1891
321.756 86.5387
322.238 85.9498
322.720 85.3689
323.202 84.2764
323.684 82.4269
324.167 80.5220
324.649 78.4074
325.131 76.3680
325.613 74.8644
326.095 74.7925
326.577 74.4919
327.059 73.2912
327.541 70.8010
328.023 68.9083
328.506 68.3911
328.988 68.2345
329.470 67.3835
329.952 64.7831
330.434 62.7269
330.916 61.7879
331.398 62.0115
331.880 61.9107
332.362 61.3918
332.845 60.6376
333.327 59.7565
333.809 58.6191
334.291 57.5942
334.773 56.7186
335.255 55.9808
335.737 55.3206
336.220 54.6701
336.702 54.2016
337.184 54.1180
337.666 54.6860
338.148 54.6555
338.630 53.6818
339.112 52.2784
339.594 51.7117
340.076 52.2167
340.559 52.7869
341.041 52.9604
341.523 52.7161
342.005 52.4259
342.487 52.0602
342.969 51.7046
343.451 51.5474
343.933 51.6099
344.415 51.5295
344.898 51.1194
345.380 50.4599
345.862 50.0375
346.344 50.3632
346.826 50.6328
347.308 51.0051
347.790 51.4506
348.272 51.7744
348.754 51.9587
349.237 51.9584
349.719 51.5204
350.201 50.6793
350.683 50.0064
351.165 50.0450
351.647 50.5546
352.129 51.0035
352.611 51.3195
353.094 51.5029
353.576 51.5529
354.058 51.4688
354.540 51.2507
355.022 50.7189
355.504 50.1301
355.986 50.1394
356.468 50.0129
356.951 50.1249
357.433 50.0475
357.915 50.4025
358.397 50.7329
358.879 51.1765
359.361 51.4000
359.843 50.8478
360.325 50.4248
360.807 51.1241
361.289 50.0045
361.772 51.7173
362.254 52.9209
362.736 52.9851
363.218 52.8307
363.700 52.6477
364.182 52.4840
364.664 52.5112
365.147 52.8949
365.629 53.4040
366.111 53.9170
366.593 54.3878
367.075 54.9316
367.557 55.8735
368.039 56.8581
368.521 57.2715
369.003 56.1632
369.486 55.3192
369.968 55.2944
370.450 56.2509
370.932 57.1655
371.414 58.1986
371.896 59.0774
372.378 59.4989
372.860 59.1521
373.342 58.8728
373.825 58.7958
374.307 58.8993
374.789 59.0546
375.271 59.4335
375.753 59.5883
376.235 59.1359
376.717 57.8739
377.199 56.8736
377.681 56.2047
378.164 55.8372
378.646 55.7879
379.128 56.1270
379.610 56.4197
380.092 56.4173
380.574 56.1361
381.056 55.9906
381.538 55.9859
382.021 56.0905
382.503 56.1632
382.985 56.2433
383.467 56.7408
383.949 58.0950
384.431 59.8071
384.913 60.6383
385.395 60.6245
385.878 60.4545
386.360 60.6385
386.842 61.0273
387.324 61.3418
387.806 61.4909
388.288 61.6633
388.770 62.0596
389.252 62.6526
389.734 63.3256
390.216 64.0273
390.699 64.7631
391.181 65.5839
391.663 66.5339
392.145 67.3185
392.627 67.3853
393.109 67.2682
393.591 67.6681
394.073 69.4500
394.556 71.2583
395.038 72.3891
395.520 72.9018
396.002 73.5115
396.484 74.4298
396.966 75.5360
397.448 76.7547
397.930 78.0511
398.413 79.5000
398.895 81.0512
399.377 82.7540
399.859 84.7358
400.341 87.5544
400.823 90.1239
401.305 92.0096
401.787 92.8979
402.269 94.3347
402.752 96.7219
403.234 99.3520
403.716 101.410
404.198 102.614
404.680 103.847
405.162 105.344
405.644 107.034
406.126 108.263
406.608 108.807
407.091 109.545
407.573 111.270
408.055 114.101
408.537 116.625
409.019 118.613
409.501 120.259
409.983 121.861
410.465 123.421
410.948 124.967
411.430 126.427
411.912 127.875
412.394 129.713
412.876 131.966
413.358 134.009
413.840 135.350
414.322 135.976
414.805 135.866
415.287 134.850
415.769 133.319
416.251 131.809
416.733 130.215
417.215 128.058
417.697 124.834
418.179 120.995
418.661 116.820
419.143 112.362
419.626 108.052
420.108 104.239
420.590 100.747
421.072 97.1723
421.554 93.0616
422.036 89.1925
422.518 85.9863
423.000 83.4648
423.483 80.7672
423.965 77.2212
424.447 73.7360
424.929 70.9725
425.411 69.3087
425.893 67.9496
426.375 67.0084
426.857 66.3473
427.340 65.6341
427.822 64.8628
428.304 64.0489
428.786 63.2320
429.268 62.4483
429.750 61.3141
430.232 59.5616
430.714 57.8391
431.196 57.0230
431.679 57.3545
432.161 57.2912
432.643 56.3888
433.125 54.9775
433.607 54.2092
434.089 54.1479
434.571 54.0472
435.053 53.1829
435.535 51.8049
436.018 51.1091
436.500 51.2517
436.982 51.8387
437.464 52.8039
437.946 53.8952
438.428 54.2910
438.910 53.1258
439.392 51.4261
439.875 50.4468
440.357 50.1338
440.839 50.0174
441.321 50.2361
441.803 50.5110
442.285 50.8821
442.767 51.5105
443.249 51.8936
443.731 51.5866
444.214 50.8703
444.696 50.2602
445.178 50.1422
445.660 50.3538
446.142 50.2426
446.624 50.2478
447.106 50.3938
447.588 50.2180
448.070 51.0273
448.553 51.6143
449.035 51.9141
449.517 52.0746
449.999 52.0156
450.481 51.8339
450.963 51.8306
451.445 52.1416
451.927 52.3676
452.409 52.2544
452.892 51.7433
453.374 51.7692
453.856 52.4907
454.338 53.3966
454.820 53.9069
455.302 53.9689
455.784 53.9954
456.267 54.1225
456.749 54.3100
457.231 54.4384
457.713 54.4905
458.195 54.6261
458.677 55.1336
459.159 55.8970
459.641 56.7386
460.123 57.7076
460.605 58.5390
461.088 59.1070
461.570 59.4831
462.052 59.7713
462.534 59.7033
463.016 59.8147
463.498 60.7830
463.980 62.3786
464.462 63.5303
464.945 63.6140
465.427 63.2488
465.909 62.7041
466.391 61.7853
466.873 61.1381
467.355 61.1870
467.837 61.5689
468.319 61.7895
468.802 61.2012
469.284 61.1994
469.766 62.1812
470.248 64.0403
470.730 65.6490
471.212 66.8306
471.694 68.0293
472.176 69.6331
472.658 71.8408
473.141 73.2678
473.623 73.6734
474.105 73.6303
474.587 73.8690
475.069 74.3888
475.551 75.4341
476.033 77.3206
476.515 79.6603
476.997 81.5798
477.480 83.0825
477.962 84.1872
478.444 84.5361
478.926 84.5777
479.408 85.2870
479.890 86.9825
480.372 88.5519
480.854 88.9778
481.336 88.6311
481.819 88.1541
482.301 87.8769
482.783 87.4828
483.265 86.8350
483.747 85.9217
484.229 84.7250
484.711 83.2636
485.194 81.4875
485.676 79.2809
486.158 76.0335
486.640 73.5563
487.122 72.5556
487.604 72.1990
488.086 71.4500
488.568 70.0705
489.050 68.6696
489.533 67.3517
490.015 66.1109
490.497 64.8869
490.979 63.5602
491.461 62.5856
491.943 62.5262
492.425 63.4113
492.907 63.4751
493.389 62.4990
493.872 61.0784
494.354 59.9050
494.836 58.9709
495.318 58.1519
495.800 57.3612
496.282 56.7155
496.764 56.4716
497.246 56.5759
497.728 56.7301
498.211 56.8856
498.693 56.9164
499.175 56.6332
499.657 55.9500
500.139 55.2439
500.621 54.5045
501.103 53.9243
501.585 53.7459
502.068 54.5318
502.550 55.2176
503.032 55.5099
503.514 55.4364
503.996 55.2433
504.478 55.0350
504.960 54.6084
505.442 53.7812
505.924 52.2589
506.407 51.5362
506.889 51.9791
507.371 52.7646
507.853 53.0139
508.335 52.6399
508.817 52.2005
509.299 51.7634
509.781 51.3497
510.263 51.0293
510.746 50.7975
511.228 50.5634
511.710 50.0865
512.192 50.4070
512.674 50.1635
513.156 50.8533
513.638 51.6791
514.120 50.9688
514.603 50.3024
515.085 50.5742
515.567 51.2589
516.049 52.8719
516.531 52.3652
517.013 50.6372
517.495 50.5139
517.977 50.1554
518.459 50.9065
518.942 50.9410
519.424 50.1809
519.906 50.3341
520.388 50.2397
520.870 50.0655
521.352 50.1084
521.834 50.5420
522.317 50.8763
522.799 51.2146
523.281 51.3433
523.763 50.8401
524.245 50.4084
524.727 51.6115
525.209 52.6512
525.691 53.4652
526.173 53.6546
526.656 53.1958
527.138 52.8006
527.620 53.1857
528.102 53.9891
528.584 54.3640
529.066 54.1982
529.548 53.7483
530.030 52.9555
530.513 52.1392
530.995 51.7611
531.477 52.2890
531.959 52.9023
532.441 53.0629
532.923 52.9374
533.405 53.0214
533.887 53.7766
534.369 54.5544
534.852 55.0543
535.334 55.2552
535.816 55.1952
536.298 54.4951
536.780 53.8762
537.262 53.9580
537.744 55.2447
538.226 55.8349
538.708 55.3368
539.191 54.3647
539.673 54.2568
540.155 55.1041
540.637 55.6574
541.119 55.2202
541.601 54.2588
542.083 54.2927
542.565 55.2815
543.047 56.3778
543.530 57.2508
544.012 57.7328
544.494 57.3825
544.976 56.0116
545.458 54.6556
545.940 53.8950
546.422 53.6573
546.904 53.8501
547.386 55.2509
547.869 56.2166
548.351 55.6880
548.833 54.2210
549.315 53.5985
549.797 54.9581
550.279 56.3444
550.761 57.1336
551.244 57.2596
551.726 57.5121
552.208 57.9435
552.690 58.4327
553.172 58.9767
553.654 59.6394
554.136 59.8064
554.618 59.3007
555.100 58.5533
555.583 58.2330
556.065 58.2968
556.547 58.5209
557.029 58.9589
557.511 59.3900
557.993 59.4932
558.475 59.2862
558.957 58.8761
559.440 57.8077
559.922 56.8933
560.404 57.1776
560.886 58.9890
561.368 59.9902
561.850 58.4209
562.332 56.0529
562.814 54.4044
563.296 54.2824
563.779 54.2242
564.261 54.1089
564.743 54.0086
565.225 54.1235
565.707 54.7187
566.189 54.9367
566.671 54.3971
567.153 53.2558
567.635 52.4692
568.118 52.0471
568.600 51.8970
569.082 52.0271
569.564 52.3717
570.046 52.7966
570.528 53.3651
571.010 53.7892
571.492 53.5400
571.974 52.9160
572.457 52.4288
572.939 52.4645
573.421 52.5134
573.903 51.8166
574.385 50.7823
574.867 50.2891
575.349 51.2629
575.831 52.2229
576.313 52.5184
576.796 52.0985
577.278 51.6901
577.760 51.2465
578.242 50.9126
578.724 50.7946
579.206 50.9797
579.688 50.9003
580.170 50.4794
580.653 50.0315
581.135 50.2634
581.617 50.1909
582.099 50.2092
582.581 50.5117
583.063 50.9191
583.545 51.1290
584.027 51.1729
584.510 51.1642
584.992 51.2228
585.474 51.2137
585.956 50.8913
586.438 50.3142
586.920 50.0573
587.402 50.2867
587.884 50.6916
588.366 50.6916
588.849 50.0566
589.331 50.4257
589.813 50.7155
590.295 50.7719
590.777 50.4832
591.259 50.5163
591.741 50.9754
592.223 50.5789
592.705 50.2595
593.188 50.6076
593.670 50.4277
594.152 50.2488
594.634 50.1930
595.116 50.3166
595.598 50.9963
596.080 52.1482
596.562 52.9604
597.044 52.4109
597.527 51.4355
598.009 51.2885
598.491 52.1282
598.973 52.9959
599.455 53.4601
599.937 53.6547
600.419 53.6898
600.901 53.4700
601.383 53.2651
601.866 53.0585
602.348 52.9070
602.830 52.9327
603.312 53.3707
603.794 53.4947
604.276 52.9523
604.758 52.0316
605.240 52.0503
605.723 53.1618
606.205 54.1250
606.687 54.1073
607.169 53.4256
607.651 53.1411
608.133 53.2606
608.615 53.5839
609.097 53.6000
609.580 53.8614
610.062 55.5450
610.544 59.5488
611.026 62.3513
611.508 60.7095
611.990 57.2667
612.472 55.1445
612.954 56.2421
613.437 57.3531
613.919 57.8187
614.401 57.9570
614.883 58.5348
615.365 59.7566
615.847 60.9999
616.329 62.2000
616.811 63.2865
617.293 63.6549
617.776 63.2131
618.258 62.8473
618.740 63.1865
619.222 64.0596
619.704 65.0604
620.186 66.1656
620.668 67.2810
621.150 68.5500
621.632 69.6865
622.115 70.3481
622.597 70.3487
623.079 70.0921
623.561 69.2690
624.043 68.4395
624.525 68.4029
625.007 69.9143
625.489 71.5218
625.971 73.1952
626.454 74.8055
626.936 75.8965
627.418 76.2780
627.900 76.6382
628.382 77.2677
628.864 78.1070
629.346 78.7458
629.828 79.1740
630.310 79.5396
630.793 79.9316
631.275 80.3356
631.757 80.7845
632.239 81.2884
632.721 81.5917
633.203 81.3498
633.685 80.9123
634.167 80.7280
634.650 81.3371
635.132 81.4467
635.614 80.1926
636.096 78.3893
636.578 77.3506
637.060 77.7229
637.542 77.8256
638.024 77.2629
638.506 76.2929
638.989 75.9533
639.471 76.4551
639.953 76.3041
640.435 74.4472
640.917 71.4919
641.399 69.5714
641.881 68.6283
642.364 67.7113
642.846 66.1103
643.328 64.1829
643.810 62.1951
644.292 60.1608
644.774 58.6751
645.256 58.5525
645.738 58.7873
646.220 58.5699
646.703 57.4411
647.185 56.4866
647.667 55.8118
648.149 55.3006
648.631 54.7805
649.113 54.1761
649.595 53.7393
650.077 53.6263
650.559 53.6900
651.042 53.4605
651.524 52.9756
652.006 52.7780
652.488 53.5338
652.970 54.4095
653.452 53.8389
653.934 52.1366
654.416 50.8135
654.898 51.1082
655.381 51.7901
655.863 51.8252
656.345 51.0546
656.827 51.0921
657.309 53.4280
657.791 55.7585
658.273 56.6961
658.755 55.6854
659.237 54.9990
659.720 54.7257
660.202 54.6189
660.684 54.4231
661.166 54.1381
661.648 53.8660
662.130 53.6096
662.612 53.4026
663.094 53.2232
663.577 53.1292
664.059 53.2883
664.541 54.0519
665.023 54.7429
665.505 54.8056
665.987 54.4370
666.469 54.1225
666.951 54.2524
667.433 54.2180
667.916 53.5519
668.398 52.4115
668.880 52.0732
669.362 52.9651
669.844 53.8447
670.326 54.1573
670.808 53.9250
671.291 53.4098
671.773 52.5459
672.255 52.0298
672.737 52.8786
673.219 54.4139
673.701 55.1508
674.183 54.8568
674.665 54.4449
675.147 54.5797
675.630 54.9499
676.112 55.1965
676.594 55.0161
677.076 55.0990
677.558 55.9149
678.040 56.9352
678.522 57.4760
679.004 57.3360
679.487 57.1177
679.969 56.8449
680.451 56.5934
680.933 56.5534
681.415 56.7265
681.897 56.9150
682.379 57.1695
682.861 57.3038
683.343 56.9525
683.826 56.2277
684.308 55.4834
684.790 54.8553
685.272 54.3383
685.754 53.8760
686.236 53.4865
686.718 53.4000
687.200 54.1322
687.682 54.7674
688.165 54.7989
688.647 54.0772
689.129 53.8599
689.611 54.3721
690.093 54.8987
690.575 54.6683
691.057 53.7828
691.539 53.6994
692.021 54.6113
692.504 55.6863
692.986 56.0178
693.468 55.9395
693.950 55.8894
694.432 55.9533
694.914 56.2720
695.396 57.2149
695.878 58.3685
696.360 59.1626
696.843 59.1098
697.325 59.2145
697.807 59.6963
698.289 60.4053
698.771 61.0268
699.253 61.4624
699.735 62.0826
700.218 63.1987
700.700 64.5259
701.182 65.2235
701.664 65.3996
702.146 65.8114
702.628 67.0867
703.110 68.6210
703.592 69.7950
704.074 70.6575
704.557 71.4647
705.039 72.3819
705.521 73.1653
706.003 73.4961
706.485 73.3079
706.967 74.0833
707.449 76.4208
707.931 78.8574
708.414 80.6955
708.896 81.9401
709.378 82.4546
709.860 82.0957
710.342 81.6740
710.824 81.9725
711.306 82.8735
711.788 84.2841
712.270 86.2995
712.753 87.9882
713.235 88.4742
713.717 88.3462
714.199 88.1637
714.681 87.8316
715.163 87.8779
715.645 88.5753
716.127 89.6069
716.609 90.5807
717.092 91.1189
717.574 92.7514
718.056 95.8888
718.538 99.8719
719.020 103.755
719.502 107.484
719.984 111.012
720.466 114.364
720.948 117.522
721.431 120.349
721.913 122.948
722.395 125.457
722.877 128.179
723.359 130.616
723.841 132.956
724.323 134.905
724.805 135.355
725.287 135.492
725.770 132.208
726.252 123.754
726.734 111.221
727.216 99.0958
727.698 87.3502
728.180 77.1965
728.662 69.1433
729.144 63.1237
729.627 59.2890
730.109 57.5155
730.591 56.5364
731.073 55.9835
731.555 55.6263
732.037 55.3675
732.519 55.2150
733.001 54.8996
733.484 54.2591
733.966 53.5400
734.448 52.8371
734.930 52.1199
735.412 51.5385
735.894 51.0618
736.376 50.8385
736.858 51.2395
737.341 52.0312
737.823 52.2742
738.305 51.8575
738.787 51.2059
739.269 50.2063
739.751 50.6078
740.233 50.4621
740.715 51.3746
741.197 52.6236
741.680 51.9426
742.162 50.7639
742.644 50.5512
743.126 51.9678
743.608 52.6017
744.090 52.0766
744.572 51.1536
745.054 50.8704
745.536 51.1823
746.019 51.7868
746.501 52.8315
746.983 53.5618
747.465 52.5949
747.947 50.8248
748.429 50.1956
748.911 50.9772
749.393 51.8921
749.875 51.2449
750.358 50.1351
750.840 50.5787
751.322 50.7096
751.804 51.4320
752.286 50.9720
752.768 50.0996
753.250 50.2707
753.732 50.4194
754.214 50.7645
754.697 50.1226
755.179 50.8447
755.661 51.3544
756.143 51.4191
756.625 51.0602
757.107 50.4076
757.589 51.6031
758.071 51.7841
758.554 51.1182
759.036 50.4424
759.518 50.3137
760.000 50.8698
760.482 51.1063
760.964 51.0808
761.446 51.0931
761.928 51.1517
762.411 51.0343
762.893 50.3666
763.375 50.4216
763.857 50.4934
764.339 50.0315
764.821 50.5258
765.303 50.6384
765.785 50.6390
766.268 50.7623
766.750 51.0033
767.232 50.8037
767.714 50.1956
768.196 51.1526
768.678 51.7216
769.160 51.9254
769.642 51.9483
770.124 51.7804
770.607 51.5852
771.089 51.5226
771.571 51.4854
772.053 51.1124
772.535 50.4436
773.017 50.1850
773.499 51.2917
773.981 52.5102
774.463 53.0333
774.946 52.7188
775.428 52.0794
775.910 50.7113
776.392 50.3734
776.874 50.4655
777.356 50.4579
777.838 50.8506
778.320 50.6785
778.802 50.3974
779.285 50.4100
779.767 50.5647
780.249 50.5319
780.731 50.2843
781.213 50.2186
781.695 50.7275
782.177 51.3724
782.659 51.8419
783.141 52.0463
783.624 52.2771
784.106 52.6512
784.588 52.8663
785.070 52.5759
785.552 51.7779
786.034 51.3975
786.516 51.4834
786.998 51.7181
787.481 51.9389
787.963 52.0711
788.445 51.9276
788.927 51.4396
789.409 51.1351
789.891 51.6196
790.373 52.1504
790.855 52.0675
791.338 50.9574
791.820 50.4168
792.302 50.5281
792.784 51.0404
793.266 52.0218
793.748 53.3669
794.230 53.7408
794.712 52.9585
795.194 52.1354
795.677 52.3715
796.159 53.1154
796.641 53.7189
797.123 54.0789
797.605 54.2330
798.087 54.0972
798.569 53.9013
799.051 53.7717
799.533 53.6298
800.016 53.8856
800.498 54.6862
800.980 55.5280
801.462 55.7776
801.944 55.6092
802.426 56.0264
802.908 57.1958
803.390 58.0207
803.872 57.0295
804.355 55.5026
804.837 54.8411
805.319 55.5219
805.801 56.1657
806.283 56.4329
806.765 56.5852
807.247 56.7911
807.729 57.1118
808.211 57.1316
808.694 56.7422
809.176 56.4395
809.658 56.6742
810.140 57.2828
810.622 57.9611
811.104 58.7081
811.586 59.0754
812.068 58.2727
812.551 57.2216
813.033 56.6455
813.515 56.8158
813.997 57.1134
814.479 57.7028
814.961 58.2609
815.443 58.3462
815.925 57.9312
816.407 57.9218
816.890 58.3703
817.372 58.8929
817.854 59.3154
818.336 59.5469
818.818 59.3242
819.300 58.5811
819.782 57.9927
820.265 58.1114
820.747 58.3733
821.229 58.2526
821.711 57.5106
822.193 57.4730
822.675 58.4543
823.157 59.3402
823.639 59.0953
824.121 57.9685
824.604 57.3107
825.086 57.1952
825.568 57.3691
826.050 58.0179
826.532 58.4628
827.014 57.7498
827.496 55.6896
827.978 54.4105
828.460 55.4391
828.943 56.3832
829.425 56.0044
829.907 54.2575
830.389 53.3889
830.871 53.4471
831.353 53.9944
831.835 55.1393
832.317 56.4129
832.799 56.6271
833.282 55.8814
833.764 55.3784
834.246 56.1736
834.728 57.0347
835.210 57.2492
835.692 56.6974
836.174 56.2395
836.656 55.9703
837.138 55.5756
837.621 54.7656
838.103 53.7340
838.585 53.5450
839.067 54.1354
839.549 54.6974
840.031 54.7262
840.513 54.4365
840.995 53.9150
841.478 53.2262
841.960 52.6508
842.442 52.0390
842.924 51.9015
843.406 52.6899
843.888 54.0722
844.370 54.4053
844.852 53.5160
845.334 52.5341
845.817 51.7801
846.299 51.3717
846.781 51.6725
847.263 52.4873
847.745 53.2201
848.227 53.5548
848.709 53.7380
849.192 53.7997
849.674 53.8304
850.156 54.0816
850.638 54.8497
851.120 55.1565
851.602 54.6671
852.084 53.7806
852.566 53.2789
853.048 53.1498
853.531 53.3634
854.013 54.0207
854.495 54.7896
854.977 55.7447
855.459 56.4953
855.941 56.4543
856.423 54.2796
856.905 52.9057
857.388 52.6698
857.870 53.1973
858.352 54.2886
858.834 56.0103
859.316 56.7125
859.798 55.9906
860.280 54.9597
860.762 54.9185
861.244 55.4102
861.727 55.7644
862.209 55.8861
862.691 55.6971
863.173 54.7904
863.655 53.8249
864.137 53.3551
864.619 53.4930
865.101 53.7366
865.583 54.1193
866.066 54.4901
866.548 54.7122
867.030 54.8125
867.512 54.7747
867.994 54.5947
868.476 54.6747
868.958 55.8636
869.440 56.9431
869.922 56.8640
870.405 55.2954
870.887 54.3662
871.369 54.1774
871.851 54.4695
872.333 55.2887
872.815 56.4896
873.297 57.4435
873.779 58.1215
874.261 58.2202
874.744 56.8265
875.226 55.3590
875.708 55.1025
876.190 55.8969
876.672 56.6539
877.154 57.1409
877.636 57.5468
878.119 57.8886
878.601 58.1872
879.083 58.4642
879.565 58.7177
880.047 59.1433
880.529 59.9621
881.011 60.7767
881.493 60.6965
881.975 60.2770
882.458 60.6653
882.940 63.3902
883.422 65.5843
883.904 66.2590
884.386 66.2335
884.868 66.6678
885.350 67.6765
885.832 68.4518
886.315 68.8905
886.797 69.0396
887.279 68.8324
887.761 68.4097
888.243 68.0389
888.725 67.8069
889.207 67.5267
889.689 67.3116
890.171 66.8661
890.654 65.9206
891.136 64.3288
891.618 62.7502
892.100 61.1393
892.582 59.6642
893.064 58.4752
893.546 57.5396
894.028 56.9765
894.510 56.7564
894.993 56.1444
895.475 54.2273
895.957 52.1807
896.439 50.6554
896.921 50.2818
897.403 50.8239
897.885 50.8750
898.367 50.7471
898.849 50.4888
899.332 50.1880
899.814 50.1015
900.296 50.2110
900.778 50.4259
901.260 50.9383
901.742 51.3036
902.224 51.0832
902.706 50.5067
903.188 50.1752
903.671 50.2524
904.153 50.3744
904.635 50.5523
905.117 50.6713
905.599 50.4879
906.081 50.0508
906.563 50.4502
907.045 51.0545
907.528 51.4257
908.010 50.9295
908.492 50.2191
908.974 50.0643
909.456 50.9800
909.938 51.6551
910.420 51.8859
910.902 52.1362
911.385 53.0020
911.867 54.3650
912.349 54.7675
912.831 54.1507
913.313 53.5428
913.795 53.8357
914.277 54.4168
914.759 54.6272
915.242 54.4395
915.724 54.7059
916.206 55.7414
916.688 56.9823
917.170 58.3941
917.652 59.8107
918.134 60.3283
918.616 60.0146
919.098 59.7418
919.581 59.7285
920.063 60.1482
920.545 61.5142
921.027 63.3934
921.509 64.9028
921.991 65.4789
922.473 66.0997
922.955 66.9248
923.437 67.7881
923.920 68.3334
924.402 68.6037
924.884 69.3181
925.366 70.6858
925.848 72.0092
926.330 72.4515
926.812 72.5655
927.294 73.0973
927.776 74.5179
928.259 75.0959
928.741 74.0078
929.223 72.8904
929.705 72.7704
930.187 73.6038
930.669 74.8784
931.151 76.5738
931.633 77.8304
932.115 77.9815
932.598 77.5490
933.080 76.7969
933.562 75.8389
934.044 75.0981
934.526 74.7645
935.008 74.5496
935.490 74.4420
935.972 74.4019
936.455 74.2209
936.937 73.8898
937.419 73.7497
937.901 73.8742
938.383 74.3976
938.865 75.7938
939.347 77.5549
939.829 78.9782
940.312 79.9939
940.794 80.5714
941.276 80.6909
941.758 80.4340
942.240 79.9630
942.722 79.2299
943.204 77.6138
943.686 75.0844
944.169 72.4104
944.651 69.8761
945.133 67.7213
945.615 66.2693
946.097 65.5208
946.579 64.8290
947.061 63.9303
947.543 63.4848
948.025 63.9175
948.508 64.8147
948.990 64.6406
949.472 63.6885
949.954 63.5068
950.436 65.4202
950.918 67.3116
951.400 67.4524
951.882 66.7538
952.364 66.6588
952.847 67.5468
953.329 68.5458
953.811 69.7307
954.293 70.7880
954.775 71.1968
955.257 71.1501
955.739 71.2437
956.221 71.5460
956.703 72.0589
957.186 73.3105
957.668 74.3257
958.150 74.1969
958.632 72.9019
959.114 72.2141
959.596 72.4335
960.078 72.2299
960.560 70.5721
961.042 68.4891
961.525 68.5594
962.007 70.1506
962.489 71.3642
962.971 71.0971
963.453 70.6087
963.935 70.2720
964.417 70.0319
964.899 69.8729
965.382 69.9156
965.864 69.4301
966.346 68.2873
966.828 66.8189
967.310 65.1511
967.792 63.5516
968.274 62.5445
968.756 62.2091
969.239 62.0836
969.721 62.2863
970.203 62.1266
970.685 61.2328
971.167 59.7211
971.649 58.5055
972.131 57.5893
972.613 57.0648
973.096 57.2563
973.578 57.5612
974.060 57.2704
974.542 56.5612
975.024 55.7904
975.506 54.8328
975.988 54.1651
976.470 53.9531
976.952 53.9099
977.435 53.6802
977.917 53.2902
978.399 52.9683
978.881 52.7515
979.363 52.5023
979.845 52.1063
980.327 51.6380
980.809 51.0276
981.291 50.2487
981.774 50.1684
982.256 51.1336
982.738 52.0750
983.220 52.6857
983.702 52.8683
984.184 52.0077
984.666 50.4276
985.148 50.7225
985.630 50.8405
986.112 50.5881
986.595 50.0687
987.077 50.7351
987.559 50.7729
988.041 50.1996
988.523 50.3076
989.005 50.7136
989.487 51.8500
989.969 52.1296
990.452 51.8211
990.934 51.2251
991.416 50.3936
991.898 50.2111
992.380 50.1560
992.862 50.1053
993.344 50.4437
993.826 50.9730
994.308 50.5930
994.791 50.6750
995.273 51.3628
995.755 50.6759
996.237 50.3080
996.719 50.5022
997.201 50.2355
997.683 50.0274
998.166 50.1566
998.648 50.3324
999.130 50.6632
999.612 50.8554
1000.09 50.4185
1000.58 50.4234
1001.06 50.4609
1001.54 50.2878
1002.02 51.1104
1002.51 51.7546
1002.99 52.1282
1003.47 52.0341
1003.95 51.5853
1004.43 51.2096
1004.91 50.8116
1005.40 50.9248
1005.88 51.8117
1006.36 52.9509
1006.84 53.9467
1007.33 54.5316
1007.81 54.0536
1008.29 51.8896
1008.77 50.2695
1009.25 50.2008
1009.74 50.6707
1010.22 51.2380
1010.70 51.8962
1011.18 52.1386
1011.66 51.9750
1012.15 51.6802
1012.63 51.1899
1013.11 50.8461
1013.59 51.1895
1014.08 51.9316
1014.56 52.2198
1015.04 51.5538
1015.52 51.2304
1016.00 51.5609
1016.49 51.9671
1016.97 51.3547
1017.45 50.1776
1017.93 50.0428
1018.41 51.2642
1018.90 52.1714
1019.38 51.4438
1019.86 50.4383
1020.34 50.0409
1020.83 50.0262
1021.31 50.1343
1021.79 50.4771
1022.27 50.5865
1022.75 50.1408
1023.24 50.3981
1023.72 50.4742
1024.20 50.1889
1024.68 50.2990
1025.16 51.6778
1025.65 51.9534
1026.13 50.2591
1026.61 51.4406
1027.09 51.1948
1027.57 50.6924
1028.06 52.4492
1028.54 53.9696
1029.02 54.9883
1029.50 54.5498
1029.98 54.2735
1030.47 55.4799
1030.95 57.7270
1031.43 59.1937
1031.91 59.7153
1032.40 60.0704
1032.88 60.3221
1033.36 60.7383
1033.84 61.4672
1034.32 62.6847
1034.81 64.8141
1035.29 68.1460
1035.77 71.3838
1036.25 73.9875
1036.73 76.7585
1037.22 80.0727
1037.70 83.9126
1038.18 88.0630
1038.66 92.5216
1039.15 96.9431
1039.63 100.713
1040.11 104.969
1040.59 110.843
1041.07 117.558
1041.56 123.830
1042.04 129.138
1042.52 135.293
1043.00 142.370
1043.48 150.021
1043.97 158.139
1044.45 166.549
1044.93 175.192
1045.41 184.036
1045.90 193.160
1046.38 203.478
1046.86 213.148
1047.34 221.600
1047.82 229.102
1048.31 236.661
1048.79 244.027
1049.27 249.518
1049.75 252.687
1050.23 253.990
1050.72 253.254
1051.20 251.087
1051.68 247.816
1052.16 243.521
1052.65 239.148
1053.13 234.688
1053.61 229.780
1054.09 223.181
1054.57 216.905
1055.06 213.700
1055.54 213.521
1056.02 216.169
1056.50 222.122
1056.98 230.365
1057.47 240.688
1057.95 253.046
1058.43 268.162
1058.91 285.495
1059.39 301.291
1059.88 315.302
1060.36 330.083
1060.84 344.998
1061.32 363.416
1061.81 386.969
1062.29 415.727
1062.77 449.598
1063.25 488.164
1063.73 532.752
1064.21 583.877
1064.70 640.758
1065.18 709.275
1065.66 780.312
1066.14 842.341
1066.63 891.229
1067.11 938.577
1067.59 992.036
1068.07 1034.00
1068.56 1066.16
1069.04 1074.30
1069.52 1004.24
1070.00 871.519
1070.48 727.628
1070.96 577.129
1071.45 444.969
1071.93 342.318
1072.41 263.023
1072.89 201.913
1073.38 160.129
1073.86 128.272
1074.34 106.749
1074.82 91.6410
1075.30 83.1740
1075.79 77.6997
1076.27 72.6080
1076.75 68.0417
1077.23 65.0429
1077.71 64.1886
1078.20 63.3826
1078.68 62.3436
1079.16 61.0608
1079.64 59.1640
1080.13 57.1846
1080.61 56.3242
1081.09 56.7300
1081.57 56.6116
1082.05 54.3662
1082.54 52.8087
1083.02 53.0464
1083.50 54.4011
1083.98 55.2342
1084.46 55.4535
1084.95 54.8679
1085.43 53.1106
1085.91 51.5792
1086.39 50.9742
1086.88 51.1147
1087.36 52.0848
1087.84 53.9810
1088.32 54.3056
1088.80 52.9739
1089.29 51.5896
1089.77 50.9197
1090.25 50.7242
1090.73 51.0388
1091.21 51.5736
1091.70 51.7520
1092.18 51.0410
1092.66 50.9605
1093.14 51.7360
1093.63 52.5829
1094.11 52.8351
1094.59 52.6258
1095.07 51.9949
1095.55 51.0763
1096.04 50.5480
1096.52 51.2101
1097.00 51.5736
1097.48 51.1349
1097.96 50.4149
1098.45 50.2312
1098.93 50.5316
1099.41 51.1491
1099.89 52.0715
1100.37 52.8369
1100.86 53.0408
1101.34 53.0995
1101.82 53.2819
1102.30 53.5433
1102.79 53.5973
1103.27 53.4458
1103.75 53.3188
1104.23 53.2341
1104.71 53.1872
1105.19 52.8323
1105.68 52.6986
1106.16 53.5664
1106.64 55.8882
1107.12 57.3973
1107.61 58.0375
1108.09 58.0388
1108.57 57.0325
1109.05 55.9239
1109.53 56.6444
1110.02 58.3842
1110.50 59.4635
1110.98 58.2790
1111.46 58.1773
1111.94 59.7752
1112.43 61.6298
1112.91 62.7457
1113.39 63.1677
1113.87 62.8735
1114.36 62.0059
1114.84 61.2824
1115.32 61.4672
1115.80 61.3087
1116.28 60.0655
1116.77 58.5333
1117.25 57.8063
1117.73 57.8444
1118.21 58.1148
1118.69 58.5671
1119.18 58.6563
1119.66 57.3362
1120.14 56.1096
1120.62 56.3052
1121.10 57.4442
1121.59 57.7059
1122.07 56.9798
1122.55 56.5561
1123.03 56.8144
1123.52 56.9170
1124.00 55.3929
1124.48 53.6483
1124.96 53.4901
1125.44 55.3091
1125.93 55.5062
1126.41 53.4845
1126.89 51.8767
1127.37 51.7373
1127.85 52.2962
1128.34 52.6363
1128.82 52.7100
1129.30 52.3462
1129.78 51.2181
1130.27 50.6560
1130.75 51.0967
1131.23 51.4193
1131.71 50.8402
1132.19 50.2271
1132.68 50.6317
1133.16 50.5063
1133.64 50.2505
1134.12 50.3249
1134.60 50.4600
1135.09 50.3612
1135.57 51.2647
1136.05 51.5727
1136.53 51.3248
1137.02 50.6644
1137.50 50.3247
1137.98 51.0756
1138.46 51.0986
1138.94 51.0316
1139.43 51.2225
1139.91 51.4376
1140.39 51.3123
1140.87 50.8510
1141.35 50.6582
1141.84 50.8015
1142.32 50.9818
1142.80 50.9631
1143.28 50.9222
1143.77 50.9687
1144.25 51.0998
1144.73 51.3201
1145.21 51.6713
1145.69 51.8064
1146.18 51.6597
1146.66 51.3588
1147.14 50.7412
1147.62 50.2527
1148.10 50.4616
1148.59 51.3483
1149.07 51.9472
1149.55 52.1190
1150.03 52.5432
1150.51 53.5616
1151.00 54.3992
1151.48 53.7950
1151.96 52.4938
1152.44 51.2945
1152.93 50.2480
1153.41 50.1580
1153.89 51.5187
1154.37 52.5540
1154.85 52.5417
1155.33 51.9271
1155.82 51.2565
1156.30 50.6677
1156.78 50.4748
1157.26 50.9535
1157.75 51.1372
1158.23 50.7107
1158.71 50.4014
1159.19 50.7487
1159.68 51.3727
1160.16 51.1095
1160.64 50.2955
1161.12 50.1515
1161.60 50.2983
1162.08 50.7426
1162.57 51.0006
1163.05 51.1994
1163.53 51.5036
1164.01 51.8272
1164.50 51.6143
1164.98 51.0061
1165.46 50.6033
1165.94 51.0400
1166.42 51.2716
1166.91 50.9488
1167.39 50.3453
1167.87 50.5054
1168.35 51.5049
1168.83 51.6011
1169.32 50.8622
1169.80 50.1402
1170.28 50.0965
1170.76 50.0413
1171.24 50.8681
1171.73 51.7991
1172.21 52.0092
1172.69 51.5410
1173.17 51.3002
1173.66 51.3513
1174.14 51.6370
1174.62 52.4317
1175.10 53.1308
1175.58 53.3192
1176.07 53.2032
1176.55 53.0999
1177.03 53.0110
1177.51 53.1015
1177.99 53.4006
1178.48 53.6805
1178.96 53.5167
1179.44 53.4972
1179.92 54.3207
1180.41 55.5955
1180.89 56.0373
1181.37 55.5931
1181.85 55.3333
1182.33 55.4608
1182.82 55.7084
1183.30 55.8169
1183.78 55.9499
1184.26 56.4336
1184.74 57.1060
1185.23 56.9678
1185.71 55.9339
1186.19 55.0316
1186.67 54.4605
1187.16 54.3332
1187.64 55.3697
1188.12 56.4673
1188.60 56.3430
1189.08 55.0353
1189.57 54.1948
1190.05 53.8128
1190.53 53.9772
1191.01 55.0253
1191.49 55.9074
1191.98 55.0350
1192.46 53.6319
1192.94 53.1378
1193.42 53.7101
1193.91 53.7811
1194.39 53.3422
1194.87 52.7354
1195.35 51.9951
1195.83 51.3001
1196.31 50.8091
1196.80 50.5695
1197.28 50.7809
1197.76 51.6071
1198.24 51.5835
1198.73 50.5539
1199.21 50.2563
1199.69 50.2157
1200.17 50.2472
1200.65 50.9733
1201.14 51.6611
1201.62 51.8216
1202.10 51.2567
1202.58 50.8170
1203.06 50.4811
1203.55 50.4322
1204.03 50.9313
1204.51 51.5729
1204.99 52.0891
1205.48 52.3502
1205.96 52.0233
1206.44 50.6530
1206.92 50.3374
1207.40 51.1860
1207.89 52.1177
1208.37 52.3390
1208.85 52.4059
1209.33 52.9869
1209.81 53.7492
1210.30 54.0851
1210.78 53.8615
1211.26 53.5374
1211.74 53.1047
1212.22 52.7284
1212.71 52.4414
1213.19 52.3479
1213.67 52.8438
1214.15 53.5441
1214.64 53.5786
1215.12 52.5242
1215.60 52.2158
1216.08 52.7795
1216.56 53.4227
1217.05 53.3820
1217.53 53.2658
1218.01 53.8886
1218.49 54.8484
1218.97 55.1456
1219.46 54.5162
1219.94 54.3674
1220.42 54.7827
1220.90 55.4300
1221.39 56.3015
1221.87 57.0399
1222.35 57.3216
1222.83 57.2024
1223.31 56.8473
1223.80 56.2065
1224.28 55.6111
1224.76 55.0594
1225.24 54.8377
1225.72 55.5821
1226.21 56.3033
1226.69 56.0801
1227.17 55.3359
1227.65 55.0877
1228.14 55.3721
1228.62 55.7245
1229.10 56.1420
1229.58 56.3076
1230.06 55.6701
1230.55 54.9724
1231.03 54.8228
1231.51 55.0463
1231.99 55.1913
1232.47 55.2483
1232.96 55.2620
1233.44 55.2377
1233.92 55.0786
1234.40 54.3421
1234.89 53.8083
1235.37 54.5724
1235.85 55.7178
1236.33 55.2697
1236.81 53.2204
1237.30 52.4521
1237.78 53.2326
1238.26 53.8893
1238.74 52.9897
1239.22 51.8752
1239.71 51.0349
1240.19 50.6593
1240.67 51.3068
1241.15 52.8665
1241.63 54.1934
1242.12 55.1658
1242.60 55.6703
1243.08 55.3670
1243.56 54.8646
1244.05 54.2679
1244.53 53.7578
1245.01 53.7349
1245.49 54.1169
1245.97 54.3101
1246.46 54.3046
1246.94 54.2360
1247.42 54.2169
1247.90 53.8581
1248.38 52.7914
1248.87 51.7231
1249.35 52.0301
1249.83 53.1946
1250.31 53.4893
1250.80 52.7977
1251.28 52.1026
1251.76 51.7491
1252.24 51.5840
1252.72 51.6168
1253.20 51.7355
1253.69 51.6971
1254.17 51.6441
1254.65 52.1231
1255.13 53.0642
1255.62 53.3287
1256.10 51.8486
1256.58 50.8692
1257.06 50.8264
1257.54 51.2505
1258.03 51.6864
1258.51 52.0963
1258.99 52.4210
1259.47 52.6576
1259.95 52.8191
1260.44 52.8867
1260.92 52.9563
1261.40 53.0663
1261.88 53.0789
1262.36 52.8959
1262.85 52.4943
1263.33 51.6234
1263.81 50.4529
1264.29 50.0175
1264.78 50.4916
1265.26 50.5753
1265.74 50.0205
1266.22 50.6148
1266.70 50.5223
1267.19 50.1285
1267.67 50.3032
1268.15 50.6976
1268.63 50.8211
1269.11 50.6253
1269.60 50.7958
1270.08 51.4298
1270.56 52.0627
1271.04 52.2440
1271.53 52.3924
1272.01 52.9663
1272.49 53.6023
1272.97 53.5589
1273.45 52.8947
1273.94 52.3884
1274.42 52.1145
1274.90 52.0192
1275.38 52.5512
1275.86 52.7551
1276.35 52.0725
1276.83 51.0937
1277.31 50.5797
1277.79 50.5095
1278.28 50.9136
1278.76 51.6852
1279.24 52.2107
1279.72 51.5453
1280.20 51.3165
1280.69 51.6579
1281.17 51.9512
1281.65 51.2848
1282.13 50.2865
1282.61 50.6824
1283.10 52.2144
1283.58 52.9902
1284.06 51.7952
1284.54 51.3352
1285.03 51.9851
1285.51 52.6016
1285.99 51.9059
1286.47 50.7284
1286.95 50.1141
1287.44 50.0750
1287.92 50.0704
1288.40 50.6260
1288.88 51.0396
1289.36 51.3113
1289.85 51.2596
1290.33 50.5133
1290.81 50.1312
1291.29 50.0860
1291.77 50.1831
1292.26 50.0000
