179.382 50.0000
179.864 50.7260
180.346 56.7840
180.828 70.4100
181.310 76.1000
181.792 64.7970
182.274 50.3560
182.757 54.6140
183.239 50.3870
183.721 55.2690
184.203 57.8350
184.685 57.9060
185.167 57.9160
185.649 58.3020
186.131 60.1930
186.613 58.9810
187.096 55.4670
187.578 53.6340
188.060 56.6610
188.542 63.9260
189.024 67.2820
189.506 63.5300
189.988 60.4270
190.470 65.7240
190.952 77.3090
191.435 82.2780
191.917 64.6320
192.399 69.3680
192.881 85.8350
193.363 71.9850
193.845 53.4200
194.327 50.9380
194.809 56.6560
195.292 62.5470
195.774 53.6630
196.256 66.9160
196.738 80.2910
197.220 84.2510
197.702 80.8200
198.184 68.8300
198.666 50.8880
199.148 65.8980
199.631 79.6580
200.113 90.7200
200.595 93.9180
201.077 84.7550
201.559 73.0770
202.041 63.3960
202.523 55.4260
203.005 50.3790
203.488 55.2080
203.970 57.7120
204.452 51.2080
204.934 71.4200
205.416 92.4310
205.898 102.412
206.380 103.876
206.862 102.178
207.344 98.7240
207.827 93.7890
208.309 90.5620
208.791 91.4200
209.273 90.3870
209.755 81.2160
210.237 68.0660
210.719 59.9190
211.201 62.7300
211.684 73.0700
212.166 82.1280
212.648 90.6740
213.130 98.1330
213.612 103.811
214.094 107.702
214.576 110.918
215.058 115.573
215.540 118.376
216.023 109.955
216.505 85.0000
216.987 65.4910
217.469 61.5480
217.951 67.2290
218.433 77.8760
218.915 94.9160
219.397 111.267
219.880 113.343
220.362 97.0210
220.844 82.4220
221.326 79.5520
221.808 81.3610
222.290 81.6600
222.772 78.5390
223.254 74.2870
223.736 71.1200
224.219 68.9840
224.701 69.7880
225.183 78.6630
225.665 88.3920
226.147 92.6000
226.629 89.5110
227.111 83.1130
227.593 75.3920
228.076 65.9300
228.558 62.0400
229.040 71.4630
229.522 83.5420
230.004 88.8710
230.486 86.4110
230.968 81.1540
231.450 76.0830
231.932 71.2500
232.415 68.2660
232.897 69.5070
233.379 70.8680
233.861 66.9480
234.343 57.9050
234.825 52.0070
235.307 57.0540
235.789 71.0510
236.271 83.5470
236.754 93.6760
237.236 99.7060
237.718 102.742
238.200 102.764
238.682 98.9980
239.164 85.3220
239.646 67.6450
240.128 63.4400
240.611 79.4740
241.093 97.4570
241.575 102.404
242.057 97.4900
242.539 90.7010
243.021 80.2160
243.503 71.1200
243.985 75.0490
244.467 95.8090
244.950 113.822
245.432 111.224
245.914 95.0690
246.396 80.4770
246.878 68.3250
247.360 60.5830
247.842 61.6190
248.324 71.7590
248.807 81.3940
249.289 84.8950
249.771 83.6910
250.253 81.9180
250.735 77.5450
251.217 75.0390
251.699 81.4430
252.181 94.9120
252.663 101.198
253.146 90.1110
253.628 69.8520
254.110 60.5490
254.592 67.1710
255.074 74.8320
255.556 75.7220
256.038 71.8290
256.520 68.8970
257.003 69.4210
257.485 71.2660
257.967 69.8300
258.449 63.8530
258.931 59.5460
259.413 60.4280
259.895 63.6300
260.377 64.4700
260.859 61.6160
261.341 57.3290
261.824 54.5090
262.306 53.4950
262.788 52.2560
263.270 51.0750
263.752 53.7980
264.234 52.6380
264.716 52.6740
265.198 59.0780
265.681 63.6740
266.163 66.1010
266.645 68.1310
267.127 72.4700
267.609 74.4080
268.091 68.1780
268.573 55.6740
269.055 54.3670
269.538 54.8220
270.020 54.0670
270.502 60.4490
270.984 64.5080
271.466 66.4600
271.948 64.2960
272.430 60.1260
272.912 58.4670
273.394 62.1380
273.877 69.3520
274.359 72.5750
274.841 65.6660
275.323 62.1080
275.805 66.3210
276.287 73.5880
276.769 79.0230
277.251 80.6420
277.733 78.5910
278.216 72.7090
278.698 56.9940
279.180 52.2860
279.662 50.4540
280.144 54.1610
280.626 54.8780
281.108 50.6980
281.590 54.4230
282.073 55.5270
282.555 51.4840
283.037 52.7970
283.519 57.3160
284.001 62.0730
284.483 68.1310
284.965 74.6040
285.447 78.7160
285.930 77.0600
286.412 70.0290
286.894 67.9280
287.376 74.6180
287.858 82.0070
288.340 86.5760
288.822 90.1040
289.304 96.6460
289.786 110.099
290.268 125.665
290.751 129.052
291.233 115.291
291.715 99.9570
292.197 85.8930
292.679 73.6630
293.161 63.7450
293.643 56.1560
294.125 51.6490
294.608 52.5540
295.090 59.5930
295.572 64.8840
296.054 65.4220
296.536 64.1310
297.018 63.6290
297.500 64.1630
297.982 63.8920
298.465 60.1020
298.947 53.9830
299.429 51.7250
299.911 56.0470
300.393 61.3030
300.875 61.8690
301.357 58.5810
301.839 55.7990
302.321 57.8200
302.804 60.3540
303.286 54.7610
303.768 60.5890
304.250 73.5810
304.732 73.9450
305.214 64.3860
305.696 57.5720
306.178 55.4320
306.660 55.1830
307.143 55.3430
307.625 55.9630
308.107 57.1330
308.589 59.0500
309.071 61.3200
309.553 62.6880
310.035 62.8780
310.517 62.8600
311.000 63.6890
311.482 64.3620
311.964 63.0760
312.446 59.2100
312.928 53.9410
313.410 51.0600
313.892 56.2980
314.374 59.6520
314.857 61.4520
315.339 61.1890
315.821 56.2800
316.303 52.1330
316.785 58.0530
317.267 55.0210
317.749 58.0520
318.231 63.7630
318.713 52.6540
319.195 55.4190
319.678 50.3190
320.160 61.8620
320.642 69.0920
321.124 64.0970
321.606 50.8470
322.088 57.3640
322.570 62.0600
323.052 58.2140
323.535 66.0920
324.017 92.1300
324.499 100.923
324.981 87.5530
325.463 65.4480
325.945 52.4680
326.427 50.1420
326.909 51.8760
327.392 55.3200
327.874 58.0040
328.356 56.0240
328.838 51.0450
329.320 50.9380
329.802 68.9480
330.284 97.8360
330.766 104.717
331.248 78.9680
331.731 52.8360
332.213 51.9920
332.695 55.9230
333.177 62.1890
333.659 62.7360
334.141 59.7310
334.623 53.3460
335.105 56.0900
335.587 60.8490
336.070 55.6030
336.552 55.0420
337.034 62.3750
337.516 66.8450
337.998 67.0190
338.480 58.7280
338.962 53.6020
339.444 62.1600
339.927 65.0410
340.409 63.5730
340.891 58.7870
341.373 50.1160
341.855 58.9720
342.337 71.0070
342.819 80.3040
343.301 79.9920
343.784 71.8790
344.266 65.8280
344.748 70.0250
345.230 83.0790
345.712 86.8560
346.194 71.4440
346.676 58.8420
347.158 55.0740
347.640 56.2860
348.122 57.3960
348.605 56.3760
349.087 54.0290
349.569 51.6860
350.051 50.8000
350.533 52.9550
351.015 56.5580
351.497 58.5220
351.979 55.0070
352.462 52.9800
352.944 59.5080
353.426 57.6710
353.908 51.9270
354.390 55.6190
354.872 52.3780
355.354 57.9140
355.836 51.7570
356.319 60.0940
356.801 67.0260
357.283 62.5730
357.765 54.5110
358.247 56.3610
358.729 69.2720
359.211 76.3770
359.693 67.9230
360.175 53.0300
360.658 56.5100
361.140 60.1570
361.622 59.9900
362.104 53.7300
362.586 55.1070
363.068 57.9560
363.550 52.3280
364.032 53.7700
364.514 50.8460
364.997 61.6150
365.479 67.8400
365.961 63.6310
366.443 55.8760
366.925 53.4220
367.407 62.8090
367.889 67.8890
368.371 65.5510
368.853 58.1160
369.336 54.6260
369.818 58.7900
370.300 62.1340
370.782 63.7180
371.264 64.4350
371.746 63.8510
372.228 62.4310
372.711 63.5060
373.193 73.6050
373.675 97.5810
374.157 109.294
374.639 94.9640
375.121 81.0690
375.603 78.7470
376.085 84.7800
376.567 89.9580
377.049 88.3050
377.532 82.3460
378.014 80.3510
378.496 85.5990
378.978 85.4820
379.460 63.6330
379.942 59.8480
380.424 63.5880
380.906 58.2340
381.389 82.6250
381.871 91.9650
382.353 88.9640
382.835 83.0830
383.317 74.9200
383.799 66.9390
384.281 61.9360
384.763 59.5240
385.246 57.5050
385.728 55.4340
386.210 53.7040
386.692 53.7640
387.174 54.8970
387.656 53.0170
388.138 55.1320
388.620 66.8360
389.102 71.6280
389.585 64.4430
390.067 57.4260
390.549 50.1860
391.031 55.9620
391.513 55.8780
391.995 50.2420
392.477 57.0320
392.959 57.3580
393.441 50.7640
393.924 53.1930
394.406 59.9890
394.888 69.0430
395.370 63.9300
395.852 50.4320
396.334 60.7770
396.816 64.1600
397.298 61.5330
397.780 55.4570
398.263 55.8880
398.745 63.4790
399.227 62.6810
399.709 58.4120
400.191 53.9930
400.673 50.2540
401.155 54.3260
401.638 58.9010
402.120 63.2430
402.602 64.9820
403.084 63.4030
403.566 61.7080
404.048 62.4380
404.530 65.2530
405.012 67.8270
405.494 72.2380
405.977 74.2240
406.459 68.5160
406.941 58.7910
407.423 54.1020
407.905 58.3110
408.387 66.6800
408.869 70.4910
409.351 66.1080
409.833 64.7080
410.316 71.3100
410.798 76.6400
411.280 71.5150
411.762 58.7540
412.244 50.1000
412.726 55.8150
413.208 72.6920
413.690 78.8140
414.172 65.2800
414.655 55.6190
415.137 58.5320
415.619 65.8670
416.101 69.3910
416.583 66.9000
417.065 62.7380
417.547 61.7540
418.029 63.4170
418.512 62.4500
418.994 56.9530
419.476 50.9480
419.958 52.6440
420.440 54.1560
420.922 53.9870
421.404 53.5630
421.886 50.3740
422.368 62.8950
422.851 82.2240
423.333 89.8470
423.815 75.7020
424.297 50.3330
424.779 63.3840
425.261 57.1120
425.743 55.5610
426.225 68.6330
426.708 80.8230
427.190 75.5690
427.672 55.2040
428.154 62.1530
428.636 60.3550
429.118 58.2240
429.600 65.5920
430.082 52.5600
430.565 59.0560
431.047 66.4800
431.529 69.5350
432.011 67.0260
432.493 58.6650
432.975 51.1310
433.457 57.9180
433.939 61.7260
434.421 63.2540
434.904 60.7420
435.386 59.2360
435.868 65.1350
436.350 75.4650
436.832 81.3940
437.314 78.5660
437.796 72.2510
438.278 64.6420
438.760 56.6220
439.243 52.5330
439.725 54.6660
440.207 59.8790
440.689 62.4400
441.171 61.3160
441.653 59.6790
442.135 55.8480
442.617 52.9180
443.099 53.8680
443.582 57.9620
444.064 62.1620
444.546 64.4200
445.028 64.8630
445.510 64.0430
445.992 61.5110
446.474 58.5480
446.957 54.6440
447.439 50.8610
447.921 50.8070
448.403 50.3540
448.885 51.9010
449.367 60.4310
449.849 74.1990
450.331 86.9640
450.813 99.7540
451.296 107.007
451.778 102.128
452.260 88.9510
452.742 77.3140
453.224 66.1560
453.706 59.5300
454.188 63.0260
454.670 71.9530
455.152 76.8930
455.635 75.1360
456.117 70.5400
456.599 67.4570
457.081 65.4500
457.563 67.6620
458.045 81.7890
458.527 91.5160
459.009 85.9950
459.491 72.0910
459.974 61.9120
460.456 61.2890
460.938 66.9660
461.420 73.9030
461.902 83.0650
462.384 88.9780
462.866 87.9420
463.348 86.0850
463.831 87.7470
464.313 92.2350
464.795 95.9380
465.277 95.7280
465.759 94.5670
466.241 98.1640
466.723 106.002
467.205 109.258
467.687 102.586
468.170 90.9450
468.652 85.3310
469.134 88.4310
469.616 89.1790
470.098 82.7130
470.580 75.6420
471.062 72.6170
471.544 74.2950
472.026 80.9360
472.509 93.7420
472.991 110.439
473.473 117.582
473.955 108.123
474.437 100.660
474.919 98.8620
475.401 99.4280
475.883 100.922
476.366 102.640
476.848 102.075
477.330 95.3570
477.812 84.6360
478.294 76.9600
478.776 72.3580
479.258 72.0090
479.740 79.4790
480.223 90.9570
480.705 97.0650
481.187 97.3670
481.669 92.9130
482.151 77.7450
482.633 60.7130
483.115 56.4340
483.597 66.5140
484.079 78.1740
484.561 78.8700
485.044 68.7840
485.526 64.3710
486.008 72.3650
486.490 78.3560
486.972 77.5790
487.454 74.6560
487.936 75.3840
488.418 81.1150
488.901 87.6070
489.383 92.5660
489.865 95.3620
490.347 86.4770
490.829 57.7790
491.311 66.3130
491.793 64.7060
492.275 52.0650
492.758 63.7730
493.240 65.0440
493.722 64.9810
494.204 70.5520
494.686 78.0210
495.168 79.3520
495.650 72.7590
496.132 64.7060
496.614 61.9220
497.097 64.6090
497.579 70.0770
498.061 83.7670
498.543 93.7960
499.025 94.3760
499.507 90.5670
499.989 89.3660
500.471 92.9380
500.953 96.8210
501.436 93.0500
501.918 81.9520
502.400 81.3880
502.882 98.1480
503.364 115.041
503.846 119.677
504.328 116.721
504.810 114.895
505.293 116.163
505.775 118.202
506.257 118.898
506.739 119.494
507.221 122.167
507.703 127.445
508.185 136.041
508.667 150.078
509.150 170.847
509.632 180.770
510.114 166.430
510.596 157.493
511.078 169.091
511.560 187.101
512.042 190.983
512.524 175.185
513.006 157.464
513.489 159.425
513.971 179.812
514.453 200.415
514.935 222.184
515.417 239.900
515.899 248.613
516.381 251.074
516.863 251.623
517.346 246.925
517.828 247.080
518.310 262.667
518.792 284.697
519.274 298.939
519.756 302.677
520.238 300.020
520.720 293.151
521.202 282.326
521.685 282.971
522.167 313.443
522.649 333.472
523.131 329.756
523.613 316.747
524.095 308.923
524.577 309.343
525.059 311.520
525.541 309.513
526.024 304.274
526.506 299.584
526.988 295.396
527.470 292.812
527.952 295.189
528.434 298.366
528.916 292.109
529.398 270.590
529.880 253.289
530.363 249.455
530.845 250.750
531.327 250.256
531.809 246.314
532.291 236.228
532.773 216.174
533.255 190.788
533.737 184.443
534.219 212.732
534.702 230.503
535.184 224.925
535.666 211.860
536.148 198.564
536.630 187.386
537.112 183.545
537.594 194.794
538.076 213.334
538.559 227.543
539.041 237.415
539.523 242.511
540.005 241.621
540.487 237.661
540.969 235.206
541.451 233.643
541.933 235.800
542.416 246.546
542.898 256.699
543.380 259.408
543.862 257.258
544.344 256.999
544.826 262.098
545.308 269.023
545.790 271.836
546.273 270.597
546.755 264.301
547.237 248.097
547.719 232.973
548.201 225.906
548.683 225.335
549.165 227.453
549.647 233.451
550.129 239.328
550.612 240.137
551.094 239.000
551.576 243.460
552.058 255.247
552.540 268.717
553.022 278.448
553.504 284.422
553.986 286.065
554.468 278.492
554.951 272.135
555.433 271.283
555.915 271.069
556.397 264.727
556.879 251.524
557.361 239.911
557.843 237.508
558.325 242.244
558.807 248.861
559.290 257.505
559.772 265.506
560.254 272.828
560.736 277.669
561.218 273.971
561.700 256.195
562.182 246.013
562.664 251.607
563.146 262.016
563.629 271.049
564.111 277.504
564.593 280.606
565.075 279.708
565.557 276.415
566.039 274.467
566.521 274.416
567.003 272.741
567.486 266.863
567.968 261.780
568.450 261.778
568.932 265.362
569.414 267.487
569.896 260.843
570.378 259.446
570.860 278.366
571.343 308.662
571.825 335.312
572.307 354.063
572.789 359.654
573.271 343.312
573.753 304.983
574.235 284.566
574.717 293.321
575.200 305.969
575.682 324.858
576.164 341.142
576.646 344.420
577.128 334.065
577.610 322.419
578.092 315.853
578.574 314.785
579.056 323.859
579.539 342.605
580.021 353.827
580.503 348.321
580.985 333.580
581.467 323.156
581.949 317.539
582.431 315.677
582.913 321.063
583.395 326.787
583.878 328.992
584.360 328.845
584.842 329.569
585.324 332.631
585.806 334.957
586.288 330.084
586.770 318.700
587.252 315.183
587.734 323.569
588.217 332.836
588.699 337.574
589.181 337.230
589.663 330.716
590.145 311.967
590.627 297.251
591.109 291.313
591.591 291.857
592.073 300.098
592.556 313.397
593.038 322.549
593.520 320.413
594.002 310.976
594.484 306.792
594.966 308.783
595.448 312.876
595.930 322.654
596.413 329.796
596.895 323.730
597.377 308.539
597.859 302.786
598.341 325.363
598.823 345.424
599.305 337.350
599.787 312.840
600.269 292.420
600.752 281.686
601.234 278.267
601.716 280.686
602.198 288.661
602.680 293.970
603.162 296.171
603.644 296.304
604.127 292.396
604.609 288.195
605.091 289.024
605.573 294.501
606.055 295.049
606.537 281.057
607.019 262.446
607.501 251.717
607.983 247.513
608.466 242.697
608.948 234.379
609.430 225.586
609.912 220.735
610.394 220.255
610.876 221.441
611.358 229.720
611.840 233.419
612.322 226.233
612.805 214.201
613.287 204.771
613.769 199.640
614.251 195.061
614.733 188.385
615.215 180.156
615.697 171.016
616.179 161.143
616.661 151.213
617.144 140.843
617.626 132.501
618.108 132.042
618.590 145.981
619.072 151.200
619.554 141.510
620.036 130.318
620.518 122.767
621.000 118.104
621.483 114.983
621.965 113.106
622.447 110.328
622.929 100.870
623.411 88.7220
623.893 89.9310
624.375 106.939
624.857 120.407
625.340 117.360
625.822 104.341
626.304 99.9130
626.786 113.040
627.268 118.822
627.750 107.427
628.232 97.4910
628.714 103.319
629.196 118.734
629.679 128.005
630.161 123.080
630.643 116.776
631.125 128.354
631.607 153.392
632.089 168.397
632.571 169.206
633.054 168.806
633.536 175.379
634.018 187.523
634.500 200.283
634.982 214.741
635.464 228.024
635.946 242.440
636.428 253.348
636.910 253.319
637.393 247.321
637.875 248.414
638.357 264.023
638.839 284.959
639.321 297.770
639.803 304.047
640.285 314.696
640.767 332.406
641.250 348.668
641.732 358.000
642.214 360.933
642.696 359.672
643.178 347.299
643.660 341.133
644.142 342.120
644.624 350.107
645.106 372.003
645.589 400.758
646.071 418.066
646.553 412.808
647.035 398.870
647.517 395.305
647.999 400.479
648.481 404.618
648.963 406.300
649.445 406.877
649.928 407.220
650.410 407.295
650.892 406.915
651.374 405.292
651.856 404.339
652.338 403.865
652.820 404.341
653.302 406.633
653.784 410.126
654.267 413.605
654.749 416.861
655.231 418.514
655.713 414.734
656.195 407.439
656.677 406.258
657.159 413.237
657.641 419.232
658.123 416.609
658.606 408.422
659.088 407.064
659.570 417.958
660.052 428.170
660.534 436.941
661.016 445.672
661.498 455.537
661.981 466.026
662.463 476.078
662.945 485.855
663.427 493.060
663.909 491.853
664.391 486.559
664.873 490.490
665.355 505.226
665.837 520.426
666.320 529.352
666.802 533.904
667.284 539.777
667.766 545.992
668.248 555.446
668.730 570.594
669.212 586.284
669.694 600.476
670.177 613.423
670.659 625.670
671.141 637.204
671.623 649.093
672.105 659.588
672.587 672.136
673.069 695.404
673.551 728.503
674.033 759.821
674.516 783.127
674.998 799.511
675.480 809.711
675.962 809.750
676.444 815.778
676.926 826.824
677.408 845.469
677.890 879.144
678.372 918.097
678.855 945.912
679.337 957.047
679.819 972.903
680.301 1010.36
680.783 1053.24
681.265 1083.91
681.747 1104.02
682.229 1122.40
682.711 1142.91
683.194 1164.07
683.676 1181.80
684.158 1195.33
684.640 1220.91
685.122 1268.02
685.604 1306.31
686.086 1315.21
686.568 1312.90
687.050 1325.69
687.533 1356.06
688.015 1384.73
688.497 1406.77
688.979 1426.38
689.461 1449.32
689.943 1470.72
690.425 1479.90
690.907 1474.83
691.390 1467.57
691.872 1472.66
692.354 1485.66
692.836 1484.67
693.318 1467.74
693.800 1459.19
694.282 1472.79
694.764 1487.37
695.247 1474.07
695.729 1429.12
696.211 1397.50
696.693 1388.65
697.175 1380.85
697.657 1369.82
698.139 1356.05
698.621 1341.30
699.104 1325.00
699.586 1303.33
700.068 1271.93
700.550 1236.27
701.032 1201.57
701.514 1169.03
701.996 1147.01
702.478 1138.03
702.960 1124.47
703.443 1090.10
703.925 1038.22
704.407 988.413
704.889 938.201
705.371 894.697
705.853 858.311
706.335 829.131
706.817 810.946
707.299 799.923
707.782 787.108
708.264 769.859
708.746 750.522
709.228 729.791
709.710 708.236
710.192 685.568
710.674 662.694
711.156 643.529
711.638 630.603
712.121 619.824
712.603 603.171
713.085 580.193
713.567 555.070
714.049 525.523
714.531 500.299
715.013 485.977
715.495 478.021
715.977 467.239
716.460 452.738
716.942 439.094
717.424 428.471
717.906 417.177
718.388 402.188
718.870 385.432
719.352 369.655
719.834 355.733
720.317 344.048
720.799 335.481
721.281 329.134
721.763 324.575
722.245 321.251
722.727 312.221
723.209 294.380
723.691 274.524
724.174 260.755
724.656 253.093
725.138 244.412
725.620 233.119
726.102 223.373
726.584 215.508
727.066 209.663
727.548 207.750
728.031 208.386
728.513 205.719
728.995 195.155
729.477 184.400
729.959 178.062
730.441 174.889
730.923 174.150
731.405 174.977
731.887 174.749
732.370 171.747
732.852 166.917
733.334 161.766
733.816 156.219
734.298 153.179
734.780 154.733
735.262 153.074
735.744 141.051
736.226 123.998
736.709 114.564
737.191 113.002
737.673 117.735
738.155 139.274
738.637 155.771
739.119 154.117
739.601 141.794
740.083 128.227
740.565 116.187
741.048 108.059
741.530 107.078
742.012 110.208
742.494 114.015
742.976 118.061
743.458 122.618
743.940 127.705
744.422 126.957
744.904 111.934
745.387 84.9650
745.869 67.5130
746.351 60.3430
746.833 60.5520
747.315 72.1260
747.797 85.9330
748.279 96.6060
748.761 103.667
749.244 104.423
749.726 94.1950
750.208 84.2300
750.690 75.6210
751.172 70.3790
751.654 71.5570
752.136 77.4730
752.618 84.6820
753.101 92.0650
753.583 96.0490
754.065 90.5850
754.547 78.8640
755.029 68.6580
755.511 60.6550
755.993 57.1240
756.475 59.5500
756.958 64.8130
757.440 68.2470
757.922 69.6620
758.404 71.0420
758.886 73.6980
759.368 74.1500
759.850 69.6390
760.332 63.6920
760.814 57.9080
761.297 52.8040
761.779 52.5020
762.261 67.3310
762.743 76.1450
763.225 61.6040
763.707 59.6160
764.189 68.3350
764.671 64.0950
765.153 56.7690
765.636 51.4800
766.118 51.4660
766.600 51.6260
767.082 50.9490
767.564 56.8570
768.046 66.1540
768.528 76.3720
769.010 87.4120
769.492 94.5280
769.975 86.1670
770.457 55.3640
770.939 62.0910
771.421 57.7940
771.903 52.2820
772.385 53.1270
772.867 55.9710
773.349 56.0750
773.831 53.1800
774.314 50.4880
774.796 52.4970
775.278 53.5930
775.760 51.8100
776.242 57.7590
776.724 54.1450
777.206 57.6180
777.688 64.3610
778.171 56.2360
778.653 57.9640
779.135 65.0980
779.617 66.7890
780.099 70.3520
780.581 76.6820
781.063 78.7970
781.545 71.7760
782.028 60.0330
782.510 52.7030
782.992 50.9910
783.474 54.0950
783.956 76.7940
784.438 93.6290
784.920 92.1500
785.402 81.6200
785.885 71.6160
786.367 62.3150
786.849 55.5040
787.331 51.3400
787.813 50.0190
788.295 54.3220
788.777 59.7930
789.259 60.5090
789.741 57.0570
790.224 56.0510
790.706 63.3510
791.188 69.9140
791.670 60.8530
792.152 56.3330
792.634 62.6750
793.116 56.7170
793.598 53.6010
794.080 64.4610
794.563 72.8550
795.045 72.2200
795.527 61.6970
796.009 50.9610
796.491 69.3920
796.973 78.1510
797.455 64.0330
797.937 55.1140
798.419 53.9080
798.902 70.2290
799.384 85.2470
799.866 84.9700
800.348 83.4050
800.830 83.8470
801.312 84.2550
801.794 80.5630
802.276 75.0480
802.758 76.7600
803.241 93.9480
803.723 107.015
804.205 96.0110
804.687 76.2770
805.169 67.6110
805.651 69.4750
806.133 74.7080
806.615 80.1040
807.098 81.7750
807.580 70.5500
808.062 50.5220
808.544 54.5260
809.026 55.7750
809.508 63.9240
809.990 64.6070
810.472 60.3790
810.955 52.8830
811.437 57.2950
811.919 63.2190
812.401 63.3360
812.883 62.1480
813.365 57.3410
813.847 54.3030
814.329 58.2630
814.812 65.7460
815.294 68.6200
815.776 64.0190
816.258 60.9760
816.740 63.2650
817.222 66.5070
817.704 68.4660
818.186 69.2010
818.668 68.4660
819.151 66.5360
819.633 65.7970
820.115 68.7730
820.597 73.1520
821.079 76.4800
821.561 78.6500
822.043 78.7190
822.525 76.9780
823.007 77.6490
823.490 84.7110
823.972 91.5430
824.454 77.7390
824.936 57.2230
825.418 67.4280
825.900 55.9600
826.382 76.4850
826.864 75.7400
827.346 64.3290
827.829 57.9130
828.311 56.2770
828.793 62.1600
829.275 91.2270
829.757 105.594
830.239 84.1440
830.721 57.2190
831.203 50.7990
831.685 60.7480
832.168 64.8870
832.650 53.0530
833.132 55.5090
833.614 50.5340
834.096 59.0340
834.578 59.5670
835.060 54.2850
835.542 51.5670
836.024 56.0930
836.507 56.4040
836.989 54.4740
837.471 68.0650
837.953 70.9290
838.435 65.5960
838.917 59.8980
839.399 55.8570
839.881 51.3920
840.364 56.0040
840.846 63.1540
841.328 58.9250
841.810 56.7450
842.292 63.5380
842.774 57.6750
843.256 51.2370
843.738 50.7270
844.221 53.8890
844.703 56.9040
845.185 60.4040
845.667 60.1540
846.149 53.5030
846.631 52.8120
847.113 57.3880
847.595 60.5840
848.078 62.9360
848.560 64.2690
849.042 63.4250
849.524 60.1020
850.006 54.8260
850.488 59.4300
850.970 69.0200
851.452 56.8360
851.934 65.8280
852.417 75.0730
852.899 63.7940
853.381 50.9420
853.863 59.0550
854.345 64.2100
854.827 72.1780
855.309 79.7610
855.791 78.6360
856.273 68.3510
856.756 57.3360
857.238 51.2580
857.720 50.6470
858.202 51.4560
858.684 56.6070
859.166 60.5900
859.648 62.9990
860.130 65.3300
860.612 68.5840
861.095 70.4340
861.577 66.5600
862.059 57.1220
862.541 51.7410
863.023 50.2310
863.505 53.8430
863.987 65.4350
864.469 77.6320
864.951 85.1320
865.434 87.7630
865.916 83.9370
866.398 66.5790
866.880 54.4190
867.362 52.5560
867.844 54.3890
868.326 53.3980
868.808 64.1970
869.291 68.1250
869.773 63.9490
870.255 61.6280
870.737 67.4630
871.219 71.0750
871.701 65.1650
872.183 56.7570
872.665 52.9660
873.148 53.4450
873.630 53.8650
874.112 52.1930
874.594 51.1190
875.076 52.8300
875.558 56.1970
876.040 61.0930
876.522 66.2040
877.005 68.5340
877.487 67.3250
877.969 64.4410
878.451 60.4780
878.933 57.2310
879.415 60.1140
879.897 67.1080
880.379 69.8390
880.861 67.0480
881.344 59.5420
881.826 53.1030
882.308 64.3650
882.790 60.4830
883.272 58.6550
883.754 72.6620
884.236 81.6600
884.718 83.0290
885.200 73.7690
885.683 62.5420
886.165 58.2660
886.647 59.6750
887.129 58.2590
887.611 51.7100
888.093 52.3790
888.575 53.4410
889.057 52.0850
889.539 52.9100
890.022 59.4170
890.504 64.1120
890.986 66.9160
891.468 68.3510
891.950 67.9700
892.432 66.8060
892.914 62.5950
893.396 59.8380
893.878 64.8270
894.361 74.3330
894.843 77.8530
895.325 70.1730
895.807 63.9740
896.289 65.1100
896.771 69.0950
897.253 74.7260
897.735 80.0100
898.218 82.0650
898.700 80.6080
899.182 77.9860
899.664 74.0340
900.146 71.6550
900.628 77.2670
901.110 84.2780
901.592 79.6460
902.075 66.3110
902.557 59.1080
903.039 64.3230
903.521 72.5050
904.003 71.8350
904.485 67.0370
904.967 71.3690
905.449 81.6960
905.932 83.3240
906.414 73.6760
906.896 62.4650
907.378 56.6290
907.860 54.5890
908.342 51.9020
908.824 50.9130
909.306 57.0060
909.788 77.1920
910.271 88.5120
910.753 81.9740
911.235 68.8270
911.717 60.9540
912.199 57.9500
912.681 56.9400
913.163 58.3960
913.645 60.3940
914.127 64.6660
914.610 64.1720
915.092 51.9810
915.574 64.3150
916.056 70.6590
916.538 65.6320
917.020 59.2760
917.502 51.0910
917.984 58.4490
918.466 61.8440
918.949 61.2610
919.431 54.1540
919.913 56.9350
920.395 63.8880
920.877 65.5910
921.359 65.1470
921.841 61.7380
922.323 57.4860
922.805 51.9810
923.288 53.0490
923.770 55.5790
924.252 55.6890
924.734 55.4330
925.216 54.0650
925.698 54.2800
926.180 59.7330
926.662 64.5300
927.145 63.0720
927.627 58.1290
928.109 55.0350
928.591 54.9490
929.073 54.9220
929.555 51.0100
930.037 50.6970
930.519 55.8890
931.002 65.8720
931.484 73.6870
931.966 79.1090
932.448 85.5460
932.930 94.9530
933.412 98.1050
933.894 76.1500
934.376 52.5090
934.859 64.0880
935.341 93.4710
935.823 101.643
936.305 84.6560
936.787 68.2480
937.269 68.6900
937.751 76.0350
938.233 79.0220
938.715 78.9480
939.198 76.9010
939.680 74.3050
940.162 78.7050
940.644 91.3840
941.126 97.6510
941.608 81.0090
942.090 55.1240
942.572 50.6660
943.054 63.6890
943.537 78.6180
944.019 92.9420
944.501 96.1300
944.983 82.8310
945.465 71.4970
945.947 90.1420
946.429 128.850
946.911 139.751
947.393 123.300
947.876 100.327
948.358 73.1480
948.840 56.8110
949.322 62.1860
949.804 76.3380
950.286 74.3470
950.768 56.1910
951.250 52.5520
951.732 66.4120
952.215 74.4530
952.697 69.7660
953.179 62.7030
953.661 60.7810
954.143 63.0120
954.625 67.8490
955.107 77.8410
955.589 76.6420
956.072 58.3980
956.554 53.1110
957.036 52.6160
957.518 62.1170
958.000 61.7170
958.482 53.8160
958.964 51.5390
959.446 56.9160
959.929 62.8630
960.411 70.9570
960.893 76.2320
961.375 75.2940
961.857 72.1090
962.339 72.2440
962.821 75.3730
963.303 73.0060
963.786 60.7520
964.268 50.8050
964.750 58.2510
965.232 62.1420
965.714 56.6250
966.196 54.2790
966.678 66.5430
967.160 81.1330
967.642 86.5650
968.125 71.6440
968.607 63.6690
969.089 71.7000
969.571 81.9070
970.053 87.3140
970.535 88.9300
971.017 89.0170
971.499 87.9150
971.981 83.8350
972.464 69.3120
972.946 61.6450
973.428 71.0930
973.910 83.4720
974.392 89.6610
974.874 90.3430
975.356 88.3110
975.838 83.3670
976.320 77.8120
976.803 69.5170
977.285 63.6800
977.767 61.6220
978.249 63.4310
978.731 72.7400
979.213 85.8460
979.695 90.6420
980.177 81.0980
980.659 75.5050
981.142 83.9200
981.624 91.0250
982.106 88.4810
982.588 81.5100
983.070 74.0050
983.552 67.4220
984.034 65.3020
984.516 71.5250
984.999 74.6680
985.481 66.2640
985.963 58.9660
986.445 61.0410
986.927 67.9490
987.409 74.8480
987.891 80.7540
988.373 85.6790
988.856 93.5000
989.338 92.1380
989.820 65.4880
990.302 60.0180
990.784 63.4040
991.266 56.1950
991.748 54.8010
992.230 61.1610
992.713 68.9560
993.195 77.5660
993.677 84.4450
994.159 90.5260
994.641 92.4360
995.123 83.8700
995.605 71.3050
996.087 65.5850
996.569 67.5980
997.052 67.8930
997.534 61.2810
998.016 54.3610
998.498 50.9500
998.980 52.1640
999.462 58.3440
999.944 65.7370
1000.43 71.6850
1000.91 75.4750
1001.39 76.1340
1001.87 68.4490
1002.35 63.9880
1002.84 73.9310
1003.32 84.1850
1003.80 80.7000
1004.28 69.4600
1004.77 61.7640
1005.25 59.8740
1005.73 60.4060
1006.21 59.8660
1006.69 64.0510
1007.18 84.4510
1007.66 102.868
1008.14 100.690
1008.62 85.6350
1009.10 71.6640
1009.59 62.0390
1010.07 59.3720
1010.55 68.5290
1011.03 80.2010
1011.52 94.3040
1012.00 105.071
1012.48 106.317
1012.96 100.970
1013.44 93.4640
1013.93 84.8800
1014.41 80.5920
1014.89 88.0670
1015.37 93.2710
1015.85 85.5490
1016.34 76.8790
1016.82 77.0180
1017.30 83.8650
1017.78 95.0730
1018.27 110.005
1018.75 114.472
1019.23 92.1410
1019.71 73.5280
1020.19 78.4090
1020.67 84.6170
1021.16 68.7240
1021.64 56.6770
1022.12 65.1620
1022.60 52.2390
1023.09 58.7560
1023.57 61.4650
1024.05 60.5790
1024.53 56.2580
1025.01 50.2610
1025.50 58.5210
1025.98 67.0650
1026.46 69.7270
1026.94 65.6390
1027.43 61.9790
1027.91 61.2860
1028.39 59.9780
1028.87 57.6150
1029.35 53.7710
1029.83 53.2900
1030.32 61.3470
1030.80 67.2360
1031.28 70.6840
1031.76 71.1980
1032.25 68.9750
1032.73 63.4150
1033.21 52.2830
1033.69 64.2090
1034.18 61.5720
1034.66 51.4060
1035.14 55.0890
1035.62 57.2140
1036.10 62.2270
1036.58 73.4830
1037.07 83.3710
1037.55 95.0600
1038.03 100.688
1038.51 90.2110
1039.00 74.8870
1039.48 71.7100
1039.96 80.6700
1040.44 83.9860
1040.92 78.1540
1041.41 72.5840
1041.89 63.1920
1042.37 61.1510
1042.85 76.4640
1043.33 96.9230
1043.82 107.176
1044.30 107.876
1044.78 107.941
1045.26 107.550
1045.74 105.805
1046.23 100.853
1046.71 98.8420
1047.19 105.218
1047.67 110.878
1048.16 104.698
1048.64 88.8080
1049.12 75.8060
1049.60 64.0880
1050.08 63.1960
1050.57 77.8020
1051.05 88.0560
1051.53 85.3630
1052.01 80.2740
1052.49 84.0350
1052.98 93.0520
1053.46 92.3500
1053.94 80.2420
1054.42 77.7170
1054.91 86.6620
1055.39 95.7340
1055.87 101.744
1056.35 103.936
1056.83 101.194
1057.32 95.3950
1057.80 90.9640
1058.28 87.7910
1058.76 82.3550
1059.24 74.9300
1059.73 76.2690
1060.21 89.0160
1060.69 100.405
1061.17 101.490
1061.66 95.6260
1062.14 85.8180
1062.62 74.2650
1063.10 69.8220
1063.58 71.8130
1064.07 77.9890
1064.55 86.9450
1065.03 93.2670
1065.51 93.9940
1065.99 89.1150
1066.48 72.2440
1066.96 53.5380
1067.44 57.5670
1067.92 75.0010
1068.41 84.2460
1068.89 83.0290
1069.37 76.3330
1069.85 66.4270
1070.33 60.6190
1070.81 69.7800
1071.30 82.4820
1071.78 85.5190
1072.26 83.3370
1072.74 82.0400
1073.23 81.6890
1073.71 79.8320
1074.19 75.8950
1074.67 72.6390
1075.15 69.4160
1075.64 70.5720
1076.12 86.4820
1076.60 101.576
1077.08 96.3930
1077.56 81.0920
1078.05 76.7440
1078.53 85.2980
1079.01 88.2510
1079.49 71.4350
1079.98 60.6130
1080.46 71.8090
1080.94 84.4260
1081.42 84.0520
1081.90 79.0080
1082.39 81.0250
1082.87 89.4340
1083.35 94.6900
1083.83 94.8720
1084.31 93.0890
1084.80 90.7880
1085.28 85.2170
1085.76 67.6630
1086.24 53.4520
1086.72 58.3620
1087.21 76.4740
1087.69 89.9660
1088.17 98.5800
1088.65 103.407
1089.14 103.855
1089.62 101.552
1090.10 95.4420
1090.58 89.7190
1091.06 87.5980
1091.55 86.8230
1092.03 82.6800
1092.51 75.3230
1092.99 73.9090
1093.47 79.2920
1093.96 83.5790
1094.44 85.5240
1094.92 87.6090
1095.40 91.3340
1095.89 93.9600
1096.37 92.0840
1096.85 86.4140
1097.33 76.6010
1097.81 64.6130
1098.30 64.8580
1098.78 76.9200
1099.26 88.2060
1099.74 94.2860
1100.22 94.9630
1100.71 88.6320
1101.19 81.2080
1101.67 83.8190
1102.15 90.4790
1102.64 88.9860
1103.12 81.7440
1103.60 76.4520
1104.08 74.1380
1104.56 70.1610
1105.05 61.3150
1105.53 55.2670
1106.01 59.7250
1106.49 68.2340
1106.97 80.0040
1107.46 88.5870
1107.94 81.2070
1108.42 64.3100
1108.90 58.5380
1109.39 70.4210
1109.87 78.3050
1110.35 67.9420
1110.83 59.8120
1111.31 64.4560
1111.80 71.6060
1112.28 75.1160
1112.76 75.3150
1113.24 71.7640
1113.72 64.5580
1114.21 63.2360
1114.69 75.9380
1115.17 81.9530
1115.65 76.7450
1116.13 70.6880
1116.62 66.8640
1117.10 64.7470
1117.58 63.6060
1118.06 63.8530
1118.55 68.0970
1119.03 78.4580
1119.51 79.9830
1119.99 70.8050
1120.47 64.3400
1120.95 63.9470
1121.44 65.7080
1121.92 67.0180
1122.40 69.0130
1122.88 74.1130
1123.37 81.4050
1123.85 86.6580
1124.33 90.0940
1124.81 93.5030
1125.30 96.5450
1125.78 93.5990
1126.26 82.9980
1126.74 77.9850
1127.22 94.5960
1127.70 115.695
1128.19 113.488
1128.67 103.723
1129.15 117.191
1129.63 140.682
1130.12 139.439
1130.60 111.480
1131.08 86.1330
1131.56 75.1220
1132.04 73.9540
1132.53 89.4290
1133.01 103.057
1133.49 102.446
1133.97 94.3330
1134.45 80.4700
1134.94 66.5010
1135.42 67.1960
1135.90 88.2020
1136.38 100.377
1136.86 93.4420
1137.35 88.2370
1137.83 90.4690
1138.31 91.2090
1138.79 84.0010
1139.28 75.3870
1139.76 74.4420
1140.24 79.8200
1140.72 81.2920
1141.20 78.0440
1141.69 76.1310
1142.17 76.2260
1142.65 73.4990
1143.13 65.8320
1143.61 62.6490
1144.10 72.1460
1144.58 86.1200
1145.06 90.0960
1145.54 85.7410
1146.03 74.8550
1146.51 61.2440
1146.99 61.2860
1147.47 73.9120
1147.95 81.8430
1148.44 78.1260
1148.92 72.9710
1149.40 76.5730
1149.88 80.1480
1150.36 71.5460
1150.85 61.3170
1151.33 61.8320
1151.81 69.1940
1152.29 76.4930
1152.78 82.2120
1153.26 86.2750
1153.74 88.2130
1154.22 89.6500
1154.70 96.9600
1155.19 96.1780
1155.67 68.5530
1156.15 57.1390
1156.63 50.3050
1157.11 72.8690
1157.60 77.1440
1158.08 59.9840
1158.56 61.9980
1159.04 92.5090
1159.53 109.976
1160.01 107.887
1160.49 99.1210
1160.97 87.6970
1161.45 78.6430
1161.94 77.6010
1162.42 81.7220
1162.90 83.0730
1163.38 82.9740
1163.86 91.1160
1164.35 104.453
1164.83 104.916
1165.31 91.7010
1165.79 84.7130
1166.27 94.3570
1166.76 104.801
1167.24 96.1850
1167.72 86.4710
1168.20 100.924
1168.69 119.449
1169.17 116.127
1169.65 98.2910
1170.13 82.0050
1170.61 70.8610
1171.10 66.3170
1171.58 74.1650
1172.06 78.1550
1172.54 65.5950
1173.02 60.0410
1173.51 82.2290
1173.99 103.751
1174.47 98.0070
1174.95 78.4840
1175.44 77.2280
1175.92 95.7440
1176.40 102.674
1176.88 95.8610
1177.36 90.3470
1177.84 88.0230
1178.33 87.6940
1178.81 89.0620
1179.29 89.5250
1179.77 86.5340
1180.26 81.0190
1180.74 71.9890
1181.22 63.1570
1181.70 67.7280
1182.18 79.7950
1182.67 81.5160
1183.15 72.4930
1183.63 66.0240
1184.11 67.7480
1184.59 67.3960
1185.08 50.7390
1185.56 60.4460
1186.04 54.2000
1186.52 72.9280
1187.01 79.4390
1187.49 77.0730
1187.97 69.8060
1188.45 59.3020
1188.93 54.7830
1189.42 56.8480
1189.90 65.4990
1190.38 87.7080
1190.86 100.551
1191.34 96.1940
1191.83 88.0070
1192.31 84.4160
1192.79 81.6620
1193.27 72.6650
1193.76 60.3700
1194.24 60.0340
1194.72 69.2720
1195.20 74.2770
1195.68 74.5960
1196.17 74.7400
1196.65 76.1190
1197.13 79.1180
1197.61 84.8770
1198.09 87.2110
1198.58 73.6390
1199.06 61.1360
1199.54 69.5120
1200.02 84.6090
1200.51 89.6090
1200.99 87.4790
1201.47 89.4190
1201.95 96.9880
1202.43 97.9120
1202.92 81.1140
1203.40 72.7230
1203.88 84.2040
1204.36 86.3830
1204.84 62.1870
1205.33 58.4800
1205.81 51.7370
1206.29 74.9090
1206.77 72.5920
1207.25 52.2210
1207.74 75.9540
1208.22 96.3220
1208.70 82.9630
1209.18 61.0690
1209.67 90.4010
1210.15 90.3740
1210.63 83.9500
1211.11 87.4720
1211.59 91.8870
1212.08 87.8840
1212.56 80.1000
1213.04 71.0610
1213.52 62.7750
1214.00 55.0160
1214.49 50.5900
1214.97 57.9240
1215.45 79.1760
1215.93 93.7260
1216.42 96.1940
1216.90 94.8560
1217.38 87.2660
1217.86 81.9210
1218.34 82.9780
1218.82 84.5040
1219.31 81.4240
1219.79 75.7100
1220.27 71.7100
1220.75 69.0080
1221.24 63.0030
1221.72 55.0520
1222.20 54.2330
1222.68 60.0790
1223.16 62.8070
1223.65 60.0780
1224.13 63.0780
1224.61 82.8000
1225.09 99.2090
1225.57 91.1270
1226.06 77.5330
1226.54 71.0600
1227.02 70.2310
1227.50 76.0900
1227.98 84.5970
1228.47 87.5700
1228.95 84.0210
1229.43 77.2670
1229.91 61.2150
1230.40 58.1120
1230.88 76.3760
1231.36 83.7500
1231.84 67.6180
1232.32 50.2620
1232.81 54.0190
1233.29 50.6140
1233.77 55.7650
1234.25 60.7160
1234.73 63.2190
1235.22 63.7010
1235.70 62.6690
1236.18 60.8150
1236.66 60.2770
1237.15 60.1310
1237.63 55.9730
1238.11 55.7670
1238.59 68.0490
1239.07 84.1770
1239.56 90.8200
1240.04 69.1150
1240.52 51.5310
1241.00 61.1290
1241.48 81.8260
1241.97 72.7890
1242.45 60.6700
1242.93 80.6620
1243.41 85.9530
1243.90 88.0970
1244.38 87.3670
1244.86 85.9960
1245.34 84.5950
1245.82 85.3370
1246.31 89.4100
1246.79 92.4190
1247.27 88.7450
1247.75 83.5570
1248.23 82.5330
1248.72 84.1880
1249.20 89.2370
1249.68 94.1440
1250.16 94.2610
1250.65 89.5790
1251.13 81.3790
1251.61 67.7470
1252.09 62.4630
1252.57 75.2550
1253.06 77.1130
1253.54 60.0990
1254.02 53.4920
1254.50 51.5400
1254.98 55.8090
1255.47 61.1850
1255.95 64.1640
1256.43 63.7590
1256.91 60.2830
1257.40 51.6690
1257.88 58.1330
1258.36 57.0100
1258.84 52.5240
1259.32 58.9180
1259.81 59.7170
1260.29 61.9930
1260.77 73.0670
1261.25 75.9290
1261.73 51.6380
1262.22 67.0330
1262.70 58.0560
1263.18 55.9600
1263.66 62.5010
1264.14 61.3910
1264.63 56.9850
1265.11 50.7350
1265.59 50.0000
