   1.1755900e+03   7.2850000e+03
   1.1746600e+03   7.2850000e+03
   1.1737200e+03   7.2850000e+03
   1.1728000e+03   7.2850000e+03
   1.1718700e+03   7.2560000e+03
   1.1709300e+03   7.4890000e+03
   1.1700000e+03   7.3330000e+03
   1.1690700e+03   7.1090000e+03
   1.1681400e+03   7.2290000e+03
   1.1672100e+03   7.3350000e+03
   1.1662800e+03   7.1740000e+03
   1.1653500e+03   7.2460000e+03
   1.1644100e+03   7.2050000e+03
   1.1634800e+03   7.3010000e+03
   1.1625500e+03   7.2760000e+03
   1.1616200e+03   7.2370000e+03
   1.1606800e+03   7.1930000e+03
   1.1597500e+03   7.1870000e+03
   1.1588100e+03   7.2740000e+03
   1.1578800e+03   7.2070000e+03
   1.1569500e+03   7.2810000e+03
   1.1560100e+03   7.2900000e+03
   1.1550800e+03   7.1490000e+03
   1.1541500e+03   7.2380000e+03
   1.1532100e+03   7.0880000e+03
   1.1522800e+03   7.2150000e+03
   1.1513500e+03   7.1160000e+03
   1.1504100e+03   7.1480000e+03
   1.1494800e+03   7.1090000e+03
   1.1485400e+03   7.2540000e+03
   1.1476100e+03   7.0860000e+03
   1.1466700e+03   7.1120000e+03
   1.1457300e+03   7.1910000e+03
   1.1448000e+03   7.1510000e+03
   1.1438600e+03   7.2120000e+03
   1.1429300e+03   7.0240000e+03
   1.1419900e+03   7.0160000e+03
   1.1410600e+03   7.1980000e+03
   1.1401200e+03   7.1500000e+03
   1.1391800e+03   7.0270000e+03
   1.1382400e+03   7.0370000e+03
   1.1373100e+03   7.0820000e+03
   1.1363700e+03   7.0960000e+03
   1.1354300e+03   7.0170000e+03
   1.1345000e+03   7.0540000e+03
   1.1335600e+03   7.1290000e+03
   1.1326200e+03   7.0790000e+03
   1.1316800e+03   7.1790000e+03
   1.1307500e+03   7.1700000e+03
   1.1298100e+03   7.2070000e+03
   1.1288700e+03   6.9020000e+03
   1.1279300e+03   7.1650000e+03
   1.1269900e+03   7.0350000e+03
   1.1260500e+03   7.0630000e+03
   1.1251200e+03   7.0180000e+03
   1.1241800e+03   6.9830000e+03
   1.1232400e+03   7.0660000e+03
   1.1223000e+03   7.0750000e+03
   1.1213600e+03   7.0050000e+03
   1.1204200e+03   7.2440000e+03
   1.1194800e+03   7.1730000e+03
   1.1185400e+03   7.1440000e+03
   1.1176000e+03   7.1430000e+03
   1.1166600e+03   7.0670000e+03
   1.1157200e+03   6.9880000e+03
   1.1147800e+03   7.0300000e+03
   1.1138400e+03   7.1060000e+03
   1.1128900e+03   6.9720000e+03
   1.1119500e+03   7.0410000e+03
   1.1110100e+03   7.1620000e+03
   1.1100700e+03   7.1650000e+03
   1.1091300e+03   6.8420000e+03
   1.1081900e+03   7.0610000e+03
   1.1072400e+03   7.0090000e+03
   1.1063000e+03   6.9660000e+03
   1.1053600e+03   7.1170000e+03
   1.1044200e+03   7.0370000e+03
   1.1034700e+03   7.0140000e+03
   1.1025300e+03   7.0820000e+03
   1.1015900e+03   7.0130000e+03
   1.1006400e+03   7.0650000e+03
   1.0997000e+03   6.9410000e+03
   1.0987600e+03   7.0270000e+03
   1.0978200e+03   6.9720000e+03
   1.0968700e+03   7.0650000e+03
   1.0959300e+03   7.0100000e+03
   1.0949800e+03   6.9710000e+03
   1.0940400e+03   6.9450000e+03
   1.0930900e+03   6.9420000e+03
   1.0921500e+03   7.0210000e+03
   1.0912000e+03   6.8130000e+03
   1.0902600e+03   7.0670000e+03
   1.0893100e+03   6.9870000e+03
   1.0883700e+03   7.0310000e+03
   1.0874200e+03   7.0660000e+03
   1.0864800e+03   6.9870000e+03
   1.0855300e+03   6.8540000e+03
   1.0845900e+03   6.9160000e+03
   1.0836400e+03   7.0170000e+03
   1.0826900e+03   6.8590000e+03
   1.0817500e+03   7.0160000e+03
   1.0808000e+03   7.0420000e+03
   1.0798600e+03   6.9990000e+03
   1.0789100e+03   6.8950000e+03
   1.0779600e+03   7.0530000e+03
   1.0770100e+03   7.0030000e+03
   1.0760600e+03   6.9930000e+03
   1.0751200e+03   6.9360000e+03
   1.0741700e+03   6.9800000e+03
   1.0732200e+03   6.9720000e+03
   1.0722700e+03   7.0510000e+03
   1.0713300e+03   6.9490000e+03
   1.0703800e+03   7.0260000e+03
   1.0694300e+03   6.9830000e+03
   1.0684800e+03   6.8690000e+03
   1.0675300e+03   6.8470000e+03
   1.0665800e+03   6.8630000e+03
   1.0656300e+03   6.9040000e+03
   1.0646900e+03   6.9540000e+03
   1.0637400e+03   6.9630000e+03
   1.0627800e+03   6.9330000e+03
   1.0618400e+03   6.8960000e+03
   1.0608800e+03   6.9310000e+03
   1.0599400e+03   7.0010000e+03
   1.0589800e+03   6.8910000e+03
   1.0580400e+03   7.0190000e+03
   1.0570800e+03   6.7980000e+03
   1.0561300e+03   6.8960000e+03
   1.0551800e+03   6.8750000e+03
   1.0542300e+03   6.9490000e+03
   1.0532800e+03   6.8880000e+03
   1.0523300e+03   6.7570000e+03
   1.0513700e+03   7.0010000e+03
   1.0504300e+03   6.8790000e+03
   1.0494700e+03   6.7190000e+03
   1.0485200e+03   6.5620000e+03
   1.0475700e+03   6.8630000e+03
   1.0466100e+03   6.8730000e+03
   1.0456600e+03   6.8850000e+03
   1.0447100e+03   6.8100000e+03
   1.0437600e+03   6.8410000e+03
   1.0428000e+03   6.7660000e+03
   1.0418500e+03   6.8310000e+03
   1.0409000e+03   6.7860000e+03
   1.0399400e+03   6.8640000e+03
   1.0389900e+03   6.8140000e+03
   1.0380400e+03   6.8670000e+03
   1.0370800e+03   6.8070000e+03
   1.0361300e+03   6.8520000e+03
   1.0351700e+03   6.7630000e+03
   1.0342200e+03   6.8320000e+03
   1.0332700e+03   6.8270000e+03
   1.0323100e+03   6.9950000e+03
   1.0313600e+03   6.7380000e+03
   1.0304000e+03   6.6980000e+03
   1.0294500e+03   6.8260000e+03
   1.0284900e+03   6.8780000e+03
   1.0275300e+03   6.7760000e+03
   1.0265800e+03   6.8880000e+03
   1.0256200e+03   6.7830000e+03
   1.0246600e+03   6.7330000e+03
   1.0237100e+03   6.8020000e+03
   1.0227500e+03   6.8080000e+03
   1.0217900e+03   6.7380000e+03
   1.0208400e+03   6.8790000e+03
   1.0198800e+03   6.7590000e+03
   1.0189300e+03   6.7120000e+03
   1.0179700e+03   6.7330000e+03
   1.0170100e+03   6.7340000e+03
   1.0160500e+03   6.8610000e+03
   1.0150900e+03   6.7720000e+03
   1.0141300e+03   6.7830000e+03
   1.0131800e+03   6.6920000e+03
   1.0122200e+03   6.9240000e+03
   1.0112600e+03   6.5880000e+03
   1.0103000e+03   6.6590000e+03
   1.0093400e+03   6.6740000e+03
   1.0083900e+03   6.6720000e+03
   1.0074300e+03   6.8510000e+03
   1.0064700e+03   6.7100000e+03
   1.0055100e+03   6.9130000e+03
   1.0045500e+03   6.8070000e+03
   1.0035900e+03   6.7600000e+03
   1.0026300e+03   6.6140000e+03
   1.0016700e+03   6.7040000e+03
   1.0007100e+03   6.6830000e+03
   9.9974600e+02   6.7460000e+03
   9.9878700e+02   6.7000000e+03
   9.9782400e+02   6.7040000e+03
   9.9686600e+02   6.9950000e+03
   9.9590200e+02   6.7780000e+03
   9.9494400e+02   6.7350000e+03
   9.9398100e+02   6.7610000e+03
   9.9301700e+02   7.0210000e+03
   9.9205900e+02   6.6170000e+03
   9.9109600e+02   6.6580000e+03
   9.9013200e+02   6.6670000e+03
   9.8916900e+02   6.6940000e+03
   9.8821100e+02   6.7190000e+03
   9.8724700e+02   6.6240000e+03
   9.8628400e+02   6.5970000e+03
   9.8532000e+02   6.7600000e+03
   9.8435700e+02   6.6080000e+03
   9.8339300e+02   6.7380000e+03
   9.8243000e+02   6.7090000e+03
   9.8146700e+02   6.6910000e+03
   9.8050300e+02   6.7710000e+03
   9.7954000e+02   6.6850000e+03
   9.7857600e+02   6.7600000e+03
   9.7761300e+02   6.8230000e+03
   9.7664400e+02   6.7510000e+03
   9.7568100e+02   6.7400000e+03
   9.7471700e+02   6.7830000e+03
   9.7375400e+02   6.7460000e+03
   9.7278500e+02   6.6720000e+03
   9.7182200e+02   6.7880000e+03
   9.7085800e+02   6.7500000e+03
   9.6989000e+02   6.6020000e+03
   9.6892600e+02   6.7360000e+03
   9.6795800e+02   6.7260000e+03
   9.6699400e+02   6.8170000e+03
   9.6602600e+02   6.7490000e+03
   9.6506200e+02   6.8360000e+03
   9.6409400e+02   6.7680000e+03
   9.6312500e+02   6.7530000e+03
   9.6216200e+02   6.7280000e+03
   9.6119300e+02   6.7380000e+03
   9.6022400e+02   6.6480000e+03
   9.5926100e+02   6.7340000e+03
   9.5829200e+02   6.8010000e+03
   9.5732400e+02   6.7300000e+03
   9.5635500e+02   6.7570000e+03
   9.5538600e+02   6.7100000e+03
   9.5441800e+02   6.9860000e+03
   9.5344900e+02   6.7720000e+03
   9.5248000e+02   6.5780000e+03
   9.5151200e+02   6.7260000e+03
   9.5054300e+02   6.7520000e+03
   9.4957500e+02   6.6210000e+03
   9.4860600e+02   6.7980000e+03
   9.4763700e+02   6.5920000e+03
   9.4666900e+02   6.8410000e+03
   9.4570000e+02   6.8140000e+03
   9.4472600e+02   6.7130000e+03
   9.4375800e+02   6.7220000e+03
   9.4278900e+02   6.8560000e+03
   9.4181500e+02   6.7360000e+03
   9.4084600e+02   6.8620000e+03
   9.3987800e+02   6.7900000e+03
   9.3890400e+02   6.9440000e+03
   9.3793500e+02   6.7480000e+03
   9.3696100e+02   6.8590000e+03
   9.3599300e+02   6.8000000e+03
   9.3501900e+02   6.6990000e+03
   9.3405000e+02   6.8340000e+03
   9.3307700e+02   6.8800000e+03
   9.3210300e+02   6.7600000e+03
   9.3113400e+02   6.8520000e+03
   9.3016000e+02   6.7680000e+03
   9.2918600e+02   6.8100000e+03
   9.2821300e+02   6.9280000e+03
   9.2724400e+02   6.8950000e+03
   9.2627000e+02   6.8960000e+03
   9.2529600e+02   6.9030000e+03
   9.2432200e+02   6.6910000e+03
   9.2334900e+02   6.8900000e+03
   9.2237500e+02   6.8420000e+03
   9.2140100e+02   6.8140000e+03
   9.2042700e+02   6.9200000e+03
   9.1945300e+02   6.9640000e+03
   9.1847900e+02   6.9710000e+03
   9.1750500e+02   7.0000000e+03
   9.1653200e+02   6.8080000e+03
   9.1555300e+02   7.0100000e+03
   9.1457900e+02   6.9250000e+03
   9.1360500e+02   6.9400000e+03
   9.1263100e+02   6.9670000e+03
   9.1165200e+02   6.7460000e+03
   9.1067800e+02   6.8730000e+03
   9.0970400e+02   6.8630000e+03
   9.0872500e+02   6.8830000e+03
   9.0775100e+02   7.2500000e+03
   9.0677200e+02   7.8510000e+03
   9.0579900e+02   6.9670000e+03
   9.0482000e+02   7.0010000e+03
   9.0384600e+02   6.9110000e+03
   9.0286700e+02   6.9160000e+03
   9.0188800e+02   6.9740000e+03
   9.0091400e+02   7.2270000e+03
   8.9993500e+02   7.0190000e+03
   8.9895600e+02   7.0390000e+03
   8.9798200e+02   7.0710000e+03
   8.9700300e+02   6.9890000e+03
   8.9602400e+02   7.1280000e+03
   8.9504500e+02   7.2260000e+03
   8.9406600e+02   7.1730000e+03
   8.9308700e+02   7.1700000e+03
   8.9210800e+02   6.9430000e+03
   8.9112800e+02   7.0600000e+03
   8.9014900e+02   7.0910000e+03
   8.8917000e+02   7.1850000e+03
   8.8819100e+02   7.0560000e+03
   8.8721200e+02   7.1890000e+03
   8.8623300e+02   7.2010000e+03
   8.8525400e+02   7.0200000e+03
   8.8427500e+02   7.1420000e+03
   8.8329100e+02   7.1480000e+03
   8.8231200e+02   7.1620000e+03
   8.8133300e+02   7.0800000e+03
   8.8034900e+02   7.2160000e+03
   8.7937000e+02   7.1550000e+03
   8.7839000e+02   7.2250000e+03
   8.7740600e+02   7.1630000e+03
   8.7642700e+02   7.2620000e+03
   8.7544300e+02   7.3400000e+03
   8.7446400e+02   7.2040000e+03
   8.7348000e+02   7.1480000e+03
   8.7249500e+02   7.4420000e+03
   8.7151600e+02   7.2260000e+03
   8.7053200e+02   7.2980000e+03
   8.6955300e+02   7.1600000e+03
   8.6856900e+02   7.1950000e+03
   8.6758400e+02   7.3380000e+03
   8.6660000e+02   7.1120000e+03
   8.6561600e+02   7.0870000e+03
   8.6463700e+02   7.1810000e+03
   8.6365300e+02   7.3120000e+03
   8.6266800e+02   7.2510000e+03
   8.6168400e+02   7.3590000e+03
   8.6070000e+02   7.0900000e+03
   8.5971600e+02   7.2570000e+03
   8.5873100e+02   7.4140000e+03
   8.5774700e+02   7.3250000e+03
   8.5676300e+02   7.4350000e+03
   8.5577300e+02   7.4330000e+03
   8.5478900e+02   7.3270000e+03
   8.5380500e+02   7.2470000e+03
   8.5282100e+02   7.3140000e+03
   8.5183600e+02   7.5500000e+03
   8.5084700e+02   7.4160000e+03
   8.4986300e+02   7.4270000e+03
   8.4887800e+02   7.4330000e+03
   8.4788900e+02   7.4830000e+03
   8.4690500e+02   7.5810000e+03
   8.4591500e+02   7.5140000e+03
   8.4493100e+02   7.3790000e+03
   8.4394100e+02   7.5460000e+03
   8.4295700e+02   7.4430000e+03
   8.4196800e+02   7.4950000e+03
   8.4097800e+02   7.5850000e+03
   8.3999400e+02   7.6070000e+03
   8.3900500e+02   7.4980000e+03
   8.3801500e+02   7.5210000e+03
   8.3703100e+02   7.5170000e+03
   8.3604100e+02   7.6430000e+03
   8.3505200e+02   7.5360000e+03
   8.3406200e+02   7.5530000e+03
   8.3307300e+02   7.7060000e+03
   8.3208400e+02   7.5270000e+03
   8.3109900e+02   7.6240000e+03
   8.3011000e+02   7.6000000e+03
   8.2912000e+02   7.6640000e+03
   8.2812600e+02   7.8200000e+03
   8.2713600e+02   7.7420000e+03
   8.2614700e+02   7.7440000e+03
   8.2515700e+02   7.6600000e+03
   8.2416800e+02   7.5850000e+03
   8.2317800e+02   7.6640000e+03
   8.2218900e+02   7.6460000e+03
   8.2119400e+02   7.7560000e+03
   8.2020500e+02   7.7110000e+03
   8.1921500e+02   7.7850000e+03
   8.1822100e+02   7.7730000e+03
   8.1723100e+02   7.8190000e+03
   8.1623700e+02   7.9220000e+03
   8.1524700e+02   7.8780000e+03
   8.1425800e+02   7.8630000e+03
   8.1326300e+02   7.8290000e+03
   8.1226800e+02   7.7580000e+03
   8.1127900e+02   7.9360000e+03
   8.1028400e+02   7.8200000e+03
   8.0929500e+02   7.8810000e+03
   8.0830000e+02   8.1170000e+03
   8.0730500e+02   7.8880000e+03
   8.0631100e+02   7.9410000e+03
   8.0532100e+02   8.0760000e+03
   8.0432600e+02   8.2610000e+03
   8.0333200e+02   8.1140000e+03
   8.0233700e+02   8.0580000e+03
   8.0134200e+02   8.2140000e+03
   8.0034800e+02   8.3150000e+03
   7.9935300e+02   8.3020000e+03
   7.9835800e+02   8.1470000e+03
   7.9736400e+02   8.2740000e+03
   7.9636900e+02   8.3560000e+03
   7.9537400e+02   8.3540000e+03
   7.9438000e+02   8.4050000e+03
   7.9338500e+02   8.3500000e+03
   7.9239000e+02   8.5520000e+03
   7.9139100e+02   8.2840000e+03
   7.9039600e+02   8.4120000e+03
   7.8940100e+02   8.3660000e+03
   7.8840100e+02   8.3420000e+03
   7.8740700e+02   8.6220000e+03
   7.8641200e+02   8.5300000e+03
   7.8541200e+02   8.6500000e+03
   7.8441700e+02   8.6120000e+03
   7.8341800e+02   8.6810000e+03
   7.8242300e+02   8.5820000e+03
   7.8142300e+02   8.7310000e+03
   7.8042800e+02   8.9020000e+03
   7.7942800e+02   8.8240000e+03
   7.7842900e+02   8.7480000e+03
   7.7743400e+02   8.7380000e+03
   7.7643400e+02   8.8250000e+03
   7.7543400e+02   8.9350000e+03
   7.7443400e+02   9.0330000e+03
   7.7344000e+02   9.1260000e+03
   7.7244000e+02   9.1720000e+03
   7.7144000e+02   9.1820000e+03
   7.7044000e+02   9.3650000e+03
   7.6944000e+02   9.2900000e+03
   7.6844000e+02   9.3840000e+03
   7.6744000e+02   9.5040000e+03
   7.6644000e+02   9.4290000e+03
   7.6544100e+02   9.4560000e+03
   7.6444100e+02   9.5800000e+03
   7.6344100e+02   9.9120000e+03
   7.6244100e+02   9.8110000e+03
   7.6143600e+02   9.8870000e+03
   7.6043600e+02   1.0276000e+04
   7.5943600e+02   1.0103000e+04
   7.5843600e+02   1.0016000e+04
   7.5743100e+02   9.9580000e+03
   7.5643100e+02   1.0226000e+04
   7.5542600e+02   1.0274000e+04
   7.5442600e+02   1.0391000e+04
   7.5342100e+02   1.0460000e+04
   7.5242100e+02   1.0430000e+04
   7.5141600e+02   1.0724000e+04
   7.5041600e+02   1.0705000e+04
   7.4941100e+02   1.2621000e+04
   7.4841100e+02   1.0929000e+04
   7.4740600e+02   1.0996000e+04
   7.4640100e+02   1.1230000e+04
   7.4540100e+02   1.1323000e+04
   7.4439600e+02   1.1551000e+04
   7.4339100e+02   1.1537000e+04
   7.4238600e+02   1.1792000e+04
   7.4138100e+02   1.1753000e+04
   7.4038100e+02   1.2028000e+04
   7.3937600e+02   1.2212000e+04
   7.3837100e+02   1.2401000e+04
   7.3736600e+02   1.2296000e+04
   7.3636100e+02   1.2591000e+04
   7.3535600e+02   1.2887000e+04
   7.3435100e+02   1.3054000e+04
   7.3334000e+02   1.3257000e+04
   7.3233500e+02   1.3418000e+04
   7.3133000e+02   1.3699000e+04
   7.3032500e+02   1.3916000e+04
   7.2932000e+02   1.4404000e+04
   7.2831000e+02   1.4413000e+04
   7.2730500e+02   1.4769000e+04
   7.2629900e+02   1.5146000e+04
   7.2528900e+02   1.5309000e+04
   7.2428400e+02   1.5783000e+04
   7.2327400e+02   1.5802000e+04
   7.2226900e+02   1.6467000e+04
   7.2125800e+02   1.6776000e+04
   7.2025300e+02   1.7145000e+04
   7.1924300e+02   1.7780000e+04
   7.1823800e+02   1.7843000e+04
   7.1722800e+02   1.8283000e+04
   7.1621700e+02   1.8954000e+04
   7.1521200e+02   1.9397000e+04
   7.1420200e+02   1.9664000e+04
   7.1319200e+02   2.0271000e+04
   7.1218100e+02   2.0876000e+04
   7.1117600e+02   2.1237000e+04
   7.1016600e+02   2.2054000e+04
   7.0915600e+02   2.2343000e+04
   7.0814500e+02   2.3042000e+04
   7.0713500e+02   2.3546000e+04
   7.0612500e+02   2.4014000e+04
   7.0511500e+02   2.4991000e+04
   7.0410400e+02   2.5594000e+04
   7.0309400e+02   2.5865000e+04
   7.0208400e+02   2.6598000e+04
   7.0107300e+02   2.7197000e+04
   7.0005800e+02   2.8365000e+04
   6.9904800e+02   2.8816000e+04
   6.9803700e+02   2.9422000e+04
   6.9702700e+02   3.0456000e+04
   6.9601100e+02   3.1195000e+04
   6.9500100e+02   3.1473000e+04
   6.9399100e+02   3.2709000e+04
   6.9297500e+02   3.3125000e+04
   6.9196500e+02   3.4141000e+04
   6.9095000e+02   3.4813000e+04
   6.8993900e+02   3.5610000e+04
   6.8892400e+02   3.6209000e+04
   6.8791300e+02   3.7239000e+04
   6.8689800e+02   3.7786000e+04
   6.8588200e+02   3.8838000e+04
   6.8487200e+02   3.9980000e+04
   6.8385700e+02   4.0374000e+04
   6.8284100e+02   4.1430000e+04
   6.8182600e+02   4.2285000e+04
   6.8081500e+02   4.3165000e+04
   6.7980000e+02   4.4330000e+04
   6.7878400e+02   4.5282000e+04
   6.7776900e+02   4.6312000e+04
   6.7675300e+02   4.7492000e+04
   6.7573800e+02   4.8353000e+04
   6.7472200e+02   4.9426000e+04
   6.7370700e+02   5.0441000e+04
   6.7269100e+02   5.1569000e+04
   6.7167600e+02   5.2656000e+04
   6.7066000e+02   5.3249000e+04
   6.6964000e+02   5.4539000e+04
   6.6862400e+02   5.5640000e+04
   6.6760900e+02   5.6383000e+04
   6.6659300e+02   5.6793000e+04
   6.6557200e+02   5.7751000e+04
   6.6455700e+02   5.8115000e+04
   6.6354100e+02   5.8146000e+04
   6.6252100e+02   5.7971000e+04
   6.6150500e+02   5.7868000e+04
   6.6048400e+02   5.7847000e+04
   6.5946900e+02   5.7369000e+04
   6.5844800e+02   5.5733000e+04
   6.5743300e+02   5.5685000e+04
   6.5641200e+02   5.5208000e+04
   6.5539700e+02   5.3717000e+04
   6.5437600e+02   5.2619000e+04
   6.5335500e+02   5.1571000e+04
   6.5234000e+02   5.0366000e+04
   6.5131900e+02   4.8977000e+04
   6.5029800e+02   4.7288000e+04
   6.4927800e+02   4.6429000e+04
   6.4825700e+02   4.4710000e+04
   6.4723600e+02   4.3213000e+04
   6.4622100e+02   4.1831000e+04
   6.4520000e+02   4.0258000e+04
   6.4417900e+02   3.9115000e+04
   6.4315800e+02   3.7954000e+04
   6.4213800e+02   3.6886000e+04
   6.4111200e+02   3.5929000e+04
   6.4009100e+02   3.4979000e+04
   6.3907000e+02   3.3605000e+04
   6.3805000e+02   3.2584000e+04
   6.3702900e+02   3.1742000e+04
   6.3600300e+02   3.0891000e+04
   6.3498200e+02   2.9647000e+04
   6.3396200e+02   2.9283000e+04
   6.3294100e+02   2.8206000e+04
   6.3191500e+02   2.7248000e+04
   6.3089400e+02   2.6695000e+04
   6.2986800e+02   2.6381000e+04
   6.2884800e+02   2.5479000e+04
   6.2782200e+02   2.5007000e+04
   6.2680100e+02   2.4293000e+04
   6.2577500e+02   2.3854000e+04
   6.2475400e+02   2.3270000e+04
   6.2372900e+02   2.2829000e+04
   6.2270300e+02   2.2190000e+04
   6.2167700e+02   2.1651000e+04
   6.2065600e+02   2.1611000e+04
   6.1963000e+02   2.1070000e+04
   6.1860400e+02   2.0986000e+04
   6.1757800e+02   2.0844000e+04
   6.1655200e+02   2.0246000e+04
   6.1553200e+02   1.9897000e+04
   6.1450600e+02   1.9916000e+04
   6.1348000e+02   1.9426000e+04
   6.1245400e+02   1.9176000e+04
   6.1142800e+02   1.8941000e+04
   6.1039700e+02   1.8776000e+04
   6.0937100e+02   1.8705000e+04
   6.0834500e+02   1.8348000e+04
   6.0731900e+02   1.7883000e+04
   6.0629300e+02   1.7733000e+04
   6.0526700e+02   1.7679000e+04
   6.0423600e+02   1.7479000e+04
   6.0321000e+02   1.7503000e+04
   6.0218400e+02   1.7116000e+04
   6.0115300e+02   1.7199000e+04
   6.0012700e+02   1.6783000e+04
   5.9909600e+02   1.6879000e+04
   5.9807000e+02   1.6610000e+04
   5.9703900e+02   1.6687000e+04
   5.9601300e+02   1.6585000e+04
   5.9498200e+02   1.6648000e+04
   5.9395600e+02   1.6614000e+04
   5.9292500e+02   1.6344000e+04
   5.9189400e+02   1.6166000e+04
   5.9086800e+02   1.6239000e+04
   5.8983700e+02   1.6100000e+04
   5.8880600e+02   1.6038000e+04
   5.8777500e+02   1.5856000e+04
   5.8674900e+02   1.5884000e+04
   5.8571700e+02   1.6003000e+04
   5.8468600e+02   1.5621000e+04
   5.8365500e+02   1.5856000e+04
   5.8262400e+02   1.5703000e+04
   5.8159300e+02   1.5747000e+04
   5.8056200e+02   1.5746000e+04
   5.7953100e+02   1.5506000e+04
   5.7850000e+02   1.5851000e+04
   5.7746900e+02   1.5449000e+04
   5.7643200e+02   1.5538000e+04
   5.7540100e+02   1.5542000e+04
   5.7437000e+02   1.5515000e+04
   5.7333900e+02   1.5419000e+04
   5.7230200e+02   1.5727000e+04
   5.7127100e+02   1.5597000e+04
   5.7024000e+02   1.5568000e+04
   5.6920400e+02   1.5752000e+04
   5.6817300e+02   1.5646000e+04
   5.6713600e+02   1.5742000e+04
   5.6610500e+02   1.5523000e+04
   5.6506900e+02   1.5930000e+04
   5.6403800e+02   1.5829000e+04
   5.6300100e+02   1.5855000e+04
   5.6197000e+02   1.5978000e+04
   5.6093400e+02   1.6082000e+04
   5.5989800e+02   1.6189000e+04
   5.5886700e+02   1.6035000e+04
   5.5783000e+02   1.6293000e+04
   5.5679400e+02   1.6399000e+04
   5.5575800e+02   1.6509000e+04
   5.5472100e+02   1.6767000e+04
   5.5368500e+02   1.6476000e+04
   5.5264900e+02   1.6942000e+04
   5.5161700e+02   1.6957000e+04
   5.5058100e+02   1.7273000e+04
   5.4954000e+02   1.7389000e+04
   5.4850300e+02   1.7166000e+04
   5.4746700e+02   1.7563000e+04
   5.4643100e+02   1.7409000e+04
   5.4539400e+02   1.7779000e+04
   5.4435800e+02   1.7798000e+04
   5.4332200e+02   1.7995000e+04
   5.4228000e+02   1.7854000e+04
   5.4124400e+02   1.8158000e+04
   5.4020700e+02   1.8355000e+04
   5.3916600e+02   1.8607000e+04
   5.3812900e+02   1.8488000e+04
   5.3709300e+02   1.8524000e+04
   5.3605200e+02   1.8333000e+04
   5.3501500e+02   1.8392000e+04
   5.3397400e+02   1.8505000e+04
   5.3293700e+02   1.8538000e+04
   5.3189600e+02   1.8493000e+04
   5.3085400e+02   1.8555000e+04
   5.2981800e+02   1.8549000e+04
   5.2877600e+02   1.8516000e+04
   5.2773500e+02   1.8601000e+04
   5.2669300e+02   1.8243000e+04
   5.2565700e+02   1.8592000e+04
   5.2461500e+02   1.8256000e+04
   5.2357400e+02   1.8033000e+04
   5.2253200e+02   1.7909000e+04
   5.2149100e+02   1.7814000e+04
   5.2044900e+02   1.7876000e+04
   5.1940800e+02   1.7652000e+04
   5.1836600e+02   1.7697000e+04
   5.1732500e+02   1.7410000e+04
   5.1628300e+02   1.7473000e+04
   5.1524200e+02   1.7361000e+04
   5.1420000e+02   1.7525000e+04
   5.1315900e+02   1.7128000e+04
   5.1211200e+02   1.6921000e+04
   5.1107000e+02   1.6709000e+04
   5.1002900e+02   1.6821000e+04
   5.0898700e+02   1.6860000e+04
   5.0794000e+02   1.6633000e+04
   5.0689900e+02   1.6568000e+04
   5.0585200e+02   1.6369000e+04
   5.0481100e+02   1.6328000e+04
   5.0376400e+02   1.6263000e+04
   5.0272200e+02   1.6187000e+04
   5.0167600e+02   1.6196000e+04
   5.0063400e+02   1.5962000e+04
   4.9958700e+02   1.6174000e+04
   4.9854100e+02   1.5948000e+04
   4.9749900e+02   1.6106000e+04
   4.9645200e+02   1.5765000e+04
   4.9540500e+02   1.5770000e+04
   4.9435900e+02   1.5713000e+04
   4.9331700e+02   1.5564000e+04
   4.9227000e+02   1.5563000e+04
   4.9122400e+02   1.5360000e+04
   4.9017700e+02   1.5448000e+04
   4.8913000e+02   1.5396000e+04
   4.8808300e+02   1.5618000e+04
   4.8703700e+02   1.5391000e+04
   4.8599000e+02   1.5556000e+04
   4.8494300e+02   1.5107000e+04
   4.8389600e+02   1.5545000e+04
   4.8285000e+02   1.5215000e+04
   4.8179800e+02   1.5014000e+04
   4.8075100e+02   1.5368000e+04
   4.7970400e+02   1.5133000e+04
   4.7865800e+02   1.5277000e+04
   4.7760600e+02   1.5203000e+04
   4.7655900e+02   1.5501000e+04
   4.7551200e+02   1.5402000e+04
   4.7446000e+02   1.5387000e+04
   4.7341300e+02   1.5339000e+04
   4.7236100e+02   1.5190000e+04
   4.7131500e+02   1.5231000e+04
   4.7026300e+02   1.5373000e+04
   4.6921100e+02   1.5356000e+04
   4.6816400e+02   1.5243000e+04
   4.6711200e+02   1.5441000e+04
   4.6606500e+02   1.5424000e+04
   4.6501300e+02   1.5515000e+04
   4.6396100e+02   1.5307000e+04
   4.6290900e+02   1.5481000e+04
   4.6185700e+02   1.5162000e+04
   4.6081100e+02   1.5532000e+04
   4.5975900e+02   1.5614000e+04
   4.5870700e+02   1.5529000e+04
   4.5765500e+02   1.5740000e+04
   4.5660300e+02   1.5773000e+04
   4.5555100e+02   1.5506000e+04
   4.5449900e+02   1.5741000e+04
   4.5344700e+02   1.5713000e+04
   4.5239000e+02   1.5718000e+04
   4.5133800e+02   1.5785000e+04
   4.5028600e+02   1.5703000e+04
   4.4923400e+02   1.5881000e+04
   4.4818200e+02   1.5689000e+04
   4.4712500e+02   1.6019000e+04
   4.4607300e+02   1.5775000e+04
   4.4502100e+02   1.5722000e+04
   4.4396400e+02   1.5940000e+04
   4.4291200e+02   1.5581000e+04
   4.4185500e+02   1.5735000e+04
   4.4080300e+02   1.5352000e+04
   4.3974600e+02   1.5768000e+04
   4.3869400e+02   1.5700000e+04
   4.3763600e+02   1.5717000e+04
   4.3658400e+02   1.5687000e+04
   4.3552700e+02   1.5621000e+04
   4.3447000e+02   1.5667000e+04
   4.3341300e+02   1.5661000e+04
   4.3236100e+02   1.5607000e+04
   4.3130400e+02   1.5519000e+04
   4.3024700e+02   1.5751000e+04
   4.2919000e+02   1.5492000e+04
   4.2813200e+02   1.5624000e+04
   4.2707500e+02   1.5288000e+04
   4.2601800e+02   1.5494000e+04
   4.2496100e+02   1.5465000e+04
   4.2390400e+02   1.5721000e+04
   4.2284700e+02   1.5674000e+04
   4.2178900e+02   1.5548000e+04
   4.2073200e+02   1.5426000e+04
   4.1967500e+02   1.5496000e+04
   4.1861800e+02   1.5444000e+04
   4.1755600e+02   1.5516000e+04
   4.1649800e+02   1.5439000e+04
   4.1544100e+02   1.5401000e+04
   4.1438400e+02   1.5362000e+04
   4.1332200e+02   1.5475000e+04
   4.1226400e+02   1.5549000e+04
   4.1120200e+02   1.5425000e+04
   4.1014500e+02   1.5430000e+04
   4.0908300e+02   1.5110000e+04
   4.0802500e+02   1.5596000e+04
   4.0696300e+02   1.5322000e+04
   4.0590600e+02   1.5406000e+04
   4.0484400e+02   1.5409000e+04
   4.0378100e+02   1.5351000e+04
   4.0272400e+02   1.5255000e+04
   4.0166200e+02   1.5457000e+04
   4.0059900e+02   1.5388000e+04
   3.9953700e+02   1.5319000e+04
   3.9847400e+02   1.5564000e+04
   3.9741700e+02   1.5468000e+04
   3.9635500e+02   1.5230000e+04
   3.9529300e+02   1.5440000e+04
   3.9423000e+02   1.5093000e+04
   3.9316800e+02   1.5316000e+04
   3.9210500e+02   1.5285000e+04
   3.9104300e+02   1.5331000e+04
   3.8997600e+02   1.5499000e+04
   3.8891300e+02   1.5502000e+04
   3.8785100e+02   1.5389000e+04
   3.8678800e+02   1.5546000e+04
   3.8572600e+02   1.5407000e+04
   3.8465800e+02   1.5388000e+04
   3.8359600e+02   1.5631000e+04
   3.8253400e+02   1.5525000e+04
   3.8146600e+02   1.5630000e+04
   3.8040400e+02   1.5554000e+04
   3.7934100e+02   1.5499000e+04
   3.7827400e+02   1.5426000e+04
   3.7721100e+02   1.5461000e+04
   3.7614400e+02   1.5644000e+04
   3.7507600e+02   1.5674000e+04
   3.7401400e+02   1.5734000e+04
   3.7294600e+02   1.5516000e+04
   3.7187900e+02   1.5644000e+04
   3.7081600e+02   1.5520000e+04
   3.6974900e+02   1.5564000e+04
   3.6868100e+02   1.5911000e+04
   3.6761400e+02   1.5507000e+04
   3.6654600e+02   1.5728000e+04
   3.6548400e+02   1.5749000e+04
   3.6441600e+02   1.5569000e+04
   3.6334900e+02   1.5714000e+04
   3.6228100e+02   1.5407000e+04
   3.6121300e+02   1.5624000e+04
   3.6014600e+02   1.5505000e+04
   3.5907800e+02   1.5320000e+04
   3.5800500e+02   1.5428000e+04
   3.5693800e+02   1.5512000e+04
   3.5587000e+02   1.5313000e+04
   3.5480300e+02   1.5493000e+04
   3.5373500e+02   1.5450000e+04
   3.5266200e+02   1.5470000e+04
   3.5159500e+02   1.5759000e+04
   3.5052700e+02   1.5544000e+04
   3.4945400e+02   1.5659000e+04
   3.4838700e+02   1.5455000e+04
   3.4731400e+02   1.5630000e+04
   3.4624600e+02   1.5601000e+04
   3.4517400e+02   1.5531000e+04
   3.4410600e+02   1.5464000e+04
   3.4303300e+02   1.5251000e+04
   3.4196600e+02   1.5549000e+04
   3.4089300e+02   1.5381000e+04
   3.3982000e+02   1.5464000e+04
   3.3874700e+02   1.5376000e+04
   3.3768000e+02   1.5500000e+04
   3.3660700e+02   1.5775000e+04
   3.3553400e+02   1.5771000e+04
   3.3446100e+02   1.5517000e+04
   3.3338900e+02   1.5733000e+04
   3.3231600e+02   1.5564000e+04
   3.3124300e+02   1.5612000e+04
   3.3017000e+02   1.5651000e+04
   3.2909700e+02   1.5544000e+04
   3.2802500e+02   1.5793000e+04
   3.2695200e+02   1.5834000e+04
   3.2587900e+02   1.5744000e+04
   3.2480600e+02   1.5712000e+04
   3.2373400e+02   1.5770000e+04
   3.2265600e+02   1.6114000e+04
   3.2158300e+02   1.6074000e+04
   3.2051000e+02   1.5835000e+04
   3.1943200e+02   1.6131000e+04
   3.1835900e+02   1.6274000e+04
   3.1728600e+02   1.6115000e+04
   3.1620800e+02   1.6122000e+04
   3.1513600e+02   1.6431000e+04
   3.1405800e+02   1.6231000e+04
   3.1298500e+02   1.6187000e+04
   3.1190700e+02   1.6401000e+04
   3.1082900e+02   1.6380000e+04
   3.0975600e+02   1.6329000e+04
   3.0867800e+02   1.6636000e+04
   3.0760000e+02   1.6358000e+04
   3.0652700e+02   1.6356000e+04
   3.0544900e+02   1.6718000e+04
   3.0437100e+02   1.6551000e+04
   3.0329300e+02   1.6491000e+04
   3.0221500e+02   1.6374000e+04
   3.0113700e+02   1.6578000e+04
   3.0005900e+02   1.6637000e+04
   2.9898100e+02   1.6439000e+04
   2.9790300e+02   1.6217000e+04
   2.9682500e+02   1.6217000e+04
   2.9574700e+02   1.6312000e+04
   2.9466900e+02   1.5989000e+04
   2.9359100e+02   1.5984000e+04
   2.9251300e+02   1.5962000e+04
   2.9143500e+02   1.6087000e+04
   2.9035200e+02   1.6139000e+04
   2.8927400e+02   1.5807000e+04
   2.8819600e+02   1.5759000e+04
   2.8711300e+02   1.5746000e+04
   2.8603500e+02   1.5662000e+04
   2.8495200e+02   1.6584000e+04
   2.8387400e+02   1.6045000e+04
   2.8279100e+02   1.5549000e+04
   2.8171300e+02   1.5405000e+04
   2.8062900e+02   1.5267000e+04
   2.7955100e+02   1.5257000e+04
   2.7846800e+02   1.5305000e+04
   2.7738500e+02   1.5209000e+04
   2.7630700e+02   1.5181000e+04
   2.7522400e+02   1.5238000e+04
   2.7414100e+02   1.5023000e+04
   2.7305700e+02   1.5022000e+04
   2.7197900e+02   1.5238000e+04
   2.7089600e+02   1.4993000e+04
   2.6981300e+02   1.5131000e+04
   2.6873000e+02   1.5165000e+04
   2.6764700e+02   1.4945000e+04
   2.6656300e+02   1.4782000e+04
   2.6548000e+02   1.4740000e+04
   2.6439700e+02   1.4612000e+04
   2.6331400e+02   1.4440000e+04
   2.6223100e+02   1.4580000e+04
   2.6114200e+02   1.4383000e+04
   2.6005900e+02   1.4460000e+04
   2.5897600e+02   1.4599000e+04
   2.5789300e+02   1.4248000e+04
   2.5680400e+02   1.4276000e+04
   2.5572100e+02   1.4120000e+04
   2.5463800e+02   1.4366000e+04
   2.5354900e+02   1.4054000e+04
   2.5246600e+02   1.4262000e+04
   2.5137800e+02   1.4305000e+04
   2.5029400e+02   1.4085000e+04
   2.4920600e+02   1.4230000e+04
   2.4811800e+02   1.4055000e+04
   2.4703400e+02   1.4141000e+04
   2.4594600e+02   1.4124000e+04
   2.4485800e+02   1.3787000e+04
   2.4377400e+02   1.3903000e+04
   2.4268600e+02   1.3867000e+04
   2.4159800e+02   1.3832000e+04
   2.4050900e+02   1.3892000e+04
   2.3942100e+02   1.3991000e+04
   2.3833800e+02   1.3778000e+04
   2.3724900e+02   1.3668000e+04
   2.3616100e+02   1.3731000e+04
   2.3507200e+02   1.3950000e+04
   2.3398400e+02   1.3793000e+04
   2.3289600e+02   1.3730000e+04
   2.3180200e+02   1.3802000e+04
   2.3071400e+02   1.3771000e+04
   2.2962500e+02   1.3913000e+04
   2.2853700e+02   1.3921000e+04
   2.2744800e+02   1.3596000e+04
   2.2635500e+02   1.3531000e+04
   2.2526600e+02   1.3675000e+04
   2.2417800e+02   1.3431000e+04
   2.2308400e+02   1.3307000e+04
   2.2199600e+02   1.3566000e+04
   2.2090700e+02   1.3344000e+04
   2.1981400e+02   1.3581000e+04
   2.1872500e+02   1.3324000e+04
   2.1763200e+02   1.3328000e+04
   2.1653800e+02   1.3334000e+04
   2.1545000e+02   1.3495000e+04
   2.1435600e+02   1.3309000e+04
   2.1326200e+02   1.3356000e+04
   2.1217400e+02   1.3440000e+04
   2.1108000e+02   1.3508000e+04
   2.0998700e+02   1.3387000e+04
   2.0889300e+02   1.3463000e+04
   2.0780000e+02   1.3501000e+04
   2.0671100e+02   1.3669000e+04
   2.0561800e+02   1.3641000e+04
   2.0452400e+02   1.3586000e+04
   2.0343000e+02   1.3838000e+04
   2.0233700e+02   1.4283000e+04
   2.0124300e+02   1.5270000e+04
   2.0014400e+02   1.6206000e+04
   1.9905100e+02   1.4650000e+04
   1.9795700e+02   1.4172000e+04
   1.9686300e+02   1.4282000e+04
   1.9577000e+02   1.4746000e+04
   1.9467100e+02   1.4544000e+04
   1.9357700e+02   1.4401000e+04
   1.9248400e+02   1.4715000e+04
   1.9138500e+02   1.4543000e+04
   1.9029100e+02   1.4521000e+04
   1.8919800e+02   1.4564000e+04
   1.8809900e+02   1.4532000e+04
   1.8700500e+02   1.4680000e+04
   1.8590600e+02   1.4689000e+04
   1.8480800e+02   1.5075000e+04
   1.8371400e+02   1.5215000e+04
   1.8261500e+02   1.5727000e+04
   1.8152200e+02   1.7669000e+04
   1.8042300e+02   2.6329000e+04
   1.7932400e+02   3.7736000e+04
   1.7822500e+02   2.8214000e+04
   1.7712600e+02   1.5769000e+04
   1.7603300e+02   1.4550000e+04
   1.7493400e+02   1.4553000e+04
   1.7383500e+02   1.4165000e+04
   1.7273600e+02   1.4099000e+04
   1.7163700e+02   1.4244000e+04
   1.7053800e+02   1.4499000e+04
   1.6944000e+02   1.4098000e+04
   1.6834100e+02   1.4151000e+04
   1.6724200e+02   1.4178000e+04
   1.6613800e+02   1.3977000e+04
   1.6503900e+02   1.4174000e+04
   1.6394000e+02   1.4063000e+04
   1.6284200e+02   1.4126000e+04
   1.6173700e+02   1.4203000e+04
   1.6063900e+02   1.4059000e+04
   1.5954000e+02   1.4057000e+04
   1.5843600e+02   1.4001000e+04
   1.5733700e+02   1.4168000e+04
   1.5623300e+02   1.4007000e+04
   1.5513400e+02   1.4129000e+04
   1.5403000e+02   1.4156000e+04
   1.5293100e+02   1.3994000e+04
   1.5182700e+02   1.3892000e+04
   1.5072300e+02   1.3875000e+04
   1.4962400e+02   1.3981000e+04
   1.4852000e+02   1.3974000e+04
   1.4741600e+02   1.4272000e+04
   1.4631200e+02   1.4082000e+04
   1.4521300e+02   1.4198000e+04
   1.4410900e+02   1.3922000e+04
   1.4300500e+02   1.3933000e+04
   1.4190100e+02   1.4093000e+04
   1.4079700e+02   1.4111000e+04
   1.3978200e+02   1.4568000e+04
   1.3876600e+02   1.4836000e+04
   1.3775600e+02   1.7418000e+04
   1.3674600e+02   2.2524000e+04
