2.0783E+02	0.0000E+00
2.0831E+02	4.0668E+01
2.0879E+02	6.9566E+01
2.0927E+02	5.6332E+01
2.0976E+02	4.7746E+01
2.1024E+02	1.8110E+02
2.1072E+02	2.3136E+02
2.1120E+02	1.8496E+02
2.1168E+02	8.2480E+01
2.1217E+02	4.3203E+00
2.1265E+02	3.8273E+01
2.1313E+02	2.7234E+01
2.1361E+02	1.3137E+01
2.1409E+02	1.6980E+01
2.1458E+02	3.6836E+00
2.1506E+02	8.1465E+01
2.1554E+02	2.0320E+02
2.1602E+02	3.3169E+02
2.1651E+02	4.5407E+02
2.1699E+02	5.6456E+02
2.1747E+02	6.4325E+02
2.1795E+02	6.6218E+02
2.1843E+02	6.9471E+02
2.1892E+02	7.7564E+02
2.1940E+02	8.9263E+02
2.1988E+02	1.0171E+03
2.2036E+02	1.1396E+03
2.2084E+02	1.2589E+03
2.2133E+02	1.3713E+03
2.2181E+02	1.4644E+03
2.2229E+02	1.5742E+03
2.2277E+02	1.7237E+03
2.2325E+02	1.8967E+03
2.2374E+02	2.0578E+03
2.2422E+02	2.1919E+03
2.2470E+02	2.3202E+03
2.2518E+02	2.4902E+03
2.2567E+02	2.7197E+03
2.2615E+02	2.9346E+03
2.2663E+02	3.1095E+03
2.2711E+02	3.2630E+03
2.2759E+02	3.4126E+03
2.2808E+02	3.5599E+03
2.2856E+02	3.7255E+03
2.2904E+02	3.9440E+03
2.2952E+02	4.2258E+03
2.3000E+02	4.5229E+03
2.3049E+02	4.8294E+03
2.3097E+02	5.1480E+03
2.3145E+02	5.4803E+03
2.3193E+02	5.8259E+03
2.3241E+02	6.1887E+03
2.3290E+02	6.5701E+03
2.3338E+02	6.9710E+03
2.3386E+02	7.3984E+03
2.3434E+02	7.8500E+03
2.3483E+02	8.3299E+03
2.3531E+02	8.8418E+03
2.3579E+02	9.3871E+03
2.3627E+02	9.9628E+03
2.3675E+02	1.0574E+04
2.3724E+02	1.1222E+04
2.3772E+02	1.1874E+04
2.3820E+02	1.2513E+04
2.3868E+02	1.3166E+04
2.3916E+02	1.3856E+04
2.3965E+02	1.4583E+04
2.4013E+02	1.5317E+04
2.4061E+02	1.6039E+04
2.4109E+02	1.6747E+04
2.4158E+02	1.7476E+04
2.4206E+02	1.8283E+04
2.4254E+02	1.9056E+04
2.4302E+02	1.9746E+04
2.4350E+02	2.0358E+04
2.4399E+02	2.0912E+04
2.4447E+02	2.1417E+04
2.4495E+02	2.1877E+04
2.4543E+02	2.2289E+04
2.4591E+02	2.2673E+04
2.4640E+02	2.2999E+04
2.4688E+02	2.3268E+04
2.4736E+02	2.3471E+04
2.4784E+02	2.3594E+04
2.4832E+02	2.3634E+04
2.4881E+02	2.3581E+04
2.4929E+02	2.3400E+04
2.4977E+02	2.3065E+04
2.5025E+02	2.2628E+04
2.5074E+02	2.2064E+04
2.5122E+02	2.1409E+04
2.5170E+02	2.0706E+04
2.5218E+02	1.9972E+04
2.5266E+02	1.9196E+04
2.5315E+02	1.8361E+04
2.5363E+02	1.7383E+04
2.5411E+02	1.6438E+04
2.5459E+02	1.5529E+04
2.5507E+02	1.4654E+04
2.5556E+02	1.3811E+04
2.5604E+02	1.3001E+04
2.5652E+02	1.2212E+04
2.5700E+02	1.1427E+04
2.5748E+02	1.0611E+04
2.5797E+02	9.8917E+03
2.5845E+02	9.2970E+03
2.5893E+02	8.7595E+03
2.5941E+02	8.2441E+03
2.5990E+02	7.7438E+03
2.6038E+02	7.2706E+03
2.6086E+02	6.8343E+03
2.6134E+02	6.4409E+03
2.6182E+02	6.0664E+03
2.6231E+02	5.6940E+03
2.6279E+02	5.3581E+03
2.6327E+02	5.0914E+03
2.6375E+02	4.8771E+03
2.6423E+02	4.6696E+03
2.6472E+02	4.4303E+03
2.6520E+02	4.1629E+03
2.6568E+02	3.9212E+03
2.6616E+02	3.7320E+03
2.6665E+02	3.5597E+03
2.6713E+02	3.3920E+03
2.6761E+02	3.2356E+03
2.6809E+02	3.1027E+03
2.6857E+02	3.0022E+03
2.6906E+02	2.9256E+03
2.6954E+02	2.8430E+03
2.7002E+02	2.7428E+03
2.7050E+02	2.6526E+03
2.7098E+02	2.5825E+03
2.7147E+02	2.5246E+03
2.7195E+02	2.4694E+03
2.7243E+02	2.4133E+03
2.7291E+02	2.3606E+03
2.7339E+02	2.3172E+03
2.7388E+02	2.2812E+03
2.7436E+02	2.2605E+03
2.7484E+02	2.2715E+03
2.7532E+02	2.2887E+03
2.7581E+02	2.2882E+03
2.7629E+02	2.2664E+03
2.7677E+02	2.2538E+03
2.7725E+02	2.2956E+03
2.7773E+02	2.3948E+03
2.7822E+02	2.4562E+03
2.7870E+02	2.4486E+03
2.7918E+02	2.4137E+03
2.7966E+02	2.3744E+03
2.8014E+02	2.3326E+03
2.8063E+02	2.2929E+03
2.8111E+02	2.2623E+03
2.8159E+02	2.2372E+03
2.8207E+02	2.2018E+03
2.8255E+02	2.1511E+03
2.8304E+02	2.0979E+03
2.8352E+02	2.0572E+03
2.8400E+02	2.0224E+03
2.8448E+02	1.9749E+03
2.8497E+02	1.9054E+03
2.8545E+02	1.8206E+03
2.8593E+02	1.7300E+03
2.8641E+02	1.6339E+03
2.8689E+02	1.5321E+03
2.8738E+02	1.4266E+03
2.8786E+02	1.3145E+03
2.8834E+02	1.1864E+03
2.8882E+02	1.0133E+03
2.8930E+02	8.5750E+02
2.8979E+02	7.9604E+02
2.9027E+02	8.1299E+02
2.9075E+02	7.9075E+02
2.9123E+02	6.6008E+02
2.9172E+02	4.7745E+02
2.9220E+02	3.6664E+02
2.9268E+02	3.5770E+02
2.9316E+02	3.4128E+02
2.9364E+02	2.5215E+02
2.9413E+02	1.2707E+02
2.9461E+02	3.9391E+01
2.9509E+02	1.2594E+01
2.9557E+02	1.9223E+01
2.9605E+02	2.5305E+01
2.9654E+02	3.5859E+01
2.9702E+02	2.2352E+01
2.9750E+02	5.1758E+01
2.9798E+02	1.3380E+02
2.9846E+02	1.7410E+02
2.9895E+02	1.6630E+02
2.9943E+02	1.3206E+02
2.9991E+02	9.0125E+01
3.0039E+02	4.0512E+01
3.0088E+02	1.6801E+01
3.0136E+02	8.7043E+01
3.0184E+02	1.5871E+02
3.0232E+02	2.2628E+02
3.0280E+02	2.9003E+02
3.0329E+02	3.5550E+02
3.0377E+02	4.2938E+02
3.0425E+02	5.0576E+02
3.0473E+02	5.4159E+02
3.0521E+02	4.9386E+02
3.0570E+02	4.5877E+02
3.0618E+02	4.5125E+02
3.0666E+02	4.6184E+02
3.0714E+02	4.8641E+02
3.0763E+02	5.2278E+02
3.0811E+02	5.5786E+02
3.0859E+02	5.6063E+02
3.0907E+02	5.0125E+02
3.0955E+02	4.6642E+02
3.1004E+02	4.8052E+02
3.1052E+02	5.0282E+02
3.1100E+02	5.0190E+02
3.1148E+02	4.6964E+02
3.1196E+02	4.2404E+02
3.1245E+02	3.7685E+02
3.1293E+02	3.2502E+02
3.1341E+02	2.9977E+02
3.1389E+02	3.3863E+02
3.1437E+02	3.7208E+02
3.1486E+02	3.7030E+02
3.1534E+02	3.4153E+02
3.1582E+02	3.1090E+02
3.1630E+02	2.9674E+02
3.1679E+02	2.9327E+02
3.1727E+02	2.7104E+02
3.1775E+02	2.0496E+02
3.1823E+02	1.7275E+02
3.1871E+02	2.3191E+02
3.1920E+02	3.3154E+02
3.1968E+02	4.0632E+02
3.2016E+02	4.2584E+02
3.2064E+02	4.3546E+02
3.2112E+02	4.9209E+02
3.2161E+02	5.9697E+02
3.2209E+02	7.1552E+02
3.2257E+02	8.4136E+02
3.2305E+02	9.7288E+02
3.2353E+02	1.1026E+03
3.2402E+02	1.2281E+03
3.2450E+02	1.3710E+03
3.2498E+02	1.5638E+03
3.2546E+02	1.7819E+03
3.2595E+02	1.9572E+03
3.2643E+02	2.0646E+03
3.2691E+02	2.1636E+03
3.2739E+02	2.3187E+03
3.2787E+02	2.5245E+03
3.2836E+02	2.7437E+03
3.2884E+02	2.9825E+03
3.2932E+02	3.2203E+03
3.2980E+02	3.4422E+03
3.3028E+02	3.6467E+03
3.3077E+02	3.8290E+03
3.3125E+02	3.9747E+03
3.3173E+02	4.0966E+03
3.3221E+02	4.2851E+03
3.3270E+02	4.6090E+03
3.3318E+02	4.9117E+03
3.3366E+02	5.1360E+03
3.3414E+02	5.3061E+03
3.3462E+02	5.4681E+03
3.3511E+02	5.6422E+03
3.3559E+02	5.8141E+03
3.3607E+02	5.9536E+03
3.3655E+02	6.0491E+03
3.3703E+02	6.1284E+03
3.3752E+02	6.2073E+03
3.3800E+02	6.2602E+03
3.3848E+02	6.2637E+03
3.3896E+02	6.2173E+03
3.3944E+02	6.1406E+03
3.3993E+02	6.0541E+03
3.4041E+02	5.9588E+03
3.4089E+02	5.8408E+03
3.4137E+02	5.6994E+03
3.4186E+02	5.5340E+03
3.4234E+02	5.3308E+03
3.4282E+02	5.1035E+03
3.4330E+02	4.8807E+03
3.4378E+02	4.6821E+03
3.4427E+02	4.4903E+03
3.4475E+02	4.2397E+03
3.4523E+02	3.8747E+03
3.4571E+02	3.5786E+03
3.4619E+02	3.4481E+03
3.4668E+02	3.3768E+03
3.4716E+02	3.2712E+03
3.4764E+02	3.1073E+03
3.4812E+02	2.9459E+03
3.4860E+02	2.8697E+03
3.4909E+02	2.8725E+03
3.4957E+02	2.8145E+03
3.5005E+02	2.6355E+03
3.5053E+02	2.4359E+03
3.5102E+02	2.3098E+03
3.5150E+02	2.2446E+03
3.5198E+02	2.1634E+03
3.5246E+02	2.0098E+03
3.5294E+02	1.8328E+03
3.5343E+02	1.7169E+03
3.5391E+02	1.6701E+03
3.5439E+02	1.6262E+03
3.5487E+02	1.5485E+03
3.5535E+02	1.4359E+03
3.5584E+02	1.3023E+03
3.5632E+02	1.1285E+03
3.5680E+02	9.5706E+02
3.5728E+02	7.9699E+02
3.5777E+02	6.5598E+02
3.5825E+02	5.5882E+02
3.5873E+02	5.2086E+02
3.5921E+02	5.0507E+02
3.5969E+02	4.4005E+02
3.6018E+02	2.7840E+02
3.6066E+02	1.6425E+02
3.6114E+02	1.4322E+02
3.6162E+02	1.4376E+02
3.6210E+02	1.0322E+02
3.6259E+02	2.0484E+01
3.6307E+02	6.1246E+01
3.6355E+02	1.0095E+02
3.6403E+02	9.7031E+01
3.6451E+02	9.3652E+01
3.6500E+02	8.7293E+01
3.6548E+02	8.5566E+01
3.6596E+02	9.1871E+01
3.6644E+02	1.0396E+02
3.6693E+02	1.2445E+02
3.6741E+02	1.5656E+02
3.6789E+02	1.8212E+02
3.6837E+02	1.5246E+02
3.6885E+02	3.6453E+01
3.6934E+02	4.5859E+01
3.6982E+02	2.6965E+01
3.7030E+02	4.2188E-01
3.7078E+02	3.7363E+01
3.7126E+02	1.3990E+02
3.7175E+02	2.3936E+02
3.7223E+02	2.6894E+02
3.7271E+02	2.4419E+02
3.7319E+02	2.4913E+02
3.7367E+02	3.0486E+02
3.7416E+02	3.5704E+02
3.7464E+02	3.6109E+02
3.7512E+02	3.3318E+02
3.7560E+02	3.0591E+02
3.7609E+02	2.8609E+02
3.7657E+02	2.7265E+02
3.7705E+02	2.6166E+02
3.7753E+02	2.5430E+02
3.7801E+02	2.6625E+02
3.7850E+02	3.1768E+02
3.7898E+02	3.7727E+02
3.7946E+02	3.6637E+02
3.7994E+02	2.6039E+02
3.8042E+02	1.6397E+02
3.8091E+02	9.9539E+01
3.8139E+02	5.7375E+01
3.8187E+02	3.0559E+01
3.8235E+02	1.6672E+01
3.8284E+02	9.1914E+00
3.8332E+02	4.2305E+00
3.8380E+02	4.0977E+00
3.8428E+02	1.7324E+01
3.8476E+02	9.1805E+01
3.8525E+02	1.4961E+02
3.8573E+02	1.6055E+02
3.8621E+02	1.3934E+02
3.8669E+02	1.1084E+02
3.8717E+02	8.7059E+01
3.8766E+02	6.5965E+01
3.8814E+02	4.1125E+01
3.8862E+02	4.6875E+00
3.8910E+02	1.6234E+01
3.8958E+02	4.3398E+00
3.9007E+02	2.3719E+01
3.9055E+02	1.0191E+01
3.9103E+02	3.6020E+01
3.9151E+02	8.7324E+01
3.9200E+02	1.1559E+02
3.9248E+02	1.2672E+02
3.9296E+02	1.6034E+02
3.9344E+02	2.2715E+02
3.9392E+02	2.9441E+02
3.9441E+02	3.5332E+02
3.9489E+02	3.9840E+02
3.9537E+02	4.1318E+02
3.9585E+02	3.6846E+02
3.9633E+02	3.2843E+02
3.9682E+02	3.6604E+02
3.9730E+02	4.6350E+02
3.9778E+02	5.3489E+02
3.9826E+02	5.4972E+02
3.9875E+02	5.2590E+02
3.9923E+02	4.8576E+02
3.9971E+02	4.2420E+02
4.0019E+02	3.7255E+02
4.0067E+02	3.4259E+02
4.0116E+02	3.1959E+02
4.0164E+02	2.8930E+02
4.0212E+02	2.5234E+02
4.0260E+02	2.1909E+02
4.0308E+02	1.9858E+02
4.0357E+02	1.8979E+02
4.0405E+02	1.7925E+02
4.0453E+02	1.7786E+02
4.0501E+02	1.6292E+02
4.0549E+02	1.1786E+02
4.0598E+02	6.4215E+01
4.0646E+02	2.7496E+01
4.0694E+02	1.5508E+01
4.0742E+02	1.5125E+01
4.0791E+02	5.5078E+00
4.0839E+02	1.8023E+01
4.0887E+02	2.3324E+01
4.0935E+02	7.8711E+00
4.0983E+02	4.1422E+01
4.1032E+02	6.0727E+01
4.1080E+02	6.8934E+01
4.1128E+02	7.5867E+01
4.1176E+02	8.1988E+01
4.1224E+02	9.2543E+01
4.1273E+02	1.1370E+02
4.1321E+02	1.4396E+02
4.1369E+02	1.9843E+02
4.1417E+02	3.0189E+02
4.1465E+02	4.1945E+02
4.1514E+02	4.9761E+02
4.1562E+02	5.3166E+02
4.1610E+02	5.4238E+02
4.1658E+02	5.2373E+02
4.1707E+02	4.9223E+02
4.1755E+02	4.6883E+02
4.1803E+02	4.5723E+02
4.1851E+02	4.6364E+02
4.1899E+02	5.0102E+02
4.1948E+02	5.7118E+02
4.1996E+02	5.9750E+02
4.2044E+02	5.3997E+02
4.2092E+02	4.8843E+02
4.2140E+02	4.9287E+02
4.2189E+02	5.2545E+02
4.2237E+02	5.2619E+02
4.2285E+02	4.6630E+02
4.2333E+02	3.8793E+02
4.2382E+02	3.6575E+02
4.2430E+02	4.3270E+02
4.2478E+02	4.6317E+02
4.2526E+02	4.2842E+02
4.2574E+02	3.7744E+02
4.2623E+02	3.2697E+02
4.2671E+02	2.8656E+02
4.2719E+02	2.5964E+02
4.2767E+02	2.4865E+02
4.2815E+02	2.5127E+02
4.2864E+02	2.7368E+02
4.2912E+02	3.2384E+02
4.2960E+02	3.4939E+02
4.3008E+02	3.1652E+02
4.3056E+02	2.5405E+02
4.3105E+02	1.9506E+02
4.3153E+02	1.3709E+02
4.3201E+02	1.0182E+02
4.3249E+02	1.1678E+02
4.3298E+02	1.5665E+02
4.3346E+02	1.7688E+02
4.3394E+02	1.7023E+02
4.3442E+02	1.6045E+02
4.3490E+02	1.7102E+02
4.3539E+02	2.0159E+02
4.3587E+02	2.0751E+02
4.3635E+02	1.3503E+02
4.3683E+02	1.0119E+02
4.3731E+02	1.9032E+02
4.3780E+02	3.2986E+02
4.3828E+02	4.0222E+02
4.3876E+02	3.6578E+02
4.3924E+02	2.8922E+02
4.3972E+02	2.8913E+02
4.4021E+02	4.0477E+02
4.4069E+02	4.7592E+02
4.4117E+02	4.7008E+02
4.4165E+02	4.4886E+02
4.4214E+02	4.2825E+02
4.4262E+02	4.0798E+02
4.4310E+02	3.9091E+02
4.4358E+02	3.8513E+02
4.4406E+02	3.8176E+02
4.4455E+02	3.5283E+02
4.4503E+02	2.9288E+02
4.4551E+02	2.5584E+02
4.4599E+02	2.6633E+02
4.4647E+02	3.0572E+02
4.4696E+02	3.5213E+02
4.4744E+02	4.0752E+02
4.4792E+02	4.3616E+02
4.4840E+02	4.1363E+02
4.4889E+02	3.6772E+02
4.4937E+02	3.2096E+02
4.4985E+02	2.7761E+02
4.5033E+02	2.5995E+02
4.5081E+02	2.9284E+02
4.5130E+02	3.6288E+02
4.5178E+02	3.7766E+02
4.5226E+02	2.8202E+02
4.5274E+02	2.0579E+02
4.5322E+02	1.8443E+02
4.5371E+02	1.8281E+02
4.5419E+02	1.5764E+02
4.5467E+02	1.0367E+02
4.5515E+02	5.8234E+01
4.5563E+02	6.9984E+01
4.5612E+02	1.4170E+02
4.5660E+02	1.8034E+02
4.5708E+02	1.4564E+02
4.5756E+02	1.3271E+02
4.5805E+02	2.0716E+02
4.5853E+02	3.1352E+02
4.5901E+02	3.6595E+02
4.5949E+02	3.2669E+02
4.5997E+02	2.6214E+02
4.6046E+02	2.3943E+02
4.6094E+02	2.5100E+02
4.6142E+02	2.5447E+02
4.6190E+02	2.3517E+02
4.6238E+02	2.2079E+02
4.6287E+02	2.5273E+02
4.6335E+02	3.2877E+02
4.6383E+02	3.6707E+02
4.6431E+02	3.2921E+02
4.6479E+02	2.8292E+02
4.6528E+02	2.7020E+02
4.6576E+02	2.8170E+02
4.6624E+02	2.9213E+02
4.6672E+02	2.9185E+02
4.6721E+02	2.8735E+02
4.6769E+02	2.8476E+02
4.6817E+02	2.7092E+02
4.6865E+02	2.8549E+02
4.6913E+02	3.6825E+02
4.6962E+02	4.3926E+02
4.7010E+02	4.5304E+02
4.7058E+02	4.1902E+02
4.7106E+02	3.7100E+02
4.7154E+02	3.2317E+02
4.7203E+02	2.8098E+02
4.7251E+02	2.6441E+02
4.7299E+02	2.7978E+02
4.7347E+02	2.7657E+02
4.7396E+02	2.2287E+02
4.7444E+02	1.5701E+02
4.7492E+02	1.2128E+02
4.7540E+02	1.1664E+02
4.7588E+02	1.2686E+02
4.7637E+02	1.6630E+02
4.7685E+02	2.0596E+02
4.7733E+02	2.1380E+02
4.7781E+02	1.8898E+02
4.7829E+02	1.3630E+02
4.7878E+02	4.8375E+01
4.7926E+02	5.1699E+01
4.7974E+02	7.9648E+01
4.8022E+02	6.5465E+01
4.8070E+02	1.5286E+02
4.8119E+02	1.3195E+02
4.8167E+02	8.0242E+01
4.8215E+02	5.6934E+01
4.8263E+02	6.7691E+01
4.8312E+02	8.5316E+01
4.8360E+02	8.4020E+01
4.8408E+02	7.0270E+01
4.8456E+02	8.2309E+01
4.8504E+02	1.2764E+02
4.8553E+02	1.8075E+02
4.8601E+02	2.4030E+02
4.8649E+02	2.9825E+02
4.8697E+02	3.4293E+02
4.8745E+02	3.7047E+02
4.8794E+02	4.0280E+02
4.8842E+02	4.7211E+02
4.8890E+02	5.4834E+02
4.8938E+02	5.7006E+02
4.8987E+02	5.3052E+02
4.9035E+02	4.7775E+02
4.9083E+02	4.4338E+02
4.9131E+02	4.2436E+02
4.9179E+02	4.0286E+02
4.9228E+02	3.5772E+02
4.9276E+02	3.3709E+02
4.9324E+02	3.7889E+02
4.9372E+02	4.3247E+02
4.9420E+02	4.3696E+02
4.9469E+02	3.8798E+02
4.9517E+02	3.3744E+02
4.9565E+02	3.3966E+02
4.9613E+02	3.8963E+02
4.9661E+02	3.9748E+02
4.9710E+02	3.4700E+02
4.9758E+02	2.8191E+02
4.9806E+02	1.9210E+02
4.9854E+02	1.0885E+02
4.9903E+02	7.5527E+01
4.9951E+02	1.0599E+02
4.9999E+02	1.4459E+02
5.0047E+02	1.5049E+02
5.0095E+02	1.3589E+02
5.0144E+02	1.3246E+02
5.0192E+02	1.4570E+02
5.0240E+02	1.4503E+02
5.0288E+02	9.9563E+01
5.0336E+02	1.8887E+01
5.0385E+02	2.4785E+01
5.0433E+02	4.8555E+00
5.0481E+02	1.3852E+01
5.0529E+02	7.2695E+00
5.0577E+02	2.0430E+00
5.0626E+02	1.1574E+01
5.0674E+02	5.2266E+01
5.0722E+02	1.0759E+02
5.0770E+02	1.7399E+02
5.0819E+02	2.4853E+02
5.0867E+02	2.6838E+02
5.0915E+02	1.9123E+02
5.0963E+02	1.3374E+02
5.1011E+02	1.5405E+02
5.1060E+02	2.0532E+02
5.1108E+02	2.3441E+02
5.1156E+02	2.2830E+02
5.1204E+02	2.2774E+02
5.1252E+02	2.6988E+02
5.1301E+02	3.3401E+02
5.1349E+02	3.8160E+02
5.1397E+02	4.0861E+02
5.1445E+02	4.1492E+02
5.1494E+02	3.9361E+02
5.1542E+02	3.5361E+02
5.1590E+02	3.4418E+02
5.1638E+02	4.0263E+02
5.1686E+02	4.3295E+02
5.1735E+02	4.0141E+02
5.1783E+02	3.5066E+02
5.1831E+02	3.1398E+02
5.1879E+02	2.9577E+02
5.1927E+02	2.8837E+02
5.1976E+02	2.8625E+02
5.2024E+02	2.9086E+02
5.2072E+02	3.1348E+02
5.2120E+02	3.6981E+02
5.2168E+02	4.0264E+02
5.2217E+02	3.7450E+02
5.2265E+02	3.2438E+02
5.2313E+02	2.8365E+02
5.2361E+02	2.5533E+02
5.2410E+02	2.3863E+02
5.2458E+02	2.3052E+02
5.2506E+02	2.3481E+02
5.2554E+02	2.7111E+02
5.2602E+02	3.3471E+02
5.2651E+02	3.7050E+02
5.2699E+02	3.4008E+02
5.2747E+02	2.6604E+02
5.2795E+02	2.2080E+02
5.2843E+02	2.4232E+02
5.2892E+02	2.4218E+02
5.2940E+02	1.9314E+02
5.2988E+02	1.4500E+02
5.3036E+02	1.4495E+02
5.3084E+02	1.8167E+02
5.3133E+02	2.0207E+02
5.3181E+02	1.6307E+02
5.3229E+02	9.5055E+01
5.3277E+02	7.3828E+01
5.3326E+02	1.0424E+02
5.3374E+02	1.5243E+02
5.3422E+02	2.2747E+02
5.3470E+02	3.0510E+02
5.3518E+02	3.5261E+02
5.3567E+02	3.6757E+02
5.3615E+02	3.7418E+02
5.3663E+02	3.6793E+02
5.3711E+02	3.6120E+02
5.3759E+02	3.7980E+02
5.3808E+02	4.1609E+02
5.3856E+02	4.2181E+02
5.3904E+02	3.7868E+02
5.3952E+02	3.1220E+02
5.4001E+02	2.5866E+02
5.4049E+02	2.2094E+02
5.4097E+02	2.0125E+02
5.4145E+02	2.2746E+02
5.4193E+02	2.4355E+02
5.4242E+02	2.0650E+02
5.4290E+02	1.4859E+02
5.4338E+02	1.3422E+02
5.4386E+02	1.9786E+02
5.4434E+02	2.8143E+02
5.4483E+02	3.2264E+02
5.4531E+02	3.2578E+02
5.4579E+02	3.0821E+02
5.4627E+02	2.6848E+02
5.4675E+02	2.2767E+02
5.4724E+02	2.0734E+02
5.4772E+02	2.0539E+02
5.4820E+02	1.8618E+02
5.4868E+02	1.2436E+02
5.4917E+02	7.5973E+01
5.4965E+02	5.8922E+01
5.5013E+02	6.4441E+01
5.5061E+02	8.7547E+01
5.5109E+02	1.2364E+02
5.5158E+02	1.5804E+02
5.5206E+02	1.7234E+02
5.5254E+02	1.6953E+02
5.5302E+02	1.8883E+02
5.5350E+02	2.4483E+02
5.5399E+02	2.9208E+02
5.5447E+02	3.1485E+02
5.5495E+02	3.1991E+02
5.5543E+02	3.0649E+02
5.5591E+02	2.7251E+02
5.5640E+02	2.4685E+02
5.5688E+02	2.6022E+02
5.5736E+02	2.8042E+02
5.5784E+02	2.5409E+02
5.5833E+02	1.8816E+02
5.5881E+02	1.4036E+02
5.5929E+02	1.4161E+02
5.5977E+02	1.8320E+02
5.6025E+02	2.4752E+02
5.6074E+02	3.7452E+02
5.6122E+02	4.4780E+02
5.6170E+02	4.3951E+02
5.6218E+02	4.1027E+02
5.6266E+02	3.9159E+02
5.6315E+02	3.7710E+02
5.6363E+02	3.4013E+02
5.6411E+02	2.5742E+02
5.6459E+02	1.7323E+02
5.6508E+02	1.6036E+02
5.6556E+02	2.0991E+02
5.6604E+02	2.3380E+02
5.6652E+02	2.0462E+02
5.6700E+02	1.7395E+02
5.6749E+02	2.0246E+02
5.6797E+02	2.8717E+02
5.6845E+02	3.1333E+02
5.6893E+02	2.3073E+02
5.6941E+02	1.4975E+02
5.6990E+02	1.0393E+02
5.7038E+02	8.3711E+01
5.7086E+02	8.7340E+01
5.7134E+02	1.0864E+02
5.7182E+02	1.1914E+02
5.7231E+02	8.3641E+01
5.7279E+02	9.9688E+00
5.7327E+02	3.1656E+01
5.7375E+02	2.7004E+01
5.7424E+02	2.6660E+01
5.7472E+02	6.3445E+01
5.7520E+02	1.0430E+02
5.7568E+02	1.0753E+02
5.7616E+02	6.7676E+01
5.7665E+02	3.2656E+01
5.7713E+02	2.8516E+01
5.7761E+02	3.2359E+01
5.7809E+02	2.7387E+01
5.7857E+02	1.0527E+01
5.7906E+02	3.1195E+01
5.7954E+02	1.0694E+02
5.8002E+02	1.8554E+02
5.8050E+02	1.9718E+02
5.8099E+02	9.6238E+01
5.8147E+02	5.5477E+01
5.8195E+02	1.4323E+02
5.8243E+02	2.2456E+02
5.8291E+02	2.4981E+02
5.8340E+02	2.3354E+02
5.8388E+02	2.0033E+02
5.8436E+02	1.4997E+02
5.8484E+02	1.1332E+02
5.8532E+02	1.2526E+02
5.8581E+02	1.7112E+02
5.8629E+02	2.2334E+02
5.8677E+02	2.7861E+02
5.8725E+02	2.9789E+02
5.8773E+02	2.4221E+02
5.8822E+02	1.2746E+02
5.8870E+02	5.4406E+01
5.8918E+02	5.0273E+01
5.8966E+02	5.3086E+01
5.9015E+02	8.3500E+01
5.9063E+02	1.0075E+02
5.9111E+02	5.1090E+01
5.9159E+02	4.6352E+01
5.9207E+02	1.0929E+02
5.9256E+02	7.4449E+01
5.9304E+02	1.0594E+01
5.9352E+02	5.9266E+01
5.9400E+02	7.2086E+01
5.9448E+02	8.8680E+01
5.9497E+02	1.2802E+02
5.9545E+02	1.5370E+02
5.9593E+02	1.0979E+02
5.9641E+02	7.6641E+00
5.9689E+02	5.9387E+01
5.9738E+02	8.6367E+00
5.9786E+02	8.3227E+01
5.9834E+02	1.3149E+02
5.9882E+02	1.5722E+02
5.9931E+02	1.6181E+02
5.9979E+02	1.4890E+02
6.0027E+02	1.3476E+02
6.0075E+02	1.3541E+02
6.0123E+02	1.4922E+02
6.0172E+02	1.6744E+02
6.0220E+02	1.9337E+02
6.0268E+02	2.1200E+02
6.0316E+02	2.1063E+02
6.0364E+02	2.0521E+02
6.0413E+02	2.1862E+02
6.0461E+02	2.5265E+02
6.0509E+02	2.8491E+02
6.0557E+02	3.1585E+02
6.0606E+02	3.3776E+02
6.0654E+02	3.3000E+02
6.0702E+02	3.0996E+02
6.0750E+02	3.2198E+02
6.0798E+02	3.8278E+02
6.0847E+02	4.5750E+02
6.0895E+02	4.9371E+02
6.0943E+02	4.8669E+02
6.0991E+02	4.8694E+02
6.1039E+02	5.0831E+02
6.1088E+02	5.0896E+02
6.1136E+02	4.4688E+02
6.1184E+02	3.6198E+02
6.1232E+02	3.0779E+02
6.1280E+02	2.9159E+02
6.1329E+02	2.8310E+02
6.1377E+02	2.7014E+02
6.1425E+02	2.5889E+02
6.1473E+02	2.6092E+02
6.1522E+02	2.7272E+02
6.1570E+02	2.7777E+02
6.1618E+02	2.6710E+02
6.1666E+02	2.4688E+02
6.1714E+02	2.2609E+02
6.1763E+02	1.9749E+02
6.1811E+02	1.9504E+02
6.1859E+02	2.2914E+02
6.1907E+02	2.8004E+02
6.1955E+02	3.6636E+02
6.2004E+02	4.5509E+02
6.2052E+02	4.8099E+02
6.2100E+02	4.0780E+02
6.2148E+02	3.3434E+02
6.2196E+02	3.3378E+02
6.2245E+02	3.6808E+02
6.2293E+02	3.7262E+02
6.2341E+02	3.4538E+02
6.2389E+02	3.3463E+02
6.2438E+02	3.7439E+02
6.2486E+02	4.4662E+02
6.2534E+02	4.9797E+02
6.2582E+02	5.2873E+02
6.2630E+02	5.3849E+02
6.2679E+02	5.2044E+02
6.2727E+02	4.8774E+02
6.2775E+02	4.3562E+02
6.2823E+02	3.7485E+02
6.2871E+02	3.2494E+02
6.2920E+02	2.8643E+02
6.2968E+02	2.7572E+02
6.3016E+02	3.3843E+02
6.3064E+02	4.2905E+02
6.3113E+02	4.4532E+02
6.3161E+02	3.7950E+02
6.3209E+02	3.0974E+02
6.3257E+02	2.9279E+02
6.3305E+02	3.1591E+02
6.3354E+02	3.2793E+02
6.3402E+02	3.2661E+02
6.3450E+02	3.2460E+02
6.3498E+02	3.0980E+02
6.3546E+02	3.0215E+02
6.3595E+02	3.1444E+02
6.3643E+02	3.4470E+02
6.3691E+02	3.8451E+02
6.3739E+02	4.3086E+02
6.3787E+02	4.8038E+02
6.3836E+02	5.5848E+02
6.3884E+02	6.3329E+02
6.3932E+02	6.0644E+02
6.3980E+02	4.6611E+02
6.4029E+02	3.3995E+02
6.4077E+02	3.3959E+02
6.4125E+02	4.3449E+02
6.4173E+02	4.4927E+02
6.4221E+02	3.1792E+02
6.4270E+02	2.2520E+02
6.4318E+02	2.0847E+02
6.4366E+02	2.1601E+02
6.4414E+02	2.2620E+02
6.4462E+02	2.3448E+02
6.4511E+02	2.3428E+02
6.4559E+02	2.1763E+02
6.4607E+02	2.0158E+02
6.4655E+02	2.1471E+02
6.4703E+02	2.3865E+02
6.4752E+02	2.1951E+02
6.4800E+02	1.5007E+02
6.4848E+02	9.2105E+01
6.4896E+02	1.0093E+02
6.4945E+02	1.5572E+02
6.4993E+02	1.5750E+02
6.5041E+02	6.5230E+01
6.5089E+02	1.7242E+01
6.5137E+02	4.0707E+01
6.5186E+02	9.0918E+01
6.5234E+02	1.5552E+02
6.5282E+02	2.2510E+02
6.5330E+02	2.7732E+02
6.5378E+02	2.9810E+02
6.5427E+02	3.0634E+02
6.5475E+02	3.2353E+02
6.5523E+02	3.4484E+02
6.5571E+02	3.3346E+02
6.5620E+02	2.8688E+02
6.5668E+02	2.5379E+02
6.5716E+02	2.7913E+02
6.5764E+02	3.4754E+02
6.5812E+02	3.9150E+02
6.5861E+02	4.0784E+02
6.5909E+02	4.0699E+02
6.5957E+02	3.9080E+02
6.6005E+02	3.5638E+02
6.6053E+02	2.8422E+02
6.6102E+02	1.9223E+02
6.6150E+02	1.3182E+02
6.6198E+02	1.3307E+02
6.6246E+02	1.4575E+02
6.6294E+02	1.3653E+02
6.6343E+02	1.1834E+02
6.6391E+02	1.1231E+02
6.6439E+02	1.2023E+02
6.6487E+02	1.3039E+02
6.6536E+02	1.3646E+02
6.6584E+02	1.3461E+02
6.6632E+02	1.0046E+02
6.6680E+02	1.1711E+01
6.6728E+02	2.3848E+01
6.6777E+02	5.8758E+01
6.6825E+02	1.3394E+02
6.6873E+02	9.8293E+01
6.6921E+02	3.1719E+00
6.6969E+02	5.6516E+01
6.7018E+02	2.6633E+01
6.7066E+02	2.4902E+01
6.7114E+02	8.9887E+01
6.7162E+02	1.4925E+02
6.7211E+02	1.8007E+02
6.7259E+02	1.8280E+02
6.7307E+02	1.6695E+02
6.7355E+02	1.3560E+02
6.7403E+02	1.0250E+02
6.7452E+02	9.9449E+01
6.7500E+02	1.2946E+02
6.7548E+02	1.6270E+02
6.7596E+02	2.0673E+02
6.7644E+02	2.3298E+02
6.7693E+02	2.0929E+02
6.7741E+02	1.5616E+02
6.7789E+02	1.2682E+02
6.7837E+02	1.2569E+02
6.7885E+02	1.4116E+02
6.7934E+02	2.0607E+02
6.7982E+02	2.5690E+02
6.8030E+02	2.1752E+02
6.8078E+02	1.2367E+02
6.8127E+02	7.6102E+01
6.8175E+02	1.2404E+02
6.8223E+02	1.9349E+02
6.8271E+02	1.6623E+02
6.8319E+02	6.0191E+01
6.8368E+02	2.1922E+01
6.8416E+02	7.3324E+01
6.8464E+02	1.1892E+02
6.8512E+02	1.0370E+02
6.8560E+02	5.5090E+01
6.8609E+02	3.2281E+01
6.8657E+02	4.0488E+01
6.8705E+02	6.2996E+01
6.8753E+02	1.3109E+02
6.8801E+02	1.7909E+02
6.8850E+02	1.5993E+02
6.8898E+02	1.0778E+02
6.8946E+02	7.7992E+01
6.8994E+02	8.6230E+01
6.9043E+02	9.8016E+01
6.9091E+02	7.0449E+01
6.9139E+02	2.9578E+01
6.9187E+02	3.9633E+01
6.9235E+02	9.7227E+01
6.9284E+02	1.4138E+02
6.9332E+02	1.4495E+02
6.9380E+02	1.3533E+02
6.9428E+02	1.5235E+02
6.9476E+02	1.9965E+02
6.9525E+02	2.4602E+02
6.9573E+02	3.3232E+02
6.9621E+02	3.6193E+02
6.9669E+02	2.4459E+02
6.9718E+02	1.0582E+02
6.9766E+02	7.6887E+01
6.9814E+02	1.6503E+02
6.9862E+02	2.6783E+02
6.9910E+02	3.7344E+02
6.9959E+02	4.3951E+02
7.0007E+02	3.9135E+02
7.0055E+02	2.7860E+02
7.0103E+02	2.2187E+02
7.0151E+02	2.4791E+02
7.0200E+02	2.8443E+02
7.0248E+02	2.6100E+02
7.0296E+02	1.8934E+02
7.0344E+02	1.3579E+02
7.0392E+02	1.0091E+02
7.0441E+02	8.3668E+01
7.0489E+02	9.7441E+01
7.0537E+02	1.1393E+02
7.0585E+02	1.0857E+02
7.0634E+02	8.5367E+01
7.0682E+02	6.1043E+01
7.0730E+02	2.9762E+01
7.0778E+02	6.7930E+00
7.0826E+02	3.8672E-01
7.0875E+02	2.6563E+00
7.0923E+02	1.0000E+01
7.0971E+02	1.8750E+01
7.1019E+02	1.9781E+01
7.1067E+02	5.8398E+00
7.1116E+02	1.1191E+01
7.1164E+02	6.2344E+00
7.1212E+02	1.6883E+01
7.1260E+02	1.4543E+01
7.1308E+02	2.6164E+01
7.1357E+02	4.5871E+01
7.1405E+02	5.2344E-01
7.1453E+02	8.9184E+01
7.1501E+02	1.5342E+02
7.1550E+02	1.8967E+02
7.1598E+02	2.0584E+02
7.1646E+02	1.9773E+02
7.1694E+02	1.7458E+02
7.1742E+02	1.1877E+02
7.1791E+02	5.8707E+01
7.1839E+02	4.3723E+01
7.1887E+02	8.8863E+01
7.1935E+02	1.3994E+02
7.1983E+02	1.5764E+02
7.2032E+02	1.5868E+02
7.2080E+02	1.7671E+02
7.2128E+02	2.0238E+02
7.2176E+02	1.8242E+02
7.2225E+02	9.5227E+01
7.2273E+02	5.9375E-01
7.2321E+02	2.3063E+01
7.2369E+02	2.8344E+01
7.2417E+02	5.2879E+01
7.2466E+02	4.1625E+01
7.2514E+02	2.2852E+01
7.2562E+02	6.2461E+00
7.2610E+02	2.7223E+01
7.2658E+02	1.7941E+01
7.2707E+02	1.9977E+01
7.2755E+02	5.4879E+01
7.2803E+02	1.0258E+02
7.2851E+02	1.2790E+02
7.2899E+02	9.7969E+01
7.2948E+02	4.6672E+01
7.2996E+02	9.5430E+00
7.3044E+02	7.4609E+00
7.3092E+02	1.1594E+01
7.3141E+02	5.3203E+00
7.3189E+02	5.4648E+00
7.3237E+02	1.0965E+01
7.3285E+02	1.1211E+01
7.3333E+02	5.3594E+00
7.3382E+02	8.9609E+00
7.3430E+02	1.4855E+01
7.3478E+02	4.1406E-01
7.3526E+02	3.1477E+01
7.3574E+02	6.3473E+01
7.3623E+02	1.2015E+02
7.3671E+02	1.3229E+02
7.3719E+02	4.6906E+01
7.3767E+02	2.4324E+01
7.3815E+02	2.0496E+01
7.3864E+02	2.5191E+01
7.3912E+02	5.8148E+01
7.3960E+02	6.5633E+01
7.4008E+02	7.0469E+01
7.4057E+02	9.9676E+01
7.4105E+02	1.2159E+02
7.4153E+02	8.3883E+01
7.4201E+02	1.2289E+01
7.4249E+02	1.5414E+01
7.4298E+02	2.5145E+01
7.4346E+02	7.4355E+01
7.4394E+02	5.3074E+01
7.4442E+02	2.1406E+01
7.4490E+02	2.6457E+01
7.4539E+02	4.9254E+01
7.4587E+02	1.2554E+02
7.4635E+02	1.8547E+02
7.4683E+02	2.2684E+02
7.4732E+02	2.4370E+02
7.4780E+02	2.3621E+02
7.4828E+02	2.2863E+02
7.4876E+02	2.1511E+02
7.4924E+02	2.0925E+02
7.4973E+02	2.2973E+02
7.5021E+02	2.4522E+02
7.5069E+02	2.2752E+02
7.5117E+02	1.8275E+02
7.5165E+02	1.3074E+02
7.5214E+02	6.8531E+01
7.5262E+02	3.5668E+01
7.5310E+02	9.2465E+01
7.5358E+02	1.9312E+02
7.5406E+02	2.6905E+02
7.5455E+02	3.0811E+02
7.5503E+02	2.8216E+02
7.5551E+02	1.7049E+02
7.5599E+02	4.1457E+01
7.5648E+02	3.3457E+01
7.5696E+02	1.6693E+02
7.5744E+02	1.9868E+02
7.5792E+02	8.2977E+01
7.5840E+02	1.4852E+01
7.5889E+02	2.0789E+01
7.5937E+02	1.8957E+01
7.5985E+02	4.2406E+01
7.6033E+02	4.9031E+01
7.6081E+02	5.2922E+01
7.6130E+02	4.2680E+01
7.6178E+02	4.4504E+01
7.6226E+02	9.4453E+01
7.6274E+02	1.4341E+02
7.6322E+02	1.1941E+02
7.6371E+02	3.3488E+01
7.6419E+02	1.7684E+01
7.6467E+02	4.2242E+01
7.6515E+02	1.2664E+02
7.6564E+02	1.2341E+02
7.6612E+02	6.6789E+01
7.6660E+02	3.8980E+01
7.6708E+02	5.3047E+01
7.6756E+02	1.0091E+02
7.6805E+02	1.8284E+02
7.6853E+02	2.7438E+02
7.6901E+02	3.1242E+02
7.6949E+02	2.8690E+02
7.6997E+02	2.7066E+02
7.7046E+02	2.7200E+02
7.7094E+02	2.7077E+02
7.7142E+02	2.4696E+02
7.7190E+02	2.2357E+02
7.7239E+02	2.4454E+02
7.7287E+02	3.2446E+02
7.7335E+02	3.6385E+02
7.7383E+02	3.1399E+02
7.7431E+02	2.6467E+02
7.7480E+02	2.6937E+02
7.7528E+02	2.8810E+02
7.7576E+02	2.6558E+02
7.7624E+02	1.9920E+02
7.7672E+02	1.3626E+02
7.7721E+02	1.0016E+02
7.7769E+02	8.8250E+01
7.7817E+02	1.1410E+02
7.7865E+02	1.5898E+02
7.7913E+02	1.7211E+02
7.7962E+02	1.4737E+02
7.8010E+02	1.1381E+02
7.8058E+02	8.8645E+01
7.8106E+02	7.9602E+01
7.8155E+02	1.2027E+02
7.8203E+02	2.2088E+02
7.8251E+02	2.7957E+02
7.8299E+02	2.7342E+02
7.8347E+02	2.6436E+02
7.8396E+02	2.9106E+02
7.8444E+02	3.3174E+02
7.8492E+02	3.3361E+02
7.8540E+02	2.7623E+02
7.8588E+02	2.4723E+02
7.8637E+02	2.6418E+02
7.8685E+02	2.9262E+02
7.8733E+02	3.3011E+02
7.8781E+02	3.6524E+02
7.8830E+02	3.8595E+02
7.8878E+02	3.9173E+02
7.8926E+02	3.9098E+02
7.8974E+02	3.8104E+02
7.9022E+02	3.7070E+02
7.9071E+02	3.5994E+02
7.9119E+02	3.5788E+02
7.9167E+02	4.0950E+02
7.9215E+02	5.0059E+02
7.9263E+02	5.1651E+02
7.9312E+02	3.7255E+02
7.9360E+02	1.6650E+02
7.9408E+02	9.8547E+01
7.9456E+02	1.6470E+02
7.9504E+02	2.1698E+02
7.9553E+02	2.4501E+02
7.9601E+02	2.6122E+02
7.9649E+02	2.6977E+02
7.9697E+02	2.7221E+02
7.9746E+02	2.6971E+02
7.9794E+02	2.5799E+02
7.9842E+02	2.5815E+02
7.9890E+02	2.8533E+02
7.9938E+02	3.0524E+02
7.9987E+02	3.0886E+02
8.0035E+02	2.9993E+02
8.0083E+02	2.7005E+02
8.0131E+02	2.2769E+02
8.0179E+02	2.2002E+02
8.0228E+02	2.8852E+02
8.0276E+02	3.5495E+02
8.0324E+02	3.7743E+02
8.0372E+02	3.7741E+02
8.0420E+02	3.7063E+02
8.0469E+02	3.6509E+02
8.0517E+02	3.7643E+02
8.0565E+02	4.1409E+02
8.0613E+02	4.5128E+02
8.0662E+02	4.4089E+02
8.0710E+02	4.0517E+02
8.0758E+02	4.2364E+02
8.0806E+02	4.9409E+02
8.0854E+02	5.3647E+02
8.0903E+02	5.1308E+02
8.0951E+02	4.6407E+02
8.0999E+02	4.3948E+02
8.1047E+02	4.3802E+02
8.1095E+02	4.2988E+02
8.1144E+02	4.0383E+02
8.1192E+02	4.0170E+02
8.1240E+02	4.4469E+02
8.1288E+02	5.1047E+02
8.1337E+02	5.8451E+02
8.1385E+02	6.5743E+02
8.1433E+02	7.0410E+02
8.1481E+02	7.2794E+02
8.1529E+02	7.2051E+02
8.1578E+02	6.6329E+02
8.1626E+02	5.9374E+02
8.1674E+02	5.1658E+02
8.1722E+02	4.5527E+02
8.1770E+02	4.4604E+02
8.1819E+02	4.9645E+02
8.1867E+02	5.4229E+02
8.1915E+02	5.5368E+02
8.1963E+02	5.3737E+02
8.2011E+02	4.7501E+02
8.2060E+02	3.9404E+02
8.2108E+02	3.5446E+02
8.2156E+02	3.6619E+02
8.2204E+02	3.9053E+02
8.2253E+02	3.9870E+02
8.2301E+02	3.9874E+02
8.2349E+02	4.2164E+02
8.2397E+02	4.6125E+02
8.2445E+02	4.3326E+02
8.2494E+02	3.1849E+02
8.2542E+02	2.1553E+02
8.2590E+02	1.7881E+02
8.2638E+02	1.9540E+02
8.2686E+02	2.4632E+02
8.2735E+02	3.4729E+02
8.2783E+02	4.0555E+02
8.2831E+02	4.0203E+02
8.2879E+02	3.8693E+02
8.2927E+02	3.6991E+02
8.2976E+02	3.5320E+02
8.3024E+02	3.3959E+02
8.3072E+02	3.2888E+02
8.3120E+02	3.1904E+02
8.3169E+02	3.2204E+02
8.3217E+02	3.0971E+02
8.3265E+02	2.5462E+02
8.3313E+02	1.9786E+02
8.3361E+02	1.7370E+02
8.3410E+02	1.7608E+02
8.3458E+02	1.8530E+02
8.3506E+02	1.9636E+02
8.3554E+02	2.0461E+02
8.3602E+02	2.1186E+02
8.3651E+02	2.1085E+02
8.3699E+02	1.7971E+02
8.3747E+02	1.3415E+02
8.3795E+02	1.2036E+02
8.3844E+02	1.4944E+02
8.3892E+02	1.8387E+02
8.3940E+02	1.9149E+02
8.3988E+02	1.7618E+02
8.4036E+02	1.4202E+02
8.4085E+02	9.1273E+01
8.4133E+02	4.0680E+01
8.4181E+02	8.8906E+00
8.4229E+02	2.2105E+01
8.4277E+02	3.3086E+01
8.4326E+02	1.2416E+02
8.4374E+02	1.7115E+02
8.4422E+02	1.6595E+02
8.4470E+02	1.4693E+02
8.4518E+02	1.0430E+02
8.4567E+02	6.4398E+01
8.4615E+02	2.3289E+01
8.4663E+02	3.1250E-02
8.4711E+02	2.8801E+01
8.4760E+02	1.0878E+02
8.4808E+02	1.6962E+02
8.4856E+02	2.1849E+02
8.4904E+02	2.3299E+02
8.4952E+02	1.7528E+02
8.5001E+02	1.1002E+02
8.5049E+02	8.7914E+01
8.5097E+02	9.8152E+01
8.5145E+02	1.0365E+02
8.5193E+02	9.1434E+01
8.5242E+02	8.5496E+01
8.5290E+02	1.1868E+02
8.5338E+02	1.4745E+02
8.5386E+02	1.0989E+02
8.5434E+02	4.4137E+01
8.5483E+02	3.8816E+01
8.5531E+02	1.0696E+02
8.5579E+02	1.5910E+02
8.5627E+02	1.0684E+02
8.5676E+02	2.0250E+01
8.5724E+02	3.2609E+01
8.5772E+02	1.0892E+02
8.5820E+02	1.2572E+02
8.5868E+02	7.0438E+01
8.5917E+02	1.9871E+01
8.5965E+02	2.0148E+01
8.6013E+02	4.8238E+01
8.6061E+02	6.4844E+01
8.6109E+02	6.9871E+01
8.6158E+02	6.7066E+01
8.6206E+02	5.4578E+01
8.6254E+02	4.2867E+01
8.6302E+02	3.1938E+01
8.6351E+02	3.3539E+01
8.6399E+02	7.1453E+01
8.6447E+02	1.3943E+02
8.6495E+02	1.4976E+02
8.6543E+02	5.0941E+01
8.6592E+02	4.5508E+00
8.6640E+02	2.5781E+01
8.6688E+02	7.0910E+01
8.6736E+02	1.0083E+02
8.6784E+02	1.1662E+02
8.6833E+02	1.2416E+02
8.6881E+02	1.2736E+02
8.6929E+02	9.3809E+01
8.6977E+02	3.6590E+01
8.7025E+02	1.3805E+02
8.7074E+02	1.4447E+02
8.7122E+02	1.0168E+02
8.7170E+02	4.8227E+01
8.7218E+02	5.1211E+00
8.7267E+02	4.6629E+01
8.7315E+02	7.7355E+01
8.7363E+02	8.3031E+01
8.7411E+02	2.7789E+01
8.7459E+02	3.9262E+01
8.7508E+02	7.1184E+01
8.7556E+02	6.4695E+01
8.7604E+02	1.3914E+01
8.7652E+02	7.9867E+01
8.7700E+02	1.6057E+02
8.7749E+02	1.5369E+02
8.7797E+02	1.0888E+02
8.7845E+02	1.3123E+02
8.7893E+02	1.9535E+02
8.7942E+02	2.0321E+02
8.7990E+02	1.4129E+02
8.8038E+02	9.3375E+01
8.8086E+02	1.2132E+02
8.8134E+02	1.8650E+02
8.8183E+02	2.0863E+02
8.8231E+02	1.9007E+02
8.8279E+02	1.6939E+02
8.8327E+02	1.4813E+02
8.8375E+02	1.3393E+02
8.8424E+02	1.3133E+02
8.8472E+02	1.3428E+02
8.8520E+02	1.2579E+02
8.8568E+02	1.0803E+02
8.8616E+02	1.3193E+02
8.8665E+02	2.2692E+02
8.8713E+02	2.7996E+02
8.8761E+02	2.5313E+02
8.8809E+02	2.1586E+02
8.8858E+02	2.1832E+02
8.8906E+02	2.3923E+02
8.8954E+02	2.2488E+02
8.9002E+02	1.5430E+02
8.9050E+02	1.0954E+02
8.9099E+02	8.1395E+01
8.9147E+02	9.0438E+01
8.9195E+02	1.9238E+02
8.9243E+02	2.9687E+02
8.9291E+02	3.0894E+02
8.9340E+02	2.3994E+02
8.9388E+02	1.8466E+02
8.9436E+02	1.7403E+02
8.9484E+02	1.6381E+02
8.9532E+02	1.3298E+02
8.9581E+02	1.0304E+02
8.9629E+02	8.9883E+01
8.9677E+02	8.9570E+01
8.9725E+02	9.0875E+01
8.9774E+02	9.1863E+01
8.9822E+02	1.0775E+02
8.9870E+02	1.6330E+02
8.9918E+02	2.2161E+02
8.9966E+02	2.4938E+02
9.0015E+02	2.5846E+02
9.0063E+02	2.7140E+02
9.0111E+02	2.8407E+02
9.0159E+02	2.7539E+02
9.0207E+02	2.3265E+02
9.0256E+02	1.8707E+02
9.0304E+02	1.7549E+02
9.0352E+02	1.8619E+02
9.0400E+02	2.0240E+02
9.0449E+02	2.1900E+02
9.0497E+02	2.1964E+02
9.0545E+02	2.0056E+02
9.0593E+02	1.9296E+02
9.0641E+02	2.2818E+02
9.0690E+02	2.8261E+02
9.0738E+02	2.9743E+02
9.0786E+02	2.7729E+02
9.0834E+02	2.6355E+02
9.0882E+02	2.6025E+02
9.0931E+02	2.5495E+02
9.0979E+02	2.3957E+02
9.1027E+02	2.3210E+02
9.1075E+02	2.6199E+02
9.1123E+02	3.2561E+02
9.1172E+02	3.7246E+02
9.1220E+02	4.0306E+02
9.1268E+02	4.1074E+02
9.1316E+02	3.9001E+02
9.1365E+02	3.5803E+02
9.1413E+02	3.2091E+02
9.1461E+02	2.8631E+02
9.1509E+02	2.8275E+02
9.1557E+02	3.2853E+02
9.1606E+02	3.3700E+02
9.1654E+02	2.8480E+02
9.1702E+02	2.3678E+02
9.1750E+02	2.1316E+02
9.1798E+02	2.0580E+02
9.1847E+02	2.1692E+02
9.1895E+02	2.4076E+02
9.1943E+02	2.3154E+02
9.1991E+02	1.3309E+02
9.2039E+02	8.7379E+01
9.2088E+02	1.5241E+02
9.2136E+02	2.1432E+02
9.2184E+02	2.1490E+02
9.2232E+02	1.8374E+02
9.2281E+02	1.5913E+02
9.2329E+02	1.4430E+02
9.2377E+02	1.3986E+02
9.2425E+02	1.8127E+02
9.2473E+02	1.9495E+02
9.2522E+02	1.0543E+02
9.2570E+02	2.1426E+01
9.2618E+02	5.1367E+01
9.2666E+02	1.5378E+02
9.2714E+02	2.2017E+02
9.2763E+02	2.1283E+02
9.2811E+02	2.0348E+02
9.2859E+02	2.2970E+02
9.2907E+02	2.7861E+02
9.2956E+02	3.7279E+02
9.3004E+02	4.6359E+02
9.3052E+02	4.6815E+02
9.3100E+02	3.9978E+02
9.3148E+02	3.5278E+02
9.3197E+02	3.7877E+02
9.3245E+02	3.9739E+02
9.3293E+02	3.2427E+02
9.3341E+02	2.3079E+02
9.3389E+02	2.0391E+02
9.3438E+02	2.2793E+02
9.3486E+02	2.5792E+02
9.3534E+02	2.7952E+02
9.3582E+02	2.7864E+02
9.3630E+02	2.2923E+02
9.3679E+02	1.8014E+02
9.3727E+02	2.2995E+02
9.3775E+02	3.1501E+02
9.3823E+02	2.8514E+02
9.3872E+02	1.5985E+02
9.3920E+02	6.8719E+01
9.3968E+02	6.2043E+01
9.4016E+02	8.8055E+01
9.4064E+02	1.0283E+02
9.4113E+02	1.0248E+02
9.4161E+02	5.3488E+01
9.4209E+02	2.1789E+01
9.4257E+02	7.6055E+00
9.4305E+02	1.0408E+02
9.4354E+02	2.0389E+02
9.4402E+02	2.3202E+02
9.4450E+02	2.1161E+02
9.4498E+02	1.6382E+02
9.4546E+02	9.7355E+01
9.4595E+02	7.0523E+01
9.4643E+02	8.2160E+01
9.4691E+02	9.6090E+01
9.4739E+02	1.0357E+02
9.4788E+02	1.2222E+02
9.4836E+02	1.7120E+02
9.4884E+02	2.2074E+02
9.4932E+02	1.8652E+02
9.4980E+02	6.4238E+01
9.5029E+02	1.1359E+01
9.5077E+02	3.9816E+01
9.5125E+02	7.0141E+01
9.5173E+02	7.6266E+01
9.5221E+02	7.7363E+01
9.5270E+02	8.7527E+01
9.5318E+02	1.1150E+02
9.5366E+02	1.8579E+02
9.5414E+02	3.4078E+02
9.5463E+02	3.8117E+02
9.5511E+02	2.5686E+02
9.5559E+02	1.4155E+02
9.5607E+02	1.0594E+02
9.5655E+02	1.1954E+02
9.5704E+02	1.5376E+02
9.5752E+02	2.0549E+02
9.5800E+02	2.2163E+02
9.5848E+02	1.8273E+02
9.5896E+02	1.6203E+02
9.5945E+02	1.7516E+02
9.5993E+02	1.9222E+02
9.6041E+02	1.9794E+02
9.6089E+02	1.9880E+02
9.6137E+02	2.0702E+02
9.6186E+02	2.2425E+02
9.6234E+02	2.2412E+02
9.6282E+02	1.9018E+02
9.6330E+02	1.6657E+02
9.6379E+02	1.4869E+02
9.6427E+02	1.5598E+02
9.6475E+02	2.3366E+02
9.6523E+02	3.3232E+02
9.6571E+02	3.3545E+02
9.6620E+02	2.0492E+02
9.6668E+02	1.4111E+02
9.6716E+02	2.0182E+02
9.6764E+02	2.5007E+02
9.6812E+02	2.6497E+02
9.6861E+02	2.5338E+02
9.6909E+02	1.9135E+02
9.6957E+02	1.1046E+02
9.7005E+02	1.0439E+02
9.7054E+02	2.2413E+02
9.7102E+02	2.8020E+02
9.7150E+02	1.8590E+02
9.7198E+02	1.1679E+02
9.7246E+02	1.6044E+02
9.7295E+02	2.2761E+02
9.7343E+02	2.3542E+02
9.7391E+02	1.9517E+02
9.7439E+02	1.6363E+02
9.7487E+02	1.4148E+02
9.7536E+02	1.4307E+02
9.7584E+02	2.0839E+02
9.7632E+02	2.5253E+02
9.7680E+02	2.0641E+02
9.7728E+02	1.4234E+02
9.7777E+02	1.5385E+02
9.7825E+02	2.2802E+02
9.7873E+02	2.5977E+02
9.7921E+02	1.9829E+02
9.7970E+02	1.4852E+02
9.8018E+02	1.5152E+02
9.8066E+02	1.5713E+02
9.8114E+02	1.3245E+02
9.8162E+02	9.7277E+01
9.8211E+02	7.7773E+01
9.8259E+02	7.5934E+01
9.8307E+02	7.9129E+01
9.8355E+02	8.4168E+01
9.8403E+02	9.3063E+01
9.8452E+02	1.2691E+02
9.8500E+02	1.4258E+02
9.8548E+02	7.6340E+01
9.8596E+02	8.4375E+00
9.8644E+02	5.0781E-01
9.8693E+02	1.0536E+02
9.8741E+02	1.7436E+02
9.8789E+02	1.2923E+02
9.8837E+02	7.9980E+01
9.8886E+02	6.9184E+01
9.8934E+02	6.9500E+01
9.8982E+02	6.6629E+01
9.9030E+02	5.6793E+01
9.9078E+02	3.1727E+01
9.9127E+02	8.6172E+00
9.9175E+02	3.5828E+01
9.9223E+02	2.2969E+01
9.9271E+02	1.4742E+01
9.9319E+02	4.5121E+01
9.9368E+02	7.6211E+01
9.9416E+02	7.8223E+01
9.9464E+02	5.5023E+01
9.9512E+02	1.4977E+01
9.9561E+02	3.9684E+01
9.9609E+02	9.2156E+01
9.9657E+02	1.4896E+02
9.9705E+02	1.8418E+02
9.9753E+02	1.6121E+02
9.9802E+02	1.3059E+02
9.9850E+02	1.3952E+02
9.9898E+02	1.7718E+02
9.9946E+02	2.1455E+02
9.9994E+02	2.4246E+02
1.0004E+03	2.6349E+02
1.0009E+03	2.8157E+02
1.0014E+03	2.8691E+02
1.0019E+03	2.5835E+02
1.0024E+03	2.2855E+02
1.0028E+03	2.5038E+02
1.0033E+03	2.9232E+02
1.0038E+03	2.6510E+02
1.0043E+03	1.4168E+02
1.0048E+03	5.5090E+01
1.0052E+03	9.2734E+01
1.0057E+03	1.4254E+02
1.0062E+03	1.4249E+02
1.0067E+03	1.2716E+02
1.0072E+03	1.2444E+02
1.0077E+03	1.3550E+02
1.0081E+03	1.6129E+02
1.0086E+03	2.0649E+02
1.0091E+03	2.2146E+02
1.0096E+03	1.5035E+02
1.0101E+03	8.3500E+01
1.0106E+03	7.3734E+01
1.0110E+03	9.0891E+01
1.0115E+03	1.0576E+02
1.0120E+03	1.2006E+02
1.0125E+03	1.5162E+02
1.0130E+03	2.0815E+02
1.0134E+03	2.4901E+02
1.0139E+03	2.6384E+02
1.0144E+03	2.5050E+02
1.0149E+03	1.7702E+02
1.0154E+03	9.9617E+01
1.0159E+03	7.0027E+01
1.0163E+03	8.3504E+01
1.0168E+03	1.2780E+02
1.0173E+03	2.0969E+02
1.0178E+03	2.4075E+02
1.0183E+03	1.1913E+02
1.0187E+03	2.3797E+01
1.0192E+03	9.0832E+01
1.0197E+03	1.8416E+02
1.0202E+03	1.4805E+02
1.0207E+03	3.5563E+01
1.0212E+03	1.2633E+01
1.0216E+03	1.3127E+02
1.0221E+03	2.1353E+02
1.0226E+03	1.6817E+02
1.0231E+03	1.1821E+02
1.0236E+03	1.2128E+02
1.0241E+03	1.3896E+02
1.0245E+03	1.4138E+02
1.0250E+03	1.2899E+02
1.0255E+03	1.0618E+02
1.0260E+03	7.0160E+01
1.0265E+03	4.9578E+01
1.0269E+03	5.1711E+01
1.0274E+03	7.0043E+01
1.0279E+03	1.2821E+02
1.0284E+03	1.7749E+02
1.0289E+03	1.6611E+02
1.0294E+03	1.2075E+02
1.0298E+03	1.0109E+02
1.0303E+03	1.2228E+02
1.0308E+03	1.3477E+02
1.0313E+03	1.1839E+02
1.0318E+03	1.0723E+02
1.0322E+03	1.1054E+02
1.0327E+03	1.2280E+02
1.0332E+03	1.5173E+02
1.0337E+03	1.8323E+02
1.0342E+03	1.8685E+02
1.0347E+03	1.5646E+02
1.0351E+03	1.2611E+02
1.0356E+03	9.0293E+01
1.0361E+03	6.7918E+01
1.0366E+03	5.2914E+01
1.0371E+03	6.3527E+01
1.0375E+03	1.2853E+02
1.0380E+03	2.2068E+02
1.0385E+03	2.9753E+02
1.0390E+03	3.6412E+02
1.0395E+03	3.7208E+02
1.0400E+03	2.5587E+02
1.0404E+03	1.8288E+02
1.0409E+03	2.0246E+02
1.0414E+03	2.3500E+02
1.0419E+03	2.4964E+02
1.0424E+03	2.3999E+02
1.0429E+03	1.8239E+02
1.0433E+03	6.9598E+01
1.0438E+03	2.7371E+01
1.0443E+03	1.0242E+02
1.0448E+03	1.5076E+02
1.0453E+03	1.4885E+02
1.0457E+03	1.2905E+02
1.0462E+03	9.8285E+01
1.0467E+03	7.1133E+01
1.0472E+03	7.2297E+01
1.0477E+03	1.0039E+02
1.0482E+03	1.0591E+02
1.0486E+03	7.1223E+01
1.0491E+03	8.1926E+01
1.0496E+03	1.7590E+02
1.0501E+03	2.2488E+02
1.0506E+03	1.5094E+02
1.0510E+03	3.9813E+01
1.0515E+03	5.4180E+00
1.0520E+03	3.1508E+01
1.0525E+03	6.7293E+01
1.0530E+03	1.1907E+02
1.0535E+03	1.3390E+02
1.0539E+03	9.7570E+01
1.0544E+03	8.1285E+01
1.0549E+03	1.1759E+02
1.0554E+03	1.6140E+02
1.0559E+03	1.6108E+02
1.0564E+03	1.3323E+02
1.0568E+03	1.4966E+02
1.0573E+03	2.0855E+02
1.0578E+03	1.9320E+02
1.0583E+03	9.5410E+01
1.0588E+03	5.4016E+01
1.0592E+03	1.1766E+02
1.0597E+03	1.9395E+02
1.0602E+03	2.0410E+02
1.0607E+03	1.6421E+02
1.0612E+03	9.5281E+01
1.0617E+03	8.0859E+00
1.0621E+03	5.3102E+01
1.0626E+03	8.3578E+01
1.0631E+03	5.6156E+01
1.0636E+03	3.0320E+01
1.0641E+03	1.0500E+02
1.0645E+03	1.1691E+02
1.0650E+03	1.0029E+02
1.0655E+03	1.0945E+02
1.0660E+03	1.2888E+02
1.0665E+03	1.1565E+02
1.0670E+03	8.0461E+01
1.0674E+03	5.6746E+01
1.0679E+03	5.1805E+01
1.0684E+03	6.8508E+01
1.0689E+03	1.1117E+02
1.0694E+03	1.4157E+02
1.0699E+03	9.1980E+01
1.0703E+03	2.7930E+01
1.0708E+03	3.5004E+01
1.0713E+03	9.6262E+01
1.0718E+03	1.9673E+02
1.0723E+03	3.1694E+02
1.0727E+03	4.2806E+02
1.0732E+03	5.1980E+02
1.0737E+03	5.2908E+02
1.0742E+03	3.1960E+02
1.0747E+03	1.0782E+02
1.0752E+03	1.0232E+02
1.0756E+03	1.7107E+02
1.0761E+03	1.6479E+02
1.0766E+03	9.7805E+01
1.0771E+03	3.7332E+01
1.0776E+03	3.5156E-01
1.0780E+03	1.4672E+01
1.0785E+03	5.7852E+00
1.0790E+03	2.0773E+01
1.0795E+03	8.9383E+01
1.0800E+03	1.4752E+02
1.0805E+03	1.4299E+02
1.0809E+03	1.0698E+02
1.0814E+03	8.6520E+01
1.0819E+03	8.7809E+01
1.0824E+03	1.0441E+02
1.0829E+03	1.7104E+02
1.0834E+03	1.9857E+02
1.0838E+03	1.3141E+02
1.0843E+03	7.1211E+01
1.0848E+03	8.9160E+01
1.0853E+03	1.2219E+02
1.0858E+03	7.8523E+01
1.0862E+03	2.2602E+01
1.0867E+03	5.5066E+01
1.0872E+03	1.3000E+01
1.0877E+03	9.2340E+01
1.0882E+03	3.5573E+02
1.0887E+03	5.0446E+02
1.0891E+03	4.1261E+02
1.0896E+03	2.5203E+02
1.0901E+03	1.4504E+02
1.0906E+03	8.9664E+01
1.0911E+03	8.7742E+01
1.0915E+03	1.4909E+02
1.0920E+03	1.7422E+02
1.0925E+03	1.5244E+02
1.0930E+03	1.5191E+02
1.0935E+03	1.9473E+02
1.0940E+03	2.1284E+02
1.0944E+03	1.5668E+02
1.0949E+03	8.8691E+01
1.0954E+03	1.1680E+02
1.0959E+03	2.1830E+02
1.0964E+03	2.1182E+02
1.0968E+03	1.1080E+02
1.0973E+03	8.7496E+01
1.0978E+03	1.5929E+02
1.0983E+03	2.1667E+02
1.0988E+03	2.1231E+02
1.0993E+03	1.7399E+02
1.0997E+03	1.1613E+02
1.1002E+03	6.7480E+01
1.1007E+03	1.1448E+02
1.1012E+03	2.0516E+02
1.1017E+03	1.9867E+02
1.1022E+03	1.1417E+02
1.1026E+03	5.1203E+01
1.1031E+03	3.5809E+01
1.1036E+03	3.1266E+01
1.1041E+03	1.3426E+01
1.1046E+03	6.6797E-01
1.1050E+03	5.1836E+00
1.1055E+03	2.4742E+01
1.1060E+03	5.6559E+01
1.1065E+03	9.3965E+01
1.1070E+03	1.4418E+02
1.1075E+03	1.9095E+02
1.1079E+03	1.6328E+02
1.1084E+03	1.0883E+01
1.1089E+03	7.2238E+01
1.1094E+03	9.5551E+01
1.1099E+03	2.4980E+02
1.1103E+03	2.1170E+02
1.1108E+03	1.2759E+02
1.1113E+03	1.3135E+02
1.1118E+03	1.9691E+02
1.1123E+03	2.5348E+02
1.1128E+03	2.9456E+02
1.1132E+03	2.9570E+02
1.1137E+03	1.8560E+02
1.1142E+03	1.3698E+02
1.1147E+03	2.4648E+02
1.1152E+03	3.3948E+02
1.1157E+03	3.2628E+02
1.1161E+03	2.6422E+02
1.1166E+03	2.1813E+02
1.1171E+03	1.8754E+02
1.1176E+03	1.6875E+02
1.1181E+03	1.6644E+02
1.1185E+03	1.6362E+02
1.1190E+03	1.6560E+02
1.1195E+03	1.3931E+02
1.1200E+03	5.9570E+01
1.1205E+03	1.3965E+00
1.1210E+03	2.5898E+01
1.1214E+03	1.0293E+02
1.1219E+03	1.3313E+02
1.1224E+03	1.2531E+02
1.1229E+03	1.5581E+02
1.1234E+03	2.1417E+02
1.1238E+03	2.2972E+02
1.1243E+03	1.9841E+02
1.1248E+03	1.8296E+02
1.1253E+03	2.1586E+02
1.1258E+03	2.6193E+02
1.1263E+03	2.9118E+02
1.1267E+03	2.9688E+02
1.1272E+03	2.3921E+02
1.1277E+03	1.6289E+02
1.1282E+03	1.7352E+02
1.1287E+03	2.4609E+02
1.1292E+03	2.8204E+02
1.1296E+03	2.5872E+02
1.1301E+03	2.3680E+02
1.1306E+03	2.5265E+02
1.1311E+03	2.7800E+02
1.1316E+03	3.2034E+02
1.1320E+03	3.3611E+02
1.1325E+03	2.4255E+02
1.1330E+03	1.3084E+02
1.1335E+03	1.5086E+02
1.1340E+03	2.7053E+02
1.1345E+03	3.0437E+02
1.1349E+03	1.7958E+02
1.1354E+03	9.8016E+01
1.1359E+03	1.3928E+02
1.1364E+03	1.7483E+02
1.1369E+03	1.5588E+02
1.1373E+03	1.2970E+02
1.1378E+03	1.3103E+02
1.1383E+03	1.4316E+02
1.1388E+03	1.3712E+02
1.1393E+03	1.1256E+02
1.1398E+03	9.5906E+01
1.1402E+03	9.1932E+01
1.1407E+03	7.2133E+01
1.1412E+03	2.1029E+01
1.1417E+03	1.9574E+01
1.1422E+03	1.1504E+02
1.1427E+03	1.9599E+02
1.1431E+03	1.4433E+02
1.1436E+03	2.7547E+01
1.1441E+03	3.2545E+01
1.1446E+03	1.3169E+02
1.1451E+03	1.3972E+02
1.1455E+03	6.6949E+01
1.1460E+03	1.2613E+01
1.1465E+03	8.7695E-01
1.1470E+03	2.7160E+01
1.1475E+03	9.8598E+01
1.1480E+03	1.5861E+02
1.1484E+03	1.2764E+02
1.1489E+03	7.0898E+01
1.1494E+03	7.4467E+01
1.1499E+03	1.0669E+02
1.1504E+03	1.3780E+02
1.1508E+03	1.5217E+02
1.1513E+03	1.0523E+02
1.1518E+03	1.2754E+00
1.1523E+03	3.2531E+01
1.1528E+03	1.1924E+02
1.1533E+03	2.3191E+02
1.1537E+03	1.6873E+02
1.1542E+03	9.3535E+01
1.1547E+03	7.5773E+01
1.1552E+03	1.1265E+02
1.1557E+03	2.4237E+02
1.1562E+03	4.1920E+02
1.1566E+03	4.7669E+02
1.1571E+03	3.8166E+02
1.1576E+03	2.9938E+02
1.1581E+03	2.1078E+02
1.1586E+03	1.8450E+02
1.1590E+03	2.6450E+02
1.1595E+03	3.2204E+02
1.1600E+03	2.8345E+02
1.1605E+03	2.0258E+02
1.1610E+03	1.4438E+02
1.1615E+03	1.1069E+02
1.1619E+03	1.2000E+02
1.1624E+03	1.6775E+02
1.1629E+03	1.9772E+02
1.1634E+03	2.0596E+02
1.1639E+03	1.8307E+02
1.1643E+03	1.3031E+02
1.1648E+03	8.6365E+01
1.1653E+03	7.8297E+01
1.1658E+03	7.8322E+01
1.1663E+03	3.5729E+01
1.1668E+03	9.3281E+00
1.1672E+03	2.7664E+01
1.1677E+03	1.0232E+02
1.1682E+03	1.6370E+02
1.1687E+03	1.9937E+02
1.1692E+03	1.9398E+02
1.1696E+03	1.4599E+02
1.1701E+03	1.0433E+02
1.1706E+03	7.3793E+01
1.1711E+03	7.8869E+01
1.1716E+03	1.8515E+02
1.1721E+03	2.6397E+02
1.1725E+03	2.0549E+02
1.1730E+03	1.0831E+02
1.1735E+03	8.3266E+01
1.1740E+03	1.1967E+02
1.1745E+03	1.5800E+02
1.1750E+03	2.1097E+02
1.1754E+03	2.1931E+02
1.1759E+03	1.6716E+02
1.1764E+03	1.1989E+02
1.1769E+03	8.4682E+01
1.1774E+03	8.0650E+01
1.1778E+03	1.2598E+02
1.1783E+03	1.6496E+02
1.1788E+03	1.2292E+02
1.1793E+03	2.8604E+01
1.1798E+03	4.6154E+01
1.1803E+03	9.3857E+01
1.1807E+03	6.1031E+01
1.1812E+03	2.9178E+01
1.1817E+03	6.7604E+01
1.1822E+03	3.7432E+01
1.1827E+03	8.9219E+00
1.1831E+03	2.0686E+01
1.1836E+03	4.5160E+01
1.1841E+03	7.8221E+01
1.1846E+03	9.2359E+01
1.1851E+03	3.9834E+01
1.1856E+03	2.4088E+01
1.1860E+03	4.1910E+01
1.1865E+03	2.2773E+01
1.1870E+03	9.6973E+00
1.1875E+03	5.0680E+01
1.1880E+03	8.6947E+01
1.1885E+03	1.3183E+02
1.1889E+03	1.4381E+02
1.1894E+03	7.6799E+01
1.1899E+03	4.4127E+01
1.1904E+03	1.0232E+02
1.1909E+03	1.6875E+02
1.1913E+03	1.8085E+02
1.1918E+03	1.5562E+02
1.1923E+03	1.2092E+02
1.1928E+03	7.9686E+01
1.1933E+03	9.4029E+01
1.1938E+03	1.6097E+02
1.1942E+03	1.8055E+02
1.1947E+03	1.4553E+02
1.1952E+03	1.2071E+02
1.1957E+03	1.3014E+02
1.1962E+03	1.6087E+02
1.1966E+03	2.1209E+02
1.1971E+03	2.4562E+02
1.1976E+03	1.9265E+02
1.1981E+03	1.1100E+02
1.1986E+03	6.4553E+01
1.1991E+03	4.8492E+01
1.1995E+03	5.7111E+01
1.2000E+03	8.3676E+01
1.2005E+03	1.2037E+02
1.2010E+03	1.6634E+02
1.2015E+03	1.9121E+02
1.2020E+03	1.7609E+02
1.2024E+03	1.5136E+02
1.2029E+03	1.1535E+02
1.2034E+03	8.5947E+01
1.2039E+03	7.1215E+01
1.2044E+03	6.6512E+01
1.2048E+03	6.9869E+01
1.2053E+03	7.9928E+01
1.2058E+03	9.5982E+01
1.2063E+03	1.2041E+02
1.2068E+03	1.1343E+02
1.2073E+03	7.4068E+01
1.2077E+03	5.3926E+01
1.2082E+03	6.2748E+01
1.2087E+03	6.2375E+01
1.2092E+03	3.5469E+01
1.2097E+03	1.5457E+01
1.2101E+03	2.5980E+01
1.2106E+03	5.5564E+01
1.2111E+03	9.8057E+01
1.2116E+03	1.4081E+02
1.2121E+03	1.5730E+02
1.2126E+03	1.6475E+02
1.2130E+03	2.1301E+02
1.2135E+03	2.8145E+02
1.2140E+03	2.7211E+02
1.2145E+03	1.4618E+02
1.2150E+03	7.3740E+01
1.2155E+03	1.4930E+02
1.2159E+03	2.2264E+02
1.2164E+03	2.8284E+02
1.2169E+03	2.9635E+02
1.2174E+03	2.0997E+02
1.2179E+03	1.1246E+02
1.2183E+03	9.5963E+01
1.2188E+03	1.4016E+02
1.2193E+03	1.8221E+02
1.2198E+03	2.2265E+02
1.2203E+03	2.4991E+02
1.2208E+03	2.6411E+02
1.2212E+03	2.7471E+02
1.2217E+03	2.8085E+02
1.2222E+03	2.4015E+02
1.2227E+03	1.3210E+02
1.2232E+03	4.8223E+01
1.2236E+03	1.2019E+02
1.2241E+03	2.1473E+02
1.2246E+03	1.6736E+02
1.2251E+03	9.0889E+01
1.2256E+03	1.2991E+02
1.2261E+03	2.0975E+02
1.2265E+03	2.2626E+02
1.2270E+03	1.8100E+02
1.2275E+03	1.4642E+02
1.2280E+03	1.3924E+02
1.2285E+03	1.2105E+02
1.2289E+03	5.6127E+01
1.2294E+03	3.0170E+01
1.2299E+03	9.1414E+01
1.2304E+03	1.1643E+02
1.2309E+03	3.1418E+01
1.2314E+03	4.3373E+01
1.2318E+03	1.1488E+01
1.2323E+03	1.3295E+02
1.2328E+03	1.7327E+02
1.2333E+03	1.4591E+02
1.2338E+03	1.5166E+02
1.2343E+03	1.8190E+02
1.2347E+03	1.9851E+02
1.2352E+03	1.9584E+02
1.2357E+03	1.6640E+02
1.2362E+03	1.1344E+02
1.2367E+03	8.9566E+01
1.2371E+03	1.4155E+02
1.2376E+03	1.9672E+02
1.2381E+03	2.1341E+02
1.2386E+03	2.0442E+02
1.2391E+03	1.4429E+02
1.2396E+03	9.0813E+01
1.2400E+03	1.2249E+02
1.2405E+03	1.9737E+02
1.2410E+03	2.1139E+02
1.2415E+03	1.6205E+02
1.2420E+03	1.2324E+02
1.2424E+03	8.8566E+01
1.2429E+03	9.2729E+01
1.2434E+03	1.4771E+02
1.2439E+03	1.8730E+02
1.2444E+03	1.9308E+02
1.2449E+03	1.7255E+02
1.2453E+03	1.2516E+02
1.2458E+03	9.6172E+01
1.2463E+03	1.8069E+02
1.2468E+03	2.8892E+02
1.2473E+03	2.0886E+02
1.2478E+03	5.9203E+01
1.2482E+03	6.0779E+01
1.2487E+03	1.4343E+02
1.2492E+03	1.7316E+02
1.2497E+03	1.2349E+02
1.2502E+03	7.9227E+01
1.2506E+03	6.2578E+01
1.2511E+03	6.7730E+01
1.2516E+03	1.2893E+02
1.2521E+03	1.5772E+02
1.2526E+03	1.0782E+02
1.2531E+03	5.9039E+01
1.2535E+03	4.8197E+01
1.2540E+03	5.7285E+01
1.2545E+03	6.9895E+01
1.2550E+03	8.2131E+01
1.2555E+03	7.7279E+01
1.2559E+03	5.9104E+01
1.2564E+03	6.5840E+01
1.2569E+03	8.9412E+01
1.2574E+03	9.4463E+01
1.2579E+03	7.6279E+01
1.2584E+03	4.1643E+01
1.2588E+03	1.7012E+00
1.2593E+03	1.1535E+01
1.2598E+03	5.0561E+01
1.2603E+03	1.2886E+02
1.2608E+03	2.0502E+02
1.2613E+03	2.5784E+02
1.2617E+03	2.5234E+02
1.2622E+03	2.1760E+02
1.2627E+03	2.1577E+02
1.2632E+03	2.5110E+02
1.2637E+03	1.8793E+02
1.2641E+03	4.1227E+01
1.2646E+03	1.5430E-01
1.2651E+03	0.0000E+00
##END=	
