207.827 400.000
208.309 443.010
208.791 473.573
209.273 459.577
209.755 450.496
210.238 591.532
210.720 644.681
211.202 595.610
211.684 487.231
212.166 404.569
212.648 440.478
213.130 428.803
213.612 413.893
214.094 417.958
214.577 403.896
215.059 486.157
215.541 614.907
216.023 750.795
216.505 880.227
216.987 997.075
217.469 1080.30
217.951 1100.32
218.433 1134.72
218.916 1220.31
219.398 1344.04
219.880 1475.73
220.362 1605.21
220.844 1731.37
221.326 1850.29
221.808 1948.74
222.290 2064.90
222.773 2222.94
223.255 2405.94
223.737 2576.28
224.219 2718.15
224.701 2853.82
225.183 3033.64
225.665 3276.30
226.147 3503.59
226.629 3688.60
227.112 3850.97
227.594 4009.17
228.076 4164.94
228.558 4340.08
229.040 4571.11
229.522 4869.24
230.004 5183.42
230.486 5507.54
230.969 5844.51
231.451 6195.96
231.933 6561.47
232.415 6945.16
232.897 7348.54
233.379 7772.49
233.861 8224.49
234.343 8702.10
234.825 9209.68
235.308 9751.04
235.790 10327.8
236.272 10936.6
236.754 11582.6
237.236 12267.9
237.718 12958.3
238.200 13633.2
238.682 14324.2
239.164 15054.2
239.647 15822.8
240.129 16599.2
240.611 17363.2
241.093 18111.3
241.575 18883.0
242.057 19736.0
242.539 20553.4
243.021 21283.7
243.504 21930.9
243.986 22515.9
244.468 23051.0
244.950 23537.0
245.432 23972.2
245.914 24379.1
246.396 24723.5
246.878 25008.4
247.360 25223.0
247.843 25353.1
248.325 25395.0
248.807 25339.4
249.289 25148.2
249.771 24793.1
250.253 24331.2
250.735 23735.2
251.217 23042.4
251.700 22298.6
252.182 21522.6
252.664 20701.5
253.146 19818.6
253.628 18784.5
254.110 17784.6
254.592 16823.7
255.074 15897.9
255.556 15006.7
256.039 14150.2
256.521 13315.7
257.003 12485.4
257.485 11622.3
257.967 10861.4
258.449 10232.4
258.931 9664.03
259.413 9118.88
259.895 8589.81
260.378 8089.31
260.860 7627.92
261.342 7211.83
261.824 6815.75
262.306 6421.99
262.788 6066.70
263.270 5784.60
263.752 5557.99
264.235 5338.51
264.717 5085.48
265.199 4802.70
265.681 4547.08
266.163 4346.93
266.645 4164.70
267.127 3987.38
267.609 3821.97
268.091 3681.39
268.574 3575.06
269.056 3494.15
269.538 3406.72
270.020 3300.75
270.502 3205.38
270.984 3131.25
271.466 3070.02
271.948 3011.58
272.430 2952.24
272.913 2896.59
273.395 2850.67
273.877 2812.55
274.359 2790.66
274.841 2802.32
275.323 2820.49
275.805 2820.02
276.287 2796.97
276.769 2783.56
277.252 2827.81
277.734 2932.73
278.216 2997.70
278.698 2989.64
279.180 2952.70
279.662 2911.15
280.144 2866.90
280.627 2824.98
281.109 2792.62
281.591 2766.01
282.073 2728.63
282.555 2674.98
283.037 2618.76
283.519 2575.71
284.001 2538.87
284.483 2488.65
284.966 2415.15
285.448 2325.43
285.930 2229.63
286.412 2128.02
286.894 2020.38
287.376 1908.73
287.858 1790.26
288.340 1654.73
288.822 1471.66
289.305 1306.88
289.787 1241.89
290.269 1259.82
290.751 1236.30
291.233 1098.10
291.715 904.944
292.197 787.762
292.679 778.305
293.161 760.937
293.644 666.671
294.126 534.385
294.608 441.659
295.090 413.319
295.572 420.330
296.054 426.762
296.536 437.925
297.018 423.639
297.500 454.739
297.983 541.511
298.465 584.125
298.947 575.879
299.429 539.669
299.911 495.316
300.393 442.845
300.875 417.768
301.358 492.056
301.840 567.848
302.322 639.314
302.804 706.732
303.286 775.971
303.768 854.109
304.250 934.887
304.732 972.783
305.214 922.308
305.697 885.193
306.179 877.236
306.661 888.444
307.143 914.429
307.625 952.891
308.107 989.990
308.589 992.914
309.071 930.116
309.553 893.286
310.036 908.195
310.518 931.785
311.000 930.810
311.482 896.694
311.964 848.462
312.446 798.557
312.928 743.743
313.410 717.031
313.892 758.128
314.375 793.512
314.857 791.624
315.339 761.202
315.821 728.805
316.303 713.829
316.785 710.160
317.267 686.650
317.749 616.762
318.231 582.700
318.714 645.267
319.196 750.634
319.678 829.718
320.160 850.366
320.642 860.541
321.124 920.432
321.606 1031.36
322.089 1156.73
322.571 1289.82
323.053 1428.92
323.535 1566.15
324.017 1698.80
324.499 1849.99
324.981 2053.84
325.463 2284.55
325.945 2469.95
326.428 2583.52
326.910 2688.16
327.392 2852.27
327.874 3069.95
328.356 3301.74
328.838 3554.25
329.320 3805.74
329.802 4040.50
330.284 4256.69
330.767 4449.51
331.249 4603.64
331.731 4732.50
332.213 4931.87
332.695 5274.43
333.177 5594.59
333.659 5831.86
334.141 6011.68
334.623 6182.99
335.106 6367.19
335.588 6548.93
336.070 6696.51
336.552 6797.50
337.034 6881.37
337.516 6964.76
337.998 7020.78
338.480 7024.48
338.962 6975.37
339.445 6894.30
339.927 6802.75
340.409 6702.01
340.891 6577.20
341.373 6427.65
341.855 6252.70
342.337 6037.86
342.820 5797.40
343.302 5561.77
343.784 5351.74
344.266 5148.95
344.748 4883.86
345.230 4497.89
345.712 4184.66
346.194 4046.66
346.676 3971.33
347.159 3859.63
347.641 3686.29
348.123 3515.60
348.605 3434.98
349.087 3437.93
349.569 3376.59
350.051 3187.29
350.533 2976.22
351.015 2842.86
351.498 2773.84
351.980 2687.95
352.462 2525.57
352.944 2338.37
353.426 2215.79
353.908 2166.25
354.390 2119.86
354.872 2037.66
355.354 1918.65
355.837 1777.31
356.319 1593.45
356.801 1412.18
357.283 1242.90
357.765 1093.76
358.247 991.006
358.729 950.859
359.211 934.156
359.693 865.396
360.176 694.437
360.658 573.706
361.140 551.468
361.622 552.042
362.104 509.164
362.586 421.664
363.068 464.774
363.551 506.763
364.033 502.620
364.515 499.046
364.997 492.321
365.479 490.495
365.961 497.162
366.443 509.949
366.925 531.613
367.407 565.576
367.890 592.606
368.372 561.246
368.854 438.553
369.336 448.501
369.818 428.518
370.300 400.446
370.782 439.515
371.264 547.960
371.747 653.150
372.229 684.431
372.711 658.252
373.193 663.473
373.675 722.422
374.157 777.607
374.639 781.891
375.121 752.373
375.603 723.533
376.086 702.563
376.568 688.352
377.050 676.731
377.532 668.947
378.014 681.585
378.496 735.972
378.978 798.994
379.460 787.468
379.942 675.384
380.425 573.417
380.907 505.272
381.389 460.680
381.871 432.319
382.353 417.632
382.835 409.721
383.317 404.474
383.799 404.334
384.281 418.322
384.764 497.092
385.246 558.222
385.728 569.802
386.210 547.365
386.692 517.220
387.174 492.073
387.656 469.764
388.138 443.494
388.620 404.957
389.103 417.169
389.585 404.590
390.067 425.085
390.549 410.778
391.031 438.094
391.513 492.354
391.995 522.251
392.477 534.021
392.960 569.575
393.442 640.231
393.924 711.367
394.406 773.670
394.888 821.348
395.370 836.977
395.852 789.678
396.334 747.350
396.817 787.117
397.299 890.196
397.781 965.698
398.263 981.384
398.745 956.192
399.227 913.735
399.709 848.635
400.191 794.012
400.673 762.321
401.156 738.001
401.638 705.963
402.120 666.873
402.602 631.713
403.084 610.019
403.566 600.716
404.048 589.578
404.530 588.107
405.012 572.305
405.495 524.643
405.977 467.913
406.459 429.080
406.941 416.401
407.423 415.996
407.905 405.825
408.387 419.061
408.869 424.668
409.351 408.324
409.834 443.808
410.316 464.224
410.798 472.904
411.280 480.237
411.762 486.710
412.244 497.873
412.726 520.248
413.209 552.248
413.691 609.862
414.173 719.278
414.655 843.603
415.137 926.274
415.619 962.286
416.101 973.613
416.583 953.891
417.065 920.577
417.548 895.835
418.030 883.565
418.512 890.344
418.994 929.880
419.476 1004.08
419.958 1031.92
420.440 971.069
420.922 916.557
421.404 921.254
421.887 955.717
422.369 956.494
422.851 893.158
423.333 810.273
423.815 786.816
424.297 857.625
424.779 889.849
425.261 853.093
425.743 799.180
426.226 745.801
426.708 703.067
427.190 674.595
427.672 662.974
428.154 665.741
428.636 689.442
429.118 742.487
429.600 769.510
430.082 734.754
430.565 668.679
431.047 606.297
431.529 544.981
432.011 507.681
432.493 523.503
432.975 565.671
433.457 587.062
433.940 580.039
434.422 569.690
434.904 580.869
435.386 613.200
435.868 619.459
436.350 542.804
436.832 507.020
437.314 601.278
437.796 748.862
438.279 825.389
438.761 786.849
439.243 705.876
439.725 705.786
440.207 828.078
440.689 903.333
441.171 897.157
441.653 874.708
442.135 852.911
442.618 831.478
443.100 813.429
443.582 807.315
444.064 803.745
444.546 773.149
445.028 709.752
445.510 670.575
445.992 681.672
446.474 723.327
446.957 772.414
447.439 830.991
447.921 861.277
448.403 837.448
448.885 788.902
449.367 739.447
449.849 693.598
450.331 674.917
450.813 709.706
451.296 783.779
451.778 799.407
452.260 698.263
452.742 617.637
453.224 595.048
453.706 593.338
454.188 566.716
454.671 509.643
455.153 461.588
455.635 474.015
456.117 549.860
456.599 590.722
457.081 554.025
457.563 540.350
458.045 619.096
458.527 731.573
459.010 787.030
459.492 745.503
459.974 677.235
460.456 653.216
460.938 665.452
461.420 669.125
461.902 648.717
462.384 633.501
462.866 667.283
463.349 747.701
463.831 788.216
464.313 748.172
464.795 699.217
465.277 685.761
465.759 697.928
466.241 708.958
466.723 708.657
467.205 703.898
467.688 701.159
468.170 686.526
468.652 701.935
469.134 789.455
469.616 864.561
470.098 879.136
470.580 843.157
471.062 792.368
471.545 741.785
472.027 697.168
472.509 679.643
472.991 695.891
473.473 692.499
473.955 635.707
474.437 566.051
474.919 528.262
475.402 523.359
475.884 534.170
476.366 575.883
476.848 617.823
477.330 626.111
477.812 599.861
478.294 544.147
478.776 451.161
479.258 454.677
479.741 484.236
480.223 469.235
480.705 561.663
481.187 539.553
481.669 484.864
482.151 460.213
482.633 471.590
483.115 490.230
483.597 488.859
484.080 474.317
484.562 487.049
485.044 534.996
485.526 591.160
486.008 654.137
486.490 715.432
486.972 762.677
487.454 791.806
487.937 826.000
488.419 899.301
488.901 979.926
489.383 1002.89
489.865 961.071
490.347 905.266
490.829 868.916
491.311 848.805
491.793 826.066
492.276 778.326
492.758 756.509
493.240 800.713
493.722 857.381
494.204 862.124
494.686 810.326
495.168 756.872
495.650 759.223
496.132 812.074
496.615 820.374
497.097 766.982
497.579 698.151
498.061 603.166
498.543 515.117
499.025 479.877
499.507 512.097
499.989 552.913
500.471 559.160
500.954 543.713
501.436 540.094
501.918 554.091
502.400 553.380
502.882 505.297
503.364 419.974
503.846 426.213
504.329 405.135
504.811 414.649
505.293 407.688
505.775 402.161
506.257 412.241
506.739 455.276
507.221 513.782
507.703 584.009
508.185 662.841
508.668 683.840
509.150 602.245
509.632 541.441
510.114 562.923
510.596 617.142
511.078 647.907
511.560 641.454
512.042 640.859
512.524 685.419
513.006 753.245
513.489 803.576
513.971 832.139
514.453 838.815
514.935 816.275
515.417 773.972
515.899 763.999
516.381 825.819
516.864 857.885
517.346 824.530
517.828 770.852
518.310 732.064
518.792 712.804
519.274 704.980
519.756 702.737
520.238 707.616
520.720 731.540
521.202 791.112
521.685 825.835
522.167 796.065
522.649 743.062
523.131 699.985
523.613 670.038
524.095 652.369
524.577 643.792
525.059 648.337
525.542 686.724
526.024 753.985
526.506 791.839
526.988 759.669
527.470 681.366
527.952 633.522
528.434 656.273
528.916 656.128
529.399 604.265
529.881 553.351
530.363 553.293
530.845 592.131
531.327 613.709
531.809 572.458
532.291 500.529
532.773 478.080
533.255 510.242
533.737 561.213
534.220 640.574
534.702 722.674
535.184 772.918
535.666 788.737
536.148 795.731
536.630 789.117
537.112 781.999
537.595 801.680
538.077 840.051
538.559 846.103
539.041 800.494
539.523 730.176
540.005 673.554
540.487 633.663
540.969 612.837
541.451 640.566
541.933 657.574
542.416 618.398
542.898 557.152
543.380 541.949
543.862 609.259
544.344 697.635
544.826 741.223
545.308 744.541
545.790 725.962
546.273 683.944
546.755 640.785
547.237 619.282
547.719 617.216
548.201 596.907
548.683 531.518
549.165 480.348
549.647 462.315
550.130 468.153
550.612 492.589
551.094 530.758
551.576 567.137
552.058 582.266
552.540 579.291
553.022 599.708
553.504 658.933
553.986 708.900
554.469 732.982
554.951 738.340
555.433 724.141
555.915 688.203
556.397 661.065
556.879 675.206
557.361 696.573
557.843 668.720
558.326 598.993
558.808 548.439
559.290 549.761
559.772 593.755
560.254 661.776
560.736 796.090
561.218 873.588
561.700 864.826
562.182 833.895
562.665 814.148
563.147 798.817
563.629 759.715
564.111 672.248
564.593 583.212
565.075 569.600
565.557 622.004
566.039 647.271
566.521 616.402
567.004 583.964
567.486 614.118
567.968 703.708
568.450 731.374
568.932 644.020
569.414 558.371
569.896 509.916
570.378 488.532
570.861 492.370
571.343 514.902
571.825 526.003
572.307 488.458
572.789 410.543
573.271 433.479
573.753 428.559
574.235 428.196
574.717 467.099
575.200 510.304
575.682 513.720
576.164 471.574
576.646 434.537
577.128 430.158
577.610 434.223
578.092 428.964
578.574 411.134
579.057 432.992
579.539 513.101
580.021 596.221
580.503 608.536
580.985 501.781
581.467 458.672
581.949 551.476
582.431 637.496
582.913 664.201
583.395 646.986
583.878 611.866
584.360 558.610
584.842 519.851
585.324 532.476
585.806 580.973
586.288 636.203
586.770 694.660
587.252 715.052
587.735 656.161
588.217 534.798
588.699 457.540
589.181 453.169
589.663 456.143
590.145 488.309
590.627 506.553
591.109 454.032
591.592 449.021
592.074 515.580
592.556 478.737
593.038 411.204
593.520 462.679
594.002 476.238
594.484 493.787
594.966 535.389
595.448 562.556
595.931 516.117
596.413 408.105
596.895 462.807
597.377 409.134
597.859 488.020
598.341 539.066
598.823 566.278
599.305 571.132
599.788 557.474
600.270 542.519
600.752 543.205
601.234 557.813
601.716 577.081
602.198 604.508
602.680 624.206
603.162 622.760
603.644 617.030
604.126 631.209
604.609 667.204
605.091 701.320
605.573 734.039
606.055 757.215
606.537 749.002
607.019 727.813
607.501 740.521
607.984 804.824
608.466 883.846
608.948 922.151
609.430 914.723
609.912 914.987
610.394 937.589
610.876 938.275
611.358 872.613
611.840 782.829
612.322 725.516
612.805 708.384
613.287 699.403
613.769 685.695
614.251 673.797
614.733 675.950
615.215 688.430
615.697 693.768
616.179 682.485
616.662 661.094
617.144 639.116
617.626 608.863
618.108 606.272
618.590 642.334
619.072 696.172
619.554 787.460
620.036 881.301
620.519 908.695
621.001 831.292
621.483 753.596
621.965 753.005
622.447 789.282
622.929 794.082
623.411 765.275
623.893 753.906
624.375 795.954
624.857 872.340
625.340 926.654
625.822 959.183
626.304 969.507
626.786 950.416
627.268 915.834
627.750 860.711
628.232 796.441
628.715 743.657
629.197 702.927
629.679 691.599
630.161 757.926
630.643 853.758
631.125 870.965
631.607 801.357
632.089 727.578
632.571 709.652
633.053 734.101
633.536 746.817
634.018 745.421
634.500 743.293
634.982 727.640
635.464 719.555
635.946 732.548
636.428 764.548
636.910 806.658
637.393 855.675
637.875 908.047
638.357 990.646
638.839 1069.77
639.321 1041.37
639.803 892.951
640.285 759.529
640.767 759.153
641.250 859.513
641.732 875.150
642.214 736.233
642.696 638.170
643.178 620.480
643.660 628.449
644.142 639.231
644.624 647.990
645.106 647.771
645.589 630.159
646.071 613.192
646.553 627.073
647.035 652.398
647.517 632.155
647.999 558.714
648.481 497.410
648.963 506.739
649.446 564.692
649.928 566.571
650.410 468.987
650.892 418.235
651.374 443.052
651.856 496.154
652.338 564.473
652.820 638.066
653.302 693.289
653.784 715.267
654.267 723.988
654.749 742.161
655.231 764.705
655.713 752.667
656.195 703.398
656.677 668.402
657.159 695.210
657.641 767.556
658.124 814.049
658.606 831.334
659.088 830.429
659.570 813.305
660.052 776.905
660.534 700.593
661.016 603.302
661.498 539.417
661.981 540.735
662.463 554.140
662.945 544.395
663.427 525.152
663.909 518.777
664.391 527.155
664.873 537.901
665.355 544.316
665.837 542.366
666.320 506.247
666.802 412.385
667.284 425.221
667.766 462.142
668.248 541.652
668.730 503.954
669.212 403.355
669.694 459.771
670.177 428.167
670.659 426.337
671.141 495.064
671.623 557.850
672.105 590.446
672.587 593.333
673.069 576.561
673.551 543.412
674.033 508.404
674.515 505.177
674.998 536.917
675.480 572.074
675.962 618.637
676.444 646.395
676.926 621.339
677.408 565.150
677.890 534.120
678.372 532.927
678.855 549.286
679.337 617.943
679.819 671.699
680.301 630.048
680.783 530.791
681.265 480.485
681.747 531.187
682.229 604.636
682.712 575.809
683.194 463.658
683.676 423.185
684.158 477.547
684.640 525.771
685.122 509.668
685.604 458.263
686.086 434.141
686.568 442.820
687.051 466.624
687.533 538.640
688.015 589.400
688.497 569.137
688.979 513.985
689.461 482.484
689.943 491.197
690.425 503.661
690.908 474.507
691.390 431.282
691.872 441.915
692.354 502.826
692.836 549.526
693.318 553.302
693.800 543.127
694.282 561.122
694.764 611.151
695.246 660.193
695.729 751.460
696.211 782.771
696.693 658.673
697.175 511.919
697.657 481.315
698.139 574.532
698.621 683.254
699.104 794.946
699.586 864.821
700.068 813.888
700.550 694.648
701.032 634.650
701.514 662.184
701.996 700.816
702.478 676.028
702.960 600.249
703.443 543.610
703.925 506.726
704.407 488.487
704.889 503.054
705.371 520.496
705.853 514.819
706.335 490.284
706.817 464.559
707.299 431.476
707.782 407.184
708.264 400.409
708.746 402.809
709.228 410.576
709.710 419.830
710.192 420.921
710.674 406.176
711.156 411.836
711.639 406.593
712.121 417.855
712.603 415.381
713.085 427.671
713.567 448.513
714.049 400.554
714.531 494.320
715.013 562.258
715.495 600.592
715.977 617.695
716.460 609.123
716.942 584.637
717.424 525.606
717.906 462.088
718.388 446.241
718.870 493.981
719.352 547.997
719.835 566.716
720.317 567.823
720.799 586.893
721.281 614.035
721.763 592.924
722.245 500.711
722.727 400.628
723.209 424.391
723.691 429.976
724.173 455.924
724.656 444.022
725.138 424.168
725.620 406.606
726.102 428.791
726.584 418.975
727.066 421.127
727.548 458.040
728.030 508.486
728.513 535.265
728.995 503.611
729.477 449.360
729.959 410.093
730.441 407.891
730.923 412.262
731.405 405.627
731.887 405.780
732.370 411.596
732.852 411.857
733.334 405.668
733.816 409.477
734.298 415.711
734.780 400.438
735.262 433.289
735.744 467.128
736.226 527.073
736.709 539.904
737.191 449.608
737.673 425.725
738.155 421.677
738.637 426.642
739.119 461.497
739.601 469.413
740.083 474.527
740.566 505.417
741.048 528.589
741.530 488.714
742.012 412.997
742.494 416.302
742.976 426.593
743.458 478.638
743.940 456.131
744.422 422.639
744.904 427.981
745.387 452.091
745.869 532.765
746.351 596.151
746.833 639.905
747.315 657.735
747.797 649.820
748.279 641.797
748.761 627.499
749.244 621.306
749.726 642.966
750.208 659.346
750.690 640.624
751.172 593.276
751.654 538.268
752.136 472.478
752.618 437.722
753.101 497.790
753.583 604.244
754.065 684.547
754.547 725.855
755.029 698.415
755.511 580.312
755.993 443.845
756.475 435.384
756.957 576.544
757.440 610.123
757.922 487.756
758.404 415.707
758.886 421.986
759.368 420.049
759.850 444.849
760.332 451.855
760.814 455.970
761.297 445.138
761.779 447.067
762.261 499.893
762.743 551.674
763.225 526.288
763.707 435.417
764.189 418.702
764.671 444.675
765.153 533.939
765.635 530.518
766.118 470.636
766.600 441.226
767.082 456.102
767.564 506.726
768.046 593.371
768.528 690.186
769.010 730.416
769.492 703.427
769.975 686.249
770.457 687.670
770.939 686.360
771.421 661.185
771.903 636.443
772.385 658.619
772.867 743.148
773.349 784.808
773.832 732.077
774.314 679.912
774.796 684.886
775.278 704.695
775.760 680.878
776.242 610.668
776.724 544.110
777.206 505.933
777.688 493.333
778.170 520.669
778.653 568.133
779.135 582.018
779.617 555.859
780.099 520.363
780.581 493.750
781.063 484.186
781.545 527.196
782.028 633.601
782.510 695.676
782.992 689.166
783.474 679.581
783.956 707.826
784.438 750.845
784.920 752.824
785.402 692.136
785.884 661.474
786.366 679.399
786.849 709.475
787.331 749.118
787.813 786.274
788.295 808.178
788.777 814.297
789.259 813.499
789.741 802.989
790.223 792.046
790.706 780.668
791.188 778.495
791.670 833.089
792.152 929.426
792.634 946.256
793.116 794.008
793.598 576.090
794.080 504.223
794.563 574.189
795.045 629.478
795.527 659.123
796.009 676.264
796.491 685.303
796.973 687.893
797.455 685.249
797.937 672.847
798.419 673.021
798.902 701.762
799.384 722.819
799.866 726.644
800.348 717.208
800.830 685.605
801.312 640.801
801.794 632.696
802.276 705.141
802.759 775.389
803.241 799.172
803.723 799.147
804.205 791.971
804.687 786.122
805.169 798.114
805.651 837.935
806.133 877.269
806.615 866.284
807.097 828.504
807.580 848.045
808.062 922.547
808.544 967.371
809.026 942.633
809.508 890.799
809.990 864.793
810.472 863.247
810.955 854.642
811.437 827.091
811.919 824.839
812.401 870.299
812.883 939.874
813.365 1018.17
813.847 1095.29
814.329 1144.65
814.811 1169.86
815.293 1162.01
815.776 1101.49
816.258 1027.94
816.740 946.331
817.222 881.495
817.704 871.733
818.186 925.047
818.668 973.522
819.150 985.573
819.633 968.321
820.115 902.370
820.597 816.734
821.079 774.876
821.561 787.282
822.043 813.024
822.525 821.667
823.007 821.704
823.490 845.929
823.972 887.812
824.454 858.216
824.936 736.836
825.418 627.945
825.900 589.111
826.382 606.657
826.864 660.507
827.346 767.296
827.829 828.905
828.311 825.182
828.793 809.219
829.275 791.215
829.757 773.546
830.239 759.153
830.721 747.825
831.203 737.410
831.686 740.583
832.168 727.549
832.650 669.282
833.132 609.259
833.614 583.708
834.096 586.224
834.578 595.977
835.060 607.673
835.542 616.394
836.024 624.057
836.507 622.996
836.989 590.057
837.471 541.875
837.953 527.287
838.435 558.049
838.917 594.461
839.399 602.517
839.881 586.327
840.364 550.203
840.846 496.530
841.328 443.023
841.810 409.403
842.292 423.379
842.774 434.992
843.256 531.315
843.738 581.010
844.221 575.503
844.703 555.396
845.185 510.308
845.667 468.107
846.149 424.630
846.631 400.033
847.113 430.460
847.595 515.042
848.077 579.391
848.560 631.076
849.042 646.411
849.524 585.377
850.006 516.360
850.488 492.978
850.970 503.805
851.452 509.622
851.934 496.700
852.416 490.420
852.899 525.519
853.381 555.937
853.863 516.216
854.345 446.679
854.827 441.052
855.309 513.125
855.791 568.261
856.273 512.989
856.755 421.416
857.238 434.487
857.720 515.191
858.202 532.964
858.684 474.494
859.166 421.016
859.648 421.309
860.130 451.017
860.612 468.578
861.095 473.895
861.577 470.929
862.059 457.722
862.541 445.336
863.023 433.777
863.505 435.471
863.987 475.568
864.469 547.456
864.952 558.383
865.434 453.875
865.916 404.813
866.398 427.266
866.880 474.994
867.362 506.639
867.844 523.338
868.326 531.307
868.808 534.695
869.290 499.212
869.773 438.697
870.255 545.998
870.737 552.794
871.219 507.540
871.701 451.004
872.183 405.416
872.665 449.315
873.148 481.811
873.630 487.814
874.112 429.390
874.594 441.523
875.076 475.283
875.558 468.422
876.040 414.715
876.522 484.467
877.004 569.814
877.486 562.539
877.969 515.146
878.451 538.789
878.933 606.603
879.415 614.915
879.897 549.423
880.379 498.753
880.861 528.304
881.343 597.246
881.826 620.641
882.308 601.017
882.790 579.147
883.272 556.660
883.754 541.643
884.236 538.896
884.718 542.011
885.200 533.030
885.683 514.249
886.165 539.528
886.647 639.987
887.129 696.090
887.611 667.712
888.093 628.296
888.575 630.890
889.057 653.013
889.539 637.827
890.021 563.192
890.504 515.844
890.986 486.082
891.468 495.646
891.950 603.463
892.432 713.965
892.914 726.735
893.396 653.761
893.879 595.296
894.361 584.050
894.843 573.247
895.325 540.644
895.807 508.978
896.289 495.060
896.771 494.729
897.253 496.109
897.735 497.154
898.217 513.956
898.700 572.706
899.182 634.373
899.664 663.742
900.146 673.343
900.628 687.030
901.110 700.431
901.592 691.248
902.074 646.048
902.557 597.841
903.039 585.596
903.521 596.911
904.003 614.060
904.485 631.618
904.967 632.287
905.449 612.114
905.931 604.075
906.414 641.318
906.896 698.882
907.378 714.556
907.860 693.260
908.342 678.726
908.824 675.239
909.306 669.629
909.788 653.364
910.270 645.465
910.753 677.082
911.235 744.367
911.717 793.917
912.199 826.273
912.681 834.399
913.163 812.475
913.645 778.648
914.127 739.393
914.610 702.803
915.092 699.031
915.574 747.449
916.056 756.410
916.538 701.200
917.020 650.415
917.502 625.433
917.984 617.658
918.466 629.416
918.948 654.628
919.431 644.879
919.913 540.759
920.395 492.411
920.877 561.188
921.359 626.664
921.841 627.276
922.323 594.325
922.806 568.290
923.288 552.616
923.770 547.919
924.252 591.710
924.734 606.177
925.216 511.506
925.698 422.660
926.180 454.326
926.662 562.638
927.144 632.853
927.627 625.086
928.109 615.196
928.591 642.933
929.073 694.652
929.555 794.264
930.037 890.290
930.519 895.112
931.001 822.803
931.484 773.100
931.966 800.581
932.448 820.283
932.930 742.942
933.412 644.077
933.894 615.659
934.376 641.062
934.858 672.777
935.341 695.619
935.823 694.693
936.305 642.433
936.787 590.512
937.269 643.189
937.751 733.155
938.233 701.559
938.715 569.054
939.197 472.677
939.680 465.616
940.162 493.126
940.644 508.751
941.126 508.383
941.608 456.569
942.090 423.044
942.572 408.044
943.054 510.077
943.536 615.638
944.019 645.387
944.501 623.797
944.983 573.260
945.465 502.963
945.947 474.585
946.429 486.892
946.911 501.624
947.393 509.531
947.875 529.258
948.358 581.055
948.840 633.452
949.322 597.266
949.804 467.938
950.286 412.014
950.768 442.110
951.250 474.180
951.732 480.658
952.215 481.819
952.697 492.568
953.179 517.918
953.661 596.494
954.143 760.405
954.625 803.122
955.107 671.657
955.589 549.703
956.072 512.039
956.554 526.420
957.036 562.614
957.518 617.323
958.000 634.398
958.482 593.259
958.964 571.359
959.446 585.253
959.928 603.290
960.410 609.342
960.893 610.247
961.375 618.943
961.857 637.170
962.339 637.029
962.821 601.133
963.303 576.160
963.785 557.251
964.268 564.960
964.750 647.118
965.232 751.456
965.714 754.774
966.196 616.720
966.678 549.237
967.160 613.444
967.642 664.473
968.124 680.230
968.606 667.972
969.089 602.373
969.571 516.823
970.053 510.407
970.535 637.034
971.017 696.333
971.499 596.609
971.981 523.520
972.463 569.678
972.946 640.715
973.428 648.981
973.910 606.413
974.392 573.049
974.874 549.633
975.356 551.315
975.838 620.397
976.320 667.076
976.803 618.294
977.285 550.534
977.767 562.713
978.249 641.152
978.731 674.731
979.213 609.710
979.695 557.078
980.177 560.242
980.659 566.175
981.141 540.074
981.624 502.880
982.106 482.253
982.588 480.307
983.070 483.686
983.552 489.016
984.034 498.422
984.516 534.224
984.999 550.794
985.481 480.737
985.963 408.923
986.445 400.537
986.927 511.424
987.409 584.398
987.891 536.678
988.373 484.587
988.855 473.168
989.337 473.503
989.820 470.466
990.302 460.064
990.784 433.554
991.266 409.113
991.748 437.892
992.230 424.292
992.712 415.591
993.194 447.720
993.677 480.600
994.159 482.728
994.641 458.193
995.123 415.839
995.605 441.969
996.087 497.464
996.569 557.536
997.051 594.792
997.534 570.500
998.016 538.111
998.498 547.559
998.980 587.380
999.462 626.912
999.944 656.430
1000.43 678.664
1000.91 697.792
1001.39 703.439
1001.87 673.227
1002.36 641.718
1002.84 664.804
1003.32 709.153
1003.80 680.370
1004.28 549.840
1004.77 458.263
1005.25 498.075
1005.73 550.753
1006.21 550.695
1006.69 534.484
1007.18 531.605
1007.66 543.308
1008.14 570.574
1008.62 618.381
1009.10 634.220
1009.59 559.011
1010.07 488.309
1010.55 477.981
1011.03 496.126
1011.52 511.849
1012.00 526.978
1012.48 560.350
1012.96 620.141
1013.44 663.354
1013.93 679.036
1014.41 664.928
1014.89 587.219
1015.37 505.355
1015.85 474.061
1016.34 488.313
1016.82 535.157
1017.30 621.769
1017.78 654.620
1018.27 525.994
1018.75 425.167
1019.23 496.064
1019.71 594.767
1020.19 556.574
1020.68 437.611
1021.16 413.360
1021.64 538.830
1022.12 625.826
1022.60 577.858
1023.09 525.019
1023.57 528.266
1024.05 546.964
1024.53 549.526
1025.01 536.422
1025.50 512.295
1025.98 474.201
1026.46 452.434
1026.94 454.689
1027.43 474.077
1027.91 535.599
1028.39 587.715
1028.87 575.672
1029.35 527.705
1029.84 506.908
1030.32 529.320
1030.80 542.527
1031.28 525.213
1031.76 513.406
1032.25 516.906
1032.73 529.878
1033.21 560.474
1033.69 593.788
1034.17 597.609
1034.66 565.468
1035.14 533.377
1035.62 495.493
1036.10 471.830
1036.59 455.962
1037.07 467.186
1037.55 535.934
1038.03 633.386
1038.51 714.668
1038.99 785.093
1039.48 793.508
1039.96 670.604
1040.44 593.408
1040.92 614.126
1041.41 648.531
1041.89 664.019
1042.37 653.815
1042.85 592.895
1043.34 473.606
1043.82 428.948
1044.30 508.317
1044.78 559.441
1045.26 557.421
1045.74 536.488
1046.23 503.946
1046.71 475.230
1047.19 476.461
1047.67 506.173
1048.16 512.006
1048.64 475.325
1049.12 486.644
1049.60 586.033
1050.08 637.827
1050.57 559.631
1051.05 442.105
1051.53 405.730
1052.01 433.323
1052.49 471.169
1052.98 525.924
1053.46 541.610
1053.94 503.190
1054.42 485.967
1054.91 524.362
1055.39 570.694
1055.87 570.355
1056.35 540.904
1056.83 558.276
1057.32 620.562
1057.80 604.331
1058.28 500.905
1058.76 457.127
1059.24 524.433
1059.73 605.120
1060.21 615.853
1060.69 573.669
1061.17 500.769
1061.66 408.552
1062.14 456.160
1062.62 488.392
1063.10 459.391
1063.58 432.067
1064.07 511.043
1064.55 523.639
1065.03 506.069
1065.51 515.749
1065.99 536.298
1066.48 522.313
1066.96 485.095
1067.44 460.014
1067.92 454.788
1068.41 472.454
1068.89 517.571
1069.37 549.728
1069.85 497.278
1070.33 429.538
1070.82 437.020
1071.30 501.806
1071.78 608.065
1072.26 735.192
1072.74 852.713
1073.23 949.743
1073.71 959.551
1074.19 738.009
1074.67 514.030
1075.15 508.213
1075.64 580.919
1076.12 574.284
1076.60 503.438
1077.08 439.482
1077.57 400.372
1078.05 415.517
1078.53 406.118
1079.01 421.970
1079.49 494.531
1079.97 556.012
1080.46 551.224
1080.94 513.138
1081.42 491.503
1081.90 492.866
1082.39 510.420
1082.87 580.894
1083.35 610.011
1083.83 538.979
1084.31 475.312
1084.80 494.295
1085.28 529.225
1085.76 483.046
1086.24 423.903
1086.72 458.238
1087.21 413.749
1087.69 497.658
1088.17 776.219
1088.65 933.520
1089.14 836.374
1089.62 666.547
1090.10 553.397
1090.58 494.828
1091.06 492.796
1091.55 557.677
1092.03 584.253
1092.51 561.221
1092.99 560.655
1093.47 605.950
1093.96 625.098
1094.44 565.708
1094.92 493.800
1095.40 523.532
1095.89 630.870
1096.37 624.016
1096.85 517.187
1097.33 492.535
1097.81 568.468
1098.30 629.147
1098.78 624.537
1099.26 584.013
1099.74 522.817
1100.22 471.367
1100.71 521.070
1101.19 616.976
1101.67 610.110
1102.15 520.748
1102.64 454.152
1103.12 437.871
1103.60 433.066
1104.08 414.199
1104.56 400.706
1105.05 405.482
1105.53 426.167
1106.01 459.816
1106.49 499.377
1106.97 552.480
1107.46 601.943
1107.94 572.685
1108.42 411.510
1108.90 476.399
1109.39 501.054
1109.87 664.192
1110.35 623.892
1110.83 534.943
1111.31 538.913
1111.80 608.247
1112.28 668.084
1112.76 711.528
1113.24 712.734
1113.72 596.287
1114.21 544.874
1114.69 660.675
1115.17 759.029
1115.65 745.074
1116.13 679.434
1116.62 630.696
1117.10 598.343
1117.58 578.471
1118.06 576.028
1118.55 573.041
1119.03 575.142
1119.51 547.332
1119.99 463.001
1120.47 401.477
1120.95 427.390
1121.44 508.854
1121.92 540.801
1122.40 532.530
1122.88 564.787
1123.37 626.507
1123.85 642.952
1124.33 609.838
1124.81 593.497
1125.29 628.292
1125.78 677.018
1126.26 707.952
1126.74 713.980
1127.22 652.986
1127.70 572.272
1128.19 583.516
1128.67 660.259
1129.15 698.281
1129.63 673.626
1130.12 650.435
1130.60 667.204
1131.08 694.012
1131.56 738.792
1132.04 755.470
1132.53 656.519
1133.01 538.378
1133.49 559.546
1133.97 686.113
1134.45 721.899
1134.94 589.927
1135.42 503.661
1135.90 547.305
1136.38 584.902
1136.87 564.857
1137.35 537.169
1137.83 538.576
1138.31 551.410
1138.79 545.019
1139.28 519.039
1139.76 501.430
1140.24 497.226
1140.72 476.287
1141.20 422.240
1141.69 420.702
1142.17 521.661
1142.65 607.280
1143.13 552.639
1143.62 429.133
1144.10 434.419
1144.58 539.270
1145.06 547.768
1145.54 470.805
1146.03 413.340
1146.51 400.927
1146.99 428.724
1147.47 504.276
1147.95 567.745
1148.44 534.994
1148.92 474.982
1149.40 478.756
1149.88 512.838
1150.36 545.740
1150.85 560.930
1151.33 511.287
1151.81 401.349
1152.29 434.405
1152.78 526.112
1153.26 645.267
1153.74 578.453
1154.22 498.922
1154.70 480.138
1155.19 519.134
1155.67 656.326
1156.15 843.341
1156.63 904.140
1157.11 803.642
1157.60 716.618
1158.08 622.923
1158.56 595.126
1159.04 679.730
1159.53 740.587
1160.01 699.777
1160.49 614.250
1160.97 552.692
1161.45 517.065
1161.93 526.911
1162.42 577.416
1162.90 609.113
1163.38 617.823
1163.86 593.616
1164.35 537.816
1164.83 491.340
1165.31 482.806
1165.79 482.833
1166.27 437.786
1166.76 409.865
1167.24 429.257
1167.72 508.216
1168.20 573.128
1168.68 610.852
1169.17 605.149
1169.65 554.399
1170.13 510.339
1170.61 478.043
1171.10 483.412
1171.58 595.814
1172.06 679.178
1172.54 617.323
1173.02 514.553
1173.51 488.061
1173.99 526.564
1174.47 567.096
1174.95 623.118
1175.43 631.946
1175.92 576.790
1176.40 526.800
1176.88 489.559
1177.36 485.296
1177.85 533.241
1178.33 574.460
1178.81 529.995
1179.29 430.251
1179.77 448.813
1180.26 499.263
1180.74 464.546
1181.22 430.858
1181.70 471.497
1182.18 439.587
1182.67 409.436
1183.15 421.877
1183.63 447.761
1184.11 482.726
1184.60 497.679
1185.08 442.128
1185.56 425.475
1186.04 444.324
1186.52 424.085
1187.01 410.256
1187.49 453.599
1187.97 491.955
1188.45 539.423
1188.93 552.098
1189.42 481.222
1189.90 446.669
1190.38 508.213
1190.86 578.471
1191.34 591.266
1191.83 564.578
1192.31 527.886
1192.79 484.275
1193.27 499.445
1193.76 570.242
1194.24 590.952
1194.72 553.913
1195.20 527.667
1195.68 537.634
1196.17 570.130
1196.65 624.309
1197.13 659.770
1197.61 603.746
1198.09 517.397
1198.58 468.271
1199.06 451.285
1199.54 460.401
1200.02 488.495
1200.51 527.300
1200.99 575.924
1201.47 602.220
1201.95 586.230
1202.43 560.075
1202.92 521.991
1203.40 490.897
1203.88 475.316
1204.36 470.342
1204.84 473.893
1205.33 484.531
1205.81 501.511
1206.29 527.345
1206.77 519.961
1207.25 478.334
1207.74 457.032
1208.22 466.362
1208.70 465.967
1209.18 437.512
1209.67 416.347
1210.15 427.477
1210.63 458.765
1211.11 503.704
1211.59 548.921
1212.08 566.358
1212.56 574.241
1213.04 625.280
1213.52 697.655
1214.00 687.778
1214.49 554.597
1214.97 477.987
1215.45 557.902
1215.93 635.464
1216.41 699.128
1216.90 713.420
1217.38 622.060
1217.86 518.934
1218.34 501.490
1218.83 548.229
1219.31 592.708
1219.79 635.472
1220.27 664.304
1220.75 679.323
1221.23 690.529
1221.72 697.025
1222.20 653.984
1222.68 539.712
1223.16 451.000
1223.65 527.108
1224.13 627.098
1224.61 577.001
1225.09 496.123
1225.58 537.390
1226.06 621.833
1226.54 639.289
1227.02 591.425
1227.50 554.855
1227.98 547.258
1228.47 528.023
1228.95 459.360
1229.43 431.908
1229.91 496.679
1230.40 523.136
1230.88 433.228
1231.36 445.871
1231.84 412.150
1232.32 540.606
1232.81 583.249
1233.29 554.316
1233.77 560.391
1234.25 592.373
1234.73 609.947
1235.22 607.119
1235.70 575.986
1236.18 519.969
1236.66 494.725
1237.15 549.699
1237.63 608.055
1238.11 625.697
1238.59 616.196
1239.07 552.604
1239.56 496.043
1240.04 529.541
1240.52 608.735
1241.00 623.568
1241.48 571.386
1241.97 530.342
1242.45 493.667
1242.93 498.069
1243.41 556.218
1243.90 598.086
1244.38 604.197
1244.86 582.487
1245.34 532.373
1245.82 501.711
1246.31 591.098
1246.79 705.560
1247.27 620.891
1247.75 462.613
1248.23 464.280
1248.72 551.688
1249.20 583.131
1249.68 530.603
1250.16 483.790
1250.65 466.182
1251.13 471.631
1251.61 536.357
1252.09 566.805
1252.57 514.030
1253.06 462.439
1253.54 450.973
1254.02 460.585
1254.50 473.920
1254.98 486.861
1255.47 481.730
1255.95 462.508
1256.43 469.632
1256.91 494.562
1257.39 499.904
1257.88 480.673
1258.36 444.041
1258.84 401.799
1259.32 412.199
1259.81 453.473
1260.29 536.283
1260.77 616.826
1261.25 672.686
1261.73 666.869
1262.21 630.128
1262.70 628.195
1263.18 665.566
1263.66 598.749
1264.14 443.601
1264.63 400.163
1265.11 400.000
