142.736 200.000
143.218 207.652
143.700 217.842
144.182 225.148
144.665 230.664
145.147 243.963
145.629 268.788
146.111 293.128
146.593 312.378
147.075 325.637
147.557 334.487
148.040 333.634
148.522 324.330
149.004 328.385
149.486 315.781
149.968 326.569
150.450 339.708
150.932 355.512
151.414 346.443
151.896 343.033
152.378 330.927
152.861 317.446
153.343 310.436
153.825 301.874
154.307 295.073
154.789 285.210
155.271 272.416
155.753 255.048
156.235 228.960
156.718 208.107
157.200 203.306
157.682 207.862
158.164 211.355
158.646 218.758
159.128 223.468
159.610 221.554
160.092 206.531
160.574 207.244
161.057 213.368
161.539 213.550
162.021 215.573
162.503 226.454
162.985 238.512
163.467 245.331
163.949 240.562
164.431 233.640
164.913 223.680
165.396 211.328
165.878 202.228
166.360 216.958
166.842 225.964
167.324 229.547
167.806 211.344
168.288 221.354
168.770 220.101
169.253 218.409
169.735 232.464
170.217 217.564
170.699 231.405
171.181 233.793
171.663 233.540
172.145 233.778
172.627 235.122
173.109 237.029
173.592 238.942
174.074 238.678
174.556 237.405
175.038 239.344
175.520 247.688
176.002 260.878
176.484 255.702
176.966 254.944
177.449 280.666
177.931 299.956
178.413 313.160
178.895 302.053
179.377 322.316
179.859 329.987
180.341 337.118
180.823 354.850
181.305 359.863
181.788 367.436
182.270 377.559
182.752 391.715
183.234 413.770
183.716 441.890
184.198 467.860
184.680 489.568
185.162 506.813
185.645 520.467
186.127 530.470
186.609 535.958
187.091 530.208
187.573 515.261
188.055 508.713
188.537 524.472
189.019 557.400
189.501 583.983
189.984 603.163
190.466 616.317
190.948 620.836
191.430 616.682
191.912 618.842
192.394 643.341
192.876 686.423
193.358 711.678
193.840 709.609
194.323 695.660
194.805 706.444
195.287 744.771
195.769 785.214
196.251 807.651
196.733 811.999
197.215 823.599
197.697 849.117
198.180 883.179
198.662 906.485
199.144 917.271
199.626 924.776
200.108 922.829
200.590 953.171
201.072 975.785
201.554 991.054
202.036 976.972
202.519 1000.76
203.001 1009.33
203.483 1017.25
203.965 1046.29
204.447 1036.34
204.929 1064.97
205.411 1078.13
205.893 1087.70
206.376 1077.28
206.858 1073.26
207.340 1076.10
207.822 1075.80
208.304 1070.09
208.786 1111.58
209.268 1141.53
209.750 1160.60
210.232 1136.24
210.715 1167.96
211.197 1177.21
211.679 1197.59
212.161 1213.65
212.643 1262.16
213.125 1299.31
213.607 1316.67
214.089 1362.04
214.572 1444.85
215.054 1549.51
215.536 1640.91
216.018 1706.75
216.500 1783.90
216.982 1892.98
217.464 2042.27
217.946 2198.56
218.428 2357.56
218.911 2522.50
219.393 2700.11
219.875 2894.05
220.357 3094.66
220.839 3297.49
221.321 3508.86
221.803 3708.39
222.285 3888.32
222.768 4054.94
223.250 4240.35
223.732 4457.02
224.214 4677.62
224.696 4889.38
225.178 5095.88
225.660 5283.02
226.142 5447.40
226.624 5592.54
227.107 5733.08
227.589 5884.99
228.071 6008.92
228.553 6071.57
229.035 6058.25
229.517 6013.72
229.999 5951.55
230.481 5870.77
230.964 5723.64
231.446 5483.54
231.928 5202.90
232.410 4932.44
232.892 4685.31
233.374 4425.23
233.856 4141.24
234.338 3829.61
234.820 3551.10
235.303 3313.08
235.785 3099.01
236.267 2889.84
236.749 2679.32
237.231 2484.93
237.713 2310.01
238.195 2154.67
238.677 2019.04
239.160 1909.53
239.642 1814.73
240.124 1720.03
240.606 1619.73
241.088 1529.22
241.570 1450.97
242.052 1383.81
242.534 1337.91
243.016 1327.95
243.499 1329.18
243.981 1303.99
244.463 1233.38
244.945 1167.37
245.427 1120.66
245.909 1096.87
246.391 1079.09
246.873 1072.59
247.355 1068.68
247.838 1051.64
248.320 1011.27
248.802 974.900
249.284 953.019
249.766 951.505
250.248 943.883
250.730 926.982
251.212 905.933
251.695 890.326
252.177 881.373
252.659 876.088
253.141 875.915
253.623 887.224
254.105 882.838
254.587 855.714
255.069 816.781
255.551 789.743
256.034 780.212
256.516 771.996
256.998 757.887
257.480 734.404
257.962 715.739
258.444 703.287
258.926 694.643
259.408 683.657
259.891 667.620
260.373 654.303
260.855 649.059
261.337 657.634
261.819 655.385
262.301 637.900
262.783 611.456
263.265 591.936
263.747 580.962
264.229 572.999
264.712 567.123
265.194 566.283
265.676 555.740
266.158 531.475
266.640 499.615
267.122 476.620
267.604 465.358
268.086 455.916
268.569 443.775
269.051 428.615
269.533 412.027
270.015 394.327
270.497 375.329
270.979 355.155
271.461 334.138
271.943 311.340
272.426 282.792
272.908 245.226
273.390 225.421
273.872 230.983
274.354 250.384
274.836 256.020
275.318 245.785
275.800 230.186
276.282 212.372
276.765 208.674
277.247 219.958
277.729 216.857
278.211 207.543
278.693 214.160
279.175 240.258
279.657 263.325
280.139 268.651
280.621 255.844
281.104 243.323
281.586 231.854
282.068 222.208
282.550 214.187
283.032 207.276
283.514 207.208
283.996 223.697
284.478 255.062
284.961 270.889
285.443 266.134
285.925 248.957
286.407 232.071
286.889 215.189
287.371 204.474
287.853 209.120
288.335 225.866
288.818 230.571
289.300 218.521
289.782 200.855
290.264 209.961
290.746 209.485
291.228 211.057
291.710 226.288
292.192 250.116
292.674 261.875
293.156 256.936
293.639 246.728
294.121 248.141
294.603 260.098
295.085 275.205
295.567 289.840
296.049 304.462
296.531 314.886
297.013 315.046
297.496 330.935
297.978 337.958
298.460 367.859
298.942 392.196
299.424 411.268
299.906 409.325
300.388 434.495
300.870 448.788
301.353 462.624
301.835 491.581
302.317 502.733
302.799 500.064
303.281 492.605
303.763 487.787
304.245 499.563
304.727 532.202
305.209 563.253
305.691 570.300
306.174 560.377
306.656 549.128
307.138 545.557
307.620 543.428
308.102 535.559
308.584 520.757
309.066 506.728
309.548 497.294
310.031 492.711
310.513 493.099
310.995 502.427
311.477 514.251
311.959 523.672
312.441 530.134
312.923 537.179
313.405 547.409
313.888 559.258
314.370 570.339
314.852 580.897
315.334 589.942
315.816 597.469
316.298 603.534
316.780 606.440
317.262 599.199
317.744 590.805
318.227 590.800
318.709 613.793
319.191 634.786
319.673 642.087
320.155 635.580
320.637 632.941
321.119 643.154
321.601 657.307
322.083 667.971
322.566 675.854
323.048 677.437
323.530 668.330
324.012 649.206
324.494 634.300
324.976 628.472
325.458 625.745
325.940 622.103
326.422 614.757
326.905 609.117
327.387 605.844
327.869 604.811
328.351 604.998
328.833 607.935
329.315 610.909
329.797 612.139
330.280 604.248
330.762 604.886
331.244 617.751
331.726 640.855
332.208 663.820
332.690 687.964
333.172 709.500
333.654 726.129
334.136 734.168
334.618 745.256
335.101 764.719
335.583 787.488
336.065 792.963
336.547 794.763
337.029 815.262
337.511 829.404
337.993 838.569
338.475 829.931
338.958 846.174
339.440 853.519
339.922 861.108
340.404 882.662
340.886 879.937
341.368 901.790
341.850 912.847
342.332 926.453
342.815 929.401
343.297 935.684
343.779 944.582
344.261 942.036
344.743 950.423
345.225 961.404
345.707 972.814
346.189 975.335
346.671 967.706
347.154 965.300
347.636 990.249
348.118 1036.36
348.600 1075.23
349.082 1095.32
349.564 1104.03
350.046 1111.47
350.528 1117.44
351.010 1131.80
351.493 1170.77
351.975 1223.51
352.457 1267.26
352.939 1289.10
353.421 1305.62
353.903 1335.86
354.385 1378.38
354.867 1425.21
355.349 1471.64
355.832 1519.53
356.314 1571.46
356.796 1629.69
357.278 1688.87
357.760 1742.35
358.242 1793.41
358.724 1854.15
359.207 1931.62
359.689 2020.42
360.171 2119.12
360.653 2232.95
361.135 2341.69
361.617 2428.26
362.099 2504.64
362.581 2591.66
363.063 2698.41
363.546 2815.11
364.028 2938.80
364.510 3069.62
364.992 3205.26
365.474 3347.87
365.956 3494.43
366.438 3641.32
366.920 3784.72
367.402 3933.26
367.885 4087.66
368.367 4247.35
368.849 4419.72
369.331 4618.07
369.813 4819.85
370.295 5005.69
370.777 5157.04
371.259 5316.93
371.741 5493.94
372.224 5686.54
372.706 5881.04
373.188 6087.27
373.670 6278.79
374.152 6437.38
374.634 6554.09
375.116 6656.05
375.598 6749.94
376.081 6827.99
376.563 6873.69
377.045 6891.22
377.527 6862.09
378.009 6764.62
378.491 6598.08
378.973 6438.30
379.455 6309.92
379.938 6152.45
380.420 5845.30
380.902 5386.39
381.384 4912.88
381.866 4463.66
382.348 4045.73
382.830 3679.12
383.312 3365.52
383.794 3099.23
384.276 2912.09
384.759 2777.92
385.241 2609.29
385.723 2335.01
386.205 2028.10
386.687 1796.22
387.169 1637.64
387.651 1512.00
388.134 1396.69
388.616 1294.64
389.098 1210.68
389.580 1160.44
390.062 1111.36
390.544 1027.75
391.026 920.482
391.508 833.089
391.990 800.342
392.473 789.258
392.955 776.286
393.437 759.377
393.919 735.584
394.401 701.792
394.883 660.825
395.365 617.960
395.847 568.157
396.329 522.325
396.812 486.005
397.294 461.542
397.776 438.454
398.258 412.485
398.740 388.312
399.222 371.503
399.704 373.999
400.186 369.998
400.668 354.333
401.151 326.936
401.633 296.358
402.115 252.990
402.597 216.747
403.079 204.669
403.561 230.217
404.043 245.403
404.525 242.845
405.008 227.290
405.490 213.580
405.972 201.142
406.454 207.649
406.936 209.116
407.418 202.735
407.900 204.425
408.382 217.479
408.865 233.359
409.347 236.328
409.829 226.982
410.311 219.238
410.793 222.113
411.275 231.390
411.757 233.685
412.239 228.638
412.721 221.598
413.203 219.587
413.686 219.754
414.168 214.718
414.650 203.432
415.132 222.479
415.614 226.627
416.096 217.999
416.578 209.936
417.060 214.195
417.543 221.741
418.025 222.949
418.507 213.570
418.989 202.360
419.471 211.405
419.953 223.653
420.435 226.059
420.917 202.196
421.400 221.535
421.882 230.855
422.364 220.493
422.846 213.708
423.328 214.145
423.810 220.566
424.292 231.485
424.774 256.083
425.256 275.071
425.738 281.880
426.221 277.337
426.703 282.594
427.185 305.819
427.667 329.521
428.149 341.189
428.631 335.953
429.113 331.568
429.595 326.979
430.078 324.590
430.560 333.268
431.042 355.222
431.524 375.044
432.006 384.329
432.488 383.433
432.970 382.956
433.452 382.465
433.935 382.965
434.417 385.983
434.899 391.087
435.381 395.990
435.863 397.211
436.345 399.068
436.827 402.756
437.309 423.192
437.791 439.529
438.274 451.215
438.756 447.713
439.238 463.350
439.720 471.347
440.202 479.049
440.684 497.888
441.166 504.777
441.648 524.092
442.130 530.235
442.613 536.115
443.095 553.308
443.577 586.206
444.059 612.905
444.541 617.903
445.023 616.243
445.505 624.905
445.987 657.912
446.470 689.934
446.952 715.140
447.434 733.887
447.916 754.424
448.398 774.112
448.880 798.333
449.362 832.327
449.844 887.537
450.327 925.467
450.809 939.079
451.291 938.522
451.773 945.937
452.255 962.719
452.737 982.433
453.219 1002.91
453.701 1024.30
454.183 1045.60
454.665 1066.21
455.148 1090.33
455.630 1126.25
456.112 1171.90
456.594 1195.54
457.076 1198.86
457.558 1220.92
458.040 1238.48
458.522 1251.78
459.005 1247.94
459.487 1266.31
459.969 1275.83
460.451 1285.02
460.933 1306.62
461.415 1305.47
461.897 1325.75
462.379 1323.85
462.862 1320.64
463.344 1313.70
463.826 1295.96
464.308 1257.83
464.790 1199.33
465.272 1148.98
465.754 1126.99
466.236 1108.66
466.718 1077.13
467.201 1007.17
467.683 953.772
468.165 929.559
468.647 922.792
469.129 900.650
469.611 855.145
470.093 806.834
470.575 762.819
471.057 723.718
471.540 680.863
472.022 630.659
472.504 583.935
472.986 556.402
473.468 549.196
473.950 541.552
474.432 529.868
474.914 513.489
475.397 480.260
475.879 431.443
476.361 403.742
476.843 400.498
477.325 391.133
477.807 375.871
478.289 338.106
478.771 329.812
479.254 309.948
479.736 289.608
480.218 279.041
480.700 277.103
481.182 287.687
481.664 284.232
482.146 267.109
482.628 251.632
483.110 242.212
483.592 237.404
484.075 236.558
484.557 246.532
485.039 250.091
485.521 239.245
486.003 220.507
486.485 209.588
486.967 220.125
487.449 220.356
487.931 205.520
488.414 214.260
488.896 215.614
489.378 218.784
489.860 223.674
490.342 232.913
490.824 236.832
491.306 240.378
491.789 241.868
492.271 240.202
492.753 230.000
493.235 211.481
493.717 202.990
494.199 200.482
494.681 210.105
495.163 206.006
495.645 215.027
496.128 236.525
496.610 244.271
497.092 241.970
497.574 235.199
498.056 215.276
498.538 202.499
499.020 211.176
499.502 211.567
499.984 234.662
500.467 252.256
500.949 264.798
501.431 256.686
501.913 275.448
502.395 283.477
502.877 291.070
503.359 313.491
503.841 308.228
504.323 330.623
504.806 343.072
505.288 353.620
505.770 375.102
506.252 384.971
506.734 379.443
507.216 374.763
507.698 382.650
508.181 402.624
508.663 413.056
509.145 410.969
509.627 407.997
510.109 418.352
510.591 439.510
511.073 465.508
511.555 500.071
512.037 536.945
512.519 560.972
513.002 572.621
513.484 589.137
513.966 629.146
514.448 678.777
514.930 722.068
515.412 752.247
515.894 783.804
516.376 831.229
516.859 883.901
517.341 924.366
517.823 933.109
518.305 943.777
518.787 967.966
519.269 1006.71
519.751 1040.22
520.233 1063.74
520.716 1081.81
521.198 1099.18
521.680 1118.21
522.162 1140.15
522.644 1166.76
523.126 1191.33
523.608 1201.44
524.090 1194.93
524.572 1188.04
525.055 1190.13
525.537 1196.03
526.019 1187.85
526.501 1166.06
526.983 1142.60
527.465 1130.18
527.947 1121.24
528.429 1101.39
528.911 1067.18
529.394 1027.78
529.876 978.413
530.358 930.715
530.840 902.533
531.322 881.004
531.804 864.855
532.286 847.360
532.768 828.604
533.250 806.660
533.733 778.564
534.215 759.045
534.697 738.897
535.179 716.801
535.661 695.962
536.143 674.191
536.625 655.412
537.107 647.704
537.589 655.646
538.072 657.543
538.554 647.747
539.036 628.390
539.518 605.344
540.000 578.229
540.482 555.031
540.964 545.223
541.446 543.689
541.929 533.449
542.411 511.060
542.893 494.458
543.375 512.664
543.857 546.644
544.339 562.890
544.821 531.566
545.303 497.572
545.786 488.423
546.268 498.435
546.750 505.780
547.232 501.543
547.714 493.815
548.196 485.813
548.678 478.002
549.160 471.167
549.643 466.833
550.125 462.773
550.607 456.592
551.089 445.796
551.571 440.222
552.053 419.119
552.535 420.255
553.017 416.024
553.499 407.483
553.982 378.336
554.464 376.256
554.946 363.295
555.428 349.860
555.910 351.069
556.392 323.823
556.874 324.552
557.356 314.233
557.838 309.549
558.321 293.935
558.803 281.385
559.285 280.015
559.767 276.661
560.249 274.704
560.731 283.597
561.213 286.176
561.695 267.637
562.177 226.993
562.660 210.838
563.142 249.215
563.624 287.190
564.106 292.163
564.588 244.479
565.070 218.519
565.552 222.857
566.034 238.987
566.516 236.281
566.999 212.948
567.481 200.139
567.963 213.960
568.445 238.510
568.927 232.182
569.409 201.605
569.891 232.053
570.373 231.758
570.856 219.014
571.338 219.517
571.820 237.110
572.302 253.192
572.784 253.029
573.266 247.013
573.748 246.113
574.230 259.594
574.713 271.463
575.195 276.270
575.677 276.678
576.159 281.208
576.641 301.986
577.123 310.220
577.605 290.726
578.087 242.760
578.570 222.712
579.052 238.182
579.534 261.014
580.016 270.838
580.498 268.026
580.980 253.482
581.462 224.670
581.944 207.237
582.426 226.814
582.909 237.224
583.391 247.249
583.873 260.102
584.355 274.167
584.837 289.011
585.319 304.062
585.801 316.913
586.283 321.760
586.765 327.800
587.248 341.222
587.730 364.542
588.212 387.283
588.694 400.242
589.176 417.260
589.658 406.730
590.140 444.594
590.622 470.692
591.104 485.662
591.587 456.202
592.069 484.087
592.551 488.973
593.033 492.909
593.515 528.830
593.997 505.775
594.479 541.170
594.961 553.218
595.443 575.935
595.926 575.521
596.408 582.235
596.890 612.077
597.372 629.099
597.854 625.983
598.336 649.326
598.818 625.376
599.300 642.911
599.783 678.344
600.265 676.354
600.747 679.214
601.229 706.813
601.711 732.834
602.193 757.686
602.675 779.733
603.157 798.980
603.640 815.021
604.122 825.551
604.604 830.337
605.086 830.595
605.568 823.059
606.050 810.896
606.532 809.267
607.014 821.604
607.497 838.340
607.979 849.215
608.461 856.945
608.943 866.926
609.425 887.457
609.907 905.048
610.389 907.960
610.871 900.903
611.353 901.183
611.836 921.872
612.318 943.118
612.800 955.878
613.282 958.705
613.764 965.433
614.246 977.812
614.728 991.810
615.210 1006.78
615.692 1024.30
616.175 1026.22
616.657 1005.62
617.139 982.806
617.621 994.100
618.103 1032.06
618.585 1060.86
619.067 1062.51
619.549 1054.03
620.031 1049.65
620.514 1050.84
620.996 1063.79
621.478 1102.09
621.960 1141.81
622.442 1169.24
622.924 1182.74
623.406 1186.92
623.888 1169.98
624.370 1152.93
624.853 1150.42
625.335 1178.66
625.817 1183.42
626.299 1177.75
626.781 1199.72
627.263 1213.58
627.745 1219.21
628.227 1199.46
628.710 1213.45
629.192 1214.30
629.674 1213.57
630.156 1230.25
630.638 1213.19
631.120 1230.09
631.602 1231.29
632.084 1227.94
632.567 1231.75
633.049 1235.77
633.531 1216.03
634.013 1209.81
634.495 1184.23
634.977 1193.70
635.459 1195.86
635.941 1192.97
636.424 1158.87
636.906 1165.36
637.388 1162.38
637.870 1163.34
638.352 1158.93
638.834 1151.14
639.316 1141.37
639.798 1130.08
640.280 1123.93
640.763 1132.08
641.245 1144.70
641.727 1141.93
642.209 1126.46
642.691 1118.26
643.173 1098.26
643.655 1113.25
644.137 1119.78
644.619 1118.30
645.102 1084.76
645.584 1092.69
646.066 1084.03
646.548 1074.72
647.030 1088.55
647.512 1075.22
647.994 1068.60
648.476 1067.78
648.958 1080.87
649.441 1109.27
649.923 1121.37
650.405 1099.62
650.887 1061.92
651.369 1041.08
651.851 1036.10
652.333 1040.68
652.815 1060.88
653.297 1082.78
653.780 1090.43
654.262 1083.33
654.744 1080.66
655.226 1093.96
655.708 1111.85
656.190 1127.22
656.672 1141.03
657.154 1148.87
657.636 1145.99
658.119 1141.57
658.601 1144.42
659.083 1140.31
659.565 1181.96
660.047 1212.54
660.529 1232.65
661.011 1210.85
661.494 1243.25
661.976 1253.96
662.458 1263.82
662.940 1303.94
663.422 1288.39
663.904 1328.10
664.386 1341.75
664.868 1391.60
665.350 1465.32
665.833 1550.34
666.315 1648.95
666.797 1734.96
667.279 1796.99
667.761 1855.92
668.243 1925.64
668.725 2007.60
669.207 2090.63
669.690 2173.12
670.172 2256.35
670.654 2344.17
671.136 2435.12
671.618 2516.48
672.100 2579.80
672.582 2644.80
673.064 2734.53
673.546 2843.37
674.029 2960.05
674.511 3086.49
674.993 3212.66
675.475 3331.84
675.957 3445.74
676.439 3562.03
676.921 3697.77
677.403 3819.30
677.885 3911.14
678.368 3970.54
678.850 4040.43
679.332 4125.08
679.814 4208.13
680.296 4271.80
680.778 4319.00
681.260 4371.17
681.742 4434.52
682.224 4479.18
682.707 4460.45
683.189 4403.45
683.671 4348.80
684.153 4312.61
684.635 4273.08
685.117 4228.98
685.599 4173.24
686.081 4095.11
686.563 3967.88
687.046 3847.46
687.528 3742.82
688.010 3649.85
688.492 3556.05
688.974 3461.81
689.456 3372.59
689.938 3295.33
690.420 3225.15
690.903 3141.17
691.385 3044.20
691.867 2952.77
692.349 2885.01
692.831 2828.05
693.313 2768.81
693.795 2706.21
694.277 2639.23
694.760 2561.60
695.242 2484.35
695.724 2415.92
696.206 2363.57
696.688 2306.80
697.170 2240.24
697.652 2172.11
698.134 2110.36
698.617 2054.59
699.099 2011.67
699.581 1986.64
700.063 1967.95
700.545 1937.18
701.027 1896.21
701.509 1851.81
701.991 1802.73
702.473 1755.15
702.956 1714.43
703.438 1679.51
703.920 1646.77
704.402 1616.11
704.884 1586.41
705.366 1556.94
705.848 1527.50
706.330 1502.23
706.812 1484.41
707.295 1464.46
707.777 1435.50
708.259 1398.46
708.741 1366.33
709.223 1339.41
709.705 1311.39
710.187 1277.77
710.669 1239.86
711.151 1199.43
711.634 1156.59
712.116 1113.65
712.598 1075.98
713.080 1036.66
713.562 988.686
714.044 908.354
714.526 847.859
715.008 822.284
715.490 812.642
715.973 790.742
716.455 753.755
716.937 713.590
717.419 670.503
717.901 628.685
718.383 602.076
718.865 587.948
719.347 571.148
719.830 538.536
720.312 503.478
720.794 483.608
721.276 474.693
721.758 457.420
722.240 406.238
722.722 360.382
723.204 342.088
723.687 354.542
724.169 358.604
724.651 354.057
725.133 341.582
725.615 316.234
726.097 275.931
726.579 258.841
727.061 268.111
727.544 279.407
728.026 266.423
728.508 241.565
728.990 232.176
729.472 246.952
729.954 256.336
730.436 231.031
730.918 204.470
731.400 224.069
731.883 207.620
732.365 202.764
732.847 206.004
733.329 201.868
733.811 213.937
734.293 247.092
734.775 262.533
735.257 248.199
735.739 224.173
736.222 233.126
736.704 265.681
737.186 282.803
737.668 248.497
738.150 210.508
738.632 221.431
739.114 264.946
739.596 292.542
740.078 271.573
740.561 247.290
741.043 236.312
741.525 237.036
742.007 235.140
742.489 228.185
742.971 224.664
743.453 232.568
743.935 248.807
744.417 246.923
744.900 226.919
745.382 206.151
745.864 203.320
746.346 205.130
746.828 201.557
747.310 207.864
747.792 211.824
748.274 203.280
748.757 220.700
749.239 227.686
749.721 217.751
750.203 214.140
750.685 222.331
751.167 228.522
751.649 215.718
752.131 216.077
752.614 233.247
753.096 231.412
753.578 220.505
754.060 226.764
754.542 200.890
755.024 218.939
755.506 231.149
755.988 213.129
756.471 231.899
756.953 236.185
757.435 240.233
757.917 264.664
758.399 250.497
758.881 273.884
759.363 282.177
759.845 286.975
760.327 281.570
760.810 283.896
761.292 272.503
761.774 255.171
762.256 246.250
762.738 244.042
763.220 243.027
763.702 242.532
764.184 239.759
764.666 231.047
765.148 218.131
765.631 209.890
766.113 205.647
766.595 209.272
767.077 224.531
767.559 248.969
768.041 263.729
768.523 267.987
769.005 267.429
769.487 261.789
769.970 255.630
770.452 259.125
770.934 269.322
771.416 275.709
771.898 264.755
772.380 253.352
772.862 254.143
773.344 267.956
773.827 282.755
774.309 305.152
774.791 320.347
775.273 316.575
775.755 289.735
776.237 284.360
776.719 304.713
777.201 326.778
777.683 326.074
778.166 311.396
778.648 304.330
779.130 307.833
779.612 314.119
780.094 325.031
780.576 331.550
781.058 323.296
781.541 288.279
782.023 260.189
782.505 236.777
782.987 225.065
783.469 239.842
783.951 289.343
784.433 300.686
784.915 258.992
785.397 206.302
785.880 205.073
786.362 213.061
786.844 233.661
787.326 254.004
787.808 266.137
788.290 255.727
788.772 236.866
789.254 227.752
789.737 245.994
790.219 256.773
790.701 256.020
791.183 248.135
791.665 236.439
792.147 218.554
792.629 214.367
793.111 233.413
793.593 259.951
794.076 267.025
794.558 259.323
795.040 251.729
795.522 253.194
796.004 257.245
796.486 260.021
796.968 259.798
797.450 256.266
797.932 248.619
798.415 245.984
798.897 252.252
799.379 261.832
799.861 258.646
800.343 242.895
800.825 232.387
801.307 233.821
801.789 242.201
802.271 260.147
802.754 282.050
803.236 289.807
803.718 255.848
804.200 224.723
804.682 216.491
805.164 227.075
805.646 235.508
806.128 244.239
806.610 246.680
807.093 237.975
807.575 222.984
808.057 220.524
808.539 229.421
809.021 236.987
809.503 233.285
809.985 226.388
810.468 230.464
810.950 241.999
811.432 243.372
811.914 207.339
812.396 218.771
812.878 211.589
813.360 221.278
813.842 233.729
814.324 218.626
814.807 207.771
815.289 216.842
815.771 239.552
816.253 261.232
816.735 280.848
817.217 290.177
817.699 271.522
818.181 251.328
818.664 256.423
819.146 283.182
819.628 294.631
820.110 263.909
820.592 239.244
821.074 239.411
821.556 260.593
822.038 267.337
822.520 258.600
823.003 245.099
823.485 227.794
823.967 211.956
824.449 209.254
824.931 218.187
825.413 227.078
825.895 234.077
826.377 235.318
826.859 221.471
827.342 207.130
827.824 209.876
828.306 232.850
828.788 264.369
829.270 253.173
829.752 209.393
830.234 207.247
830.716 202.520
831.198 217.737
831.681 228.155
832.163 234.964
832.645 238.345
833.127 238.783
833.609 239.852
834.091 244.080
834.573 247.742
835.055 250.493
835.537 252.186
836.020 247.698
836.502 235.482
836.984 224.251
837.466 216.120
837.948 213.020
838.430 223.213
838.912 244.780
839.394 265.292
839.877 281.341
840.359 290.550
840.841 287.290
841.323 273.254
841.805 268.955
842.287 280.513
842.769 293.002
843.251 300.980
843.734 304.469
844.216 294.733
844.698 272.164
845.180 259.604
845.662 283.984
846.144 318.220
846.626 329.071
847.108 317.660
847.591 301.396
848.073 273.567
848.555 259.600
849.037 279.980
849.519 325.354
850.001 332.427
850.483 292.899
850.965 257.614
851.447 250.155
851.930 261.034
852.412 272.228
852.894 283.419
853.376 292.733
853.858 297.303
854.340 298.314
854.822 300.735
855.304 302.921
855.786 295.321
856.269 265.285
856.751 248.075
857.233 257.105
857.715 282.683
858.197 296.472
858.679 298.954
859.161 299.213
859.643 302.876
860.125 304.688
860.608 295.441
861.090 279.938
861.572 270.790
862.054 280.260
862.536 286.043
863.018 281.899
863.500 271.624
863.982 265.995
864.464 265.529
864.947 263.148
865.429 254.174
865.911 246.184
866.393 254.044
866.875 272.424
867.357 288.045
867.839 296.019
868.321 300.204
868.804 300.243
869.286 297.914
869.768 297.351
870.250 303.054
870.732 295.941
871.214 267.858
871.696 235.963
872.178 236.774
872.661 261.087
873.143 273.141
873.625 257.494
874.107 239.259
874.589 237.631
875.071 243.881
875.553 246.183
876.035 229.248
876.518 228.623
877.000 254.055
877.482 284.641
877.964 290.076
878.446 272.367
878.928 273.230
879.410 303.315
879.892 329.147
880.374 306.905
880.857 265.555
881.339 241.750
881.821 249.012
882.303 257.956
882.785 268.963
883.267 274.618
883.749 264.844
884.231 235.054
884.713 228.536
885.196 248.078
885.678 271.943
886.160 281.241
886.642 281.208
887.124 279.630
887.606 276.400
888.088 276.524
888.570 293.803
889.052 307.743
889.534 304.133
890.017 281.386
890.499 259.700
890.981 236.600
891.463 224.285
891.945 239.010
892.427 268.338
892.909 279.462
893.391 274.114
893.874 272.977
894.356 297.295
894.838 320.249
895.320 327.746
895.802 319.257
896.284 301.105
896.766 264.526
897.248 241.291
897.731 249.475
898.213 275.279
898.695 276.218
899.177 257.065
899.659 240.919
900.141 243.268
900.623 249.616
901.105 255.252
901.588 257.785
902.070 249.597
902.552 223.150
903.034 201.731
903.516 225.510
903.998 241.187
904.480 228.113
904.962 208.993
905.444 240.921
905.927 259.809
906.409 268.563
906.891 267.465
907.373 258.889
907.855 246.069
908.337 223.193
908.819 205.297
909.301 206.067
909.783 213.219
910.266 221.305
910.748 229.456
911.230 218.762
911.712 216.067
912.194 244.128
912.676 226.512
913.158 207.846
913.640 227.848
914.122 228.856
914.605 214.497
915.087 234.928
915.569 275.897
916.051 277.109
916.533 238.562
917.015 216.841
917.497 212.291
917.979 216.164
918.461 224.504
918.944 236.204
919.426 255.026
919.908 279.249
920.390 290.434
920.872 266.300
921.354 247.384
921.836 249.225
922.318 266.380
922.801 269.568
923.283 258.246
923.765 251.462
924.247 258.785
924.729 273.544
925.211 291.365
925.693 309.690
926.175 323.223
926.657 327.445
927.140 329.791
927.622 331.023
928.104 331.890
928.586 336.274
929.068 344.727
929.550 338.873
930.032 312.821
930.515 282.711
930.997 262.632
931.479 251.508
931.961 249.340
932.443 262.338
932.925 268.288
933.407 254.828
933.889 238.566
934.371 227.676
934.854 220.666
935.336 234.973
935.818 217.031
936.300 236.949
936.782 247.668
937.264 249.726
937.746 216.988
938.228 229.175
938.710 223.289
939.193 216.510
939.675 234.871
940.157 207.113
940.639 225.198
941.121 225.032
941.603 233.197
942.085 223.044
942.567 218.413
943.049 232.135
943.532 215.779
944.014 214.108
944.496 217.098
944.978 230.229
945.460 238.572
945.942 235.958
946.424 230.408
946.906 237.012
947.388 255.959
947.871 268.194
948.353 268.849
948.835 268.319
949.317 276.836
949.799 291.347
950.281 310.268
950.763 341.500
951.245 350.736
951.728 313.868
952.210 279.775
952.692 292.539
953.174 350.725
953.656 368.864
954.138 346.216
954.620 325.262
955.102 347.751
955.584 379.533
956.067 384.880
956.549 365.759
957.031 362.827
957.513 397.714
957.995 418.541
958.477 407.668
958.959 378.058
959.442 371.497
959.924 384.089
960.406 387.292
960.888 361.076
961.370 333.064
961.852 328.848
962.334 340.129
962.816 351.896
963.298 357.145
963.781 365.820
964.263 379.838
964.745 393.903
965.227 400.562
965.709 402.179
966.191 409.441
966.673 423.912
967.155 437.247
967.638 442.456
968.120 445.892
968.602 453.149
969.084 466.344
969.566 476.764
970.048 476.893
970.530 490.550
971.012 537.413
971.494 601.812
971.977 637.515
972.459 653.842
972.941 684.254
973.423 749.827
973.905 826.182
974.387 904.025
974.869 984.750
975.351 1071.19
975.833 1160.81
976.316 1267.52
976.798 1398.08
977.280 1537.12
977.762 1619.82
978.244 1707.90
978.726 1929.14
979.208 2352.14
979.690 2750.95
980.172 3076.37
980.655 3322.30
981.137 3458.84
981.619 3475.33
982.101 3577.04
982.583 3768.31
983.065 3965.68
983.547 4176.40
984.029 4316.14
984.511 4286.67
984.994 4096.71
985.476 3802.80
985.958 3338.40
986.440 2866.04
986.922 2395.92
987.404 1955.50
987.886 1616.49
988.369 1370.35
988.851 1163.54
989.333 978.572
989.815 825.723
990.297 726.089
990.779 657.152
991.261 592.748
991.743 520.935
992.225 476.024
992.708 467.230
993.190 465.601
993.672 450.942
994.154 424.529
994.636 383.396
995.118 329.899
995.600 289.752
996.082 280.806
996.565 286.359
997.047 307.873
997.529 337.403
998.011 344.460
998.493 325.489
998.975 301.161
999.457 275.297
999.939 250.646
1000.42 223.782
1000.90 201.990
1001.39 202.218
1001.87 249.968
1002.35 276.625
1002.83 246.855
1003.31 206.994
1003.80 205.330
1004.28 210.557
1004.76 218.081
1005.24 216.313
1005.72 211.811
1006.21 206.201
1006.69 202.881
1007.17 209.725
1007.65 224.667
1008.14 224.787
1008.62 206.968
1009.10 223.354
1009.58 206.654
1010.06 226.674
1010.55 242.974
1011.03 244.419
1011.51 239.543
1011.99 229.722
1012.47 216.795
1012.96 200.012
1013.44 218.348
1013.92 238.984
1014.40 270.463
1014.89 265.084
1015.37 215.595
1015.85 230.353
1016.33 224.787
1016.81 203.134
1017.29 205.572
1017.78 215.468
1018.26 233.073
1018.74 237.899
1019.22 236.581
1019.71 229.642
1020.19 219.026
1020.67 205.566
1021.15 209.459
1021.63 208.152
1022.12 219.625
1022.60 248.432
1023.08 253.973
1023.56 249.245
1024.05 247.924
1024.53 250.675
1025.01 261.665
1025.49 283.933
1025.97 306.418
1026.46 318.907
1026.94 325.809
1027.42 340.489
1027.90 361.432
1028.38 379.812
1028.87 385.152
1029.35 394.054
1029.83 414.344
1030.31 442.230
1030.80 471.726
1031.28 502.918
1031.76 530.670
1032.24 552.206
1032.72 578.201
1033.20 622.962
1033.69 676.781
1034.17 728.909
1034.65 777.193
1035.13 820.625
1035.62 845.218
1036.10 890.193
1036.58 988.516
1037.06 1121.94
1037.54 1219.45
1038.03 1286.68
1038.51 1352.82
1038.99 1433.24
1039.47 1514.51
1039.95 1591.78
1040.44 1664.81
1040.92 1744.58
1041.40 1808.06
1041.88 1854.40
1042.36 1883.87
1042.85 1882.41
1043.33 1893.02
1043.81 1881.73
1044.29 1857.89
1044.78 1835.42
1045.26 1775.85
1045.74 1728.86
1046.22 1630.60
1046.70 1504.67
1047.19 1392.23
1047.67 1294.17
1048.15 1208.54
1048.63 1123.37
1049.11 1028.40
1049.60 940.494
1050.08 868.717
1050.56 809.668
1051.04 758.923
1051.53 718.477
1052.01 676.609
1052.49 632.392
1052.97 591.454
1053.45 558.502
1053.94 531.478
1054.42 505.745
1054.90 482.365
1055.38 470.522
1055.86 489.287
1056.35 494.020
1056.83 469.710
1057.31 432.917
1057.79 417.273
1058.28 418.514
1058.76 421.807
1059.24 425.809
1059.72 423.061
1060.20 402.018
1060.69 375.873
1061.17 358.037
1061.65 348.690
1062.13 345.995
1062.61 350.173
1063.10 357.779
1063.58 369.268
1064.06 380.867
1064.54 387.178
1065.03 391.316
1065.51 397.521
1065.99 406.541
1066.47 416.405
1066.95 429.710
1067.44 440.267
1067.92 435.968
1068.40 420.629
1068.88 401.749
1069.36 380.272
1069.85 379.927
1070.33 343.704
1070.81 398.626
1071.29 430.884
1071.78 441.365
1072.26 366.675
1072.74 400.277
1073.22 392.821
1073.70 384.053
1074.19 435.561
1074.67 375.963
1075.15 426.403
1075.63 424.984
1076.11 423.243
1076.60 426.537
1077.08 440.280
1077.56 445.051
1078.04 417.498
1078.52 376.773
1079.01 367.319
1079.49 382.679
1079.97 397.889
1080.45 399.843
1080.94 403.767
1081.42 414.023
1081.90 426.869
1082.38 437.893
1082.86 447.029
1083.34 452.273
1083.83 453.143
1084.31 453.787
1084.79 465.556
1085.27 471.023
1085.76 447.211
1086.24 400.196
1086.72 388.293
1087.20 418.087
1087.68 438.978
1088.17 430.551
1088.65 413.095
1089.13 416.334
1089.61 427.473
1090.09 425.588
1090.58 392.826
1091.06 383.805
1091.54 412.548
1092.02 441.967
1092.51 441.266
1092.99 422.320
1093.47 428.753
1093.95 453.868
1094.43 468.715
1094.92 445.399
1095.40 426.416
1095.88 428.062
1096.36 439.473
1096.84 448.526
1097.33 455.125
1097.81 455.371
1098.29 448.412
1098.77 444.320
1099.26 464.775
1099.74 479.729
1100.22 456.210
1100.70 400.535
1101.18 373.315
1101.67 380.456
1102.15 388.595
1102.63 386.837
1103.11 380.525
1103.59 376.979
1104.08 375.286
1104.56 375.057
1105.04 378.559
1105.52 373.515
1106.01 355.664
1106.49 336.618
1106.97 321.225
1107.45 310.379
1107.93 311.569
1108.42 320.663
1108.90 323.884
1109.38 312.850
1109.86 298.290
1110.34 278.607
1110.83 260.924
1111.31 253.876
1111.79 257.031
1112.27 263.777
1112.76 272.258
1113.24 277.524
1113.72 275.943
1114.20 269.380
1114.68 254.285
1115.17 234.736
1115.65 225.589
1116.13 229.437
1116.61 220.257
1117.09 212.785
1117.58 233.298
1118.06 227.163
1118.54 303.526
1119.02 313.473
1119.50 238.603
1119.99 203.974
1120.47 229.387
1120.95 248.450
1121.43 232.491
1121.92 200.589
1122.40 223.494
1122.88 236.380
1123.36 238.271
1123.84 221.749
1124.32 208.758
1124.81 206.601
1125.29 205.179
1125.77 214.006
1126.25 238.391
1126.74 218.550
1127.22 243.872
1127.70 258.230
1128.18 262.212
1128.66 224.862
1129.15 241.335
1129.63 241.731
1130.11 245.943
1130.59 220.604
1131.07 229.158
1131.56 276.640
1132.04 313.061
1132.52 298.112
1133.00 266.686
1133.48 234.044
1133.97 205.148
1134.45 206.277
1134.93 201.869
1135.41 208.731
1135.90 209.139
1136.38 211.134
1136.86 223.571
1137.34 241.187
1137.82 263.279
1138.31 290.686
1138.79 290.453
1139.27 251.840
1139.75 220.524
1140.23 207.298
1140.72 221.155
1141.20 250.718
1141.68 227.120
1142.16 253.830
1142.65 268.333
1143.13 271.324
1143.61 228.220
1144.09 244.688
1144.57 237.183
1145.06 228.679
1145.54 253.427
1146.02 216.887
1146.50 241.102
1146.98 236.621
1147.47 208.362
1147.95 211.085
1148.43 229.434
1148.91 254.893
1149.40 283.559
1149.88 293.219
1150.36 284.320
1150.84 273.422
1151.32 262.030
1151.81 259.574
1152.29 274.032
1152.77 296.885
1153.25 319.238
1153.73 339.643
1154.22 331.459
1154.70 288.700
1155.18 251.136
1155.66 247.335
1156.15 259.510
1156.63 286.758
1157.11 320.321
1157.59 323.119
1158.07 294.158
1158.56 259.163
1159.04 221.284
1159.52 205.190
1160.00 201.796
1160.48 216.297
1160.97 235.604
1161.45 254.951
1161.93 275.887
1162.41 300.796
1162.90 310.163
1163.38 289.084
1163.86 259.280
1164.34 240.504
1164.82 232.754
1165.31 238.849
1165.79 272.333
1166.27 279.026
1166.75 253.573
1167.23 224.788
1167.72 211.718
1168.20 207.378
1168.68 202.859
1169.16 213.429
1169.64 210.964
1170.13 228.149
1170.61 244.702
1171.09 230.531
1171.57 209.563
1172.06 200.556
1172.54 200.352
1173.02 214.848
1173.50 239.584
1173.98 256.579
1174.46 257.583
1174.95 251.611
1175.43 235.368
1175.91 222.350
1176.39 228.327
1176.88 245.994
1177.36 259.751
1177.84 267.927
1178.32 269.993
1178.80 257.077
1179.29 250.328
1179.77 260.358
1180.25 272.126
1180.73 249.754
1181.21 207.920
1181.70 205.864
1182.18 218.727
1182.66 242.440
1183.14 242.008
1183.63 244.871
1184.11 267.452
1184.59 297.085
1185.07 290.591
1185.55 256.263
1186.04 226.177
1186.52 208.146
1187.00 201.837
1187.48 201.641
1187.96 205.064
1188.45 203.811
1188.93 219.397
1189.41 200.086
1189.89 246.020
1190.38 271.318
1190.86 247.052
1191.34 216.989
1191.82 205.971
1192.30 217.561
1192.79 209.828
1193.27 215.877
1193.75 233.119
1194.23 242.225
1194.71 246.338
1195.20 241.361
1195.68 238.549
1196.16 244.989
1196.64 255.040
1197.13 264.123
1197.61 272.330
1198.09 271.695
1198.57 262.558
1199.05 253.713
1199.54 252.113
1200.02 250.419
1200.50 240.268
1200.98 229.718
1201.46 233.255
1201.95 251.327
1202.43 260.672
1202.91 259.566
1203.39 257.985
1203.88 264.485
1204.36 271.261
1204.84 275.626
1205.32 275.710
1205.80 262.304
1206.29 234.674
1206.77 238.495
1207.25 280.600
1207.73 320.115
1208.21 325.833
1208.70 315.988
1209.18 294.390
1209.66 268.432
1210.14 261.153
1210.62 272.407
1211.11 277.640
1211.59 271.596
1212.07 263.411
1212.55 256.381
1213.04 253.713
1213.52 257.021
1214.00 266.720
1214.48 296.709
1214.96 346.148
1215.44 354.165
1215.93 294.133
1216.41 232.241
1216.89 222.020
1217.37 231.093
1217.86 236.145
1218.34 237.809
1218.82 243.511
1219.30 252.939
1219.78 261.792
1220.27 268.511
1220.75 269.877
1221.23 257.191
1221.71 243.055
1222.19 237.330
1222.68 239.219
1223.16 251.827
1223.64 277.125
1224.12 291.539
1224.60 276.973
1225.09 256.278
1225.57 225.680
1226.05 257.100
1226.53 273.211
1227.02 275.205
1227.50 220.434
1227.98 239.111
1228.46 228.342
1228.94 216.374
1229.43 243.571
1229.91 203.158
1230.39 225.209
1230.87 218.223
1231.35 252.810
1231.84 261.082
1232.32 245.090
1232.80 234.155
1233.28 246.735
1233.77 266.893
1234.25 280.571
1234.73 289.503
1235.21 289.502
1235.69 283.740
1236.18 257.657
1236.66 282.945
1237.14 295.866
1237.62 296.970
1238.10 250.877
1238.59 265.665
1239.07 261.409
1239.55 256.490
1240.03 275.497
1240.52 281.735
1241.00 275.424
1241.48 270.550
1241.96 273.694
1242.44 281.750
1242.93 297.941
1243.41 312.899
1243.89 315.485
1244.37 307.022
1244.85 288.409
1245.34 262.142
1245.82 248.381
1246.30 265.378
1246.78 286.124
1247.27 308.977
1247.75 324.599
1248.23 311.024
1248.71 279.786
1249.19 273.125
1249.68 290.532
1250.16 298.680
1250.64 271.583
1251.12 250.902
1251.60 247.351
1252.09 249.615
1252.57 233.983
1253.05 212.982
1253.53 221.317
1254.02 260.035
1254.50 282.828
1254.98 263.791
1255.46 242.272
1255.94 220.205
1256.43 207.913
1256.91 229.693
1257.39 265.772
1257.87 280.777
1258.35 273.071
1258.84 275.820
1259.32 307.117
1259.80 311.943
1260.28 272.776
1260.76 223.799
1261.25 205.282
1261.73 205.498
1262.21 216.429
1262.69 235.354
1263.18 235.249
1263.66 206.892
1264.14 204.241
1264.62 216.008
1265.10 239.045
1265.58 234.103
1266.07 218.340
1266.55 205.728
1267.03 201.988
1267.51 200.778
1268.00 208.476
1268.48 227.209
1268.96 258.418
1269.44 281.333
1269.92 275.896
1270.41 261.271
1270.89 254.752
1271.37 261.315
1271.85 248.283
1272.33 212.703
1272.82 200.062
1273.30 217.455
1273.78 235.712
1274.26 237.669
1274.75 230.763
1275.23 214.157
1275.71 200.040
1276.19 204.143
1276.67 200.000
