0.000000 400.000
0.000000 400.000
0.000000 400.000
0.000000 404.838
0.000000 401.941
140.184 400.281
140.666 404.241
141.148 419.469
141.630 429.969
142.112 434.389
142.594 433.833
143.076 432.714
143.559 431.473
144.041 429.559
144.523 427.336
145.005 423.524
145.487 419.965
145.969 417.203
146.451 415.251
146.933 413.718
147.415 412.758
147.898 412.199
148.380 412.064
148.862 413.609
149.344 413.619
149.826 410.716
150.308 404.737
150.790 401.363
151.272 403.043
151.755 407.052
152.237 410.832
152.719 414.007
153.201 417.031
153.683 418.958
154.165 420.023
154.647 419.730
155.129 416.606
155.611 412.478
156.094 409.526
156.576 408.811
157.058 408.268
157.540 407.623
158.022 406.897
158.504 406.856
158.986 408.411
159.468 410.754
159.951 412.671
160.433 413.300
160.915 413.861
161.397 415.432
161.879 418.867
162.361 421.123
162.843 420.577
163.325 418.134
163.807 415.793
164.290 413.476
164.772 411.171
165.254 409.280
165.736 409.120
166.218 409.932
166.700 408.807
167.182 406.650
167.664 406.035
168.146 409.127
168.629 413.849
169.111 416.935
169.593 417.126
170.075 416.650
170.557 415.775
171.039 414.915
171.521 414.158
172.003 413.246
172.486 412.209
172.968 411.075
173.450 409.332
173.932 408.064
174.414 409.173
174.896 412.381
175.378 415.220
175.860 415.614
176.342 414.359
176.825 412.978
177.307 411.860
177.789 410.794
178.271 409.165
178.753 407.009
179.235 405.175
179.717 404.480
180.199 404.651
180.682 405.028
181.164 405.546
181.646 406.116
182.128 406.522
182.610 406.831
183.092 406.952
183.574 406.392
184.056 405.245
184.538 404.364
185.021 404.199
185.503 404.529
185.985 404.829
186.467 405.173
186.949 405.170
187.431 404.230
187.913 402.478
188.395 400.475
188.878 402.023
189.360 404.744
189.842 405.973
190.324 405.569
190.806 404.294
191.288 402.508
191.770 400.189
192.252 401.233
192.734 400.661
193.217 401.757
193.699 403.160
194.181 403.337
194.663 402.995
195.145 403.242
195.627 404.142
196.109 404.683
196.591 402.555
197.074 400.778
197.556 402.635
198.038 402.668
198.520 401.847
199.002 401.732
199.484 402.472
199.966 402.990
200.448 402.064
200.930 400.663
201.413 400.132
201.895 405.753
202.377 413.258
202.859 416.790
203.341 415.541
203.823 413.772
204.305 413.344
204.787 414.417
205.270 415.926
205.752 418.209
206.234 420.555
206.716 421.197
207.198 419.471
207.680 418.092
208.162 418.613
208.644 421.699
209.126 423.597
209.609 423.914
210.091 423.267
210.573 423.019
211.055 423.190
211.537 423.675
212.019 424.650
212.501 426.524
212.983 427.219
213.465 426.116
213.948 424.106
214.430 423.464
214.912 424.749
215.394 426.293
215.876 427.194
216.358 427.009
216.840 427.625
217.322 429.555
217.805 432.126
218.287 433.344
218.769 432.410
219.251 431.589
219.733 432.047
220.215 434.270
220.697 436.480
221.179 438.903
221.661 441.183
222.143 442.336
222.626 441.984
223.108 441.118
223.590 440.036
224.072 438.297
224.554 437.604
225.036 438.893
225.518 441.015
226.001 440.471
226.483 435.352
226.965 430.489
227.447 428.101
227.929 428.923
228.411 430.568
228.893 433.719
229.375 437.499
229.857 439.396
230.339 438.438
230.822 437.006
231.304 436.113
231.786 435.902
232.268 435.988
232.750 436.599
233.232 437.468
233.714 437.782
234.197 436.971
234.679 436.404
235.161 436.857
235.643 439.387
236.125 440.477
236.607 439.383
237.089 437.034
237.571 435.872
238.053 436.467
238.536 437.452
239.018 438.392
239.500 439.779
239.982 439.843
240.464 437.669
240.946 434.459
241.428 433.215
241.910 435.032
242.392 437.131
242.875 438.499
243.357 439.097
243.839 439.076
244.321 438.329
244.803 437.003
245.285 435.208
245.767 431.931
246.249 429.722
246.732 429.883
247.214 433.778
247.696 435.845
248.178 435.499
248.660 433.877
249.142 433.153
249.624 433.920
250.106 434.612
250.588 434.568
251.070 433.518
251.553 432.076
252.035 429.900
252.517 427.682
252.999 426.640
253.481 427.189
253.963 428.075
254.445 429.227
254.928 430.970
255.410 431.516
255.892 430.325
256.374 428.315
256.856 426.775
257.338 425.607
257.820 425.200
258.302 426.037
258.784 428.426
259.267 429.086
259.749 427.086
260.231 424.483
260.713 424.548
261.195 428.856
261.677 431.637
262.159 430.591
262.641 425.321
263.124 422.516
263.606 423.091
264.088 424.901
264.570 425.317
265.052 423.752
265.534 422.548
266.016 422.445
266.498 423.439
266.980 423.961
267.462 423.948
267.945 423.576
268.427 422.966
268.909 422.072
269.391 421.110
269.873 419.969
270.355 418.744
270.837 418.310
271.319 418.857
271.802 419.687
272.284 419.874
272.766 419.123
273.248 419.769
273.730 422.904
274.212 427.788
274.694 430.453
275.176 430.566
275.659 429.582
276.141 428.672
276.623 427.897
277.105 426.304
277.587 423.284
278.069 419.585
278.551 417.916
279.033 418.559
279.515 419.727
279.998 420.148
280.480 419.816
280.962 419.679
281.444 419.997
281.926 420.464
282.408 420.200
282.890 419.126
283.372 417.968
283.854 417.093
284.337 416.498
284.819 416.257
285.301 416.443
285.783 416.914
286.265 417.460
286.747 418.090
287.229 418.758
287.711 419.526
288.194 420.323
288.676 420.823
289.158 421.028
289.640 420.885
290.122 420.263
290.604 419.181
291.086 417.876
291.568 416.152
292.051 414.272
292.533 413.122
293.015 412.832
293.497 412.764
293.979 411.950
294.461 410.626
294.943 409.794
295.425 409.955
295.907 410.886
296.389 412.477
296.872 414.795
297.354 416.650
297.836 416.544
298.318 415.064
298.800 413.767
299.282 413.388
299.764 413.459
300.246 413.159
300.729 412.608
301.211 412.189
301.693 412.453
302.175 413.019
302.657 413.178
303.139 412.433
303.621 411.548
304.103 411.151
304.586 411.258
305.068 411.902
305.550 414.516
306.032 417.124
306.514 417.060
306.996 412.480
307.478 407.423
307.960 404.642
308.442 403.845
308.925 404.190
309.407 407.045
309.889 409.843
310.371 409.800
310.853 405.281
311.335 401.673
311.817 403.797
312.299 408.942
312.781 412.257
313.264 409.555
313.746 405.891
314.228 404.367
314.710 405.572
315.192 407.245
315.674 409.368
316.156 411.141
316.638 411.531
317.121 408.555
317.603 405.589
318.085 403.978
318.567 403.856
319.049 404.241
319.531 405.643
320.013 406.993
320.495 407.347
320.978 404.652
321.460 402.797
321.942 403.113
322.424 405.410
322.906 407.241
323.388 408.669
323.870 409.282
324.352 408.857
324.834 404.753
325.316 402.720
325.799 405.028
326.281 410.049
326.763 412.248
327.245 408.459
327.727 404.846
328.209 403.996
328.691 408.477
329.173 410.816
329.656 409.956
330.138 407.263
330.620 405.229
331.102 403.728
331.584 403.119
332.066 403.871
332.548 406.525
333.030 407.559
333.513 406.332
333.995 404.115
334.477 402.285
334.959 400.516
335.441 400.138
335.923 402.204
336.405 406.455
336.887 408.019
337.369 406.193
337.852 403.185
338.334 400.747
338.816 401.102
339.298 402.341
339.780 402.898
340.262 402.860
340.744 402.261
341.226 400.979
341.708 400.143
342.191 400.192
342.673 400.720
343.155 400.534
343.637 401.289
344.119 403.651
344.601 404.548
345.083 404.053
345.565 403.281
346.047 402.538
346.530 401.966
347.012 402.230
347.494 403.514
347.976 404.869
348.458 404.906
348.940 404.022
349.422 403.652
349.904 405.289
350.387 407.422
350.869 407.272
351.351 404.779
351.833 402.266
352.315 401.941
352.797 402.829
353.279 403.292
353.761 402.460
354.243 401.549
354.726 402.161
355.208 403.776
355.690 404.476
356.172 401.559
356.654 401.926
357.136 402.925
357.618 400.110
358.100 403.139
358.583 403.686
359.065 402.782
359.547 402.262
360.029 402.896
360.511 403.880
360.993 405.016
361.475 406.408
361.957 407.111
362.440 406.029
362.922 404.443
363.404 403.699
363.886 405.065
364.368 406.298
364.850 406.916
365.332 406.897
365.814 406.509
366.296 404.690
366.779 403.253
367.261 403.345
367.743 407.216
368.225 409.604
368.707 409.949
369.189 408.688
369.671 407.091
370.153 404.373
370.635 402.330
371.118 401.786
371.600 403.259
372.082 404.503
372.564 405.534
373.046 406.356
373.528 407.143
374.010 408.220
374.492 408.167
374.974 406.131
375.457 402.268
375.939 400.202
376.421 401.074
376.903 401.278
377.385 401.754
377.867 402.516
378.349 402.686
378.832 402.069
379.314 400.814
379.796 401.111
380.278 403.680
380.760 405.716
381.242 406.526
381.724 406.162
382.206 404.209
382.688 400.098
383.171 403.546
383.653 402.246
384.135 402.605
384.617 406.417
385.099 405.863
385.581 403.574
386.063 403.332
386.545 405.183
387.027 406.883
387.510 406.530
387.992 405.016
388.474 403.453
388.956 401.771
389.438 400.662
389.920 401.073
390.402 402.599
390.884 403.708
391.366 403.117
391.849 402.178
392.331 401.857
392.813 402.564
393.295 403.190
393.777 403.179
394.259 402.919
394.741 402.977
395.223 404.290
395.706 405.157
396.188 404.733
396.670 402.747
397.152 401.611
397.634 402.371
398.116 403.559
398.598 404.130
399.080 403.801
399.563 403.283
400.045 402.367
400.527 401.256
401.009 400.860
401.491 401.376
401.973 402.336
402.455 403.877
402.937 406.473
403.419 407.144
403.901 405.160
404.384 402.145
404.866 400.398
405.348 400.026
405.830 400.225
406.312 401.080
406.794 402.322
407.276 402.080
407.759 400.151
408.241 401.523
408.723 400.781
409.205 401.874
409.687 404.141
410.169 405.775
410.651 406.542
411.133 405.206
411.615 402.268
412.098 400.335
412.580 401.944
413.062 405.100
413.544 407.080
414.026 407.664
414.508 407.227
414.990 405.550
415.472 403.381
415.954 401.522
416.437 400.347
416.919 401.110
417.401 400.647
417.883 404.396
418.365 407.119
418.847 406.450
419.329 404.928
419.811 404.289
420.293 405.255
420.776 406.236
421.258 406.859
421.740 407.289
422.222 407.818
422.704 409.351
423.186 410.117
423.668 409.250
424.150 406.434
424.633 404.825
425.115 405.131
425.597 406.007
426.079 406.333
426.561 405.751
427.043 405.524
427.525 406.069
428.007 406.949
428.490 406.499
428.972 404.267
429.454 402.316
429.936 401.783
430.418 402.686
430.900 403.789
431.382 405.205
431.864 406.453
432.346 406.765
432.828 406.250
433.311 405.813
433.793 405.682
434.275 405.794
434.757 406.454
435.239 407.532
435.721 407.901
436.203 405.996
436.685 403.176
437.168 401.525
437.650 401.483
438.132 402.123
438.614 403.200
439.096 404.395
439.578 405.099
440.060 404.682
440.542 403.991
441.025 403.236
441.507 402.695
441.989 402.611
442.471 403.451
442.953 404.320
443.435 404.551
443.917 402.998
444.399 402.195
444.881 403.000
445.364 404.797
445.846 406.096
446.328 407.228
446.810 407.428
447.292 406.031
447.774 402.620
448.256 400.989
448.738 401.774
449.220 403.546
449.703 405.108
450.185 406.500
450.667 407.581
451.149 408.393
451.631 408.845
452.113 408.492
452.595 407.219
453.077 406.379
453.560 407.221
454.042 409.379
454.524 410.499
455.006 410.450
455.488 409.689
455.970 408.010
456.452 405.936
456.934 405.143
457.417 407.326
457.899 409.700
458.381 408.513
458.863 404.498
459.345 400.808
459.827 400.993
460.309 401.506
460.791 401.054
461.273 400.487
461.755 402.179
462.238 403.893
462.720 405.377
463.202 406.352
463.684 405.791
464.166 405.764
464.648 407.613
465.130 410.975
465.612 412.311
466.095 409.771
466.577 406.586
467.059 404.040
467.541 401.980
468.023 400.674
468.505 400.173
468.987 400.378
469.469 401.452
469.952 403.904
470.434 405.318
470.916 404.655
471.398 402.468
471.880 401.635
472.362 402.355
472.844 402.891
473.326 401.194
473.808 402.006
474.291 403.010
474.773 401.148
475.255 401.910
475.737 404.555
476.219 406.630
476.701 407.768
477.183 407.224
477.665 406.086
478.147 405.373
478.630 405.047
479.112 404.862
479.594 404.877
480.076 404.850
480.558 404.420
481.040 403.077
481.522 402.560
482.004 404.856
482.487 407.971
482.969 409.034
483.451 404.633
483.933 401.212
484.415 400.809
484.897 403.160
485.379 404.485
485.861 404.219
486.344 403.576
486.826 403.055
487.308 402.400
487.790 402.924
488.272 405.341
488.754 408.014
489.236 408.080
489.718 405.207
490.200 403.127
490.682 403.278
491.165 404.806
491.647 405.076
492.129 404.105
492.611 403.220
493.093 403.458
493.575 404.451
494.057 405.642
494.539 407.053
495.022 407.959
495.504 407.008
495.986 405.204
496.468 404.216
496.950 405.910
497.432 407.523
497.914 407.282
498.396 405.523
498.879 403.850
499.361 401.631
499.843 400.550
500.325 402.022
500.807 407.811
501.289 411.466
501.771 410.795
502.253 408.628
502.735 407.914
503.218 410.133
503.700 410.960
504.182 409.215
504.664 405.692
505.146 403.642
505.628 403.394
506.110 403.434
506.592 402.872
507.074 401.761
507.557 401.668
508.039 402.808
508.521 403.767
509.003 402.325
509.485 400.665
509.967 402.267
510.449 401.476
510.931 400.563
511.414 403.387
511.896 406.519
512.378 408.650
512.860 408.201
513.342 406.713
513.824 405.162
514.306 403.618
514.788 402.483
515.271 402.110
515.753 402.097
516.235 402.110
516.717 401.173
517.199 401.487
517.681 404.740
518.163 409.090
518.645 411.010
519.127 409.344
519.610 407.222
520.092 405.191
520.574 403.280
521.056 401.947
521.538 401.150
522.020 401.061
522.502 402.224
522.984 404.547
523.466 405.883
523.949 405.942
524.431 405.377
524.913 404.853
525.395 404.389
525.877 404.023
526.359 403.535
526.841 403.375
527.323 404.654
527.805 406.885
528.288 408.151
528.770 406.549
529.252 404.121
529.734 402.293
530.216 401.310
530.698 400.695
531.180 400.213
531.662 400.074
532.145 400.127
532.627 402.254
533.109 403.492
533.591 402.943
534.073 401.366
534.555 400.644
535.037 400.937
535.519 401.810
536.002 403.506
536.484 405.955
536.966 406.413
537.448 404.458
537.930 402.440
538.412 402.802
538.894 405.030
539.376 405.948
539.859 404.879
540.341 403.473
540.823 404.417
541.305 406.673
541.787 407.614
542.269 404.251
542.751 400.728
543.233 401.036
543.715 404.348
544.198 406.998
544.680 406.727
545.162 405.741
545.644 405.230
546.126 405.347
546.608 405.871
547.090 407.855
547.572 409.614
548.054 409.604
548.537 406.510
549.019 404.040
549.501 402.609
549.983 401.926
550.465 401.181
550.947 400.232
551.429 400.042
551.911 400.993
552.393 402.976
552.876 404.153
553.358 404.579
553.840 404.813
554.322 405.423
554.804 406.256
555.286 407.069
555.768 407.911
556.250 408.269
556.732 407.012
557.215 405.157
557.697 404.203
558.179 406.051
558.661 407.533
559.143 406.367
559.625 403.647
560.107 403.048
560.589 408.671
561.072 413.276
561.554 414.132
562.036 410.708
562.518 407.504
563.000 404.413
563.482 402.157
563.964 401.520
564.446 402.856
564.929 403.287
565.411 402.250
565.893 401.019
566.375 402.011
566.857 404.872
567.339 406.881
567.821 407.132
568.303 406.152
568.786 403.595
569.268 400.040
569.750 402.374
570.232 400.897
570.714 401.751
571.196 403.628
571.678 404.574
572.160 404.779
572.642 403.420
573.125 401.896
573.607 401.297
574.089 402.489
574.571 403.561
575.053 404.469
575.535 405.359
576.017 406.633
576.499 409.056
576.981 410.000
577.464 408.049
577.946 404.377
578.428 404.042
578.910 407.323
579.392 410.196
579.874 409.246
580.356 406.082
580.838 406.146
581.320 409.667
581.803 412.353
582.285 408.816
582.767 402.975
583.249 400.143
583.731 402.774
584.213 405.698
584.695 406.251
585.177 405.384
585.659 404.553
586.142 403.264
586.624 402.958
587.106 404.475
587.588 407.382
588.070 409.946
588.552 413.090
589.034 414.252
589.516 411.488
589.998 404.676
590.481 401.322
590.963 401.936
591.445 403.763
591.927 404.709
592.409 404.812
592.891 403.863
593.373 401.435
593.856 400.380
594.338 401.637
594.820 405.838
595.302 409.068
595.784 410.170
596.266 409.909
596.748 407.527
597.230 404.010
597.712 402.252
598.195 405.179
598.677 408.090
599.159 409.098
599.641 408.056
600.123 406.990
600.605 405.519
601.087 404.544
601.569 404.889
602.052 406.937
602.534 407.811
603.016 407.192
603.498 406.080
603.980 405.759
604.462 406.094
604.944 406.341
605.426 406.368
605.908 406.153
606.391 405.146
606.873 403.846
607.355 403.496
607.837 406.157
608.319 408.705
608.801 409.132
609.283 407.586
609.765 405.600
610.247 401.756
610.730 400.908
611.212 400.276
611.694 404.866
612.176 407.857
612.658 407.938
613.140 406.858
613.622 405.857
614.104 404.855
614.586 404.802
615.069 406.055
615.551 407.658
616.033 408.381
616.515 408.254
616.997 407.339
617.479 405.402
617.961 403.024
618.443 400.077
618.925 403.232
619.408 404.392
619.890 400.769
620.372 403.632
620.854 406.984
621.336 409.157
621.818 410.011
622.300 408.580
622.782 406.575
623.265 404.690
623.747 402.362
624.229 401.546
624.711 402.864
625.193 404.855
625.675 405.957
626.157 406.151
626.639 406.559
627.122 407.403
627.604 408.218
628.086 409.016
628.568 409.604
629.050 409.360
629.532 407.261
630.014 405.037
630.496 404.761
630.979 405.710
631.461 405.565
631.943 401.372
632.425 402.314
632.907 403.180
633.389 400.906
633.871 401.127
634.353 403.269
634.835 404.605
635.318 404.186
635.800 401.201
636.282 400.927
636.764 404.057
637.246 407.901
637.728 409.329
638.210 408.724
638.692 408.597
639.174 409.656
639.657 410.545
640.139 409.223
640.621 406.617
641.103 404.548
641.585 404.003
642.067 404.019
642.549 404.172
643.031 404.514
643.513 405.197
643.996 407.108
644.478 408.484
644.960 408.811
645.442 408.119
645.924 406.728
646.406 404.078
646.888 401.985
647.370 401.886
647.852 403.698
648.335 404.697
648.817 404.803
649.299 404.639
649.781 405.033
650.263 405.552
650.745 405.021
651.227 402.823
651.709 401.129
652.192 402.133
652.674 404.473
653.156 406.405
653.638 407.829
654.120 408.312
654.602 407.233
655.084 405.171
655.566 403.346
656.049 401.255
656.531 400.470
657.013 402.034
657.495 405.112
657.977 405.642
658.459 403.378
658.941 401.311
659.423 401.427
659.906 402.879
660.388 403.592
660.870 403.594
661.352 403.453
661.834 403.301
662.316 403.370
662.798 403.985
663.280 405.292
663.762 406.497
664.245 407.363
664.727 407.998
665.209 408.535
665.691 409.931
666.173 409.412
666.655 405.839
667.137 401.517
667.619 400.451
668.101 400.051
668.584 401.923
669.066 405.710
669.548 409.737
670.030 410.648
670.512 409.087
670.994 407.579
671.476 407.878
671.958 408.204
672.440 406.342
672.923 403.055
673.405 400.998
673.887 402.403
674.369 404.133
674.851 404.791
675.333 404.283
675.815 404.094
676.297 404.440
676.779 404.544
677.262 404.136
677.744 403.469
678.226 403.464
678.708 404.238
679.190 404.566
679.672 402.481
680.154 400.870
680.636 402.510
681.119 401.847
681.601 400.286
682.083 401.756
682.565 403.809
683.047 405.246
683.529 405.651
684.011 405.838
684.493 406.144
684.976 406.305
685.458 405.853
685.940 404.183
686.422 403.132
686.904 403.077
687.386 403.756
687.868 404.560
688.350 405.489
688.833 406.520
689.315 407.861
689.797 409.122
690.279 409.373
690.761 408.864
691.243 408.286
691.725 407.479
692.207 406.921
692.689 407.301
693.172 408.575
693.654 409.222
694.136 408.217
694.618 407.058
695.100 406.189
695.582 405.406
696.064 406.558
696.546 410.426
697.028 414.492
697.511 415.844
697.993 415.131
698.475 417.950
698.957 424.961
699.439 433.976
699.921 441.230
700.403 449.522
700.885 464.475
701.367 490.403
701.850 514.659
702.332 530.800
702.814 541.692
703.296 550.841
703.778 556.661
704.260 563.336
704.742 569.645
705.224 577.769
705.706 591.380
706.189 610.117
706.671 636.573
707.153 671.892
707.635 714.807
708.117 768.224
708.599 829.595
709.081 885.619
709.563 925.427
710.046 960.397
710.528 994.673
711.010 1030.90
711.492 1080.51
711.974 1140.64
712.456 1222.01
712.938 1349.00
713.420 1517.91
713.903 1638.10
714.385 1731.26
714.867 1733.52
715.349 1582.13
715.831 1291.54
716.313 1039.80
716.795 827.735
717.277 663.274
717.760 567.722
718.242 518.000
718.724 483.343
719.206 460.635
719.688 445.130
720.170 437.140
720.652 433.004
721.134 429.589
721.616 426.262
722.099 424.342
722.581 425.145
723.063 426.177
723.545 425.287
724.027 422.169
724.509 419.166
724.991 416.392
725.473 413.933
725.955 412.052
726.438 410.677
726.920 409.667
727.402 408.983
727.884 408.640
728.366 408.985
728.848 409.593
729.330 409.814
729.812 409.869
730.294 409.037
730.777 406.090
731.259 402.401
731.741 400.650
732.223 401.527
732.705 402.413
733.187 402.731
733.669 402.593
734.151 402.608
734.633 402.805
735.116 403.430
735.598 405.480
736.080 407.303
736.562 406.546
737.044 403.871
737.526 401.537
738.008 400.126
738.490 400.759
738.973 400.779
739.455 404.291
739.937 406.049
740.419 404.999
740.901 404.064
741.383 404.873
741.865 407.004
742.347 406.455
742.830 403.129
743.312 400.257
743.794 400.757
744.276 402.855
744.758 403.798
745.240 403.525
745.722 403.266
746.204 404.360
746.687 405.222
747.169 404.296
747.651 400.664
748.133 400.490
748.615 402.822
749.097 406.291
749.579 406.951
750.061 404.479
750.543 402.886
751.026 402.241
751.508 402.261
751.990 403.435
752.472 404.889
752.954 404.443
753.436 401.524
753.918 400.911
754.400 400.015
754.882 401.801
755.365 402.159
755.847 400.537
756.329 402.145
756.811 402.085
757.293 401.212
757.775 400.180
758.257 401.108
758.739 401.925
759.221 402.110
759.704 402.122
760.186 402.458
760.668 403.073
761.150 403.971
761.632 405.362
762.114 406.415
762.596 406.726
763.078 406.285
763.560 405.080
764.043 401.258
764.525 400.800
765.007 400.070
765.489 402.007
765.971 403.490
766.453 404.383
766.935 404.578
767.417 403.876
767.900 402.912
768.382 402.809
768.864 403.294
769.346 403.522
769.828 402.964
770.310 402.441
770.792 402.466
771.274 402.920
771.756 403.595
772.239 405.026
772.721 405.910
773.203 405.835
773.685 405.227
774.167 405.091
774.649 405.551
775.131 405.403
775.614 403.814
776.096 402.229
776.578 403.918
777.060 407.892
777.542 411.089
778.024 412.863
778.506 412.654
778.988 408.294
779.470 401.713
779.953 402.396
780.435 400.888
780.917 400.509
781.399 400.616
781.881 400.002
782.363 400.539
782.845 402.383
783.327 403.827
783.809 404.153
784.292 403.878
784.774 403.542
785.256 403.356
785.738 404.012
786.220 407.587
786.702 410.428
787.184 409.617
787.666 406.218
788.148 404.391
788.631 406.437
789.113 407.158
789.595 404.497
790.077 400.103
790.559 401.134
791.041 401.476
791.523 404.436
792.005 406.470
792.487 407.835
792.970 408.944
793.452 409.703
793.934 409.806
794.416 409.142
794.898 407.754
795.380 404.993
795.862 401.341
796.344 400.947
796.827 401.429
797.309 401.121
797.791 400.193
798.273 401.275
798.755 403.436
799.237 406.170
799.719 407.820
800.201 406.204
800.683 404.063
801.166 405.622
801.648 409.520
802.130 411.427
802.612 407.088
803.094 402.999
803.576 401.761
804.058 402.698
804.541 404.272
805.023 406.896
805.505 409.077
805.987 410.253
806.469 410.677
806.951 410.936
807.433 410.977
807.915 410.409
808.397 408.494
808.880 406.326
809.362 404.287
809.844 402.633
810.326 402.261
810.808 404.249
811.290 406.761
811.772 410.287
812.254 413.917
812.737 413.125
813.219 407.231
813.701 402.333
814.183 400.592
814.665 400.929
815.147 402.499
815.629 405.133
816.111 408.049
816.593 412.484
817.076 415.488
817.558 414.411
818.040 410.577
818.522 408.367
819.004 408.746
819.486 409.558
819.968 410.613
820.450 411.623
820.932 411.599
821.415 410.620
821.897 409.892
822.379 409.992
822.861 410.352
823.343 410.410
823.825 410.055
824.307 409.069
824.789 405.954
825.271 403.869
825.754 405.019
826.236 407.617
826.718 408.118
827.200 405.738
827.682 404.139
828.164 404.291
828.646 405.182
829.128 404.873
829.610 403.706
830.093 402.822
830.575 402.417
831.057 402.741
831.539 404.772
832.021 407.412
832.503 408.944
832.985 407.461
833.468 407.113
833.950 409.035
834.432 411.363
834.914 410.894
835.396 407.638
835.878 404.894
836.360 403.238
836.842 402.451
837.324 402.621
837.807 403.216
838.289 403.947
838.771 404.711
839.253 405.163
839.735 405.322
840.217 405.202
840.699 404.681
841.181 403.315
841.664 402.990
842.146 403.967
842.628 405.570
843.110 407.631
843.592 409.650
844.074 409.727
844.556 407.302
845.038 404.926
845.520 404.536
846.003 405.013
846.485 405.321
846.967 405.185
847.449 405.242
847.931 405.620
848.413 405.947
848.895 405.798
849.377 405.137
849.859 406.621
850.342 410.543
850.824 413.580
851.306 411.866
851.788 408.451
852.270 407.024
852.752 407.770
853.234 408.292
853.716 408.066
854.198 407.298
854.681 405.999
855.163 404.188
855.645 403.125
856.127 402.783
856.609 403.117
857.091 404.662
857.573 406.708
858.055 407.855
858.537 408.093
859.020 407.486
859.502 405.285
859.984 402.967
860.466 400.525
860.948 401.630
861.430 400.408
861.912 406.234
862.394 411.468
862.877 412.845
863.359 411.206
863.841 408.113
864.323 403.907
864.805 400.721
865.287 400.176
865.769 400.512
866.251 400.252
866.734 400.135
867.216 400.436
867.698 404.157
868.180 406.212
868.662 405.389
869.144 403.016
869.626 401.831
870.108 401.830
870.591 401.108
871.073 401.330
871.555 403.057
872.037 400.166
872.519 405.598
873.001 408.627
873.483 406.475
873.965 404.452
874.447 403.599
874.930 403.536
875.412 404.234
875.894 406.084
876.376 406.514
876.858 404.984
877.340 403.082
877.822 402.522
878.304 402.833
878.786 403.032
879.269 402.901
879.751 403.494
880.233 407.562
880.715 410.787
881.197 409.306
881.679 402.108
882.161 401.220
882.643 400.120
883.125 402.400
883.608 403.022
884.090 402.652
884.572 403.439
885.054 405.071
885.536 405.952
886.018 404.183
886.500 402.338
886.982 402.203
887.464 403.796
887.947 404.864
888.429 405.157
888.911 405.093
889.393 404.433
889.875 403.733
890.357 405.187
890.839 408.291
891.321 410.327
891.804 409.186
892.286 407.625
892.768 408.007
893.250 409.415
893.732 410.158
894.214 409.888
894.696 408.355
895.178 404.563
895.661 400.656
896.143 400.001
896.625 402.457
897.107 404.175
897.589 404.608
898.071 404.657
898.553 404.744
899.035 405.115
899.518 406.297
900.000 409.259
900.482 410.372
900.964 408.043
901.446 405.314
901.928 404.250
902.410 404.868
902.892 406.097
903.374 407.946
903.857 409.392
904.339 408.608
904.821 407.626
905.303 409.549
905.785 414.160
906.267 416.732
906.749 414.307
907.231 411.284
907.713 409.123
908.196 407.544
908.678 404.553
909.160 400.104
909.642 402.391
910.124 400.689
910.606 402.836
911.088 405.756
911.570 408.083
912.052 409.847
912.535 411.475
913.017 411.938
913.499 410.153
913.981 407.724
914.463 407.275
914.945 409.050
915.427 409.306
915.909 407.202
916.391 404.942
916.874 405.532
917.356 407.383
917.838 408.023
918.320 406.625
918.802 405.478
919.284 406.268
919.766 407.040
920.248 406.235
920.731 403.625
921.213 403.255
921.695 405.353
922.177 407.390
922.659 407.443
923.141 406.436
923.623 405.592
924.105 404.895
924.588 404.111
925.070 402.948
925.552 402.030
926.034 401.628
926.516 401.578
926.998 401.032
927.480 400.174
927.962 400.468
928.445 404.557
928.927 408.975
929.409 409.626
929.891 408.004
930.373 405.940
930.855 403.199
931.337 401.402
931.819 401.804
932.301 402.633
932.784 402.075
933.266 400.133
933.748 401.012
934.230 400.316
934.712 400.836
935.194 401.211
935.676 401.508
936.158 402.967
936.640 405.683
937.123 407.627
937.605 408.547
938.087 407.953
938.569 404.686
939.051 400.441
939.533 400.907
940.015 403.258
940.497 406.037
940.979 403.301
941.462 400.990
941.944 402.314
942.426 401.470
942.908 400.178
943.390 402.525
943.872 403.494
944.354 401.059
944.836 402.060
945.318 401.652
945.801 402.153
946.283 404.171
946.765 403.575
947.247 402.231
947.729 401.140
948.211 400.707
948.693 401.950
949.175 405.619
949.658 406.752
950.140 403.257
950.622 400.689
951.104 403.521
951.586 405.108
952.068 403.412
952.550 401.189
953.032 404.191
953.515 400.238
953.997 403.870
954.479 401.070
954.961 405.864
955.443 409.522
955.925 406.689
956.407 404.137
956.889 402.560
957.372 401.851
957.854 401.853
958.336 402.589
958.818 404.476
959.300 407.918
959.782 410.678
960.264 410.730
960.746 409.675
961.228 408.889
961.711 408.571
962.193 408.076
962.675 407.218
963.157 406.686
963.639 407.381
964.121 408.609
964.603 408.160
965.085 406.301
965.567 404.286
966.050 402.303
966.532 400.846
967.014 400.324
967.496 400.342
967.978 400.332
968.460 400.029
968.942 401.017
969.424 403.963
969.906 407.184
970.389 408.661
970.871 408.741
971.353 407.821
971.835 405.628
972.317 404.120
972.799 404.866
973.281 405.761
973.763 405.282
974.245 403.394
974.728 403.331
975.210 405.191
975.692 406.687
976.174 405.585
976.656 403.943
977.138 404.703
977.620 407.025
978.102 408.401
978.585 406.194
979.067 405.584
979.549 408.289
980.031 411.997
980.513 412.493
980.995 410.204
981.477 408.660
981.959 408.502
982.442 409.143
982.924 411.391
983.406 413.363
983.888 412.862
984.370 408.807
984.852 406.748
985.334 407.618
985.816 408.353
986.299 406.932
986.781 404.247
987.263 402.820
987.745 402.605
988.227 403.404
988.709 406.059
989.191 408.702
989.673 410.789
990.155 412.117
990.638 412.248
991.120 410.846
991.602 409.499
992.084 408.479
992.566 407.632
993.048 406.685
993.530 405.752
994.012 404.964
994.494 404.326
994.977 404.017
995.459 404.325
995.941 404.739
996.423 405.102
996.905 405.344
997.387 405.118
997.869 404.579
998.351 404.576
998.833 405.784
999.316 407.278
999.798 408.646
1000.28 409.781
1000.76 410.291
1001.24 409.822
1001.73 408.911
1002.21 407.245
1002.69 405.688
1003.17 405.666
1003.66 406.846
1004.14 407.762
1004.62 408.327
1005.10 408.590
1005.58 408.026
1006.07 407.676
1006.55 408.577
1007.03 410.279
1007.51 410.377
1007.99 408.358
1008.48 408.231
1008.96 412.105
1009.44 416.094
1009.92 413.751
1010.40 408.292
1010.89 404.914
1011.37 405.904
1011.85 406.543
1012.33 406.205
1012.82 405.814
1013.30 406.133
1013.78 407.117
1014.26 407.610
1014.74 407.652
1015.22 407.873
1015.71 408.564
1016.19 409.687
1016.67 411.774
1017.15 414.272
1017.64 415.306
1018.12 413.748
1018.60 413.570
1019.08 415.650
1019.57 418.680
1020.05 420.971
1020.53 422.853
1021.01 424.993
1021.49 427.500
1021.97 430.275
1022.46 433.476
1022.94 436.734
1023.42 439.750
1023.90 442.636
1024.39 446.475
1024.87 451.264
1025.35 456.517
1025.83 461.998
1026.31 467.694
1026.80 471.833
1027.28 476.895
1027.76 487.112
1028.24 508.740
1028.72 527.564
1029.21 546.248
1029.69 556.201
1030.17 543.407
1030.65 515.881
1031.14 495.253
1031.62 482.613
1032.10 475.466
1032.58 472.045
1033.06 474.482
1033.55 484.283
1034.03 500.582
1034.51 520.362
1034.99 543.509
1035.47 574.675
1035.96 611.263
1036.44 669.984
1036.92 755.388
1037.40 881.496
1037.89 1068.05
1038.37 1334.53
1038.85 1614.61
1039.33 1931.61
1039.81 2202.73
1040.30 2361.24
1040.78 2444.03
1041.26 2554.59
1041.74 2693.36
1042.22 2869.05
1042.71 3045.99
1043.19 3304.81
1043.67 3622.10
1044.15 4076.16
1044.64 4787.27
1045.12 5797.27
1045.60 6812.83
1046.08 7817.60
1046.56 8809.74
1047.05 9453.05
1047.53 10302.4
1048.01 12287.0
1048.49 15295.6
1048.97 17514.3
1049.46 19500.9
1049.94 19225.7
1050.42 15573.7
1050.90 10342.2
1051.38 6574.05
1051.87 4078.72
1052.35 2414.48
1052.83 1612.26
1053.31 1134.15
1053.80 892.774
1054.28 765.697
1054.76 679.596
1055.24 633.714
1055.72 595.513
1056.20 564.769
1056.69 540.018
1057.17 521.705
1057.65 507.616
1058.13 497.475
1058.62 489.656
1059.10 480.977
1059.58 468.592
1060.06 460.592
1060.54 458.370
1061.03 457.498
1061.51 453.507
1061.99 447.772
1062.47 443.071
1062.95 439.564
1063.44 436.739
1063.92 435.480
1064.40 433.489
1064.88 429.301
1065.37 424.534
1065.85 423.283
1066.33 425.194
1066.81 426.668
1067.29 426.607
1067.78 425.477
1068.26 423.480
1068.74 421.167
1069.22 418.927
1069.70 416.775
1070.19 414.828
1070.67 413.054
1071.15 411.539
1071.63 410.264
1072.11 409.343
1072.60 409.125
1073.08 409.286
1073.56 409.531
1074.04 410.030
1074.53 410.073
1075.01 409.464
1075.49 408.664
1075.97 408.111
1076.45 407.684
1076.94 406.557
1077.42 404.873
1077.90 403.721
1078.38 404.311
1078.86 404.884
1079.35 403.936
1079.83 402.798
1080.31 404.354
1080.79 408.932
1081.28 409.773
1081.76 405.732
1082.24 401.026
1082.72 401.587
1083.20 402.456
1083.69 401.025
1084.17 402.448
1084.65 403.718
1085.13 401.919
1085.61 400.329
1086.10 400.117
1086.58 400.132
1087.06 400.982
1087.54 401.835
1088.03 401.324
1088.51 401.592
1088.99 403.092
1089.47 401.110
1089.95 400.717
1090.44 400.061
1090.92 402.199
1091.40 401.614
1091.88 401.228
1092.36 403.600
1092.85 404.573
1093.33 404.341
1093.81 401.680
1094.29 401.287
1094.78 402.342
1095.26 401.359
1095.74 401.154
1096.22 405.283
1096.70 407.918
1097.19 405.082
1097.67 401.198
1098.15 400.134
1098.63 400.645
1099.11 401.749
1099.60 403.211
1100.08 405.060
1100.56 407.325
1101.04 409.041
1101.52 408.618
1102.01 406.975
1102.49 405.362
1102.97 403.910
1103.45 402.740
1103.94 401.902
1104.42 401.319
1104.90 400.993
1105.38 400.901
1105.86 401.331
1106.34 401.955
1106.83 401.450
1107.31 400.945
1107.79 402.313
1108.27 400.211
1108.76 402.330
1109.24 403.609
1109.72 403.794
1110.20 404.182
1110.69 404.697
1111.17 404.492
1111.65 402.869
1112.13 401.017
1112.61 400.945
1113.09 402.214
1113.58 401.615
1114.06 401.533
1114.54 402.720
1115.02 401.726
1115.51 400.995
1115.99 402.987
1116.47 405.440
1116.95 405.716
1117.43 404.527
1117.92 403.633
1118.40 403.282
1118.88 403.176
1119.36 403.210
1119.84 403.748
1120.33 405.769
1120.81 408.270
1121.29 409.484
1121.77 409.400
1122.26 408.632
1122.74 407.458
1123.22 405.194
1123.70 400.761
1124.18 403.405
1124.67 402.389
1125.15 402.073
1125.63 404.407
1126.11 403.763
1126.59 403.335
1127.08 405.107
1127.56 407.066
1128.04 408.868
1128.52 409.953
1129.01 407.123
1129.49 401.267
1129.97 400.076
1130.45 406.292
1130.93 412.358
1131.42 412.286
1131.90 410.021
1132.38 408.455
1132.86 407.658
1133.34 407.840
1133.83 409.035
1134.31 409.459
1134.79 408.050
1135.27 406.191
1135.76 404.743
1136.24 403.850
1136.72 403.979
1137.20 405.654
1137.68 405.565
1138.17 403.335
1138.65 401.990
1139.13 405.007
1139.61 408.663
1140.09 407.030
1140.58 402.555
1141.06 400.657
1141.54 404.340
1142.02 407.304
1142.50 409.503
1142.99 410.598
1143.47 410.015
1143.95 408.267
1144.43 405.591
1144.92 402.564
1145.40 401.299
1145.88 404.268
1146.36 406.488
1146.84 407.413
1147.32 407.468
1147.81 406.773
1148.29 405.618
1148.77 404.395
1149.25 403.389
1149.74 403.791
1150.22 407.906
1150.70 411.042
1151.18 412.016
1151.66 411.220
1152.15 408.442
1152.63 404.396
1153.11 401.859
1153.59 401.283
1154.07 402.027
1154.56 405.741
1155.04 408.612
1155.52 408.764
1156.00 406.659
1156.49 403.088
1156.97 401.397
1157.45 402.203
1157.93 402.591
1158.41 407.204
1158.90 407.596
1159.38 406.518
1159.86 405.570
1160.34 404.910
1160.82 406.199
1161.31 409.294
1161.79 410.608
1162.27 408.050
1162.75 405.386
1163.23 406.570
1163.72 408.502
1164.20 407.771
1164.68 404.121
1165.16 402.453
1165.65 402.836
1166.13 403.468
1166.61 402.956
1167.09 402.608
1167.57 404.662
1168.06 407.163
1168.54 406.823
1169.02 402.089
1169.50 401.821
1169.98 406.605
1170.47 410.628
1170.95 409.347
1171.43 406.340
1171.91 404.792
1172.40 404.271
1172.88 404.220
1173.36 404.462
1173.84 405.681
1174.32 408.223
1174.81 410.020
1175.29 408.022
1175.77 405.105
1176.25 406.489
1176.73 410.358
1177.22 410.821
1177.70 404.315
1178.18 401.135
1178.66 402.586
1179.15 405.147
1179.63 405.502
1180.11 404.841
1180.59 404.915
1181.07 405.555
1181.56 405.489
1182.04 403.552
1182.52 402.569
1183.00 403.019
1183.48 404.332
1183.97 407.368
1184.45 410.346
1184.93 409.245
1185.41 404.570
1185.90 402.739
1186.38 406.942
1186.86 410.076
1187.34 410.917
1187.82 409.886
1188.31 405.486
1188.79 400.741
1189.27 402.538
1189.75 411.232
1190.23 415.759
1190.72 411.262
1191.20 407.305
1191.68 406.183
1192.16 406.549
1192.64 406.879
1193.13 406.895
1193.61 405.545
1194.09 402.544
1194.57 401.522
1195.06 404.844
1195.54 407.267
1196.02 406.927
1196.50 405.383
1196.98 405.523
1197.47 406.603
1197.95 407.181
1198.43 406.945
1198.91 406.385
1199.39 405.738
1199.88 404.579
1200.36 402.303
1200.84 400.069
1201.32 400.806
1201.81 403.324
1202.29 405.260
1202.77 406.287
1203.25 405.646
1203.73 401.394
1204.21 400.674
1204.70 403.152
1205.18 409.495
1205.66 410.572
1206.14 408.147
1206.63 405.807
1207.11 404.264
1207.59 403.878
1208.07 405.633
1208.55 406.509
1209.04 404.412
1209.52 400.927
1210.00 400.055
1210.48 400.594
1210.96 400.918
1211.45 400.169
1211.93 400.524
1212.41 401.733
1212.89 401.375
1213.38 402.887
1213.86 408.672
1214.34 409.881
1214.82 407.975
1215.30 406.532
1215.79 406.872
1216.27 407.946
1216.75 410.491
1217.23 411.843
1217.71 409.455
1218.20 405.324
1218.68 403.709
1219.16 403.759
1219.64 403.440
1220.13 401.073
1220.61 400.618
1221.09 402.991
1221.57 405.324
1222.05 405.495
1222.54 404.479
1223.02 404.117
1223.50 404.106
1223.98 403.738
1224.46 402.473
1224.95 401.327
1225.43 400.220
1225.91 400.445
1226.39 400.686
1226.88 400.094
1227.36 403.462
1227.84 408.208
1228.32 409.901
1228.80 404.683
1229.29 402.254
1229.77 403.264
1230.25 404.974
1230.73 405.955
1231.21 405.887
1231.70 403.140
1232.18 400.836
1232.66 402.445
1233.14 400.288
1233.62 401.213
1234.11 400.223
1234.59 401.111
1235.07 401.216
1235.55 404.943
1236.04 409.589
1236.52 413.664
1237.00 413.101
1237.48 404.976
1237.96 402.815
1238.44 407.771
1238.93 412.681
1239.41 411.024
1239.89 408.023
1240.37 409.399
1240.86 412.642
1241.34 411.903
1241.82 405.493
1242.30 404.025
1242.79 408.143
1243.27 411.429
1243.75 407.312
1244.23 402.553
1244.71 403.081
1245.19 406.186
1245.68 406.401
1246.16 403.409
1246.64 401.508
1247.12 400.890
1247.61 401.200
1248.09 402.995
1248.57 404.769
1249.05 405.193
1249.53 405.361
1250.02 407.331
1250.50 411.029
1250.98 411.206
1251.46 407.979
1251.94 405.032
1252.43 405.229
1252.91 405.734
1253.39 404.793
1253.87 404.046
1254.35 405.676
1254.84 409.023
1255.32 409.336
1255.80 406.889
1256.28 404.945
1256.77 405.643
1257.25 406.752
1257.73 408.011
1258.21 409.190
1258.69 408.549
1259.18 406.863
1259.66 406.942
1260.14 408.560
1260.62 410.177
1261.10 411.175
1261.59 412.052
1262.07 413.050
1262.55 413.835
1263.03 414.186
1263.52 414.066
1264.00 413.108
1264.48 411.465
1264.96 410.332
1265.44 410.831
1265.93 409.504
1266.41 405.412
1266.89 402.174
1267.37 404.032
1267.85 407.531
1268.34 408.087
1268.82 406.498
1269.30 406.694
1269.78 409.967
1270.27 410.779
1270.75 408.567
1271.23 406.439
1271.71 407.045
1272.19 408.616
1272.68 410.161
1273.16 411.200
1273.64 410.754
1274.12 408.491
1274.60 407.261
1275.09 407.129
1275.57 407.036
1276.05 405.532
1276.53 404.490
1277.02 405.147
1277.50 406.940
1277.98 409.893
1278.46 413.952
1278.94 412.944
1279.43 407.516
1279.91 403.601
1280.39 405.910
1280.87 408.434
1281.35 409.307
1281.84 409.297
1282.32 408.652
1282.80 407.631
1283.28 407.865
1283.76 408.980
1284.25 409.525
1284.73 409.093
1285.21 407.378
1285.69 402.972
1286.18 400.231
1286.66 404.443
1287.14 411.560
1287.62 412.937
1288.10 410.357
1288.59 407.986
1289.07 407.535
1289.55 405.754
1290.03 402.065
1290.51 400.550
1291.00 400.028
1291.48 402.383
1291.96 406.356
1292.44 410.669
1292.93 413.234
1293.41 413.930
1293.89 413.539
1294.37 411.963
1294.85 409.298
1295.33 403.730
1295.82 400.349
1296.30 401.849
1296.78 405.338
1297.26 407.190
1297.75 406.873
1298.23 406.660
1298.71 406.560
1299.19 405.573
1299.67 405.994
1300.16 405.715
1300.64 402.375
1301.12 400.006
1301.60 400.163
1302.08 400.000
