   1.1940300e+03   7.3100000e+02
   1.1931000e+03   7.3100000e+02
   1.1921700e+03   7.3100000e+02
   1.1912500e+03   7.3100000e+02
   1.1903200e+03   7.1800000e+02
   1.1893900e+03   7.7300000e+02
   1.1884600e+03   7.6600000e+02
   1.1875300e+03   7.6500000e+02
   1.1866100e+03   7.2000000e+02
   1.1856800e+03   7.7100000e+02
   1.1847500e+03   7.2600000e+02
   1.1838200e+03   7.5500000e+02
   1.1828900e+03   7.9500000e+02
   1.1819600e+03   7.8400000e+02
   1.1810300e+03   7.5500000e+02
   1.1801000e+03   7.7700000e+02
   1.1791700e+03   7.5400000e+02
   1.1782400e+03   7.8000000e+02
   1.1773100e+03   7.2800000e+02
   1.1763800e+03   7.6100000e+02
   1.1754500e+03   8.1200000e+02
   1.1745200e+03   7.6100000e+02
   1.1735900e+03   7.8900000e+02
   1.1726600e+03   9.3000000e+02
   1.1717300e+03   8.2400000e+02
   1.1708000e+03   8.3100000e+02
   1.1698700e+03   8.1800000e+02
   1.1689300e+03   8.2500000e+02
   1.1680000e+03   8.3900000e+02
   1.1670700e+03   8.7600000e+02
   1.1661400e+03   9.1400000e+02
   1.1652100e+03   9.8800000e+02
   1.1642800e+03   1.0500000e+03
   1.1633400e+03   1.1490000e+03
   1.1624100e+03   1.2710000e+03
   1.1614800e+03   1.3680000e+03
   1.1605400e+03   1.4530000e+03
   1.1596100e+03   1.5390000e+03
   1.1586800e+03   1.5240000e+03
   1.1577400e+03   1.5180000e+03
   1.1568100e+03   1.4690000e+03
   1.1558800e+03   1.3820000e+03
   1.1549400e+03   1.2590000e+03
   1.1540100e+03   1.1700000e+03
   1.1530800e+03   1.1200000e+03
   1.1521400e+03   9.8400000e+02
   1.1512100e+03   9.4400000e+02
   1.1502700e+03   8.9000000e+02
   1.1493400e+03   8.4900000e+02
   1.1484000e+03   8.1500000e+02
   1.1474700e+03   8.4800000e+02
   1.1465300e+03   8.4200000e+02
   1.1456000e+03   8.1700000e+02
   1.1446600e+03   8.2700000e+02
   1.1437200e+03   8.0800000e+02
   1.1427900e+03   7.4700000e+02
   1.1418500e+03   7.7000000e+02
   1.1409200e+03   7.7900000e+02
   1.1399800e+03   7.3100000e+02
   1.1390400e+03   8.2000000e+02
   1.1381100e+03   7.8100000e+02
   1.1371700e+03   7.1000000e+02
   1.1362300e+03   7.8700000e+02
   1.1353000e+03   7.5200000e+02
   1.1343600e+03   7.0100000e+02
   1.1334200e+03   7.2000000e+02
   1.1324800e+03   7.4900000e+02
   1.1315400e+03   7.2700000e+02
   1.1306100e+03   7.4300000e+02
   1.1296700e+03   7.7600000e+02
   1.1287300e+03   7.7800000e+02
   1.1277900e+03   7.2000000e+02
   1.1268500e+03   7.3600000e+02
   1.1259100e+03   7.3600000e+02
   1.1249700e+03   7.3800000e+02
   1.1240400e+03   7.3700000e+02
   1.1231000e+03   7.3900000e+02
   1.1221600e+03   7.3300000e+02
   1.1212200e+03   7.7100000e+02
   1.1202800e+03   7.1200000e+02
   1.1193400e+03   6.7300000e+02
   1.1184000e+03   7.4900000e+02
   1.1174600e+03   7.2100000e+02
   1.1165200e+03   7.2100000e+02
   1.1155800e+03   6.9100000e+02
   1.1146300e+03   7.0900000e+02
   1.1136900e+03   7.0000000e+02
   1.1127500e+03   7.3300000e+02
   1.1118100e+03   7.3700000e+02
   1.1108700e+03   7.4200000e+02
   1.1099300e+03   6.9600000e+02
   1.1089900e+03   7.1900000e+02
   1.1080400e+03   7.1200000e+02
   1.1071000e+03   7.1000000e+02
   1.1061600e+03   7.2300000e+02
   1.1052200e+03   6.9800000e+02
   1.1042800e+03   7.3900000e+02
   1.1033300e+03   7.2900000e+02
   1.1023900e+03   7.3700000e+02
   1.1014500e+03   7.2100000e+02
   1.1005000e+03   7.1200000e+02
   1.0995600e+03   7.2500000e+02
   1.0986200e+03   7.2400000e+02
   1.0976700e+03   7.0200000e+02
   1.0967300e+03   7.5000000e+02
   1.0957800e+03   7.7600000e+02
   1.0948400e+03   7.6400000e+02
   1.0939000e+03   7.5200000e+02
   1.0929500e+03   7.5600000e+02
   1.0920100e+03   7.6700000e+02
   1.0910600e+03   7.1700000e+02
   1.0901200e+03   7.6000000e+02
   1.0891700e+03   7.3900000e+02
   1.0882300e+03   7.8000000e+02
   1.0872800e+03   7.5200000e+02
   1.0863400e+03   7.9200000e+02
   1.0853900e+03   8.5100000e+02
   1.0844400e+03   8.3900000e+02
   1.0835000e+03   8.3200000e+02
   1.0825500e+03   8.8300000e+02
   1.0816000e+03   8.7700000e+02
   1.0806600e+03   8.5500000e+02
   1.0797100e+03   8.1000000e+02
   1.0787600e+03   7.9100000e+02
   1.0778200e+03   8.3500000e+02
   1.0768700e+03   8.0600000e+02
   1.0759200e+03   7.4400000e+02
   1.0749700e+03   7.5800000e+02
   1.0740300e+03   7.5500000e+02
   1.0730800e+03   7.5100000e+02
   1.0721300e+03   7.8600000e+02
   1.0711800e+03   7.4700000e+02
   1.0702300e+03   9.0500000e+02
   1.0692900e+03   7.5800000e+02
   1.0683400e+03   7.5900000e+02
   1.0673900e+03   7.5000000e+02
   1.0664400e+03   7.5800000e+02
   1.0654900e+03   7.6700000e+02
   1.0645400e+03   7.8900000e+02
   1.0635900e+03   7.8900000e+02
   1.0626400e+03   7.5700000e+02
   1.0616900e+03   7.4000000e+02
   1.0607400e+03   7.2800000e+02
   1.0597900e+03   7.8200000e+02
   1.0588400e+03   7.1700000e+02
   1.0578900e+03   7.1700000e+02
   1.0569400e+03   7.0000000e+02
   1.0559900e+03   7.2800000e+02
   1.0550400e+03   7.0100000e+02
   1.0540900e+03   6.6400000e+02
   1.0531300e+03   7.0700000e+02
   1.0521800e+03   7.2000000e+02
   1.0512300e+03   7.6900000e+02
   1.0502800e+03   7.2500000e+02
   1.0493300e+03   7.1600000e+02
   1.0483800e+03   7.0500000e+02
   1.0474200e+03   6.8000000e+02
   1.0464700e+03   6.7200000e+02
   1.0455200e+03   6.9300000e+02
   1.0445600e+03   6.9800000e+02
   1.0436100e+03   6.9800000e+02
   1.0426600e+03   6.9600000e+02
   1.0417100e+03   6.9000000e+02
   1.0407500e+03   6.6900000e+02
   1.0398000e+03   6.9200000e+02
   1.0388400e+03   6.8400000e+02
   1.0378900e+03   6.8100000e+02
   1.0369400e+03   6.6700000e+02
   1.0359800e+03   6.9300000e+02
   1.0350300e+03   6.2600000e+02
   1.0340700e+03   6.7800000e+02
   1.0331200e+03   6.7600000e+02
   1.0321600e+03   6.8500000e+02
   1.0312100e+03   6.7200000e+02
   1.0302500e+03   6.7100000e+02
   1.0293000e+03   6.6500000e+02
   1.0283400e+03   6.6000000e+02
   1.0273900e+03   6.8900000e+02
   1.0264300e+03   6.6600000e+02
   1.0254700e+03   6.6000000e+02
   1.0245200e+03   6.8000000e+02
   1.0235600e+03   6.5400000e+02
   1.0226000e+03   6.8500000e+02
   1.0216500e+03   6.8000000e+02
   1.0206900e+03   6.7600000e+02
   1.0197300e+03   6.7200000e+02
   1.0187800e+03   6.7200000e+02
   1.0178200e+03   6.8400000e+02
   1.0168600e+03   7.0100000e+02
   1.0159000e+03   7.8400000e+02
   1.0149500e+03   6.2200000e+02
   1.0139900e+03   6.8100000e+02
   1.0130300e+03   6.7500000e+02
   1.0120700e+03   8.0900000e+02
   1.0111100e+03   6.6800000e+02
   1.0101500e+03   6.5700000e+02
   1.0092000e+03   6.5900000e+02
   1.0082400e+03   6.6600000e+02
   1.0072800e+03   6.4900000e+02
   1.0063200e+03   6.5100000e+02
   1.0053600e+03   6.6200000e+02
   1.0044000e+03   6.4500000e+02
   1.0034400e+03   6.5800000e+02
   1.0024800e+03   6.5900000e+02
   1.0015200e+03   6.6200000e+02
   1.0005600e+03   6.1400000e+02
   9.9959800e+02   6.3700000e+02
   9.9863700e+02   6.8800000e+02
   9.9767600e+02   6.9400000e+02
   9.9671500e+02   6.9000000e+02
   9.9575400e+02   6.2700000e+02
   9.9479300e+02   6.6800000e+02
   9.9383100e+02   6.6300000e+02
   9.9286900e+02   7.0500000e+02
   9.9190800e+02   6.6600000e+02
   9.9094600e+02   6.6700000e+02
   9.8998300e+02   7.0800000e+02
   9.8902100e+02   6.3000000e+02
   9.8805900e+02   6.3800000e+02
   9.8709600e+02   6.6000000e+02
   9.8613300e+02   6.6200000e+02
   9.8517000e+02   6.7400000e+02
   9.8420700e+02   6.3000000e+02
   9.8324400e+02   6.3200000e+02
   9.8228000e+02   6.1300000e+02
   9.8131700e+02   6.4000000e+02
   9.8035300e+02   7.0500000e+02
   9.7938900e+02   6.4900000e+02
   9.7842500e+02   6.2600000e+02
   9.7746000e+02   6.1700000e+02
   9.7649600e+02   6.2400000e+02
   9.7553100e+02   6.3900000e+02
   9.7456700e+02   7.1200000e+02
   9.7360200e+02   6.4900000e+02
   9.7263700e+02   6.5800000e+02
   9.7167100e+02   6.6800000e+02
   9.7070600e+02   6.4200000e+02
   9.6974000e+02   6.5000000e+02
   9.6877400e+02   6.7800000e+02
   9.6780900e+02   6.9700000e+02
   9.6684200e+02   7.0000000e+02
   9.6587600e+02   6.8300000e+02
   9.6491000e+02   7.2500000e+02
   9.6394300e+02   6.7500000e+02
   9.6297600e+02   6.6400000e+02
   9.6200900e+02   7.1100000e+02
   9.6104200e+02   6.9500000e+02
   9.6007500e+02   6.9300000e+02
   9.5910800e+02   7.1500000e+02
   9.5814000e+02   6.9400000e+02
   9.5717200e+02   6.9100000e+02
   9.5620400e+02   6.6900000e+02
   9.5523600e+02   7.0200000e+02
   9.5426800e+02   6.6300000e+02
   9.5330000e+02   6.9100000e+02
   9.5233100e+02   7.0700000e+02
   9.5136200e+02   6.5500000e+02
   9.5039300e+02   7.2800000e+02
   9.4942400e+02   7.2000000e+02
   9.4845500e+02   6.9600000e+02
   9.4748600e+02   7.1700000e+02
   9.4651600e+02   6.8000000e+02
   9.4554700e+02   7.0900000e+02
   9.4457700e+02   7.2600000e+02
   9.4360700e+02   7.4100000e+02
   9.4263600e+02   6.9900000e+02
   9.4166600e+02   7.2600000e+02
   9.4069500e+02   7.0300000e+02
   9.3972500e+02   7.0800000e+02
   9.3875400e+02   6.7700000e+02
   9.3778300e+02   6.6300000e+02
   9.3681200e+02   6.8700000e+02
   9.3584000e+02   7.5800000e+02
   9.3486900e+02   7.2600000e+02
   9.3389700e+02   7.0600000e+02
   9.3292500e+02   6.7300000e+02
   9.3195300e+02   7.5400000e+02
   9.3098100e+02   6.8100000e+02
   9.3000800e+02   6.7900000e+02
   9.2903600e+02   6.9700000e+02
   9.2806300e+02   7.0100000e+02
   9.2709000e+02   7.3600000e+02
   9.2611700e+02   6.9300000e+02
   9.2514400e+02   7.1300000e+02
   9.2417100e+02   7.0900000e+02
   9.2319700e+02   7.1800000e+02
   9.2222400e+02   7.5600000e+02
   9.2125000e+02   7.3400000e+02
   9.2027600e+02   7.5400000e+02
   9.1930100e+02   7.2300000e+02
   9.1832700e+02   7.5700000e+02
   9.1735300e+02   7.6200000e+02
   9.1637800e+02   7.1700000e+02
   9.1540300e+02   7.1100000e+02
   9.1442800e+02   7.2800000e+02
   9.1345300e+02   7.2900000e+02
   9.1247700e+02   7.8500000e+02
   9.1150200e+02   6.9700000e+02
   9.1052600e+02   6.9300000e+02
   9.0955000e+02   7.1400000e+02
   9.0857400e+02   6.9600000e+02
   9.0759800e+02   7.3300000e+02
   9.0662200e+02   7.3100000e+02
   9.0564500e+02   7.3800000e+02
   9.0466900e+02   7.3200000e+02
   9.0369200e+02   6.9300000e+02
   9.0271500e+02   6.9300000e+02
   9.0173800e+02   6.8100000e+02
   9.0076000e+02   7.0600000e+02
   8.9978300e+02   7.1000000e+02
   8.9880500e+02   7.1100000e+02
   8.9782700e+02   7.0900000e+02
   8.9684900e+02   7.3400000e+02
   8.9587100e+02   7.1300000e+02
   8.9489300e+02   7.3900000e+02
   8.9391400e+02   7.3700000e+02
   8.9293600e+02   6.9800000e+02
   8.9195700e+02   8.0600000e+02
   8.9097800e+02   6.9200000e+02
   8.8999900e+02   6.8700000e+02
   8.8901900e+02   6.9500000e+02
   8.8804000e+02   7.3300000e+02
   8.8706000e+02   7.1700000e+02
   8.8608000e+02   7.3100000e+02
   8.8510000e+02   7.3500000e+02
   8.8412000e+02   6.9900000e+02
   8.8314000e+02   6.4800000e+02
   8.8215900e+02   7.6500000e+02
   8.8117900e+02   6.8400000e+02
   8.8019800e+02   6.8800000e+02
   8.7921700e+02   6.7600000e+02
   8.7823600e+02   7.7000000e+02
   8.7725400e+02   7.0100000e+02
   8.7627300e+02   6.9500000e+02
   8.7529100e+02   7.2500000e+02
   8.7430900e+02   7.0600000e+02
   8.7332700e+02   6.4800000e+02
   8.7234500e+02   6.8000000e+02
   8.7136300e+02   7.0900000e+02
   8.7038000e+02   6.8800000e+02
   8.6939800e+02   6.8900000e+02
   8.6841500e+02   6.9800000e+02
   8.6743200e+02   7.3600000e+02
   8.6644900e+02   6.6800000e+02
   8.6546500e+02   6.7700000e+02
   8.6448200e+02   6.9300000e+02
   8.6349800e+02   7.0600000e+02
   8.6251400e+02   6.9600000e+02
   8.6153100e+02   7.1900000e+02
   8.6054600e+02   7.1500000e+02
   8.5956200e+02   7.2200000e+02
   8.5857800e+02   7.4200000e+02
   8.5759300e+02   7.0200000e+02
   8.5660800e+02   6.7400000e+02
   8.5562300e+02   7.2600000e+02
   8.5463800e+02   7.1500000e+02
   8.5365300e+02   7.0000000e+02
   8.5266700e+02   7.0000000e+02
   8.5168100e+02   6.9600000e+02
   8.5069600e+02   7.1200000e+02
   8.4971000e+02   7.1500000e+02
   8.4872300e+02   7.4300000e+02
   8.4773700e+02   8.1300000e+02
   8.4675100e+02   7.7200000e+02
   8.4576400e+02   7.0800000e+02
   8.4477700e+02   7.0900000e+02
   8.4379000e+02   7.5000000e+02
   8.4280300e+02   7.0100000e+02
   8.4181600e+02   7.0200000e+02
   8.4082800e+02   7.1600000e+02
   8.3984100e+02   7.2900000e+02
   8.3885300e+02   7.0500000e+02
   8.3786500e+02   7.0400000e+02
   8.3687700e+02   7.5200000e+02
   8.3588800e+02   7.9800000e+02
   8.3490000e+02   7.4900000e+02
   8.3391100e+02   7.6100000e+02
   8.3292200e+02   7.2300000e+02
   8.3193300e+02   7.4600000e+02
   8.3094400e+02   7.7900000e+02
   8.2995500e+02   7.1900000e+02
   8.2896500e+02   7.3700000e+02
   8.2797600e+02   8.0000000e+02
   8.2698600e+02   7.3500000e+02
   8.2599600e+02   7.3300000e+02
   8.2500500e+02   8.0200000e+02
   8.2401500e+02   7.3200000e+02
   8.2302500e+02   7.3200000e+02
   8.2203400e+02   7.5000000e+02
   8.2104300e+02   7.7500000e+02
   8.2005200e+02   7.3300000e+02
   8.1906100e+02   8.0100000e+02
   8.1807000e+02   7.2500000e+02
   8.1707800e+02   7.9600000e+02
   8.1608600e+02   7.7100000e+02
   8.1509500e+02   8.0500000e+02
   8.1410300e+02   8.1500000e+02
   8.1311000e+02   8.0800000e+02
   8.1211800e+02   8.2700000e+02
   8.1112500e+02   7.7400000e+02
   8.1013300e+02   8.3900000e+02
   8.0914000e+02   8.8100000e+02
   8.0814700e+02   9.5100000e+02
   8.0715400e+02   9.9500000e+02
   8.0616000e+02   1.0030000e+03
   8.0516700e+02   9.9400000e+02
   8.0417300e+02   9.9900000e+02
   8.0317900e+02   8.8300000e+02
   8.0218500e+02   8.8900000e+02
   8.0119100e+02   8.5300000e+02
   8.0019700e+02   8.0800000e+02
   7.9920200e+02   7.7600000e+02
   7.9820800e+02   7.7600000e+02
   7.9721300e+02   7.8100000e+02
   7.9621800e+02   8.4500000e+02
   7.9522200e+02   7.4700000e+02
   7.9422700e+02   7.8700000e+02
   7.9323200e+02   7.7100000e+02
   7.9223600e+02   7.5300000e+02
   7.9124000e+02   7.6700000e+02
   7.9024400e+02   7.5600000e+02
   7.8924800e+02   7.3300000e+02
   7.8825100e+02   7.7500000e+02
   7.8725500e+02   6.7800000e+02
   7.8625800e+02   7.1700000e+02
   7.8526100e+02   6.8300000e+02
   7.8426400e+02   7.0700000e+02
   7.8326700e+02   7.5900000e+02
   7.8227000e+02   7.1400000e+02
   7.8127200e+02   6.9100000e+02
   7.8027400e+02   8.7200000e+02
   7.7927600e+02   7.1200000e+02
   7.7827800e+02   7.4600000e+02
   7.7728000e+02   7.0400000e+02
   7.7628200e+02   7.2900000e+02
   7.7528300e+02   6.8600000e+02
   7.7428400e+02   7.1100000e+02
   7.7328600e+02   7.7100000e+02
   7.7228600e+02   6.8200000e+02
   7.7128700e+02   7.1800000e+02
   7.7028800e+02   6.5300000e+02
   7.6928800e+02   6.8800000e+02
   7.6828900e+02   6.9700000e+02
   7.6728900e+02   6.6900000e+02
   7.6628900e+02   6.6700000e+02
   7.6528800e+02   7.1200000e+02
   7.6428800e+02   7.0600000e+02
   7.6328700e+02   7.0100000e+02
   7.6228600e+02   7.1300000e+02
   7.6128600e+02   7.0200000e+02
   7.6028400e+02   7.4100000e+02
   7.5928300e+02   6.4000000e+02
   7.5828200e+02   6.8100000e+02
   7.5728000e+02   6.7600000e+02
   7.5627800e+02   6.5600000e+02
   7.5527700e+02   7.2800000e+02
   7.5427400e+02   7.0400000e+02
   7.5327200e+02   6.7600000e+02
   7.5227000e+02   6.8800000e+02
   7.5126700e+02   6.4400000e+02
   7.5026400e+02   6.7100000e+02
   7.4926100e+02   6.4900000e+02
   7.4825800e+02   6.5600000e+02
   7.4725500e+02   6.5500000e+02
   7.4625200e+02   6.9700000e+02
   7.4524800e+02   6.1700000e+02
   7.4424400e+02   7.0700000e+02
   7.4324000e+02   6.4600000e+02
   7.4223600e+02   6.9100000e+02
   7.4123200e+02   7.5400000e+02
   7.4022700e+02   6.5400000e+02
   7.3922300e+02   6.6100000e+02
   7.3821800e+02   6.8700000e+02
   7.3721300e+02   6.8100000e+02
   7.3620800e+02   6.6300000e+02
   7.3520200e+02   6.8400000e+02
   7.3419700e+02   6.5700000e+02
   7.3319100e+02   7.1100000e+02
   7.3218500e+02   6.6800000e+02
   7.3118000e+02   6.9700000e+02
   7.3017300e+02   7.1800000e+02
   7.2916700e+02   6.6700000e+02
   7.2816100e+02   6.9400000e+02
   7.2715400e+02   6.8500000e+02
   7.2614700e+02   6.6300000e+02
   7.2514000e+02   6.8200000e+02
   7.2413300e+02   6.6400000e+02
   7.2312600e+02   6.9100000e+02
   7.2211800e+02   6.7100000e+02
   7.2111000e+02   6.6300000e+02
   7.2010200e+02   6.4700000e+02
   7.1909400e+02   7.1100000e+02
   7.1808600e+02   7.6400000e+02
   7.1707800e+02   8.2900000e+02
   7.1606900e+02   6.4700000e+02
   7.1506100e+02   6.7800000e+02
   7.1405200e+02   7.3600000e+02
   7.1304300e+02   6.8100000e+02
   7.1203400e+02   6.9300000e+02
   7.1102400e+02   7.1700000e+02
   7.1001500e+02   7.0000000e+02
   7.0900500e+02   7.0500000e+02
   7.0799500e+02   6.9800000e+02
   7.0698500e+02   7.6300000e+02
   7.0597500e+02   7.2800000e+02
   7.0496400e+02   7.1300000e+02
   7.0395400e+02   7.1200000e+02
   7.0294300e+02   7.8400000e+02
   7.0193200e+02   7.6800000e+02
   7.0092100e+02   8.0600000e+02
   6.9991000e+02   8.6100000e+02
   6.9889900e+02   9.0700000e+02
   6.9788700e+02   1.0040000e+03
   6.9687500e+02   1.0770000e+03
   6.9586300e+02   1.1310000e+03
   6.9485100e+02   1.1850000e+03
   6.9383900e+02   1.1810000e+03
   6.9282700e+02   1.0690000e+03
   6.9181400e+02   9.8900000e+02
   6.9080100e+02   8.8000000e+02
   6.8978800e+02   8.5100000e+02
   6.8877500e+02   8.3700000e+02
   6.8776200e+02   7.8800000e+02
   6.8674800e+02   7.3000000e+02
   6.8573500e+02   7.4200000e+02
   6.8472100e+02   7.6800000e+02
   6.8370700e+02   7.3500000e+02
   6.8269300e+02   6.9700000e+02
   6.8167900e+02   7.5000000e+02
   6.8066400e+02   7.3100000e+02
   6.7965000e+02   7.0000000e+02
   6.7863500e+02   6.8400000e+02
   6.7762000e+02   7.5200000e+02
   6.7660500e+02   7.5200000e+02
   6.7558900e+02   7.1700000e+02
   6.7457400e+02   7.1600000e+02
   6.7355800e+02   6.6900000e+02
   6.7254200e+02   7.1200000e+02
   6.7152600e+02   6.5000000e+02
   6.7051000e+02   6.7000000e+02
   6.6949400e+02   6.7400000e+02
   6.6847700e+02   6.5400000e+02
   6.6746100e+02   6.8200000e+02
   6.6644400e+02   6.4800000e+02
   6.6542700e+02   6.7000000e+02
   6.6441000e+02   6.3900000e+02
   6.6339200e+02   6.8900000e+02
   6.6237500e+02   6.8100000e+02
   6.6135700e+02   7.0500000e+02
   6.6033900e+02   6.4600000e+02
   6.5932100e+02   7.0300000e+02
   6.5830300e+02   6.3900000e+02
   6.5728500e+02   7.4200000e+02
   6.5626600e+02   6.9400000e+02
   6.5524700e+02   7.1000000e+02
   6.5422800e+02   7.2000000e+02
   6.5320900e+02   6.7500000e+02
   6.5219000e+02   6.8000000e+02
   6.5117100e+02   7.0300000e+02
   6.5015100e+02   6.8200000e+02
   6.4913100e+02   7.0400000e+02
   6.4811100e+02   7.1400000e+02
   6.4709100e+02   6.8500000e+02
   6.4607100e+02   6.8900000e+02
   6.4505100e+02   7.3000000e+02
   6.4403000e+02   6.9600000e+02
   6.4300900e+02   6.9600000e+02
   6.4198800e+02   6.3400000e+02
   6.4096700e+02   7.3700000e+02
   6.3994600e+02   7.4900000e+02
   6.3892400e+02   6.9700000e+02
   6.3790300e+02   7.0200000e+02
   6.3688100e+02   7.1100000e+02
   6.3585900e+02   7.1300000e+02
   6.3483700e+02   7.1900000e+02
   6.3381500e+02   7.1900000e+02
   6.3279200e+02   7.0000000e+02
   6.3177000e+02   7.0700000e+02
   6.3074700e+02   7.1800000e+02
   6.2972400e+02   7.2400000e+02
   6.2870100e+02   7.0500000e+02
   6.2767700e+02   7.1300000e+02
   6.2665400e+02   7.0900000e+02
   6.2563000e+02   7.3300000e+02
   6.2460600e+02   7.2900000e+02
   6.2358200e+02   6.9700000e+02
   6.2255800e+02   7.2300000e+02
   6.2153400e+02   7.8800000e+02
   6.2050900e+02   7.5600000e+02
   6.1948400e+02   7.1500000e+02
   6.1846000e+02   7.4200000e+02
   6.1743400e+02   7.4400000e+02
   6.1640900e+02   7.1500000e+02
   6.1538400e+02   7.2700000e+02
   6.1435800e+02   7.5400000e+02
   6.1333300e+02   7.4900000e+02
   6.1230700e+02   7.2700000e+02
   6.1128100e+02   7.3300000e+02
   6.1025400e+02   7.2100000e+02
   6.0922800e+02   7.1300000e+02
   6.0820100e+02   7.4500000e+02
   6.0717500e+02   7.6200000e+02
   6.0614800e+02   7.6800000e+02
   6.0512100e+02   7.3600000e+02
   6.0409300e+02   7.1700000e+02
   6.0306600e+02   7.0500000e+02
   6.0203800e+02   7.2600000e+02
   6.0101000e+02   7.3300000e+02
   5.9998200e+02   7.2600000e+02
   5.9895400e+02   7.6300000e+02
   5.9792600e+02   7.9000000e+02
   5.9689800e+02   7.9000000e+02
   5.9586900e+02   7.2500000e+02
   5.9484000e+02   7.6400000e+02
   5.9381100e+02   7.4100000e+02
   5.9278200e+02   7.8400000e+02
   5.9175300e+02   7.8300000e+02
   5.9072300e+02   7.6400000e+02
   5.8969300e+02   8.1400000e+02
   5.8866400e+02   7.8100000e+02
   5.8763400e+02   7.7900000e+02
   5.8660300e+02   7.4100000e+02
   5.8557300e+02   8.3500000e+02
   5.8454300e+02   7.8900000e+02
   5.8351200e+02   7.8700000e+02
   5.8248100e+02   8.2600000e+02
   5.8145000e+02   7.8000000e+02
   5.8041900e+02   7.6000000e+02
   5.7938700e+02   7.5600000e+02
   5.7835600e+02   7.6800000e+02
   5.7732400e+02   7.7000000e+02
   5.7629200e+02   7.9900000e+02
   5.7526000e+02   7.8300000e+02
   5.7422800e+02   7.8100000e+02
   5.7319500e+02   8.0000000e+02
   5.7216300e+02   8.0300000e+02
   5.7113000e+02   8.9100000e+02
   5.7009700e+02   7.9400000e+02
   5.6906400e+02   7.8700000e+02
   5.6803100e+02   7.9200000e+02
   5.6699700e+02   7.6100000e+02
   5.6596400e+02   7.9900000e+02
   5.6493000e+02   8.5400000e+02
   5.6389600e+02   8.0200000e+02
   5.6286200e+02   8.0800000e+02
   5.6182700e+02   7.9400000e+02
   5.6079300e+02   7.8800000e+02
   5.5975800e+02   8.5300000e+02
   5.5872300e+02   8.1200000e+02
   5.5768800e+02   8.8700000e+02
   5.5665300e+02   8.5200000e+02
   5.5561800e+02   8.2300000e+02
   5.5458200e+02   8.8300000e+02
   5.5354700e+02   7.8100000e+02
   5.5251100e+02   8.4700000e+02
   5.5147500e+02   8.8000000e+02
   5.5043800e+02   8.9900000e+02
   5.4940200e+02   8.5800000e+02
   5.4836600e+02   9.5000000e+02
   5.4732900e+02   9.1600000e+02
   5.4629200e+02   9.1600000e+02
   5.4525500e+02   9.0200000e+02
   5.4421800e+02   9.4800000e+02
   5.4318000e+02   8.9600000e+02
   5.4214300e+02   9.1100000e+02
   5.4110500e+02   9.1200000e+02
   5.4006700e+02   9.7000000e+02
   5.3902900e+02   9.4000000e+02
   5.3799000e+02   9.6800000e+02
   5.3695200e+02   9.6300000e+02
   5.3591300e+02   9.5000000e+02
   5.3487500e+02   1.0820000e+03
   5.3383600e+02   1.0000000e+03
   5.3279600e+02   9.1400000e+02
   5.3175700e+02   9.7500000e+02
   5.3071800e+02   1.0270000e+03
   5.2967800e+02   9.5500000e+02
   5.2863800e+02   1.0640000e+03
   5.2759800e+02   1.0320000e+03
   5.2655800e+02   1.0850000e+03
   5.2551800e+02   1.0360000e+03
   5.2447700e+02   1.0470000e+03
   5.2343600e+02   1.0290000e+03
   5.2239600e+02   1.0500000e+03
   5.2135400e+02   1.0610000e+03
   5.2031300e+02   1.0660000e+03
   5.1927200e+02   1.1350000e+03
   5.1823000e+02   1.1220000e+03
   5.1718900e+02   1.2020000e+03
   5.1614700e+02   1.1940000e+03
   5.1510500e+02   1.1950000e+03
   5.1406200e+02   1.1680000e+03
   5.1302000e+02   1.2190000e+03
   5.1197700e+02   1.2230000e+03
   5.1093400e+02   1.2290000e+03
   5.0989200e+02   1.1850000e+03
   5.0884800e+02   1.2550000e+03
   5.0780500e+02   1.1890000e+03
   5.0676200e+02   1.2560000e+03
   5.0571800e+02   1.2030000e+03
   5.0467400e+02   1.2940000e+03
   5.0363000e+02   1.3210000e+03
   5.0258600e+02   1.3310000e+03
   5.0154200e+02   1.3960000e+03
   5.0049700e+02   1.4220000e+03
   4.9945200e+02   1.4650000e+03
   4.9840800e+02   1.4870000e+03
   4.9736300e+02   1.5770000e+03
   4.9631700e+02   1.6350000e+03
   4.9527200e+02   1.5970000e+03
   4.9422600e+02   1.6630000e+03
   4.9318100e+02   1.6920000e+03
   4.9213500e+02   1.8280000e+03
   4.9108900e+02   1.8850000e+03
   4.9004300e+02   1.9000000e+03
   4.8899600e+02   2.0600000e+03
   4.8795000e+02   2.0940000e+03
   4.8690300e+02   2.2560000e+03
   4.8585600e+02   2.4210000e+03
   4.8480900e+02   2.5110000e+03
   4.8376100e+02   2.5400000e+03
   4.8271400e+02   2.7870000e+03
   4.8166600e+02   2.9590000e+03
   4.8061900e+02   3.2380000e+03
   4.7957100e+02   3.4000000e+03
   4.7852200e+02   3.7280000e+03
   4.7747400e+02   3.9660000e+03
   4.7642600e+02   4.4220000e+03
   4.7537700e+02   4.8310000e+03
   4.7432800e+02   5.5390000e+03
   4.7327900e+02   6.1350000e+03
   4.7223000e+02   7.1720000e+03
   4.7118000e+02   8.5470000e+03
   4.7013100e+02   1.0345000e+04
   4.6908100e+02   1.2703000e+04
   4.6803100e+02   1.6357000e+04
   4.6698100e+02   2.1297000e+04
   4.6593100e+02   2.7638000e+04
   4.6488100e+02   3.7222000e+04
   4.6383000e+02   4.3442000e+04
   4.6277900e+02   4.6418000e+04
   4.6172800e+02   4.1721000e+04
   4.6067700e+02   3.3408000e+04
   4.5962600e+02   2.4866000e+04
   4.5857400e+02   1.8293000e+04
   4.5752300e+02   1.3663000e+04
   4.5647100e+02   1.0154000e+04
   4.5541900e+02   8.0440000e+03
   4.5436700e+02   6.4120000e+03
   4.5331500e+02   5.2670000e+03
   4.5226200e+02   4.2510000e+03
   4.5120900e+02   3.6370000e+03
   4.5015700e+02   3.2230000e+03
   4.4910400e+02   2.8460000e+03
   4.4805000e+02   2.4600000e+03
   4.4699700e+02   2.2400000e+03
   4.4594300e+02   2.0480000e+03
   4.4489000e+02   1.8370000e+03
   4.4383600e+02   1.7810000e+03
   4.4278200e+02   1.6450000e+03
   4.4172800e+02   1.4180000e+03
   4.4067300e+02   1.3210000e+03
   4.3961800e+02   1.2710000e+03
   4.3856400e+02   1.2090000e+03
   4.3750900e+02   1.2010000e+03
   4.3645400e+02   1.1270000e+03
   4.3539800e+02   1.0770000e+03
   4.3434300e+02   1.0190000e+03
   4.3328700e+02   1.0030000e+03
   4.3223100e+02   1.0640000e+03
   4.3117600e+02   9.7200000e+02
   4.3011900e+02   9.9300000e+02
   4.2906300e+02   9.2600000e+02
   4.2800700e+02   9.5700000e+02
   4.2695000e+02   9.1200000e+02
   4.2589300e+02   8.7100000e+02
   4.2483600e+02   8.9200000e+02
   4.2377900e+02   8.9100000e+02
   4.2272100e+02   8.9800000e+02
   4.2166400e+02   8.4400000e+02
   4.2060600e+02   8.6900000e+02
   4.1954800e+02   8.2100000e+02
   4.1849000e+02   8.6000000e+02
   4.1743200e+02   8.0300000e+02
   4.1637300e+02   8.3600000e+02
   4.1531500e+02   8.3400000e+02
   4.1425600e+02   8.7700000e+02
   4.1319700e+02   8.3300000e+02
   4.1213800e+02   8.1400000e+02
   4.1107900e+02   8.1500000e+02
   4.1001900e+02   8.1900000e+02
   4.0895900e+02   8.1900000e+02
   4.0790000e+02   8.4000000e+02
   4.0684000e+02   8.3100000e+02
   4.0577900e+02   8.8100000e+02
   4.0471900e+02   9.4000000e+02
   4.0365900e+02   1.0670000e+03
   4.0259800e+02   1.4200000e+03
   4.0153700e+02   2.0050000e+03
   4.0047600e+02   2.2450000e+03
   3.9941500e+02   1.8060000e+03
   3.9835300e+02   1.4750000e+03
   3.9729200e+02   1.1610000e+03
   3.9623000e+02   1.0960000e+03
   3.9516800e+02   1.0540000e+03
   3.9410600e+02   1.2730000e+03
   3.9304400e+02   1.6490000e+03
   3.9198100e+02   2.0820000e+03
   3.9091900e+02   1.8660000e+03
   3.8985600e+02   1.3780000e+03
   3.8879300e+02   9.5200000e+02
   3.8773000e+02   8.8200000e+02
   3.8666600e+02   8.0500000e+02
   3.8560300e+02   7.8100000e+02
   3.8453900e+02   7.3700000e+02
   3.8347500e+02   7.3400000e+02
   3.8241100e+02   7.1900000e+02
   3.8134700e+02   7.1300000e+02
   3.8028300e+02   7.0800000e+02
   3.7921800e+02   6.8900000e+02
   3.7815300e+02   7.2000000e+02
   3.7708800e+02   6.9700000e+02
   3.7602300e+02   6.8300000e+02
   3.7495800e+02   6.5100000e+02
   3.7389300e+02   7.1700000e+02
   3.7282700e+02   7.6500000e+02
   3.7176100e+02   6.6600000e+02
   3.7069500e+02   7.2300000e+02
   3.6962900e+02   6.9600000e+02
   3.6856300e+02   7.2300000e+02
   3.6749600e+02   7.4900000e+02
   3.6643000e+02   7.1200000e+02
   3.6536300e+02   7.2000000e+02
   3.6429600e+02   7.3500000e+02
   3.6322900e+02   7.6300000e+02
   3.6216100e+02   7.9700000e+02
   3.6109400e+02   7.9200000e+02
   3.6002600e+02   8.9300000e+02
   3.5895800e+02   9.2700000e+02
   3.5789000e+02   1.1130000e+03
   3.5682200e+02   1.4420000e+03
   3.5575300e+02   2.0850000e+03
   3.5468500e+02   3.3770000e+03
   3.5361600e+02   4.2540000e+03
   3.5254700e+02   3.9750000e+03
   3.5147800e+02   2.7810000e+03
   3.5040800e+02   1.8240000e+03
   3.4933900e+02   1.4280000e+03
   3.4826900e+02   1.2260000e+03
   3.4720000e+02   1.0940000e+03
   3.4613000e+02   9.5800000e+02
   3.4505900e+02   9.3000000e+02
   3.4398900e+02   8.3700000e+02
   3.4291800e+02   8.7700000e+02
   3.4184800e+02   8.4100000e+02
   3.4077700e+02   7.6100000e+02
   3.3970600e+02   8.0300000e+02
   3.3863500e+02   7.8100000e+02
   3.3756300e+02   7.4500000e+02
   3.3649200e+02   7.6200000e+02
   3.3542000e+02   7.3500000e+02
   3.3434800e+02   7.3900000e+02
   3.3327600e+02   7.5200000e+02
   3.3220300e+02   7.4100000e+02
   3.3113100e+02   7.2100000e+02
   3.3005800e+02   7.2700000e+02
   3.2898500e+02   7.4100000e+02
   3.2791200e+02   7.2700000e+02
   3.2683900e+02   7.7400000e+02
   3.2576600e+02   6.7300000e+02
   3.2469200e+02   7.0800000e+02
   3.2361900e+02   6.8200000e+02
   3.2254500e+02   7.5100000e+02
   3.2147100e+02   7.3200000e+02
   3.2039700e+02   6.8200000e+02
   3.1932200e+02   6.9300000e+02
   3.1824800e+02   7.2300000e+02
   3.1717300e+02   7.3100000e+02
   3.1609800e+02   7.7800000e+02
   3.1502300e+02   6.7100000e+02
   3.1394700e+02   7.4200000e+02
   3.1287200e+02   7.3600000e+02
   3.1179600e+02   7.2000000e+02
   3.1072000e+02   7.0000000e+02
   3.0964400e+02   7.5000000e+02
   3.0856800e+02   7.2000000e+02
   3.0749200e+02   7.3100000e+02
   3.0641500e+02   7.2200000e+02
   3.0533900e+02   7.2800000e+02
   3.0426200e+02   7.3800000e+02
   3.0318500e+02   6.9600000e+02
   3.0210800e+02   7.1700000e+02
   3.0103000e+02   7.3300000e+02
   2.9995200e+02   7.4700000e+02
   2.9887500e+02   6.7300000e+02
   2.9779700e+02   7.5800000e+02
   2.9671900e+02   7.2200000e+02
   2.9564000e+02   7.2400000e+02
   2.9456200e+02   7.5000000e+02
   2.9348300e+02   7.3400000e+02
   2.9240400e+02   7.6400000e+02
   2.9132500e+02   7.9300000e+02
   2.9024600e+02   7.4900000e+02
   2.8916700e+02   7.6900000e+02
   2.8808700e+02   7.8000000e+02
   2.8700800e+02   7.7100000e+02
   2.8592800e+02   8.4400000e+02
   2.8484800e+02   8.3100000e+02
   2.8376700e+02   8.0000000e+02
   2.8268700e+02   7.9400000e+02
   2.8160600e+02   8.4900000e+02
   2.8052600e+02   8.3300000e+02
   2.7944500e+02   8.2200000e+02
   2.7836400e+02   7.7500000e+02
   2.7728200e+02   8.4200000e+02
   2.7620100e+02   9.3200000e+02
   2.7511900e+02   8.2000000e+02
   2.7403700e+02   9.4200000e+02
   2.7295500e+02   9.8800000e+02
   2.7187300e+02   9.0600000e+02
   2.7079100e+02   9.6500000e+02
   2.6970800e+02   9.8800000e+02
   2.6862500e+02   1.0240000e+03
   2.6754200e+02   1.1220000e+03
   2.6645900e+02   1.1160000e+03
   2.6537600e+02   1.3550000e+03
   2.6429300e+02   1.4580000e+03
   2.6320900e+02   1.5760000e+03
   2.6212500e+02   1.5010000e+03
   2.6104100e+02   1.4330000e+03
   2.5995700e+02   1.2910000e+03
   2.5887300e+02   1.2520000e+03
   2.5778800e+02   1.2190000e+03
   2.5670400e+02   1.2130000e+03
   2.5561900e+02   1.2370000e+03
   2.5453400e+02   1.2750000e+03
   2.5344900e+02   1.2750000e+03
   2.5236300e+02   1.2930000e+03
   2.5127800e+02   1.2700000e+03
   2.5019200e+02   1.3270000e+03
   2.4910600e+02   1.3400000e+03
   2.4802000e+02   1.3740000e+03
   2.4693400e+02   1.3640000e+03
   2.4584700e+02   1.4250000e+03
   2.4476100e+02   1.3930000e+03
   2.4367400e+02   1.4900000e+03
   2.4258700e+02   1.5120000e+03
   2.4150000e+02   1.5320000e+03
   2.4041200e+02   1.6010000e+03
   2.3932500e+02   1.5510000e+03
   2.3823700e+02   1.6440000e+03
   2.3714900e+02   1.8330000e+03
   2.3606100e+02   1.8160000e+03
   2.3497300e+02   1.8840000e+03
   2.3388400e+02   1.9670000e+03
   2.3279600e+02   2.1210000e+03
   2.3170700e+02   2.1590000e+03
   2.3061800e+02   2.2800000e+03
   2.2952900e+02   2.4400000e+03
   2.2844000e+02   2.5040000e+03
   2.2735000e+02   2.6600000e+03
   2.2626100e+02   2.9440000e+03
   2.2517100e+02   3.0110000e+03
   2.2408100e+02   3.2400000e+03
   2.2299100e+02   3.4250000e+03
   2.2190000e+02   3.6480000e+03
   2.2081000e+02   3.9840000e+03
   2.1971900e+02   4.2810000e+03
   2.1862800e+02   4.6200000e+03
   2.1753700e+02   5.1470000e+03
   2.1644600e+02   5.5590000e+03
   2.1535400e+02   6.0610000e+03
   2.1426300e+02   6.3630000e+03
   2.1317100e+02   7.0870000e+03
   2.1207900e+02   7.7590000e+03
   2.1098700e+02   8.1770000e+03
   2.0989500e+02   8.6580000e+03
   2.0880200e+02   9.0530000e+03
   2.0770900e+02   9.2460000e+03
   2.0661600e+02   9.4880000e+03
   2.0552300e+02   9.6140000e+03
   2.0443000e+02   9.6350000e+03
   2.0333700e+02   9.3300000e+03
   2.0224300e+02   9.0610000e+03
   2.0114900e+02   8.6690000e+03
   2.0005600e+02   8.0210000e+03
   1.9896100e+02   7.4440000e+03
   1.9786700e+02   6.9910000e+03
   1.9677300e+02   6.2910000e+03
   1.9567800e+02   5.7530000e+03
   1.9458300e+02   5.3760000e+03
   1.9348800e+02   5.0050000e+03
   1.9239300e+02   4.3840000e+03
   1.9129800e+02   4.0090000e+03
   1.9020200e+02   3.6900000e+03
   1.8910600e+02   3.4190000e+03
   1.8801100e+02   3.1280000e+03
   1.8691400e+02   2.8560000e+03
   1.8581800e+02   2.7100000e+03
   1.8472200e+02   2.5040000e+03
   1.8362500e+02   2.3120000e+03
   1.8252800e+02   2.2510000e+03
   1.8143100e+02   2.2810000e+03
   1.8033400e+02   2.2260000e+03
   1.7923700e+02   2.2290000e+03
   1.7813900e+02   2.0120000e+03
   1.7704200e+02   1.7540000e+03
   1.7594400e+02   1.6980000e+03
   1.7484600e+02   1.6440000e+03
   1.7374800e+02   1.5770000e+03
   1.7264900e+02   1.5230000e+03
   1.7155100e+02   1.4520000e+03
   1.7045200e+02   1.4770000e+03
   1.6935300e+02   1.4760000e+03
   1.6825400e+02   1.3390000e+03
   1.6715500e+02   1.3150000e+03
   1.6605500e+02   1.3090000e+03
   1.6495500e+02   1.2080000e+03
   1.6385600e+02   1.1880000e+03
   1.6275600e+02   1.2700000e+03
   1.6165500e+02   1.1990000e+03
   1.6055500e+02   1.1980000e+03
   1.5945500e+02   1.1430000e+03
   1.5835400e+02   1.1730000e+03
