   1.1855400e+03   3.2292000e+04
   1.1846100e+03   3.2292000e+04
   1.1836800e+03   3.2292000e+04
   1.1827500e+03   3.2292000e+04
   1.1818200e+03   3.2577000e+04
   1.1808900e+03   3.2377000e+04
   1.1799600e+03   3.2801000e+04
   1.1790300e+03   3.2602000e+04
   1.1781000e+03   3.2409000e+04
   1.1771700e+03   3.2712000e+04
   1.1762400e+03   3.2679000e+04
   1.1753100e+03   3.2289000e+04
   1.1743800e+03   3.2450000e+04
   1.1734500e+03   3.2415000e+04
   1.1725200e+03   3.2405000e+04
   1.1715900e+03   3.2237000e+04
   1.1706600e+03   3.2582000e+04
   1.1697300e+03   3.2393000e+04
   1.1688000e+03   3.2450000e+04
   1.1678700e+03   3.2450000e+04
   1.1669300e+03   3.2359000e+04
   1.1660000e+03   3.2589000e+04
   1.1650700e+03   3.2724000e+04
   1.1641400e+03   3.2405000e+04
   1.1632100e+03   3.2701000e+04
   1.1622700e+03   3.2603000e+04
   1.1613400e+03   3.2431000e+04
   1.1604100e+03   3.2349000e+04
   1.1594800e+03   3.2415000e+04
   1.1585400e+03   3.2133000e+04
   1.1576100e+03   3.2363000e+04
   1.1566800e+03   3.2183000e+04
   1.1557400e+03   3.2505000e+04
   1.1548100e+03   3.2154000e+04
   1.1538700e+03   3.2419000e+04
   1.1529400e+03   3.2040000e+04
   1.1520100e+03   3.2481000e+04
   1.1510700e+03   3.2387000e+04
   1.1501400e+03   3.2394000e+04
   1.1492000e+03   3.2344000e+04
   1.1482700e+03   3.2275000e+04
   1.1473300e+03   3.1965000e+04
   1.1464000e+03   3.1984000e+04
   1.1454600e+03   3.1952000e+04
   1.1445300e+03   3.2322000e+04
   1.1435900e+03   3.1923000e+04
   1.1426600e+03   3.1804000e+04
   1.1417200e+03   3.2196000e+04
   1.1407800e+03   3.1961000e+04
   1.1398500e+03   3.2425000e+04
   1.1389100e+03   3.2161000e+04
   1.1379700e+03   3.2129000e+04
   1.1370400e+03   3.2041000e+04
   1.1361000e+03   3.1559000e+04
   1.1351600e+03   3.1886000e+04
   1.1342300e+03   3.1940000e+04
   1.1332900e+03   3.1784000e+04
   1.1323500e+03   3.1992000e+04
   1.1314100e+03   3.2005000e+04
   1.1304800e+03   3.1891000e+04
   1.1295400e+03   3.1986000e+04
   1.1286000e+03   3.1986000e+04
   1.1276600e+03   3.1840000e+04
   1.1267200e+03   3.1862000e+04
   1.1257800e+03   3.2302000e+04
   1.1248400e+03   3.1771000e+04
   1.1239100e+03   3.1633000e+04
   1.1229700e+03   3.1761000e+04
   1.1220300e+03   3.2061000e+04
   1.1210900e+03   3.1549000e+04
   1.1201500e+03   3.1627000e+04
   1.1192100e+03   3.1685000e+04
   1.1182700e+03   3.1999000e+04
   1.1173300e+03   3.1886000e+04
   1.1163900e+03   3.1795000e+04
   1.1154500e+03   3.1776000e+04
   1.1145100e+03   3.1444000e+04
   1.1135700e+03   3.1748000e+04
   1.1126200e+03   3.1986000e+04
   1.1116800e+03   3.1267000e+04
   1.1107400e+03   3.1836000e+04
   1.1098000e+03   3.1744000e+04
   1.1088600e+03   3.1444000e+04
   1.1079200e+03   3.1294000e+04
   1.1069800e+03   3.1510000e+04
   1.1060300e+03   3.1290000e+04
   1.1050900e+03   3.1518000e+04
   1.1041500e+03   3.1502000e+04
   1.1032100e+03   3.1732000e+04
   1.1022600e+03   3.1482000e+04
   1.1013200e+03   3.1623000e+04
   1.1003800e+03   3.1551000e+04
   1.0994300e+03   3.1653000e+04
   1.0984900e+03   3.1562000e+04
   1.0975500e+03   3.1545000e+04
   1.0966000e+03   3.1389000e+04
   1.0956600e+03   3.1315000e+04
   1.0947200e+03   3.1700000e+04
   1.0937700e+03   3.1642000e+04
   1.0928300e+03   3.1613000e+04
   1.0918800e+03   3.1713000e+04
   1.0909400e+03   3.1377000e+04
   1.0899900e+03   3.1530000e+04
   1.0890500e+03   3.1451000e+04
   1.0881000e+03   3.1403000e+04
   1.0871600e+03   3.1349000e+04
   1.0862100e+03   3.1553000e+04
   1.0852700e+03   3.1502000e+04
   1.0843200e+03   3.1374000e+04
   1.0833700e+03   3.1287000e+04
   1.0824300e+03   3.1550000e+04
   1.0814800e+03   3.1073000e+04
   1.0805400e+03   3.1318000e+04
   1.0795900e+03   3.1701000e+04
   1.0786400e+03   3.1312000e+04
   1.0776900e+03   3.1429000e+04
   1.0767500e+03   3.1241000e+04
   1.0758000e+03   3.1672000e+04
   1.0748500e+03   3.1115000e+04
   1.0739100e+03   3.1502000e+04
   1.0729600e+03   3.0956000e+04
   1.0720100e+03   3.1307000e+04
   1.0710600e+03   3.1059000e+04
   1.0701100e+03   3.1259000e+04
   1.0691600e+03   3.1467000e+04
   1.0682200e+03   3.1190000e+04
   1.0672700e+03   3.1239000e+04
   1.0663200e+03   3.1172000e+04
   1.0653700e+03   3.1106000e+04
   1.0644200e+03   3.1250000e+04
   1.0634700e+03   3.1228000e+04
   1.0625200e+03   3.1268000e+04
   1.0615700e+03   3.1219000e+04
   1.0606200e+03   3.1357000e+04
   1.0596700e+03   3.0807000e+04
   1.0587200e+03   3.0421000e+04
   1.0577700e+03   3.1129000e+04
   1.0568200e+03   3.0851000e+04
   1.0558700e+03   3.1332000e+04
   1.0549200e+03   3.1165000e+04
   1.0539700e+03   3.1283000e+04
   1.0530200e+03   3.1112000e+04
   1.0520600e+03   3.1134000e+04
   1.0511100e+03   3.1156000e+04
   1.0501600e+03   3.0989000e+04
   1.0492100e+03   3.1137000e+04
   1.0482600e+03   3.0984000e+04
   1.0473100e+03   3.0961000e+04
   1.0463500e+03   3.1167000e+04
   1.0454000e+03   3.1313000e+04
   1.0444500e+03   3.1027000e+04
   1.0434900e+03   3.0855000e+04
   1.0425400e+03   3.1368000e+04
   1.0415900e+03   3.1184000e+04
   1.0406400e+03   3.1126000e+04
   1.0396800e+03   3.1032000e+04
   1.0387300e+03   3.1074000e+04
   1.0377700e+03   3.1063000e+04
   1.0368200e+03   3.0830000e+04
   1.0358700e+03   3.1134000e+04
   1.0349100e+03   3.1009000e+04
   1.0339600e+03   3.0765000e+04
   1.0330000e+03   3.0979000e+04
   1.0320500e+03   3.1061000e+04
   1.0310900e+03   3.0969000e+04
   1.0301400e+03   3.0666000e+04
   1.0291800e+03   3.0880000e+04
   1.0282300e+03   3.0939000e+04
   1.0272700e+03   3.0979000e+04
   1.0263200e+03   3.0682000e+04
   1.0253600e+03   3.0703000e+04
   1.0244000e+03   3.0766000e+04
   1.0234500e+03   3.1056000e+04
   1.0224900e+03   3.1057000e+04
   1.0215300e+03   3.0766000e+04
   1.0205800e+03   3.0840000e+04
   1.0196200e+03   3.0754000e+04
   1.0186600e+03   3.0845000e+04
   1.0177100e+03   3.0592000e+04
   1.0167500e+03   3.1006000e+04
   1.0157900e+03   3.0861000e+04
   1.0148300e+03   3.0754000e+04
   1.0138800e+03   3.0867000e+04
   1.0129200e+03   3.0840000e+04
   1.0119600e+03   3.1465000e+04
   1.0110000e+03   3.0633000e+04
   1.0100400e+03   3.0786000e+04
   1.0090800e+03   3.0829000e+04
   1.0081200e+03   3.0876000e+04
   1.0071700e+03   3.0637000e+04
   1.0062100e+03   3.0517000e+04
   1.0052500e+03   3.0830000e+04
   1.0042900e+03   3.0726000e+04
   1.0033300e+03   3.0913000e+04
   1.0023700e+03   3.0729000e+04
   1.0014100e+03   3.0440000e+04
   1.0004500e+03   3.1087000e+04
   9.9948700e+02   3.0668000e+04
   9.9852700e+02   3.0672000e+04
   9.9756600e+02   3.0677000e+04
   9.9660500e+02   3.0531000e+04
   9.9564400e+02   3.0347000e+04
   9.9468300e+02   3.0632000e+04
   9.9372200e+02   3.0605000e+04
   9.9276000e+02   3.0949000e+04
   9.9179900e+02   3.0429000e+04
   9.9083700e+02   3.0766000e+04
   9.8987500e+02   3.0834000e+04
   9.8891300e+02   3.0296000e+04
   9.8795000e+02   3.0433000e+04
   9.8698800e+02   3.0590000e+04
   9.8602500e+02   3.0544000e+04
   9.8506200e+02   3.0489000e+04
   9.8409900e+02   3.0471000e+04
   9.8313600e+02   3.0312000e+04
   9.8217300e+02   3.0483000e+04
   9.8120900e+02   3.0368000e+04
   9.8024600e+02   3.0882000e+04
   9.7928200e+02   3.0640000e+04
   9.7831800e+02   3.0751000e+04
   9.7735400e+02   3.0332000e+04
   9.7638900e+02   3.0342000e+04
   9.7542500e+02   3.0461000e+04
   9.7446000e+02   3.0785000e+04
   9.7349500e+02   3.0793000e+04
   9.7253000e+02   3.0288000e+04
   9.7156500e+02   3.0468000e+04
   9.7060000e+02   3.0488000e+04
   9.6963400e+02   3.0498000e+04
   9.6866900e+02   3.0610000e+04
   9.6770300e+02   3.0226000e+04
   9.6673700e+02   3.0326000e+04
   9.6577100e+02   3.0583000e+04
   9.6480500e+02   3.0666000e+04
   9.6383800e+02   3.0300000e+04
   9.6287200e+02   3.0405000e+04
   9.6190500e+02   3.0410000e+04
   9.6093800e+02   3.0434000e+04
   9.5997100e+02   3.0715000e+04
   9.5900300e+02   3.0331000e+04
   9.5803600e+02   3.0228000e+04
   9.5706800e+02   3.0496000e+04
   9.5610100e+02   3.0301000e+04
   9.5513300e+02   3.0243000e+04
   9.5416500e+02   3.0547000e+04
   9.5319600e+02   3.0321000e+04
   9.5222800e+02   3.0115000e+04
   9.5125900e+02   3.0429000e+04
   9.5029100e+02   3.0248000e+04
   9.4932200e+02   3.0493000e+04
   9.4835200e+02   3.0319000e+04
   9.4738300e+02   3.0485000e+04
   9.4641400e+02   3.0174000e+04
   9.4544400e+02   3.0385000e+04
   9.4447400e+02   3.0193000e+04
   9.4350500e+02   3.0479000e+04
   9.4253400e+02   3.0276000e+04
   9.4156400e+02   3.0602000e+04
   9.4059400e+02   3.0207000e+04
   9.3962300e+02   3.0312000e+04
   9.3865200e+02   3.0245000e+04
   9.3768200e+02   3.0301000e+04
   9.3671000e+02   3.0299000e+04
   9.3573900e+02   3.0275000e+04
   9.3476800e+02   3.0143000e+04
   9.3379600e+02   2.9964000e+04
   9.3282400e+02   3.0614000e+04
   9.3185300e+02   3.0633000e+04
   9.3088000e+02   3.0074000e+04
   9.2990800e+02   3.0254000e+04
   9.2893600e+02   3.0294000e+04
   9.2796300e+02   3.0066000e+04
   9.2699100e+02   3.0245000e+04
   9.2601800e+02   3.0351000e+04
   9.2504500e+02   3.0389000e+04
   9.2407100e+02   3.0153000e+04
   9.2309800e+02   3.0501000e+04
   9.2212400e+02   3.0199000e+04
   9.2115100e+02   3.0172000e+04
   9.2017700e+02   3.0216000e+04
   9.1920300e+02   3.0347000e+04
   9.1822900e+02   3.0251000e+04
   9.1725400e+02   3.0121000e+04
   9.1628000e+02   2.9742000e+04
   9.1530500e+02   2.9775000e+04
   9.1433000e+02   3.0358000e+04
   9.1335500e+02   3.0214000e+04
   9.1238000e+02   3.0122000e+04
   9.1140400e+02   3.0252000e+04
   9.1042900e+02   3.0253000e+04
   9.0945300e+02   3.0214000e+04
   9.0847700e+02   2.9937000e+04
   9.0750100e+02   2.9745000e+04
   9.0652500e+02   3.0265000e+04
   9.0554900e+02   3.0250000e+04
   9.0457200e+02   3.0089000e+04
   9.0359500e+02   3.0205000e+04
   9.0261800e+02   3.0093000e+04
   9.0164100e+02   2.9966000e+04
   9.0066400e+02   3.0110000e+04
   8.9968700e+02   2.9981000e+04
   8.9870900e+02   3.0317000e+04
   8.9773200e+02   3.0540000e+04
   8.9675400e+02   3.0289000e+04
   8.9577600e+02   3.0116000e+04
   8.9479700e+02   2.9972000e+04
   8.9381900e+02   2.9798000e+04
   8.9284100e+02   3.0264000e+04
   8.9186200e+02   3.0149000e+04
   8.9088300e+02   3.0173000e+04
   8.8990400e+02   2.9782000e+04
   8.8892500e+02   3.0203000e+04
   8.8794500e+02   3.0157000e+04
   8.8696600e+02   2.9704000e+04
   8.8598600e+02   3.0131000e+04
   8.8500600e+02   3.0165000e+04
   8.8402600e+02   3.0082000e+04
   8.8304600e+02   3.0087000e+04
   8.8206600e+02   3.0257000e+04
   8.8108500e+02   2.9879000e+04
   8.8010400e+02   2.9908000e+04
   8.7912400e+02   2.9967000e+04
   8.7814300e+02   3.0255000e+04
   8.7716100e+02   3.0096000e+04
   8.7618000e+02   3.0232000e+04
   8.7519800e+02   3.0173000e+04
   8.7421700e+02   3.0193000e+04
   8.7323500e+02   3.0029000e+04
   8.7225300e+02   3.0120000e+04
   8.7127100e+02   3.0105000e+04
   8.7028800e+02   3.0173000e+04
   8.6930600e+02   3.0168000e+04
   8.6832300e+02   3.0081000e+04
   8.6734000e+02   3.0138000e+04
   8.6635700e+02   3.0199000e+04
   8.6537400e+02   3.0155000e+04
   8.6439100e+02   3.0019000e+04
   8.6340700e+02   2.9856000e+04
   8.6242300e+02   3.0171000e+04
   8.6143900e+02   3.0147000e+04
   8.6045500e+02   3.0007000e+04
   8.5947100e+02   3.0111000e+04
   8.5848700e+02   3.0260000e+04
   8.5750200e+02   3.0147000e+04
   8.5651800e+02   3.0147000e+04
   8.5553300e+02   3.0230000e+04
   8.5454800e+02   3.0062000e+04
   8.5356300e+02   3.0229000e+04
   8.5257700e+02   3.0139000e+04
   8.5159200e+02   3.0334000e+04
   8.5060600e+02   3.0288000e+04
   8.4962000e+02   2.9997000e+04
   8.4863400e+02   3.0160000e+04
   8.4764800e+02   3.0337000e+04
   8.4666100e+02   3.0438000e+04
   8.4567500e+02   3.0467000e+04
   8.4468800e+02   3.0335000e+04
   8.4370100e+02   3.0272000e+04
   8.4271400e+02   3.0238000e+04
   8.4172700e+02   3.0355000e+04
   8.4074000e+02   3.0184000e+04
   8.3975200e+02   3.0447000e+04
   8.3876500e+02   3.0459000e+04
   8.3777700e+02   3.0511000e+04
   8.3678900e+02   3.0275000e+04
   8.3580000e+02   3.0416000e+04
   8.3481200e+02   3.0570000e+04
   8.3382300e+02   3.0699000e+04
   8.3283500e+02   3.0368000e+04
   8.3184600e+02   3.0752000e+04
   8.3085700e+02   3.0488000e+04
   8.2986800e+02   3.0339000e+04
   8.2887800e+02   3.0894000e+04
   8.2788900e+02   3.0745000e+04
   8.2689900e+02   3.0798000e+04
   8.2590900e+02   3.0679000e+04
   8.2491900e+02   3.0647000e+04
   8.2392900e+02   3.0587000e+04
   8.2293800e+02   3.0856000e+04
   8.2194800e+02   3.0838000e+04
   8.2095700e+02   3.0774000e+04
   8.1996600e+02   3.0848000e+04
   8.1897500e+02   3.0787000e+04
   8.1798400e+02   3.1203000e+04
   8.1699300e+02   3.0975000e+04
   8.1600100e+02   3.1080000e+04
   8.1500900e+02   3.0803000e+04
   8.1401700e+02   3.0600000e+04
   8.1302500e+02   3.0626000e+04
   8.1203300e+02   3.0966000e+04
   8.1104100e+02   3.0901000e+04
   8.1004800e+02   3.1009000e+04
   8.0905500e+02   3.1244000e+04
   8.0806300e+02   3.0904000e+04
   8.0707000e+02   3.0867000e+04
   8.0607600e+02   3.0998000e+04
   8.0508300e+02   3.1178000e+04
   8.0408900e+02   3.1123000e+04
   8.0309600e+02   3.1006000e+04
   8.0210200e+02   3.0808000e+04
   8.0110800e+02   3.1262000e+04
   8.0011300e+02   3.1418000e+04
   7.9911900e+02   3.1182000e+04
   7.9812400e+02   3.1008000e+04
   7.9713000e+02   3.1278000e+04
   7.9613500e+02   3.1312000e+04
   7.9514000e+02   3.0998000e+04
   7.9414400e+02   3.1155000e+04
   7.9314900e+02   3.1448000e+04
   7.9215300e+02   3.1482000e+04
   7.9115800e+02   3.1407000e+04
   7.9016200e+02   3.1073000e+04
   7.8916600e+02   3.1048000e+04
   7.8816900e+02   3.1360000e+04
   7.8717300e+02   3.1255000e+04
   7.8617600e+02   3.0902000e+04
   7.8518000e+02   3.1453000e+04
   7.8418300e+02   3.1026000e+04
   7.8318600e+02   3.1218000e+04
   7.8218800e+02   3.1164000e+04
   7.8119100e+02   3.1190000e+04
   7.8019300e+02   3.1149000e+04
   7.7919500e+02   3.1263000e+04
   7.7819800e+02   3.1463000e+04
   7.7719900e+02   3.1379000e+04
   7.7620100e+02   3.0996000e+04
   7.7520300e+02   3.0989000e+04
   7.7420400e+02   3.1001000e+04
   7.7320500e+02   3.1385000e+04
   7.7220600e+02   3.1314000e+04
   7.7120700e+02   3.1005000e+04
   7.7020800e+02   3.1110000e+04
   7.6920800e+02   3.1218000e+04
   7.6820900e+02   3.1402000e+04
   7.6720900e+02   3.0886000e+04
   7.6620900e+02   3.1176000e+04
   7.6520900e+02   3.1064000e+04
   7.6420900e+02   3.1050000e+04
   7.6320800e+02   3.1189000e+04
   7.6220800e+02   3.0850000e+04
   7.6120700e+02   3.1485000e+04
   7.6020600e+02   3.0954000e+04
   7.5920500e+02   3.1499000e+04
   7.5820300e+02   3.1390000e+04
   7.5720200e+02   3.1479000e+04
   7.5620000e+02   3.1217000e+04
   7.5519800e+02   3.1101000e+04
   7.5419600e+02   3.1499000e+04
   7.5319400e+02   3.1200000e+04
   7.5219200e+02   3.1349000e+04
   7.5118900e+02   3.1527000e+04
   7.5018700e+02   3.1540000e+04
   7.4918400e+02   3.1425000e+04
   7.4818100e+02   3.1677000e+04
   7.4717800e+02   3.1427000e+04
   7.4617400e+02   3.1232000e+04
   7.4517100e+02   3.1512000e+04
   7.4416700e+02   3.1360000e+04
   7.4316300e+02   3.1551000e+04
   7.4215900e+02   3.1505000e+04
   7.4115500e+02   3.1413000e+04
   7.4015100e+02   3.1681000e+04
   7.3914600e+02   3.1721000e+04
   7.3814200e+02   3.1829000e+04
   7.3713700e+02   3.1996000e+04
   7.3613200e+02   3.1722000e+04
   7.3512600e+02   3.1568000e+04
   7.3412100e+02   3.1913000e+04
   7.3311600e+02   3.1947000e+04
   7.3211000e+02   3.1868000e+04
   7.3110400e+02   3.2026000e+04
   7.3009800e+02   3.2432000e+04
   7.2909200e+02   3.1960000e+04
   7.2808500e+02   3.2263000e+04
   7.2707900e+02   3.2265000e+04
   7.2607200e+02   3.2196000e+04
   7.2506500e+02   3.2331000e+04
   7.2405800e+02   3.2448000e+04
   7.2305100e+02   3.2504000e+04
   7.2204400e+02   3.2612000e+04
   7.2103600e+02   3.2733000e+04
   7.2002800e+02   3.2478000e+04
   7.1902000e+02   3.2923000e+04
   7.1801200e+02   3.3043000e+04
   7.1700400e+02   3.2769000e+04
   7.1599600e+02   3.2996000e+04
   7.1498700e+02   3.3047000e+04
   7.1397800e+02   3.2882000e+04
   7.1296900e+02   3.2890000e+04
   7.1196000e+02   3.2754000e+04
   7.1095100e+02   3.3037000e+04
   7.0994100e+02   3.3569000e+04
   7.0893200e+02   3.3314000e+04
   7.0792200e+02   3.3561000e+04
   7.0691200e+02   3.3391000e+04
   7.0590200e+02   3.3096000e+04
   7.0489200e+02   3.3276000e+04
   7.0388100e+02   3.3497000e+04
   7.0287100e+02   3.3637000e+04
   7.0186000e+02   3.3801000e+04
   7.0084900e+02   3.3793000e+04
   6.9983800e+02   3.4029000e+04
   6.9882600e+02   3.3824000e+04
   6.9781500e+02   3.3593000e+04
   6.9680300e+02   3.4077000e+04
   6.9579200e+02   3.3861000e+04
   6.9478000e+02   3.4000000e+04
   6.9376700e+02   3.4031000e+04
   6.9275500e+02   3.4175000e+04
   6.9174300e+02   3.3924000e+04
   6.9073000e+02   3.4155000e+04
   6.8971700e+02   3.4249000e+04
   6.8870400e+02   3.4465000e+04
   6.8769100e+02   3.4499000e+04
   6.8667800e+02   3.4426000e+04
   6.8566400e+02   3.4316000e+04
   6.8465000e+02   3.4376000e+04
   6.8363700e+02   3.4645000e+04
   6.8262300e+02   3.4358000e+04
   6.8160800e+02   3.4539000e+04
   6.8059400e+02   3.4837000e+04
   6.7957900e+02   3.4719000e+04
   6.7856500e+02   3.4314000e+04
   6.7755000e+02   3.4784000e+04
   6.7653500e+02   3.5166000e+04
   6.7552000e+02   3.4691000e+04
   6.7450400e+02   3.5056000e+04
   6.7348900e+02   3.5179000e+04
   6.7247300e+02   3.4795000e+04
   6.7145700e+02   3.5136000e+04
   6.7044100e+02   3.5210000e+04
   6.6942500e+02   3.5008000e+04
   6.6840800e+02   3.5327000e+04
   6.6739200e+02   3.5095000e+04
   6.6637500e+02   3.5221000e+04
   6.6535800e+02   3.5427000e+04
   6.6434100e+02   3.5650000e+04
   6.6332400e+02   3.5514000e+04
   6.6230600e+02   3.5564000e+04
   6.6128900e+02   3.5915000e+04
   6.6027100e+02   3.6122000e+04
   6.5925300e+02   3.6074000e+04
   6.5823500e+02   3.5805000e+04
   6.5721700e+02   3.5847000e+04
   6.5619800e+02   3.6390000e+04
   6.5518000e+02   3.6495000e+04
   6.5416100e+02   3.6428000e+04
   6.5314200e+02   3.6887000e+04
   6.5212300e+02   3.6645000e+04
   6.5110300e+02   3.6803000e+04
   6.5008400e+02   3.7012000e+04
   6.4906400e+02   3.7283000e+04
   6.4804400e+02   3.7713000e+04
   6.4702400e+02   3.7776000e+04
   6.4600400e+02   3.7843000e+04
   6.4498400e+02   3.8341000e+04
   6.4396400e+02   3.8718000e+04
   6.4294300e+02   3.9005000e+04
   6.4192200e+02   3.9065000e+04
   6.4090100e+02   3.9669000e+04
   6.3988000e+02   3.9781000e+04
   6.3885800e+02   4.0282000e+04
   6.3783700e+02   4.0850000e+04
   6.3681500e+02   4.1208000e+04
   6.3579300e+02   4.1945000e+04
   6.3477100e+02   4.2328000e+04
   6.3374900e+02   4.2709000e+04
   6.3272700e+02   4.3032000e+04
   6.3170400e+02   4.3917000e+04
   6.3068100e+02   4.4760000e+04
   6.2965900e+02   4.5214000e+04
   6.2863500e+02   4.6185000e+04
   6.2761200e+02   4.7043000e+04
   6.2658900e+02   4.7623000e+04
   6.2556500e+02   4.8591000e+04
   6.2454200e+02   4.9566000e+04
   6.2351800e+02   5.0944000e+04
   6.2249300e+02   5.1710000e+04
   6.2146900e+02   5.2967000e+04
   6.2044500e+02   5.4266000e+04
   6.1942000e+02   5.5257000e+04
   6.1839500e+02   5.5899000e+04
   6.1737000e+02   5.7678000e+04
   6.1634500e+02   5.8162000e+04
   6.1532000e+02   5.9365000e+04
   6.1429500e+02   6.0398000e+04
   6.1326900e+02   6.1335000e+04
   6.1224300e+02   6.2068000e+04
   6.1121700e+02   6.2815000e+04
   6.1019100e+02   6.3088000e+04
   6.0916500e+02   6.3871000e+04
   6.0813800e+02   6.3599000e+04
   6.0711200e+02   6.4058000e+04
   6.0608500e+02   6.3653000e+04
   6.0505800e+02   6.3527000e+04
   6.0403100e+02   6.2395000e+04
   6.0300300e+02   6.1888000e+04
   6.0197600e+02   6.1218000e+04
   6.0094800e+02   6.0642000e+04
   5.9992000e+02   5.9982000e+04
   5.9889200e+02   5.8688000e+04
   5.9786400e+02   5.7475000e+04
   5.9683500e+02   5.7129000e+04
   5.9580700e+02   5.5950000e+04
   5.9477800e+02   5.4831000e+04
   5.9374900e+02   5.4001000e+04
   5.9272000e+02   5.3067000e+04
   5.9169100e+02   5.2577000e+04
   5.9066200e+02   5.1654000e+04
   5.8963200e+02   5.0939000e+04
   5.8860200e+02   4.9886000e+04
   5.8757200e+02   4.9234000e+04
   5.8654200e+02   4.8787000e+04
   5.8551200e+02   4.7966000e+04
   5.8448200e+02   4.7502000e+04
   5.8345100e+02   4.7058000e+04
   5.8242000e+02   4.6199000e+04
   5.8138900e+02   4.5605000e+04
   5.8035800e+02   4.4971000e+04
   5.7932700e+02   4.4626000e+04
   5.7829500e+02   4.3891000e+04
   5.7726400e+02   4.3556000e+04
   5.7623200e+02   4.2903000e+04
   5.7520000e+02   4.2997000e+04
   5.7416800e+02   4.2312000e+04
   5.7313500e+02   4.1656000e+04
   5.7210300e+02   4.1356000e+04
   5.7107000e+02   4.1164000e+04
   5.7003700e+02   4.0943000e+04
   5.6900400e+02   4.0659000e+04
   5.6797100e+02   3.9964000e+04
   5.6693800e+02   3.9407000e+04
   5.6590400e+02   3.9472000e+04
   5.6487000e+02   3.9014000e+04
   5.6383700e+02   3.8865000e+04
   5.6280200e+02   3.8595000e+04
   5.6176800e+02   3.8567000e+04
   5.6073400e+02   3.8028000e+04
   5.5969900e+02   3.8517000e+04
   5.5866500e+02   3.8024000e+04
   5.5763000e+02   3.7817000e+04
   5.5659500e+02   3.7648000e+04
   5.5555900e+02   3.7022000e+04
   5.5452400e+02   3.7181000e+04
   5.5348800e+02   3.7012000e+04
   5.5245200e+02   3.6949000e+04
   5.5141700e+02   3.6918000e+04
   5.5038000e+02   3.6709000e+04
   5.4934400e+02   3.6697000e+04
   5.4830800e+02   3.6377000e+04
   5.4727100e+02   3.6463000e+04
   5.4623400e+02   3.6450000e+04
   5.4519700e+02   3.6518000e+04
   5.4416000e+02   3.6032000e+04
   5.4312300e+02   3.5862000e+04
   5.4208500e+02   3.6133000e+04
   5.4104700e+02   3.6186000e+04
   5.4001000e+02   3.5936000e+04
   5.3897200e+02   3.6256000e+04
   5.3793300e+02   3.5706000e+04
   5.3689500e+02   3.5911000e+04
   5.3585700e+02   3.5884000e+04
   5.3481800e+02   3.5976000e+04
   5.3377900e+02   3.5447000e+04
   5.3274000e+02   3.5909000e+04
   5.3170100e+02   3.5980000e+04
   5.3066100e+02   3.5561000e+04
   5.2962200e+02   3.5733000e+04
   5.2858200e+02   3.5355000e+04
   5.2754200e+02   3.5652000e+04
   5.2650200e+02   3.5479000e+04
   5.2546200e+02   3.5714000e+04
   5.2442100e+02   3.5335000e+04
   5.2338000e+02   3.5453000e+04
   5.2234000e+02   3.5739000e+04
   5.2129900e+02   3.6031000e+04
   5.2025800e+02   3.5274000e+04
   5.1921600e+02   3.5498000e+04
   5.1817500e+02   3.5503000e+04
   5.1713300e+02   3.5090000e+04
   5.1609100e+02   3.5962000e+04
   5.1504900e+02   3.5304000e+04
   5.1400700e+02   3.5298000e+04
   5.1296500e+02   3.5107000e+04
   5.1192200e+02   3.5590000e+04
   5.1088000e+02   3.5223000e+04
   5.0983700e+02   3.5456000e+04
   5.0879400e+02   3.5437000e+04
   5.0775000e+02   3.5167000e+04
   5.0670700e+02   3.5299000e+04
   5.0566300e+02   3.5241000e+04
   5.0462000e+02   3.5151000e+04
   5.0357600e+02   3.5262000e+04
   5.0253200e+02   3.5171000e+04
   5.0148700e+02   3.5445000e+04
   5.0044300e+02   3.5139000e+04
   4.9939800e+02   3.5355000e+04
   4.9835400e+02   3.5225000e+04
   4.9730900e+02   3.5278000e+04
   4.9626400e+02   3.5304000e+04
   4.9521800e+02   3.5271000e+04
   4.9417300e+02   3.5474000e+04
   4.9312700e+02   3.5682000e+04
   4.9208100e+02   3.5684000e+04
   4.9103500e+02   3.5540000e+04
   4.8998900e+02   3.5899000e+04
   4.8894300e+02   3.5926000e+04
   4.8789600e+02   3.6028000e+04
   4.8685000e+02   3.6221000e+04
   4.8580300e+02   3.6592000e+04
   4.8475600e+02   3.6546000e+04
   4.8370900e+02   3.6500000e+04
   4.8266100e+02   3.7179000e+04
   4.8161400e+02   3.6967000e+04
   4.8056600e+02   3.7060000e+04
   4.7951800e+02   3.7695000e+04
   4.7847000e+02   3.7972000e+04
   4.7742200e+02   3.8185000e+04
   4.7637300e+02   3.8187000e+04
   4.7532500e+02   3.8706000e+04
   4.7427600e+02   3.9356000e+04
   4.7322700e+02   3.9860000e+04
   4.7217800e+02   4.0205000e+04
   4.7112900e+02   4.0853000e+04
   4.7007900e+02   4.1183000e+04
   4.6902900e+02   4.2132000e+04
   4.6798000e+02   4.3331000e+04
   4.6693000e+02   4.3675000e+04
   4.6587900e+02   4.4562000e+04
   4.6482900e+02   4.5651000e+04
   4.6377900e+02   4.6766000e+04
   4.6272800e+02   4.7605000e+04
   4.6167700e+02   4.9062000e+04
   4.6062600e+02   5.0249000e+04
   4.5957500e+02   5.1293000e+04
   4.5852300e+02   5.3066000e+04
   4.5747200e+02   5.4526000e+04
   4.5642000e+02   5.6038000e+04
   4.5536800e+02   5.7542000e+04
   4.5431600e+02   5.8760000e+04
   4.5326400e+02   5.9916000e+04
   4.5221100e+02   6.1693000e+04
   4.5115900e+02   6.2424000e+04
   4.5010600e+02   6.3678000e+04
   4.4905300e+02   6.4154000e+04
   4.4800000e+02   6.4685000e+04
   4.4694700e+02   6.4685000e+04
   4.4589300e+02   6.4685000e+04
   4.4484000e+02   6.4685000e+04
   4.4378600e+02   6.4685000e+04
   4.4273200e+02   6.4685000e+04
   4.4167800e+02   6.4131000e+04
   4.4062300e+02   6.3489000e+04
   4.3956900e+02   6.3214000e+04
   4.3851400e+02   6.2342000e+04
   4.3745900e+02   6.1476000e+04
   4.3640400e+02   6.0331000e+04
   4.3534900e+02   5.9483000e+04
   4.3429400e+02   5.8762000e+04
   4.3323800e+02   5.7172000e+04
   4.3218200e+02   5.6400000e+04
   4.3112600e+02   5.5781000e+04
   4.3007000e+02   5.4318000e+04
   4.2901400e+02   5.3797000e+04
   4.2795800e+02   5.2947000e+04
   4.2690100e+02   5.1682000e+04
   4.2584400e+02   5.0578000e+04
   4.2478700e+02   4.9809000e+04
   4.2373000e+02   4.9493000e+04
   4.2267300e+02   4.8852000e+04
   4.2161500e+02   4.7875000e+04
   4.2055800e+02   4.7022000e+04
   4.1950000e+02   4.6341000e+04
   4.1844200e+02   4.5418000e+04
   4.1738300e+02   4.5368000e+04
   4.1632500e+02   4.4300000e+04
   4.1526700e+02   4.4018000e+04
   4.1420800e+02   4.3602000e+04
   4.1314900e+02   4.2530000e+04
   4.1209000e+02   4.2473000e+04
   4.1103100e+02   4.1958000e+04
   4.0997100e+02   4.1391000e+04
   4.0891200e+02   4.0982000e+04
   4.0785200e+02   4.0777000e+04
   4.0679200e+02   4.0636000e+04
   4.0573200e+02   4.0365000e+04
   4.0467200e+02   3.9551000e+04
   4.0361100e+02   3.9339000e+04
   4.0255000e+02   3.9337000e+04
   4.0149000e+02   3.8704000e+04
   4.0042900e+02   3.8331000e+04
   3.9936700e+02   3.8271000e+04
   3.9830600e+02   3.8133000e+04
   3.9724500e+02   3.7700000e+04
   3.9618300e+02   3.8106000e+04
   3.9512100e+02   3.7888000e+04
   3.9405900e+02   3.7290000e+04
   3.9299700e+02   3.7224000e+04
   3.9193400e+02   3.7158000e+04
   3.9087200e+02   3.7008000e+04
   3.8980900e+02   3.6509000e+04
   3.8874600e+02   3.6612000e+04
   3.8768300e+02   3.6652000e+04
   3.8662000e+02   3.6898000e+04
   3.8555600e+02   3.6390000e+04
   3.8449300e+02   3.6206000e+04
   3.8342900e+02   3.6103000e+04
   3.8236500e+02   3.6072000e+04
   3.8130100e+02   3.6151000e+04
   3.8023700e+02   3.6015000e+04
   3.7917200e+02   3.5899000e+04
   3.7810700e+02   3.6108000e+04
   3.7704300e+02   3.5714000e+04
   3.7597800e+02   3.5672000e+04
   3.7491200e+02   3.5546000e+04
   3.7384700e+02   3.5690000e+04
   3.7278100e+02   3.5702000e+04
   3.7171600e+02   3.5172000e+04
   3.7065000e+02   3.5348000e+04
   3.6958400e+02   3.5604000e+04
   3.6851700e+02   3.5482000e+04
   3.6745100e+02   3.5289000e+04
   3.6638400e+02   3.5486000e+04
   3.6531800e+02   3.5668000e+04
   3.6425100e+02   3.5342000e+04
   3.6318400e+02   3.5201000e+04
   3.6211600e+02   3.4972000e+04
   3.6104900e+02   3.5123000e+04
   3.5998100e+02   3.5185000e+04
   3.5891300e+02   3.5193000e+04
   3.5784500e+02   3.5164000e+04
   3.5677700e+02   3.5145000e+04
   3.5570900e+02   3.5055000e+04
   3.5464000e+02   3.5016000e+04
   3.5357100e+02   3.4771000e+04
   3.5250300e+02   3.5073000e+04
   3.5143300e+02   3.4845000e+04
   3.5036400e+02   3.4887000e+04
   3.4929500e+02   3.4523000e+04
   3.4822500e+02   3.4593000e+04
   3.4715500e+02   3.4477000e+04
   3.4608500e+02   3.4389000e+04
   3.4501500e+02   3.4408000e+04
   3.4394500e+02   3.4322000e+04
   3.4287500e+02   3.4203000e+04
   3.4180400e+02   3.4542000e+04
   3.4073300e+02   3.4016000e+04
   3.3966200e+02   3.4421000e+04
   3.3859100e+02   3.4147000e+04
   3.3752000e+02   3.4254000e+04
   3.3644800e+02   3.3896000e+04
   3.3537600e+02   3.4072000e+04
   3.3430400e+02   3.4210000e+04
   3.3323200e+02   3.3836000e+04
   3.3216000e+02   3.3676000e+04
   3.3108800e+02   3.4085000e+04
   3.3001500e+02   3.3756000e+04
   3.2894200e+02   3.3700000e+04
   3.2786900e+02   3.3812000e+04
   3.2679600e+02   3.3643000e+04
   3.2572300e+02   3.3620000e+04
   3.2464900e+02   3.3433000e+04
   3.2357600e+02   3.3713000e+04
   3.2250200e+02   3.3836000e+04
   3.2142800e+02   3.3455000e+04
   3.2035400e+02   3.3513000e+04
   3.1927900e+02   3.3323000e+04
   3.1820500e+02   3.3427000e+04
   3.1713000e+02   3.3312000e+04
   3.1605500e+02   3.3282000e+04
   3.1498000e+02   3.3101000e+04
   3.1390500e+02   3.3252000e+04
   3.1283000e+02   3.2922000e+04
   3.1175400e+02   3.3149000e+04
   3.1067800e+02   3.2841000e+04
   3.0960200e+02   3.2892000e+04
   3.0852600e+02   3.2934000e+04
   3.0745000e+02   3.2806000e+04
   3.0637300e+02   3.2623000e+04
   3.0529700e+02   3.2784000e+04
   3.0422000e+02   3.2435000e+04
   3.0314300e+02   3.2590000e+04
   3.0206600e+02   3.2337000e+04
   3.0098800e+02   3.2943000e+04
   2.9991100e+02   3.2473000e+04
   2.9883300e+02   3.2505000e+04
   2.9775500e+02   3.2545000e+04
   2.9667700e+02   3.2517000e+04
   2.9559900e+02   3.2580000e+04
   2.9452000e+02   3.2673000e+04
   2.9344200e+02   3.2792000e+04
   2.9236300e+02   3.3037000e+04
   2.9128400e+02   3.2871000e+04
   2.9020500e+02   3.3089000e+04
   2.8912600e+02   3.2951000e+04
   2.8804600e+02   3.3121000e+04
   2.8696600e+02   3.3284000e+04
   2.8588700e+02   3.3439000e+04
   2.8480700e+02   3.3322000e+04
   2.8372600e+02   3.3517000e+04
   2.8264600e+02   3.3382000e+04
   2.8156500e+02   3.3647000e+04
   2.8048500e+02   3.3833000e+04
   2.7940400e+02   3.4304000e+04
   2.7832300e+02   3.4416000e+04
   2.7724200e+02   3.4111000e+04
   2.7616000e+02   3.4303000e+04
   2.7507800e+02   3.4216000e+04
   2.7399700e+02   3.4269000e+04
   2.7291500e+02   3.4543000e+04
   2.7183300e+02   3.4602000e+04
   2.7075000e+02   3.4589000e+04
   2.6966800e+02   3.4595000e+04
   2.6858500e+02   3.4405000e+04
   2.6750200e+02   3.4778000e+04
   2.6641900e+02   3.4624000e+04
   2.6533600e+02   3.4909000e+04
   2.6425300e+02   3.5085000e+04
   2.6316900e+02   3.4905000e+04
   2.6208500e+02   3.4944000e+04
   2.6100100e+02   3.5122000e+04
   2.5991700e+02   3.5273000e+04
   2.5883300e+02   3.5347000e+04
   2.5774900e+02   3.5041000e+04
   2.5666400e+02   3.5203000e+04
   2.5557900e+02   3.5705000e+04
   2.5449400e+02   3.5863000e+04
   2.5340900e+02   3.5984000e+04
   2.5232400e+02   3.5909000e+04
   2.5123800e+02   3.6133000e+04
   2.5015200e+02   3.6064000e+04
   2.4906600e+02   3.6083000e+04
   2.4798000e+02   3.6043000e+04
   2.4689400e+02   3.6529000e+04
   2.4580800e+02   3.6577000e+04
   2.4472100e+02   3.6583000e+04
   2.4363400e+02   3.6765000e+04
   2.4254800e+02   3.6897000e+04
   2.4146000e+02   3.7073000e+04
   2.4037300e+02   3.7368000e+04
   2.3928600e+02   3.7264000e+04
   2.3819800e+02   3.6821000e+04
   2.3711000e+02   3.7099000e+04
   2.3602200e+02   3.7542000e+04
   2.3493400e+02   3.7204000e+04
   2.3384600e+02   3.6807000e+04
   2.3275700e+02   3.6777000e+04
   2.3166800e+02   3.7194000e+04
   2.3057900e+02   3.7347000e+04
   2.2949000e+02   3.6812000e+04
   2.2840100e+02   3.6584000e+04
   2.2731200e+02   3.6339000e+04
   2.2622200e+02   3.6653000e+04
   2.2513200e+02   3.6616000e+04
   2.2404200e+02   3.6270000e+04
   2.2295200e+02   3.6600000e+04
   2.2186200e+02   3.6002000e+04
   2.2077100e+02   3.6105000e+04
   2.1968100e+02   3.5865000e+04
   2.1859000e+02   3.5666000e+04
   2.1749900e+02   3.5707000e+04
   2.1640700e+02   3.5525000e+04
   2.1531600e+02   3.5401000e+04
   2.1422500e+02   3.4963000e+04
   2.1313300e+02   3.4932000e+04
   2.1204100e+02   3.4633000e+04
   2.1094900e+02   3.4547000e+04
   2.0985600e+02   3.3912000e+04
   2.0876400e+02   3.4180000e+04
   2.0767100e+02   3.4216000e+04
   2.0657900e+02   3.4205000e+04
   2.0548600e+02   3.3687000e+04
   2.0439200e+02   3.3455000e+04
   2.0329900e+02   3.3218000e+04
   2.0220500e+02   3.2703000e+04
   2.0111200e+02   3.2805000e+04
   2.0001800e+02   3.2630000e+04
   1.9892400e+02   3.2154000e+04
   1.9782900e+02   3.1918000e+04
   1.9673500e+02   3.1908000e+04
   1.9564000e+02   3.1605000e+04
   1.9454600e+02   3.1185000e+04
   1.9345100e+02   3.1066000e+04
   1.9235600e+02   3.1244000e+04
   1.9126000e+02   3.1015000e+04
   1.9016500e+02   3.0439000e+04
   1.8906900e+02   3.0516000e+04
   1.8797300e+02   3.0441000e+04
   1.8687700e+02   3.0382000e+04
   1.8578100e+02   2.9944000e+04
   1.8468500e+02   2.9895000e+04
   1.8358800e+02   3.0210000e+04
   1.8249100e+02   2.9786000e+04
   1.8139400e+02   2.9429000e+04
   1.8029700e+02   2.9123000e+04
   1.7920000e+02   2.8617000e+04
   1.7810200e+02   2.8325000e+04
   1.7700500e+02   2.8389000e+04
   1.7590700e+02   2.7975000e+04
   1.7480900e+02   2.7649000e+04
   1.7371100e+02   2.7491000e+04
   1.7261200e+02   2.7348000e+04
   1.7151400e+02   2.7733000e+04
   1.7041500e+02   2.7379000e+04
   1.6931600e+02   2.7540000e+04
   1.6821700e+02   2.7734000e+04
   1.6711800e+02   2.7358000e+04
   1.6601800e+02   2.7114000e+04
   1.6491900e+02   2.7193000e+04
   1.6381900e+02   2.7075000e+04
   1.6271900e+02   2.7260000e+04
   1.6161900e+02   2.7205000e+04
   1.6051900e+02   2.6890000e+04
   1.5941800e+02   2.6660000e+04
   1.5831700e+02   2.6281000e+04
   1.5721600e+02   2.6103000e+04
   1.5611500e+02   2.5719000e+04
   1.5501400e+02   2.5838000e+04
   1.5391300e+02   2.5470000e+04
   1.5281100e+02   2.5662000e+04
   1.5170900e+02   2.5412000e+04
   1.5060700e+02   2.5815000e+04
   1.4950500e+02   2.5875000e+04
   1.4840300e+02   2.6049000e+04
