128.146 500.000
129.534 581.849
130.922 693.230
132.309 501.695
133.696 522.965
135.083 522.306
136.470 681.039
137.857 775.012
139.243 676.354
140.630 675.918
142.016 869.951
143.401 592.158
144.787 662.551
146.172 787.456
147.557 684.016
148.942 748.984
150.327 686.483
151.711 781.656
153.096 766.982
154.480 762.787
155.863 664.329
157.247 671.471
158.630 870.116
160.013 839.170
161.396 665.514
162.779 640.327
164.161 517.280
165.544 608.485
166.926 638.591
168.308 581.371
169.689 578.574
171.070 621.606
172.452 676.071
173.833 674.129
175.213 726.897
176.594 739.889
177.974 763.241
179.354 799.363
180.734 665.108
182.114 707.106
183.493 654.114
184.872 695.304
186.251 747.509
187.630 787.710
189.008 760.697
190.387 790.869
191.765 818.667
193.143 925.539
194.520 874.068
195.898 942.401
197.275 925.809
198.652 1016.43
200.029 1028.20
201.405 966.474
202.782 1001.62
204.158 984.367
205.534 984.031
206.909 944.146
208.285 982.801
209.660 782.303
211.035 710.005
212.410 517.560
213.784 606.540
215.159 581.377
216.533 504.580
217.907 547.501
219.281 548.919
220.654 536.393
222.027 500.150
223.400 544.297
224.773 505.952
226.146 502.970
227.518 553.820
228.891 606.699
230.263 527.514
231.634 513.263
233.006 519.115
234.377 504.319
235.748 584.036
237.119 549.399
238.490 532.750
239.860 530.471
241.231 502.432
242.601 510.819
243.970 504.363
245.340 514.522
246.709 546.031
248.079 523.570
249.448 508.457
250.816 514.842
252.185 593.542
253.553 561.768
254.921 568.996
256.289 540.780
257.657 530.004
259.024 518.563
260.391 508.799
261.758 527.240
263.125 511.588
264.492 541.062
265.858 577.632
267.224 516.723
268.590 569.186
269.956 572.311
271.321 501.472
272.687 565.464
274.052 579.062
275.416 529.794
276.781 586.190
278.146 580.507
279.510 521.755
280.874 545.920
282.237 522.006
283.601 574.037
284.964 548.016
286.327 567.491
287.690 602.830
289.053 603.667
290.416 623.462
291.778 669.224
293.140 623.878
294.502 646.150
295.863 686.821
297.225 842.897
298.586 829.724
299.947 896.134
301.308 915.332
302.668 864.166
304.029 880.633
305.389 796.755
306.749 799.505
308.108 818.655
309.468 720.694
310.827 735.326
312.186 681.532
313.545 775.457
314.903 677.865
316.262 669.131
317.620 751.088
318.978 699.657
320.336 682.423
321.693 721.856
323.051 737.624
324.408 707.146
325.765 763.682
327.121 738.870
328.478 708.374
329.834 696.851
331.190 737.363
332.546 733.191
333.902 766.760
335.257 758.366
336.612 694.755
337.967 723.479
339.322 729.196
340.677 749.764
342.031 751.325
343.385 720.543
344.739 775.897
346.093 654.348
347.446 715.044
348.799 720.844
350.153 671.886
351.505 766.050
352.858 736.951
354.210 739.894
355.563 757.861
356.915 730.179
358.267 718.167
359.618 721.331
360.969 763.354
362.321 726.593
363.672 723.810
365.022 762.713
366.373 827.710
367.723 839.583
369.073 842.551
370.423 756.013
371.773 810.749
373.122 750.616
374.471 730.055
375.821 763.752
377.169 760.233
378.518 705.049
379.866 747.734
381.215 734.770
382.563 728.756
383.910 690.564
385.258 718.687
386.605 745.297
387.952 744.831
389.299 791.241
390.646 783.014
391.992 690.443
393.339 728.745
394.685 678.293
396.031 669.437
397.376 762.127
398.722 668.287
400.067 753.706
401.412 645.160
402.757 708.836
404.101 729.608
405.446 676.602
406.790 743.541
408.134 644.766
409.478 627.506
410.821 655.938
412.165 653.105
413.508 646.426
414.851 666.700
416.193 744.696
417.536 678.770
418.878 668.527
420.220 646.180
421.562 741.694
422.904 688.521
424.245 737.209
425.586 704.975
426.927 722.878
428.268 695.136
429.609 738.796
430.949 677.214
432.289 698.504
433.629 719.038
434.969 706.299
436.309 715.691
437.648 739.689
438.987 716.197
440.326 691.674
441.665 712.659
443.003 658.889
444.342 698.930
445.680 724.432
447.018 667.742
448.355 647.235
449.693 631.023
451.030 641.831
452.367 669.731
453.704 606.842
455.041 587.702
456.377 654.593
457.713 666.596
459.049 702.209
460.385 639.713
461.721 724.443
463.056 688.203
464.391 629.699
465.726 705.219
467.061 761.342
468.395 673.433
469.730 735.562
471.064 683.241
472.398 811.944
473.731 802.394
475.065 849.203
476.398 789.571
477.731 750.873
479.064 813.487
480.397 775.346
481.729 908.135
483.062 796.554
484.394 888.016
485.725 924.328
487.057 933.859
488.389 950.271
489.720 970.551
491.051 955.770
492.382 985.146
493.712 1000.50
495.043 1066.98
496.373 1074.42
497.703 1186.59
499.032 1148.88
500.362 1202.19
501.691 1331.59
503.020 1429.99
504.349 1594.26
505.678 2107.77
507.007 2239.77
508.335 2397.04
509.663 2919.35
510.991 3859.45
512.319 5218.96
513.646 7910.35
514.973 13166.8
516.300 23046.3
517.627 37336.6
518.954 47518.0
520.280 43253.3
521.607 29411.9
522.933 17056.3
524.259 10048.7
525.584 6487.37
526.910 4653.21
528.235 3607.11
529.560 2991.02
530.885 2484.58
532.209 2183.39
533.534 1929.95
534.858 1798.44
536.182 1661.11
537.506 1463.56
538.829 1360.08
540.152 1247.95
541.476 1180.70
542.799 1221.49
544.121 1196.98
545.444 1187.82
546.766 1165.80
548.088 1023.81
549.410 1018.03
550.732 1027.36
552.053 1080.23
553.375 949.563
554.696 955.441
556.017 1005.31
557.337 991.521
558.658 1023.44
559.978 944.684
561.298 914.585
562.618 895.905
563.938 919.651
565.257 893.950
566.576 902.872
567.895 861.940
569.214 847.797
570.533 822.957
571.851 846.913
573.170 880.083
574.488 883.681
575.805 881.077
577.123 858.439
578.440 836.873
579.758 760.140
581.075 856.315
582.391 880.762
583.708 733.904
585.024 788.795
586.341 874.285
587.657 719.776
588.972 664.962
590.288 587.903
591.603 616.428
592.918 638.963
594.233 578.505
595.548 614.074
596.863 572.812
598.177 599.373
599.491 590.235
600.805 574.807
602.119 570.385
603.432 618.969
604.746 629.356
606.059 608.952
607.372 693.552
608.685 630.554
609.997 726.161
611.309 667.367
612.621 669.922
613.933 677.408
615.245 731.027
616.557 730.375
617.868 685.996
619.179 718.675
620.490 676.188
621.801 711.907
623.111 648.762
624.421 612.382
625.731 656.004
627.041 631.628
628.351 640.588
629.660 579.883
630.970 665.373
632.279 623.011
633.588 653.500
634.896 733.337
636.205 641.987
637.513 624.642
638.821 627.301
640.129 650.965
641.437 582.634
642.744 597.308
644.051 589.986
645.358 586.309
646.665 611.585
647.972 626.060
649.278 623.757
650.584 669.459
651.890 603.167
653.196 602.878
654.502 642.594
655.807 553.316
657.113 646.042
658.418 631.774
659.722 578.510
661.027 704.251
662.331 684.997
663.636 550.747
664.940 604.503
666.244 585.264
667.547 601.031
668.851 561.803
670.154 620.580
671.457 568.360
672.760 635.146
674.062 594.935
675.365 599.729
676.667 568.528
677.969 572.332
679.271 601.140
680.572 541.951
681.874 504.232
683.175 615.786
684.476 540.607
685.777 586.431
687.077 538.257
688.378 581.087
689.678 525.921
690.978 571.757
692.278 585.598
693.577 536.557
694.877 561.274
696.176 501.890
697.475 575.947
698.774 579.787
700.072 516.370
701.371 534.468
702.669 524.310
703.967 583.153
705.265 500.002
706.562 502.157
707.860 525.688
709.157 542.466
710.454 519.362
711.751 508.792
713.047 507.221
714.344 530.861
715.640 513.697
716.936 514.535
718.232 501.375
719.527 505.786
720.823 632.950
722.118 565.181
723.413 558.556
724.708 548.706
726.002 543.009
727.297 511.274
728.591 538.437
729.885 501.851
731.179 594.858
732.472 517.568
733.766 568.721
735.059 589.955
736.352 562.369
737.645 532.275
738.937 508.080
740.230 511.558
741.522 502.804
742.814 566.170
744.106 543.571
745.397 520.996
746.689 523.567
747.980 526.130
749.271 563.693
750.562 565.744
751.853 516.214
753.143 582.304
754.433 518.177
755.723 587.329
757.013 550.835
758.303 536.342
759.592 527.151
760.881 536.339
762.170 543.830
763.459 519.680
764.748 567.798
766.036 540.724
767.325 579.731
768.613 529.186
769.901 560.642
771.188 542.903
772.476 556.529
773.763 508.960
775.050 541.392
776.337 533.823
777.624 503.255
778.910 557.684
780.196 568.113
781.482 528.543
782.768 571.973
784.054 521.403
785.339 528.167
786.625 573.248
787.910 509.662
789.195 547.076
790.479 594.490
791.764 550.904
793.048 595.319
794.332 650.734
795.616 629.149
796.900 564.565
798.183 615.982
799.467 559.263
800.750 601.816
802.033 511.234
803.316 591.651
804.598 590.070
805.880 528.488
807.163 576.906
808.445 610.325
809.726 609.745
811.008 615.165
812.289 600.586
813.570 615.830
814.851 602.560
816.132 607.850
817.413 642.272
818.693 575.695
819.973 713.118
821.253 619.542
822.533 662.966
823.813 624.391
825.092 593.816
826.371 637.243
827.650 564.669
828.929 594.097
830.208 697.525
831.486 594.955
832.764 603.384
834.042 638.821
835.320 560.261
836.598 502.544
837.875 551.804
839.152 656.422
840.429 598.864
841.706 633.308
842.983 606.751
844.259 643.206
845.536 638.662
846.812 555.120
848.088 700.798
849.363 636.262
850.639 571.601
851.914 598.067
853.189 559.535
854.464 567.207
855.739 546.676
857.013 603.147
858.288 535.620
859.562 544.001
860.836 609.291
862.110 611.768
863.383 680.956
864.656 631.436
865.930 582.917
867.203 558.406
868.475 559.897
869.748 605.390
871.020 554.884
872.292 680.276
873.564 614.336
874.836 609.878
876.108 587.615
877.379 626.139
878.650 652.827
879.922 607.356
881.192 581.106
882.463 652.641
883.733 625.854
885.004 589.395
886.274 587.938
887.544 597.390
888.813 662.939
890.083 600.749
891.352 643.305
892.621 674.177
893.890 613.739
895.159 565.872
896.427 572.432
897.695 649.312
898.964 612.469
900.232 619.050
901.499 694.636
902.767 657.226
904.034 650.123
905.301 593.537
906.568 686.139
907.835 660.450
909.102 679.062
910.368 607.680
911.634 620.303
912.900 644.145
914.166 669.790
915.432 710.439
916.697 629.696
917.962 646.355
919.227 669.424
920.492 627.093
921.757 651.773
923.021 749.459
924.285 750.431
925.550 805.136
926.813 818.795
928.077 977.509
929.341 929.229
930.604 1113.72
931.867 1064.45
933.130 1099.19
934.393 1247.93
935.655 1346.68
936.918 1398.43
938.180 1512.33
939.442 1633.10
940.703 1611.83
941.965 1703.60
943.226 1668.39
944.488 1639.17
945.749 1614.97
947.009 1669.77
948.270 1620.58
949.530 1617.39
950.791 1566.21
952.051 1684.03
953.311 1567.86
954.570 1639.69
955.830 1630.53
957.089 1601.38
958.348 1654.23
959.607 1675.10
960.866 1733.97
962.124 1629.85
963.383 1627.74
964.641 1588.63
965.899 1602.85
967.156 1694.43
968.414 1687.33
969.671 1742.25
970.928 1810.17
972.185 1743.10
973.442 1780.04
974.699 1793.99
975.955 1817.96
977.211 1819.56
978.468 1753.96
979.723 1795.98
980.979 1798.01
982.234 1753.05
983.490 1801.10
984.745 1673.56
986.000 1777.82
987.254 1686.90
988.509 1490.80
989.763 1519.91
991.017 1378.30
992.271 1385.43
993.525 1243.56
994.779 1180.78
996.032 1184.92
997.285 1078.36
998.538 1004.52
999.791 965.286
1001.04 948.704
1002.30 1001.64
1003.55 976.816
1004.80 955.003
1006.05 965.197
1007.30 926.397
1008.55 975.602
1009.81 933.812
1011.06 874.026
1012.31 841.245
1013.56 881.470
1014.81 822.709
1016.06 793.982
1017.31 837.472
1018.56 819.725
1019.81 734.119
1021.06 679.382
1022.31 767.768
1023.56 790.589
1024.81 777.875
1026.06 689.342
1027.31 745.309
1028.55 721.658
1029.80 726.023
1031.05 835.450
1032.30 675.826
1033.55 611.209
1034.79 690.594
1036.04 698.985
1037.29 769.380
1038.53 643.797
1039.78 678.217
1041.03 616.770
1042.27 567.211
1043.52 644.660
1044.77 644.189
1046.01 607.646
1047.26 560.146
1048.50 620.637
1049.75 588.138
1050.99 629.697
1052.24 574.203
1053.48 521.289
1054.73 612.237
1055.97 576.922
1057.22 647.684
1058.46 602.263
1059.70 557.809
1060.95 570.543
1062.19 562.097
1063.43 629.686
1064.68 657.248
1065.92 645.812
1067.16 677.171
1068.40 614.074
1069.65 670.661
1070.89 648.895
1072.13 612.484
1073.37 670.001
1074.61 577.691
1075.85 616.296
1077.10 610.903
1078.34 632.511
1079.58 620.275
1080.82 611.818
1082.06 511.533
1083.30 576.445
1084.54 585.137
1085.78 560.989
1087.02 651.604
1088.26 590.533
1089.50 555.157
1090.74 565.781
1091.97 548.544
1093.21 585.195
1094.45 545.066
1095.69 576.495
1096.93 523.204
1098.17 504.949
1099.40 624.574
1100.64 578.308
1101.88 559.932
1103.12 655.643
1104.35 581.267
1105.59 566.301
1106.83 531.171
1108.06 599.872
1109.30 549.372
1110.54 557.240
1111.77 576.175
1113.01 540.792
1114.24 566.407
1115.48 535.021
1116.71 546.218
1117.95 600.398
1119.18 602.145
1120.42 593.597
1121.65 703.761
1122.89 778.547
1124.12 755.875
1125.35 651.515
1126.59 598.291
1127.82 569.946
1129.06 555.641
1130.29 564.990
1131.52 518.407
1132.75 530.940
1133.99 507.490
1135.22 526.594
1136.45 585.000
1137.68 587.667
1138.91 507.640
1140.15 554.449
1141.38 514.231
1142.61 537.171
1143.84 586.335
1145.07 507.123
1146.30 534.371
1147.53 512.078
1148.76 587.518
1149.99 525.991
1151.22 587.632
1152.45 593.095
1153.68 571.554
1154.91 527.146
1156.14 530.858
1157.37 539.301
1158.60 534.738
1159.83 575.184
1161.06 620.722
1162.28 572.182
1163.51 520.597
1164.74 518.811
1165.97 560.776
1167.19 500.481
1168.42 568.866
1169.65 503.245
1170.88 538.299
1172.10 535.035
1173.33 503.364
1174.56 522.083
1175.78 578.409
1177.01 566.703
1178.23 524.989
1179.46 564.310
1180.69 539.581
1181.91 593.930
1183.14 563.788
1184.36 609.411
1185.59 585.654
1186.81 620.889
1188.04 518.118
1189.26 549.368
1190.48 580.580
1191.71 528.784
1192.93 599.979
1194.16 543.167
1195.38 566.346
1196.60 601.518
1197.82 537.681
1199.05 577.836
1200.27 569.982
1201.49 579.795
1202.71 516.925
1203.94 511.044
1205.16 546.154
1206.38 579.255
1207.60 515.346
1208.82 537.572
1210.04 550.476
1211.27 614.514
1212.49 582.544
1213.71 531.565
1214.93 624.577
1216.15 610.579
1217.37 514.427
1218.59 578.543
1219.81 518.491
1221.03 542.449
1222.25 591.379
1223.46 607.301
1224.68 617.937
1225.90 528.121
1227.12 586.016
1228.34 557.902
1229.56 516.778
1230.78 548.643
1231.99 521.498
1233.21 580.341
1234.43 518.175
1235.65 619.996
1236.86 583.808
1238.08 531.610
1239.30 584.404
1240.51 524.186
1241.73 502.958
1242.95 552.720
1244.16 544.472
1245.38 576.214
1246.59 547.943
1247.81 588.658
1249.03 554.363
1250.24 608.061
1251.45 517.749
1252.67 528.464
1253.89 500.111
1255.10 503.706
1256.31 529.439
1257.53 524.825
1258.74 580.347
1259.95 624.852
1261.17 625.904
1262.38 543.778
1263.59 578.218
1264.81 546.646
1266.02 510.935
1267.23 514.465
1268.45 516.149
1269.66 508.782
1270.87 577.436
1272.08 539.875
1273.29 529.826
1274.51 556.448
1275.72 508.709
1276.93 510.044
1278.14 513.829
1279.35 504.963
1280.56 515.958
1281.77 542.876
1282.98 553.262
1284.19 515.617
1285.40 515.217
1286.61 533.305
1287.82 565.380
1289.03 580.814
1290.24 570.419
1291.45 607.168
1292.66 565.200
1293.86 551.617
1295.07 583.626
1296.28 539.624
1297.49 581.609
1298.70 605.584
1299.91 546.548
1301.11 530.500
1302.32 617.440
1303.53 585.369
1304.73 576.287
1305.94 553.192
1307.15 570.087
1308.35 588.970
1309.56 538.812
1310.77 536.429
1311.97 525.276
1313.18 576.974
1314.38 576.796
1315.59 556.487
1316.80 516.265
1318.00 589.512
1319.20 530.136
1320.41 533.270
1321.61 609.013
1322.82 624.747
1324.02 564.414
1325.23 584.129
1326.43 553.832
1327.63 507.528
1328.84 518.213
1330.04 603.887
1331.24 635.552
1332.45 676.208
1333.65 565.744
1334.85 619.383
1336.06 573.014
1337.26 603.560
1338.46 618.175
1339.66 666.758
1340.86 684.820
1342.06 598.949
1343.27 718.478
1344.47 682.055
1345.67 655.624
1346.87 700.188
1348.07 706.593
1349.27 646.919
1350.47 653.429
1351.67 630.969
1352.87 648.370
1354.07 645.322
1355.27 607.393
1356.47 663.914
1357.67 639.431
1358.87 651.830
1360.06 659.341
1361.26 645.849
1362.46 663.711
1363.66 626.119
1364.86 737.697
1366.06 612.117
1367.25 714.038
1368.45 677.542
1369.65 641.049
1370.85 678.404
1372.04 646.929
1373.24 622.343
1374.44 649.500
1375.63 618.833
1376.83 638.991
1378.03 646.368
1379.22 652.425
1380.42 656.783
1381.61 701.160
1382.81 676.943
1384.00 679.807
1385.20 628.505
1386.39 679.281
1387.59 614.062
1388.78 668.485
1389.98 634.810
1391.17 597.511
1392.36 595.951
1393.56 672.717
1394.75 678.297
1395.95 546.826
1397.14 727.447
1398.33 617.303
1399.53 659.151
1400.72 683.654
1401.91 671.580
1403.10 630.351
1404.30 637.038
1405.49 602.146
1406.68 597.061
1407.87 588.314
1409.06 618.528
1410.26 670.662
1411.45 605.705
1412.64 712.771
1413.83 641.655
1415.02 653.841
1416.21 662.830
1417.40 696.753
1418.59 642.222
1419.78 666.347
1420.97 662.604
1422.16 631.391
1423.35 632.232
1424.54 686.267
1425.73 609.220
1426.92 675.852
1428.10 635.877
1429.29 652.838
1430.48 708.830
1431.67 651.804
1432.86 672.761
1434.05 609.702
1435.23 634.624
1436.42 659.528
1437.61 634.417
1438.80 616.289
1439.98 690.186
1441.17 738.063
1442.35 657.922
1443.54 767.773
1444.73 671.617
1445.91 659.452
1447.10 623.262
1448.29 616.049
1449.47 643.816
1450.66 624.565
1451.84 663.297
1453.03 613.007
1454.21 699.690
1455.40 696.344
1456.58 671.959
1457.77 638.572
1458.95 697.158
1460.13 630.619
1461.32 668.306
1462.50 665.128
1463.69 713.044
1464.87 586.088
1466.05 555.163
1467.23 665.229
1468.42 554.294
1469.60 627.361
1470.78 645.428
1471.96 631.508
1473.15 629.659
1474.33 635.820
1475.51 610.007
1476.69 605.217
1477.87 612.438
1479.06 646.670
1480.24 646.917
1481.42 617.182
1482.60 635.465
1483.78 689.771
1484.96 582.104
1486.14 638.465
1487.32 592.864
1488.50 576.304
1489.68 660.794
1490.86 564.344
1492.04 569.966
1493.22 532.659
1494.40 502.592
1495.57 710.611
1496.75 595.441
1497.93 614.756
1499.11 586.991
1500.29 526.060
1501.46 641.208
1502.64 608.449
1503.82 538.791
1505.00 513.753
1506.18 530.831
1507.35 600.555
1508.53 503.570
1509.71 624.940
1510.88 536.118
1512.06 598.500
1513.23 556.116
1514.41 516.610
1515.59 528.586
1516.76 588.156
1517.94 564.927
1519.11 534.798
1520.29 600.621
1521.46 538.530
1522.64 500.000
