177.403 616.600
177.958 602.449
178.512 548.695
179.067 496.507
179.621 490.255
180.175 530.949
180.730 551.383
181.284 520.114
181.838 490.685
182.393 510.045
182.947 567.876
183.502 614.640
184.056 618.973
184.610 588.250
185.165 563.777
185.719 540.719
186.274 528.641
186.828 539.666
187.382 559.685
187.937 570.225
188.491 564.738
189.046 548.415
189.600 530.235
190.154 510.079
190.709 488.228
191.263 464.100
191.817 439.356
192.372 417.128
192.926 396.273
193.481 371.533
194.035 335.968
194.589 288.778
195.144 252.843
195.698 238.335
196.253 225.062
196.807 208.964
197.361 210.066
197.916 233.817
198.470 266.146
199.024 297.469
199.579 301.820
200.133 268.005
200.688 240.401
201.242 243.156
201.796 251.774
202.351 242.075
202.905 208.146
203.460 220.968
204.014 211.391
204.568 230.817
205.123 258.950
205.677 262.666
206.231 253.826
206.786 240.640
207.340 224.017
207.895 208.779
208.449 200.431
209.003 208.763
209.558 223.636
210.112 245.447
210.667 269.529
211.221 297.013
211.775 323.576
212.330 332.731
212.884 309.608
213.438 285.654
213.993 271.203
214.547 265.833
215.102 270.576
215.656 286.761
216.210 307.749
216.765 321.310
217.319 323.273
217.874 324.679
218.428 331.108
218.982 333.223
219.537 318.810
220.091 290.161
220.645 263.226
221.200 253.456
221.754 261.520
222.309 273.366
222.863 314.862
223.417 332.552
223.972 286.497
224.526 213.715
225.081 225.226
225.635 202.033
226.189 262.493
226.744 278.709
227.298 226.002
227.852 200.779
228.407 241.406
228.961 299.813
229.516 341.002
230.070 360.485
230.624 372.973
231.179 388.238
231.733 406.104
232.288 425.575
232.842 444.394
233.396 469.049
233.951 512.732
234.505 566.292
235.060 606.187
235.614 608.212
236.168 606.576
236.723 641.334
237.277 707.839
237.831 768.917
238.386 811.220
238.940 833.229
239.495 825.578
240.049 765.147
240.603 729.213
241.158 754.019
241.712 806.731
242.267 849.285
242.821 873.388
243.375 890.517
243.930 915.327
244.484 953.219
245.038 964.350
245.593 937.390
246.147 900.479
246.702 851.498
247.256 802.796
247.810 778.015
248.365 792.694
248.919 831.472
249.474 845.729
250.028 818.106
250.582 800.104
251.137 809.403
251.691 823.067
252.245 822.392
252.800 805.076
253.354 783.843
253.909 770.207
254.463 763.777
255.017 756.755
255.572 740.363
256.126 737.923
256.681 774.593
257.235 834.346
257.789 883.101
258.344 908.792
258.898 919.509
259.452 918.114
260.007 906.071
260.561 899.683
261.116 907.466
261.670 922.129
262.224 927.977
262.779 920.469
263.333 920.154
263.888 943.407
264.442 969.118
264.996 969.208
265.551 941.855
266.105 914.790
266.659 918.427
267.214 954.872
267.768 951.147
268.323 850.270
268.877 777.911
269.431 798.694
269.986 863.489
270.540 898.478
271.095 871.234
271.649 808.395
272.203 761.673
272.758 740.393
273.312 712.650
273.867 668.181
274.421 623.075
274.975 582.052
275.530 547.477
276.084 523.813
276.638 520.133
277.193 529.435
277.747 528.432
278.302 513.609
278.856 501.691
279.410 506.915
279.965 518.263
280.519 515.033
281.074 481.856
281.628 463.343
282.182 504.451
282.737 579.782
283.291 624.515
283.845 618.861
284.400 602.480
284.954 624.083
285.509 694.155
286.063 742.953
286.617 756.342
287.172 760.863
287.726 763.466
288.281 769.252
288.835 787.750
289.389 824.819
289.944 875.610
290.498 926.822
291.052 985.728
291.607 1031.61
292.161 1053.96
292.716 1072.55
293.270 1108.47
293.824 1160.06
294.379 1202.37
294.933 1201.00
295.488 1165.04
296.042 1172.67
296.596 1245.82
297.151 1322.76
297.705 1370.09
298.259 1400.08
298.814 1429.05
299.368 1459.02
299.923 1491.80
300.477 1537.10
301.031 1589.39
301.586 1621.42
302.140 1622.86
302.695 1613.22
303.249 1614.75
303.803 1627.52
304.358 1639.47
304.912 1646.11
305.466 1656.57
306.021 1681.05
306.575 1714.23
307.130 1740.10
307.684 1749.52
308.238 1747.83
308.793 1750.55
309.347 1755.53
309.902 1769.39
310.456 1810.27
311.010 1846.05
311.565 1852.03
312.119 1828.26
312.674 1793.08
313.228 1762.20
313.782 1733.37
314.337 1690.27
314.891 1626.58
315.445 1562.24
316.000 1502.39
316.554 1448.62
317.109 1402.99
317.663 1367.91
318.217 1340.92
318.772 1327.03
319.326 1318.20
319.881 1289.26
320.435 1231.86
320.989 1174.03
321.544 1145.52
322.098 1149.05
322.652 1137.59
323.207 1103.96
323.761 1063.33
324.316 1017.24
324.870 971.330
325.424 933.881
325.979 908.702
326.533 893.076
327.088 886.600
327.642 903.311
328.196 903.158
328.751 863.059
329.305 826.442
329.859 830.135
330.414 860.927
330.968 872.293
331.523 825.603
332.077 751.451
332.631 721.211
333.186 742.014
333.740 761.621
334.295 761.325
334.849 750.454
335.403 740.200
335.958 729.804
336.512 724.603
337.066 731.207
337.621 741.645
338.175 743.059
338.730 735.290
339.284 734.198
339.838 756.117
340.393 793.076
340.947 791.082
341.502 702.603
342.056 637.579
342.610 622.930
343.165 632.176
343.719 644.377
344.273 652.732
344.828 654.163
345.382 641.828
345.937 615.947
346.491 604.820
347.045 623.928
347.600 633.560
348.154 611.445
348.709 573.604
349.263 540.387
349.817 515.481
350.372 500.150
350.926 506.185
351.480 524.120
352.035 514.878
352.589 464.759
353.144 412.072
353.698 398.069
354.252 424.390
354.807 429.451
355.361 406.584
355.916 369.270
356.470 309.247
357.024 242.427
357.579 204.341
358.133 220.947
358.688 217.652
359.242 208.953
359.796 208.124
360.351 221.194
360.905 238.725
361.459 243.786
362.014 218.840
362.568 222.456
363.123 252.033
363.677 255.494
364.231 245.204
364.786 240.837
365.340 241.881
365.895 226.166
366.449 224.332
367.003 274.703
367.558 274.723
368.112 227.993
368.666 209.955
369.221 235.452
369.775 243.401
370.330 219.604
370.884 225.586
371.438 263.749
371.993 281.011
372.547 284.711
373.102 291.779
373.656 312.998
374.210 314.977
374.765 281.784
375.319 246.379
375.873 218.894
376.428 204.098
376.982 210.735
377.537 251.980
378.091 305.845
378.645 325.327
379.200 307.509
379.754 291.997
380.309 290.864
380.863 295.899
381.417 302.421
381.972 310.979
382.526 301.584
383.080 245.831
383.635 212.663
384.189 228.915
384.744 211.351
385.298 200.934
385.852 212.767
386.407 241.267
386.961 257.960
387.516 259.414
388.070 254.231
388.624 235.979
389.179 217.506
389.733 203.673
390.287 204.044
390.842 202.812
391.396 213.661
391.951 233.495
392.505 225.659
393.059 213.879
393.614 235.311
394.168 206.260
394.723 226.551
395.277 200.000
395.831 285.545
396.386 353.947
396.940 386.287
397.495 393.042
398.049 369.174
398.603 325.311
399.158 293.673
399.712 290.724
400.266 303.979
400.821 304.698
401.375 272.703
401.930 270.665
402.484 334.581
403.038 391.382
403.593 396.758
404.147 364.429
404.702 333.333
405.256 321.932
405.810 325.175
406.365 338.023
406.919 360.437
407.473 382.851
408.028 407.498
408.582 424.001
409.137 410.878
409.691 370.750
410.245 351.217
410.800 377.118
411.354 409.004
411.909 423.013
412.463 424.108
413.017 425.087
413.572 431.090
414.126 438.148
414.680 438.241
415.235 426.558
415.789 426.901
416.344 462.679
416.898 486.652
417.452 464.689
418.007 423.461
418.561 412.537
419.116 457.557
419.670 512.781
420.224 523.580
420.779 501.103
421.333 495.919
421.887 519.489
422.442 551.675
422.996 573.602
423.551 586.082
424.105 609.859
424.659 660.823
425.214 703.050
425.768 719.645
426.323 722.972
426.877 724.073
427.431 727.659
427.986 740.599
428.540 774.812
429.094 827.620
429.649 860.800
430.203 869.413
430.758 872.424
431.312 862.020
431.866 856.382
432.421 885.791
432.975 961.791
433.530 1023.98
434.084 1020.28
434.638 990.520
435.193 996.632
435.747 1041.50
436.301 1095.94
436.856 1144.53
437.410 1187.21
437.965 1222.00
438.519 1239.72
439.073 1262.37
439.628 1278.22
440.182 1308.70
440.737 1376.04
441.291 1472.82
441.845 1572.43
442.400 1658.42
442.954 1734.32
443.509 1804.59
444.063 1868.70
444.617 1939.18
445.172 2021.51
445.726 2109.50
446.280 2190.55
446.835 2264.97
447.389 2361.77
447.944 2500.96
448.498 2651.13
449.052 2798.22
449.607 2940.22
450.161 3069.52
450.716 3184.62
451.270 3302.24
451.824 3444.77
452.379 3615.37
452.933 3775.48
453.487 3913.02
454.042 4060.00
454.596 4250.22
455.151 4448.87
455.705 4598.99
456.259 4679.83
456.814 4747.55
457.368 4846.46
457.923 4957.11
458.477 5044.39
459.031 5105.69
459.586 5152.61
460.140 5188.51
460.694 5213.76
461.249 5234.45
461.803 5281.08
462.358 5287.73
462.912 5249.75
463.466 5171.91
464.021 5042.77
464.575 4874.34
465.130 4706.20
465.684 4567.71
466.238 4435.93
466.793 4258.24
467.347 4033.95
467.901 3824.06
468.456 3651.26
469.010 3490.26
469.565 3311.95
470.119 3116.23
470.673 2934.84
471.228 2779.07
471.782 2624.98
472.337 2465.38
472.891 2303.51
473.445 2142.49
474.000 1984.52
474.554 1839.14
475.108 1727.89
475.663 1650.71
476.217 1570.33
476.772 1480.79
477.326 1399.65
477.880 1342.36
478.435 1294.14
478.989 1237.46
479.544 1169.23
480.098 1102.53
480.652 1038.79
481.207 983.017
481.761 947.875
482.316 928.376
482.870 902.515
483.424 857.722
483.979 799.545
484.533 738.264
485.087 663.489
485.642 611.423
486.196 601.265
486.751 596.654
487.305 586.795
487.859 569.911
488.414 543.250
488.968 503.529
489.523 463.878
490.077 432.806
490.631 411.849
491.186 412.072
491.740 433.754
492.294 443.106
492.849 405.886
493.403 329.753
493.958 275.037
494.512 246.320
495.066 234.681
495.621 261.316
496.175 288.805
496.730 281.655
497.284 244.636
497.838 211.695
498.393 202.523
498.947 212.914
499.501 246.245
500.056 300.252
500.610 329.118
501.165 316.031
501.719 284.257
502.273 256.399
502.828 232.462
503.382 217.846
503.937 219.412
504.491 221.865
505.045 212.897
505.600 205.369
506.154 220.426
506.708 258.878
507.263 296.692
507.817 313.658
508.372 311.099
508.926 286.188
509.480 230.155
510.035 203.911
510.589 247.515
511.144 316.275
511.698 345.565
512.252 334.974
512.807 306.639
513.361 235.854
513.915 224.464
514.470 234.917
515.024 213.298
515.579 207.239
516.133 214.156
516.687 213.896
517.242 212.055
517.796 208.787
518.351 212.493
518.905 224.073
519.459 241.387
520.014 276.864
520.568 310.383
521.123 305.389
521.677 247.888
522.231 208.974
522.786 226.752
523.340 257.353
523.894 264.626
524.449 252.245
525.003 235.026
525.558 219.519
526.112 213.531
526.666 239.842
527.221 307.153
527.775 331.276
528.330 285.901
528.884 236.957
529.438 221.119
529.993 223.231
530.547 221.261
531.101 210.380
531.656 203.655
532.210 209.708
532.765 220.609
533.319 229.368
533.873 235.177
534.428 239.884
534.982 244.907
535.537 245.700
536.091 226.844
536.645 221.233
537.200 237.621
537.754 208.349
538.308 248.218
538.863 229.200
539.417 215.820
539.972 230.414
540.526 203.488
541.080 245.178
541.635 285.906
542.189 317.021
542.744 324.797
543.298 311.437
543.852 290.068
544.407 267.627
544.961 246.402
545.515 232.767
546.070 228.890
546.624 222.930
547.179 209.289
547.733 200.145
548.287 204.745
548.842 217.921
549.396 226.844
549.951 227.316
550.505 228.606
551.059 234.305
551.614 244.141
552.168 266.315
552.722 294.938
553.277 302.448
553.831 270.378
554.386 216.114
554.940 220.071
555.494 235.834
556.049 244.869
556.603 255.476
557.158 249.555
557.712 203.604
558.266 277.260
558.821 313.082
559.375 283.425
559.929 257.324
560.484 273.042
561.038 302.258
561.593 314.172
562.147 308.849
562.701 301.140
563.256 300.799
563.810 305.305
564.365 311.960
564.919 322.704
565.473 319.185
566.028 290.223
566.582 262.759
567.137 258.453
567.691 266.836
568.245 265.537
568.800 245.756
569.354 232.571
569.908 245.519
570.463 260.405
571.017 248.873
571.572 218.180
572.126 203.024
572.680 200.463
573.235 217.319
573.789 228.621
574.344 234.261
574.898 242.279
575.452 254.356
576.007 266.424
576.561 279.097
577.115 289.010
577.670 287.151
578.224 267.540
578.779 251.432
579.333 246.990
579.887 243.479
580.442 224.391
580.996 200.266
581.551 201.895
582.105 228.450
582.659 265.478
583.214 270.993
583.768 251.695
584.322 250.600
584.877 270.301
585.431 311.263
585.986 389.619
586.540 475.029
587.094 505.819
587.649 464.267
588.203 417.255
588.758 352.295
589.312 296.629
589.866 261.190
590.421 244.433
590.975 246.791
591.529 267.899
592.084 290.854
592.638 303.937
593.193 306.720
593.747 290.938
594.301 258.067
594.856 241.902
595.410 259.928
595.965 288.910
596.519 290.600
597.073 254.528
597.628 246.175
598.182 309.451
598.736 348.255
599.291 312.600
599.845 256.627
600.400 247.352
600.954 290.586
601.508 320.195
602.063 279.363
602.617 220.019
603.172 206.461
603.726 224.786
604.280 226.703
604.835 204.984
605.389 233.590
605.944 216.519
606.498 242.619
607.052 283.857
607.607 298.541
608.161 307.811
608.715 309.030
609.270 312.655
609.824 329.499
610.379 357.250
610.933 381.599
611.487 408.545
612.042 420.067
612.596 393.497
613.151 352.310
613.705 326.941
614.259 321.434
614.814 324.556
615.368 329.842
615.922 333.802
616.477 323.884
617.031 298.479
617.586 285.863
618.140 295.814
618.694 306.812
619.249 301.747
619.803 284.413
620.358 272.864
620.912 270.756
621.466 266.497
622.021 257.825
622.575 248.661
623.129 241.319
623.684 236.471
624.238 235.651
624.793 235.408
625.347 235.383
625.901 238.326
626.456 240.966
627.010 227.077
627.565 203.094
628.119 211.736
628.673 224.975
629.228 280.624
629.782 302.770
630.336 280.024
630.891 266.922
631.445 268.735
632.000 273.893
632.554 281.194
633.108 288.594
633.663 292.131
634.217 291.285
634.772 295.556
635.326 311.922
635.880 333.327
636.435 360.062
636.989 384.397
637.543 388.320
638.098 368.547
638.652 343.879
639.207 333.217
639.761 334.719
640.315 342.617
640.870 360.340
641.424 364.584
641.979 345.748
642.533 318.029
643.087 289.349
643.642 261.545
644.196 251.239
644.751 280.220
645.305 297.904
645.859 274.586
646.414 251.084
646.968 272.059
647.522 323.493
648.077 353.971
648.631 333.983
649.186 302.719
649.740 318.396
650.294 355.875
650.849 333.329
651.403 246.648
651.958 218.067
652.512 209.462
653.066 242.122
653.621 271.432
654.175 270.325
654.729 277.622
655.284 301.065
655.838 321.845
656.393 335.651
656.947 341.440
657.501 335.135
658.056 315.451
658.610 299.111
659.165 295.186
659.719 292.982
660.273 274.841
660.828 257.595
661.382 279.119
661.936 341.584
662.491 396.594
663.045 401.876
663.600 370.030
664.154 323.269
664.708 262.698
665.263 232.072
665.817 244.775
666.372 276.232
666.926 311.062
667.480 345.822
668.035 357.354
668.589 324.419
669.143 300.662
669.698 288.288
670.252 285.565
670.807 300.134
671.361 321.010
671.915 323.310
672.470 298.153
673.024 278.853
673.579 291.914
674.133 314.516
674.687 319.709
675.242 309.853
675.796 298.777
676.350 292.114
676.905 285.962
677.459 273.651
678.014 256.480
678.568 247.230
679.122 247.171
679.677 248.323
680.231 249.056
680.786 248.220
681.340 242.605
681.894 231.782
682.449 230.987
683.003 252.373
683.557 265.711
684.112 257.567
684.666 247.103
685.221 252.436
685.775 269.968
686.329 281.631
686.884 276.694
687.438 268.366
687.993 266.691
688.547 270.224
689.101 279.539
689.656 292.192
690.210 296.390
690.765 284.438
691.319 267.818
691.873 272.549
692.428 299.106
692.982 310.068
693.536 299.967
694.091 293.841
694.645 308.303
695.200 326.697
695.754 317.895
696.308 274.439
696.863 264.532
697.417 323.462
697.972 367.993
698.526 370.507
699.080 358.620
699.635 358.613
700.189 364.356
700.743 349.439
701.298 289.998
701.852 233.688
702.407 226.063
702.961 245.003
703.515 257.264
704.070 258.697
704.624 259.666
705.179 267.600
705.733 281.967
706.287 301.522
706.842 323.307
707.396 330.657
707.950 321.568
708.505 314.837
709.059 322.064
709.614 334.208
710.168 330.589
710.722 301.234
711.277 292.985
711.831 324.664
712.386 357.649
712.940 388.653
713.494 414.861
714.049 431.978
714.603 441.338
715.157 449.330
715.712 461.905
716.266 461.697
716.821 423.037
717.375 379.358
717.929 383.354
718.484 423.226
719.038 441.339
719.593 405.563
720.147 357.121
720.701 366.102
721.256 417.492
721.810 422.258
722.364 374.548
722.919 342.678
723.473 358.654
724.028 390.183
724.582 392.572
725.136 364.201
725.691 346.073
726.245 344.727
726.800 342.331
727.354 329.919
727.908 319.456
728.463 318.266
729.017 326.148
729.572 342.811
730.126 381.576
730.680 405.913
731.235 392.153
731.789 367.979
732.343 353.981
732.898 349.878
733.452 352.296
734.007 360.096
734.561 362.938
735.115 336.704
735.670 305.683
736.224 331.595
736.779 399.158
737.333 424.826
737.887 382.850
738.442 329.006
738.996 320.512
739.550 349.289
740.105 375.879
740.659 401.803
741.214 414.491
741.768 402.432
742.322 397.066
742.877 433.204
743.431 490.266
743.986 497.961
744.540 420.229
745.094 368.143
745.649 366.560
746.203 366.812
746.757 347.526
747.312 317.516
747.866 284.408
748.421 250.563
748.975 232.609
749.529 254.965
750.084 279.362
750.638 275.444
751.193 255.342
751.747 232.771
752.301 213.411
752.856 207.670
753.410 224.819
753.964 248.265
754.519 250.543
755.073 236.045
755.628 219.649
756.182 203.190
756.736 203.040
757.291 230.370
757.845 262.182
758.400 258.070
758.954 214.895
759.508 204.401
760.063 209.358
760.617 224.756
761.171 238.811
761.726 245.121
762.280 232.059
762.835 203.143
763.389 213.256
763.943 201.897
764.498 200.633
765.052 230.166
765.607 251.996
766.161 220.024
766.715 235.222
767.270 251.729
767.824 210.767
768.378 233.215
768.933 254.609
769.487 259.607
770.042 242.485
770.596 218.190
771.150 219.448
771.705 248.229
772.259 268.626
772.814 249.509
773.368 213.839
773.922 200.408
774.477 205.295
775.031 234.855
775.586 287.183
776.140 314.436
776.694 285.977
777.249 231.268
777.803 203.645
778.357 204.251
778.912 214.129
779.466 237.051
780.021 259.965
780.575 286.075
781.129 300.829
781.684 282.137
782.238 232.387
782.793 200.894
783.347 203.552
783.901 202.904
784.456 210.185
785.010 219.076
785.564 205.662
786.119 216.767
786.673 219.264
787.228 207.798
787.782 227.565
788.336 225.011
788.891 209.362
789.445 226.353
790.000 264.438
790.554 277.116
791.108 262.565
791.663 242.715
792.217 229.537
792.771 221.492
793.326 214.469
793.880 211.771
794.435 225.696
794.989 253.725
795.543 273.866
796.098 275.002
796.652 269.922
797.207 278.277
797.761 298.008
798.315 313.403
798.870 324.604
799.424 326.854
799.978 315.567
800.533 309.839
801.087 332.198
801.642 373.264
802.196 378.060
802.750 319.972
803.305 298.450
803.859 348.989
804.414 393.376
804.968 384.621
805.522 349.037
806.077 329.381
806.631 327.405
807.185 329.149
807.740 335.204
808.294 342.890
808.849 358.076
809.403 369.363
809.957 357.973
810.512 332.843
811.066 328.955
811.621 368.220
812.175 401.876
812.729 398.517
813.284 382.729
813.838 375.035
814.393 373.306
814.947 367.422
815.501 355.371
816.056 348.742
816.610 357.491
817.164 373.345
817.719 385.488
818.273 395.056
818.828 409.479
819.382 427.736
819.936 433.014
820.491 413.592
821.045 385.258
821.600 373.604
822.154 377.054
822.708 388.400
823.263 408.486
823.817 424.796
824.371 431.255
824.926 436.374
825.480 450.447
826.035 469.253
826.589 468.032
827.143 441.158
827.698 413.355
828.252 379.609
828.807 361.464
829.361 376.782
829.915 408.982
830.470 428.520
831.024 431.708
831.578 433.995
832.133 441.895
832.687 444.475
833.242 430.984
833.796 415.901
834.350 413.651
834.905 418.753
835.459 418.039
836.014 404.624
836.568 400.070
837.122 420.222
837.677 438.685
838.231 430.535
838.785 413.712
839.340 420.813
839.894 455.135
840.449 484.237
841.003 485.187
841.557 480.162
842.112 482.717
842.666 489.510
843.221 500.731
843.775 515.522
844.329 527.940
844.884 534.658
845.438 538.901
845.992 537.489
846.547 538.733
847.101 560.409
847.656 596.305
848.210 628.816
848.764 655.308
849.319 678.099
849.873 697.876
850.428 718.079
850.982 745.387
851.536 778.815
852.091 817.846
852.645 860.939
853.200 884.680
853.754 878.414
854.308 864.016
854.863 866.950
855.417 886.788
855.971 921.930
856.526 973.746
857.080 1024.31
857.635 1071.41
858.189 1114.53
858.743 1153.52
859.298 1187.39
859.852 1211.42
860.407 1220.56
860.961 1255.97
861.515 1332.96
862.070 1401.55
862.624 1441.33
863.178 1478.75
863.733 1539.28
864.287 1616.99
864.842 1684.44
865.396 1731.15
865.950 1787.39
866.505 1857.11
867.059 1931.46
867.614 1997.38
868.168 2072.55
868.722 2188.91
869.277 2343.28
869.831 2466.72
870.385 2506.30
870.940 2571.32
871.494 2703.29
872.049 2854.60
872.603 2997.97
873.157 3134.48
873.712 3266.55
874.266 3393.84
874.821 3545.10
875.375 3745.97
875.929 3957.68
876.484 4157.07
877.038 4355.48
877.592 4565.44
878.147 4787.21
878.701 5015.99
879.256 5251.09
879.810 5490.66
880.364 5731.50
880.919 5978.32
881.473 6223.89
882.028 6482.85
882.582 6793.59
883.136 7149.13
883.691 7483.37
884.245 7745.02
884.799 7995.46
885.354 8313.35
885.908 8660.58
886.463 8955.14
887.017 9213.10
887.571 9510.21
888.126 9868.02
888.680 10247.1
889.235 10617.4
889.789 10978.4
890.343 11336.1
890.898 11684.2
891.452 11995.6
892.006 12268.5
892.561 12522.7
893.115 12767.5
893.670 12977.8
894.224 13115.5
894.778 13192.8
895.333 13258.3
895.887 13311.5
896.442 13345.6
896.996 13359.7
897.550 13338.7
898.105 13275.4
898.659 13161.7
899.214 12971.9
899.768 12707.8
900.322 12451.3
900.877 12207.3
901.431 11911.0
901.985 11538.3
902.540 11148.4
903.094 10790.4
903.649 10451.6
904.203 10090.2
904.757 9705.05
905.312 9313.82
905.866 8911.48
906.421 8524.53
906.975 8166.74
907.529 7808.50
908.084 7415.31
908.638 6996.15
909.192 6599.29
909.747 6218.96
910.301 5881.22
910.856 5604.04
911.410 5331.13
911.964 5030.82
912.519 4730.46
913.073 4470.90
913.628 4250.90
914.182 4029.45
914.736 3798.34
915.291 3584.18
915.845 3395.82
916.399 3220.27
916.954 3058.02
917.508 2893.48
918.063 2695.82
918.617 2455.71
919.171 2271.99
919.726 2174.23
920.280 2085.09
920.835 2014.69
921.389 1928.22
921.943 1777.04
922.498 1604.06
923.052 1506.74
923.606 1512.98
924.161 1478.43
924.715 1350.40
925.270 1236.27
925.824 1178.99
926.378 1133.59
926.933 1056.38
927.487 965.031
928.042 914.865
928.596 932.265
929.150 916.549
929.705 817.452
930.259 729.173
930.813 681.930
931.368 660.465
931.922 661.977
932.477 678.483
933.031 687.204
933.585 685.037
934.140 672.922
934.694 633.627
935.249 604.914
935.803 617.271
936.357 641.397
936.912 643.536
937.466 625.313
938.021 610.668
938.575 603.975
939.129 604.538
939.684 616.182
940.238 630.753
940.792 648.165
941.347 662.826
941.901 671.304
942.456 671.470
943.010 653.562
943.564 592.931
944.119 552.365
944.673 571.637
945.228 601.674
945.782 614.525
946.336 613.145
946.891 606.345
947.445 594.606
947.999 568.707
948.554 503.363
949.108 456.753
949.663 477.025
950.217 502.353
950.771 475.401
951.326 424.914
951.880 398.098
952.435 403.925
952.989 431.532
953.543 510.672
954.098 565.742
954.652 543.521
955.206 499.894
955.761 471.764
956.315 460.274
956.870 466.334
957.424 488.163
957.978 498.971
958.533 472.527
959.087 450.932
959.642 466.793
960.196 485.784
960.750 474.400
961.305 444.205
961.859 418.835
962.413 403.771
962.968 397.654
963.522 411.623
964.077 419.606
964.631 407.376
965.185 384.389
965.740 348.836
966.294 313.047
966.849 305.062
967.403 330.351
967.957 341.951
968.512 305.435
969.066 268.070
969.620 251.559
970.175 246.648
970.729 252.220
971.284 260.472
971.838 255.314
972.392 232.986
972.947 217.551
973.501 217.992
974.056 228.484
974.610 258.614
975.164 286.462
975.719 287.820
976.273 273.243
976.827 271.266
977.382 288.312
977.936 287.161
978.491 229.403
979.045 218.100
979.599 218.634
980.154 202.456
980.708 217.509
981.263 229.605
981.817 209.813
982.371 247.084
982.926 288.555
983.480 281.892
984.035 277.555
984.589 306.668
985.143 335.243
985.698 333.813
986.252 312.644
986.806 291.237
987.361 272.327
987.915 264.166
988.470 278.670
989.024 290.682
989.578 297.263
990.133 293.131
990.687 265.690
991.242 227.985
991.796 203.174
992.350 205.649
992.905 205.465
993.459 212.029
994.013 224.343
994.568 221.962
995.122 216.759
995.677 223.820
996.231 229.348
996.785 205.087
997.340 253.223
997.894 292.813
998.449 291.753
999.003 295.733
999.557 317.100
1000.11 340.093
1000.67 353.359
1001.22 364.553
1001.77 386.270
1002.33 419.188
1002.88 450.729
1003.44 477.938
1003.99 508.133
1004.55 550.529
1005.10 584.799
1005.66 596.323
1006.21 598.267
1006.76 605.816
1007.32 618.213
1007.87 642.962
1008.43 691.993
1008.98 730.646
1009.54 763.545
1010.09 772.557
1010.65 736.410
1011.20 689.575
1011.75 672.708
1012.31 683.882
1012.86 708.400
1013.42 758.879
1013.97 778.178
1014.53 757.768
1015.08 722.255
1015.63 673.512
1016.19 630.569
1016.74 617.106
1017.30 624.296
1017.85 607.954
1018.41 560.784
1018.96 538.244
1019.52 546.823
1020.07 559.109
1020.62 567.355
1021.18 569.144
1021.73 559.740
1022.29 546.937
1022.84 559.313
1023.40 597.024
1023.95 601.307
1024.50 569.148
1025.06 558.130
1025.61 585.528
1026.17 611.537
1026.72 605.735
1027.28 581.461
1027.83 559.563
1028.39 542.188
1028.94 547.339
1029.49 571.287
1030.05 585.805
1030.60 584.309
1031.16 563.659
1031.71 520.210
1032.27 477.167
1032.82 471.851
1033.37 490.353
1033.93 496.998
1034.48 496.396
1035.04 509.051
1035.59 532.884
1036.15 538.064
1036.70 510.481
1037.26 479.498
1037.81 478.928
1038.36 490.134
1038.92 487.647
1039.47 476.608
1040.03 467.827
1040.58 459.285
1041.14 438.441
1041.69 402.113
1042.25 369.282
1042.80 356.707
1043.35 349.319
1043.91 332.509
1044.46 315.236
1045.02 309.942
1045.57 311.043
1046.13 303.781
1046.68 288.511
1047.23 292.325
1047.79 349.707
1048.34 390.368
1048.90 357.581
1049.45 314.012
1050.01 310.846
1050.56 326.927
1051.12 330.957
1051.67 320.019
1052.22 302.459
1052.78 273.439
1053.33 255.848
1053.89 260.406
1054.44 269.041
1055.00 282.445
1055.55 287.745
1056.10 265.046
1056.66 224.177
1057.21 202.549
1057.77 206.612
1058.32 215.421
1058.88 232.312
1059.43 245.403
1059.99 253.942
1060.54 252.367
1061.09 232.187
1061.65 205.021
1062.20 206.267
1062.76 200.606
1063.31 203.858
1063.87 206.458
1064.42 210.741
1064.97 217.155
1065.53 228.020
1066.08 246.339
1066.64 262.629
1067.19 262.384
1067.75 250.567
1068.30 254.819
1068.86 274.193
1069.41 281.871
1069.96 275.973
1070.52 277.076
1071.07 292.628
1071.63 295.935
1072.18 256.889
1072.74 208.521
1073.29 225.383
1073.84 280.524
1074.40 293.687
1074.95 273.559
1075.51 266.091
1076.06 279.503
1076.62 291.620
1077.17 291.110
1077.73 277.541
1078.28 235.317
1078.83 206.880
1079.39 213.222
1079.94 203.752
1080.50 218.149
1081.05 235.137
1081.61 295.647
1082.16 416.512
1082.72 484.790
1083.27 387.512
1083.82 285.765
1084.38 275.481
1084.93 294.590
1085.49 291.258
1086.04 276.058
1086.60 276.092
1087.15 294.051
1087.70 307.598
1088.26 304.600
1088.81 308.797
1089.37 340.510
1089.92 359.896
1090.48 340.330
1091.03 310.188
1091.59 294.748
1092.14 292.503
1092.69 297.453
1093.25 313.633
1093.80 324.156
1094.36 330.059
1094.91 324.635
1095.47 298.215
1096.02 288.230
1096.57 326.910
1097.13 381.423
1097.68 388.130
1098.24 352.288
1098.79 325.840
1099.35 308.998
1099.90 304.515
1100.46 311.623
1101.01 330.149
1101.56 361.819
1102.12 383.188
1102.67 365.505
1103.23 331.881
1103.78 320.037
1104.34 325.879
1104.89 352.067
1105.44 391.044
1106.00 428.543
1106.55 457.532
1107.11 464.658
1107.66 442.020
1108.22 400.695
1108.77 326.504
1109.33 261.657
1109.88 244.402
1110.43 257.685
1110.99 296.970
1111.54 343.116
1112.10 348.609
1112.65 298.160
1113.21 260.221
1113.76 258.886
1114.32 267.889
1114.87 284.314
1115.42 302.042
1115.98 318.737
1116.53 333.920
1117.09 350.656
1117.64 366.580
1118.20 358.582
1118.75 309.543
1119.30 286.087
1119.86 302.578
1120.41 304.622
1120.97 269.015
1121.52 236.402
1122.08 240.438
1122.63 267.227
1123.19 290.756
1123.74 310.197
1124.29 318.681
1124.85 316.439
1125.40 296.878
1125.96 262.689
1126.51 252.817
1127.07 284.192
1127.62 317.173
1128.17 309.369
1128.73 284.894
1129.28 281.771
1129.84 285.787
1130.39 268.007
1130.95 238.814
1131.50 229.136
1132.06 241.566
1132.61 253.333
1133.16 254.452
1133.72 253.143
1134.27 250.630
1134.83 250.778
1135.38 254.660
1135.94 263.179
1136.49 289.078
1137.04 316.963
1137.60 301.303
1138.15 227.166
1138.71 210.194
1139.26 307.956
1139.82 356.794
1140.37 321.609
1140.93 271.978
1141.48 222.746
1142.03 202.166
1142.59 251.654
1143.14 339.721
1143.70 352.076
1144.25 288.429
1144.81 257.350
1145.36 258.898
1145.92 266.588
1146.47 275.517
1147.02 283.365
1147.58 289.238
1148.13 290.965
1148.69 281.374
1149.24 270.139
1149.80 275.006
1150.35 288.463
1150.90 298.462
1151.46 305.263
1152.01 316.395
1152.57 330.773
1153.12 331.455
1153.68 308.828
1154.23 275.656
1154.79 216.288
1155.34 225.555
1155.89 210.829
1156.45 221.163
1157.00 235.147
1157.56 234.465
1158.11 231.607
1158.67 226.369
1159.22 226.123
1159.77 232.915
1160.33 240.359
1160.88 249.390
1161.44 253.691
1161.99 248.647
1162.55 244.749
1163.10 254.052
1163.66 269.016
1164.21 271.863
1164.76 262.416
1165.32 228.135
1165.87 221.665
1166.43 225.063
1166.98 220.063
1167.54 251.093
1168.09 238.689
1168.64 212.391
1169.20 210.720
1169.75 221.112
1170.31 203.563
1170.86 233.073
1171.42 224.242
1171.97 202.068
1172.53 208.481
1173.08 208.909
1173.63 237.999
1174.19 289.039
1174.74 313.504
1175.30 281.426
1175.85 249.634
1176.41 227.899
1176.96 218.958
1177.52 230.445
1178.07 248.940
1178.62 252.894
1179.18 244.300
1179.73 242.078
1180.29 247.146
1180.84 244.765
1181.40 233.990
1181.95 219.097
1182.50 201.702
1183.06 201.305
1183.61 223.572
1184.17 255.917
1184.72 268.711
1185.28 271.573
1185.83 282.530
1186.39 292.698
1186.94 283.174
1187.49 259.946
1188.05 244.710
1188.60 242.199
1189.16 238.372
1189.71 224.532
1190.27 214.498
1190.82 207.139
1191.37 211.719
1191.93 252.565
1192.48 287.485
1193.04 274.394
1193.59 236.023
1194.15 221.001
1194.70 229.808
1195.26 222.925
1195.81 204.042
1196.36 212.140
1196.92 203.665
1197.47 219.009
1198.03 225.536
1198.58 229.545
1199.14 236.230
1199.69 242.818
1200.24 239.196
1200.80 233.061
1201.35 239.702
1201.91 253.235
1202.46 261.792
1203.02 267.357
1203.57 282.741
1204.13 309.431
1204.68 320.207
1205.23 289.675
1205.79 264.958
1206.34 264.658
1206.90 268.732
1207.45 269.582
1208.01 268.842
1208.56 264.645
1209.12 262.589
1209.67 277.428
1210.22 309.131
1210.78 318.175
1211.33 306.519
1211.89 306.801
1212.44 322.511
1213.00 322.151
1213.55 295.989
1214.10 283.023
1214.66 315.231
1215.21 364.161
1215.77 408.439
1216.32 430.693
1216.88 382.274
1217.43 309.729
1217.99 292.962
1218.54 317.820
1219.09 322.105
1219.65 296.817
1220.20 276.374
1220.76 276.492
1221.31 270.784
1221.87 237.906
1222.42 225.319
1222.97 264.480
1223.53 299.662
1224.08 286.871
1224.64 254.479
1225.19 254.191
1225.75 278.742
1226.30 281.221
1226.86 264.166
1227.41 254.749
1227.96 253.964
1228.52 248.364
1229.07 239.010
1229.63 258.370
1230.18 330.562
1230.74 387.329
1231.29 353.811
1231.84 299.122
1232.40 265.217
1232.95 246.134
1233.51 245.385
1234.06 249.032
1234.62 227.410
1235.17 215.628
1235.73 227.079
1236.28 203.505
1236.83 241.965
1237.39 298.039
1237.94 330.297
1238.50 326.136
1239.05 320.150
1239.61 331.398
1240.16 338.420
1240.72 312.997
1241.27 276.295
1241.82 277.080
1242.38 298.275
1242.93 306.136
1243.49 301.301
1244.04 284.106
1244.60 261.621
1245.15 249.831
1245.70 253.932
1246.26 255.136
1246.81 242.325
1247.37 229.921
1247.92 213.470
1248.48 211.385
1249.03 247.941
1249.59 281.090
1250.14 272.555
1250.69 226.439
1251.25 218.493
1251.80 233.540
1252.36 224.175
1252.91 205.510
1253.47 201.672
1254.02 243.791
1254.57 265.391
1255.13 254.115
1255.68 249.425
1256.24 278.167
1256.79 297.034
1257.35 257.192
1257.90 222.913
