1.0463E+02	0.0000E+00
1.0511E+02	6.2801E-01
1.0559E+02	2.5398E+00
1.0607E+02	5.4097E+00
1.0656E+02	7.1506E+00
1.0704E+02	5.9167E+00
1.0752E+02	4.2008E+00
1.0800E+02	4.5449E+00
1.0848E+02	7.5736E+00
1.0897E+02	1.1075E+01
1.0945E+02	1.5366E+01
1.0993E+02	1.8887E+01
1.1041E+02	2.0742E+01
1.1090E+02	2.1795E+01
1.1138E+02	2.3541E+01
1.1186E+02	2.5502E+01
1.1234E+02	2.3408E+01
1.1282E+02	1.8087E+01
1.1331E+02	1.4127E+01
1.1379E+02	1.3422E+01
1.1427E+02	1.6056E+01
1.1475E+02	1.6986E+01
1.1523E+02	1.7962E+01
1.1572E+02	1.6726E+01
1.1620E+02	1.4051E+01
1.1668E+02	1.1000E+01
1.1716E+02	7.7763E+00
1.1764E+02	4.2903E+00
1.1813E+02	1.3544E+00
1.1861E+02	9.7748E-01
1.1909E+02	2.4481E+00
1.1957E+02	2.4720E+00
1.2006E+02	6.1297E-01
1.2054E+02	1.9210E+00
1.2102E+02	3.5964E+00
1.2150E+02	4.6995E+00
1.2198E+02	3.9630E+00
1.2247E+02	1.0902E+00
1.2295E+02	7.1239E+00
1.2343E+02	1.0804E+01
1.2391E+02	1.0576E+01
1.2439E+02	7.9276E+00
1.2488E+02	6.6000E+00
1.2536E+02	8.1040E+00
1.2584E+02	8.2125E+00
1.2632E+02	5.6904E+00
1.2680E+02	1.5826E+00
1.2729E+02	2.6457E+00
1.2777E+02	5.9682E+00
1.2825E+02	9.3859E+00
1.2873E+02	1.6920E+01
1.2922E+02	3.2459E+01
1.2970E+02	4.7641E+01
1.3018E+02	5.9108E+01
1.3066E+02	6.9600E+01
1.3114E+02	8.2388E+01
1.3163E+02	9.9261E+01
1.3211E+02	1.2037E+02
1.3259E+02	1.4706E+02
1.3307E+02	1.8155E+02
1.3355E+02	2.1990E+02
1.3404E+02	2.6058E+02
1.3452E+02	3.0466E+02
1.3500E+02	3.5414E+02
1.3548E+02	4.1017E+02
1.3597E+02	4.7262E+02
1.3645E+02	5.3976E+02
1.3693E+02	6.0549E+02
1.3741E+02	6.8122E+02
1.3789E+02	7.7454E+02
1.3838E+02	8.8120E+02
1.3886E+02	9.9187E+02
1.3934E+02	1.0992E+03
1.3982E+02	1.2033E+03
1.4030E+02	1.3183E+03
1.4079E+02	1.4419E+03
1.4127E+02	1.5754E+03
1.4175E+02	1.7156E+03
1.4223E+02	1.8643E+03
1.4271E+02	2.0272E+03
1.4320E+02	2.2094E+03
1.4368E+02	2.4116E+03
1.4416E+02	2.6301E+03
1.4464E+02	2.8395E+03
1.4513E+02	3.0829E+03
1.4561E+02	3.3872E+03
1.4609E+02	3.7511E+03
1.4657E+02	4.1532E+03
1.4705E+02	4.5722E+03
1.4754E+02	5.0151E+03
1.4802E+02	5.5278E+03
1.4850E+02	6.1391E+03
1.4898E+02	6.7963E+03
1.4946E+02	7.5007E+03
1.4995E+02	8.2489E+03
1.5043E+02	8.9507E+03
1.5091E+02	9.5714E+03
1.5139E+02	1.0083E+04
1.5187E+02	1.0386E+04
1.5236E+02	1.0440E+04
1.5284E+02	1.0302E+04
1.5332E+02	1.0007E+04
1.5380E+02	9.5576E+03
1.5429E+02	8.9827E+03
1.5477E+02	8.2538E+03
1.5525E+02	7.3997E+03
1.5573E+02	6.5569E+03
1.5621E+02	5.7139E+03
1.5670E+02	4.9080E+03
1.5718E+02	4.1776E+03
1.5766E+02	3.5254E+03
1.5814E+02	2.9488E+03
1.5862E+02	2.4673E+03
1.5911E+02	2.0652E+03
1.5959E+02	1.7219E+03
1.6007E+02	1.4432E+03
1.6055E+02	1.2176E+03
1.6104E+02	1.0378E+03
1.6152E+02	9.0952E+02
1.6200E+02	8.0731E+02
1.6248E+02	7.2003E+02
1.6296E+02	6.4573E+02
1.6345E+02	5.8193E+02
1.6393E+02	5.3032E+02
1.6441E+02	4.8852E+02
1.6489E+02	4.5403E+02
1.6537E+02	4.2869E+02
1.6586E+02	4.0579E+02
1.6634E+02	3.8044E+02
1.6682E+02	3.5461E+02
1.6730E+02	3.3191E+02
1.6778E+02	3.1416E+02
1.6827E+02	3.0029E+02
1.6875E+02	2.8798E+02
1.6923E+02	2.7705E+02
1.6971E+02	2.6811E+02
1.7020E+02	2.6062E+02
1.7068E+02	2.5516E+02
1.7116E+02	2.5318E+02
1.7164E+02	2.5645E+02
1.7212E+02	2.6316E+02
1.7261E+02	2.6939E+02
1.7309E+02	2.7661E+02
1.7357E+02	2.8012E+02
1.7405E+02	2.7446E+02
1.7453E+02	2.6487E+02
1.7502E+02	2.5911E+02
1.7550E+02	2.6156E+02
1.7598E+02	2.6979E+02
1.7646E+02	2.7740E+02
1.7694E+02	2.8443E+02
1.7743E+02	2.9088E+02
1.7791E+02	2.9530E+02
1.7839E+02	2.9964E+02
1.7887E+02	3.0653E+02
1.7936E+02	3.1765E+02
1.7984E+02	3.3197E+02
1.8032E+02	3.4679E+02
1.8080E+02	3.6281E+02
1.8128E+02	3.7750E+02
1.8177E+02	3.8861E+02
1.8225E+02	3.9892E+02
1.8273E+02	4.1175E+02
1.8321E+02	4.2889E+02
1.8369E+02	4.4914E+02
1.8418E+02	4.7032E+02
1.8466E+02	4.9863E+02
1.8514E+02	5.1569E+02
1.8562E+02	5.1596E+02
1.8611E+02	5.0473E+02
1.8659E+02	4.8800E+02
1.8707E+02	4.6850E+02
1.8755E+02	4.4507E+02
1.8803E+02	4.1246E+02
1.8852E+02	3.6184E+02
1.8900E+02	3.1792E+02
1.8948E+02	2.8804E+02
1.8996E+02	2.6579E+02
1.9044E+02	2.4411E+02
1.9093E+02	2.1994E+02
1.9141E+02	1.9570E+02
1.9189E+02	1.7716E+02
1.9237E+02	1.6542E+02
1.9285E+02	1.5816E+02
1.9334E+02	1.5665E+02
1.9382E+02	1.5773E+02
1.9430E+02	1.5772E+02
1.9478E+02	1.5508E+02
1.9527E+02	1.5259E+02
1.9575E+02	1.5611E+02
1.9623E+02	1.6663E+02
1.9671E+02	1.8214E+02
1.9719E+02	2.0052E+02
1.9768E+02	2.2367E+02
1.9816E+02	2.5119E+02
1.9864E+02	2.8330E+02
1.9912E+02	3.2416E+02
1.9960E+02	3.8165E+02
2.0009E+02	4.5847E+02
2.0057E+02	5.4911E+02
2.0105E+02	6.3981E+02
2.0153E+02	7.4886E+02
2.0202E+02	8.9503E+02
2.0250E+02	1.0824E+03
2.0298E+02	1.2908E+03
2.0346E+02	1.4896E+03
2.0394E+02	1.6774E+03
2.0443E+02	1.8570E+03
2.0491E+02	2.0272E+03
2.0539E+02	2.1925E+03
2.0587E+02	2.3518E+03
2.0635E+02	2.5067E+03
2.0684E+02	2.6649E+03
2.0732E+02	2.8376E+03
2.0780E+02	3.0230E+03
2.0828E+02	3.2259E+03
2.0876E+02	3.4354E+03
2.0925E+02	3.6681E+03
2.0973E+02	3.9196E+03
2.1021E+02	4.1963E+03
2.1069E+02	4.5247E+03
2.1118E+02	4.9295E+03
2.1166E+02	5.3988E+03
2.1214E+02	5.9889E+03
2.1262E+02	6.7053E+03
2.1310E+02	7.5224E+03
2.1359E+02	8.4133E+03
2.1407E+02	9.3860E+03
2.1455E+02	1.0475E+04
2.1503E+02	1.1693E+04
2.1551E+02	1.3014E+04
2.1600E+02	1.4643E+04
2.1648E+02	1.6696E+04
2.1696E+02	1.8952E+04
2.1744E+02	2.1809E+04
2.1792E+02	2.4889E+04
2.1841E+02	2.7356E+04
2.1889E+02	2.8595E+04
2.1937E+02	2.8610E+04
2.1985E+02	2.7206E+04
2.2034E+02	2.3015E+04
2.2082E+02	1.8646E+04
2.2130E+02	1.4395E+04
2.2178E+02	1.0505E+04
2.2226E+02	7.2766E+03
2.2275E+02	4.9641E+03
2.2323E+02	3.5028E+03
2.2371E+02	2.3941E+03
2.2419E+02	1.8546E+03
2.2467E+02	1.4684E+03
2.2516E+02	1.2025E+03
2.2564E+02	1.0220E+03
2.2612E+02	8.9337E+02
2.2660E+02	8.0074E+02
2.2709E+02	7.3902E+02
2.2757E+02	6.8723E+02
2.2805E+02	6.4707E+02
2.2853E+02	6.1590E+02
2.2901E+02	5.9461E+02
2.2950E+02	5.8090E+02
2.2998E+02	5.7261E+02
2.3046E+02	5.6883E+02
2.3094E+02	5.6933E+02
2.3142E+02	5.7382E+02
2.3191E+02	5.8432E+02
2.3239E+02	5.9569E+02
2.3287E+02	6.0867E+02
2.3335E+02	6.2131E+02
2.3383E+02	6.3170E+02
2.3432E+02	6.3922E+02
2.3480E+02	6.4547E+02
2.3528E+02	6.5354E+02
2.3576E+02	6.6545E+02
2.3625E+02	6.7424E+02
2.3673E+02	6.8236E+02
2.3721E+02	6.8568E+02
2.3769E+02	6.7798E+02
2.3817E+02	6.5957E+02
2.3866E+02	6.4027E+02
2.3914E+02	6.3365E+02
2.3962E+02	6.4437E+02
2.4010E+02	6.5056E+02
2.4058E+02	6.3828E+02
2.4107E+02	6.3212E+02
2.4155E+02	6.4502E+02
2.4203E+02	6.7673E+02
2.4251E+02	7.1830E+02
2.4299E+02	7.6221E+02
2.4348E+02	8.0852E+02
2.4396E+02	8.5743E+02
2.4444E+02	9.1406E+02
2.4492E+02	9.6892E+02
2.4541E+02	1.0200E+03
2.4589E+02	1.0666E+03
2.4637E+02	1.1084E+03
2.4685E+02	1.1488E+03
2.4733E+02	1.1856E+03
2.4782E+02	1.1996E+03
2.4830E+02	1.1916E+03
2.4878E+02	1.1556E+03
2.4926E+02	1.0867E+03
2.4974E+02	9.9212E+02
2.5023E+02	8.8167E+02
2.5071E+02	7.5586E+02
2.5119E+02	6.2177E+02
2.5167E+02	4.9713E+02
2.5216E+02	3.7639E+02
2.5264E+02	2.7732E+02
2.5312E+02	2.0900E+02
2.5360E+02	1.6100E+02
2.5408E+02	1.2442E+02
2.5457E+02	9.7087E+01
2.5505E+02	7.6087E+01
2.5553E+02	5.6586E+01
2.5601E+02	3.8047E+01
2.5649E+02	2.3342E+01
2.5698E+02	1.5390E+01
2.5746E+02	1.0525E+01
2.5794E+02	6.5044E+00
2.5842E+02	2.8986E+00
2.5890E+02	1.4340E-01
2.5939E+02	2.5786E+00
2.5987E+02	4.4236E+00
2.6035E+02	5.2180E+00
2.6083E+02	3.1557E+00
2.6132E+02	1.6007E+00
2.6180E+02	3.5220E+00
2.6228E+02	8.7908E+00
2.6276E+02	1.4045E+01
2.6324E+02	1.7361E+01
2.6373E+02	1.8780E+01
2.6421E+02	1.8235E+01
2.6469E+02	1.4669E+01
2.6517E+02	1.0702E+01
2.6565E+02	8.1367E+00
2.6614E+02	6.7267E+00
2.6662E+02	5.7647E+00
2.6710E+02	4.9815E+00
2.6758E+02	4.4078E+00
2.6807E+02	4.2047E+00
2.6855E+02	4.5064E+00
2.6903E+02	4.7473E+00
2.6951E+02	4.1287E+00
2.6999E+02	3.2083E+00
2.7048E+02	3.0103E+00
2.7096E+02	3.9553E+00
2.7144E+02	5.6076E+00
2.7192E+02	8.2139E+00
2.7240E+02	1.1854E+01
2.7289E+02	1.3606E+01
2.7337E+02	1.1054E+01
2.7385E+02	6.0201E+00
2.7433E+02	2.0789E+00
2.7481E+02	7.6604E-01
2.7530E+02	2.0377E+00
2.7578E+02	1.4083E-01
2.7626E+02	3.9530E+00
2.7674E+02	6.0572E+00
2.7723E+02	4.0161E+00
2.7771E+02	9.9426E-02
2.7819E+02	2.0329E+00
2.7867E+02	2.4316E+00
2.7915E+02	1.0904E+00
2.7964E+02	3.7487E+00
2.8012E+02	9.8650E+00
2.8060E+02	1.3647E+01
2.8108E+02	1.4381E+01
2.8156E+02	1.2585E+01
2.8205E+02	7.4975E+00
2.8253E+02	1.5573E+00
2.8301E+02	7.3743E+00
2.8349E+02	6.2290E+00
2.8397E+02	2.8335E+00
2.8446E+02	1.5014E+00
2.8494E+02	2.7660E+00
2.8542E+02	5.0939E+00
2.8590E+02	6.9609E+00
2.8639E+02	8.2189E+00
2.8687E+02	1.0354E+01
2.8735E+02	1.5001E+01
2.8783E+02	1.9112E+01
2.8831E+02	2.0880E+01
2.8880E+02	2.0811E+01
2.8928E+02	2.0354E+01
2.8976E+02	2.0226E+01
2.9024E+02	2.0368E+01
2.9072E+02	2.0675E+01
2.9121E+02	2.0057E+01
2.9169E+02	2.0957E+01
2.9217E+02	2.5440E+01
2.9265E+02	3.1233E+01
2.9314E+02	3.5027E+01
2.9362E+02	3.5448E+01
2.9410E+02	3.4262E+01
2.9458E+02	3.4858E+01
2.9506E+02	3.8722E+01
2.9555E+02	4.2191E+01
2.9603E+02	4.5433E+01
2.9651E+02	4.8190E+01
2.9699E+02	4.9822E+01
2.9747E+02	5.0343E+01
2.9796E+02	5.0753E+01
2.9844E+02	5.2291E+01
2.9892E+02	5.5394E+01
2.9940E+02	5.6865E+01
2.9988E+02	5.4671E+01
3.0037E+02	5.2998E+01
3.0085E+02	5.3672E+01
3.0133E+02	5.5924E+01
3.0181E+02	5.8046E+01
3.0230E+02	5.9018E+01
3.0278E+02	5.9063E+01
3.0326E+02	5.8315E+01
3.0374E+02	5.5448E+01
3.0422E+02	5.3448E+01
3.0471E+02	5.3314E+01
3.0519E+02	5.4214E+01
3.0567E+02	5.5504E+01
3.0615E+02	5.6982E+01
3.0663E+02	5.8075E+01
3.0712E+02	5.7648E+01
3.0760E+02	5.5261E+01
3.0808E+02	5.3006E+01
3.0856E+02	5.0594E+01
3.0904E+02	4.8912E+01
3.0953E+02	4.8874E+01
3.1001E+02	5.0437E+01
3.1049E+02	5.2371E+01
3.1097E+02	5.3752E+01
3.1146E+02	5.4605E+01
3.1194E+02	5.5036E+01
3.1242E+02	5.4396E+01
3.1290E+02	5.4326E+01
3.1338E+02	5.6329E+01
3.1387E+02	5.9675E+01
3.1435E+02	6.2455E+01
3.1483E+02	6.4020E+01
3.1531E+02	6.4404E+01
3.1579E+02	6.2932E+01
3.1628E+02	5.9049E+01
3.1676E+02	5.6637E+01
3.1724E+02	5.9453E+01
3.1772E+02	6.4506E+01
3.1821E+02	6.6775E+01
3.1869E+02	6.4795E+01
3.1917E+02	6.1690E+01
3.1965E+02	5.9284E+01
3.2013E+02	5.7391E+01
3.2062E+02	5.6052E+01
3.2110E+02	5.5988E+01
3.2158E+02	5.5703E+01
3.2206E+02	5.1767E+01
3.2254E+02	4.3388E+01
3.2303E+02	3.7960E+01
3.2351E+02	3.9962E+01
3.2399E+02	4.4882E+01
3.2447E+02	4.6795E+01
3.2495E+02	4.4714E+01
3.2544E+02	4.1432E+01
3.2592E+02	3.9601E+01
3.2640E+02	3.9389E+01
3.2688E+02	3.8286E+01
3.2737E+02	3.5006E+01
3.2785E+02	3.2129E+01
3.2833E+02	3.1798E+01
3.2881E+02	3.3105E+01
3.2929E+02	3.3323E+01
3.2978E+02	3.0742E+01
3.3026E+02	2.5875E+01
3.3074E+02	2.1477E+01
3.3122E+02	1.7067E+01
3.3170E+02	1.4414E+01
3.3219E+02	1.4555E+01
3.3267E+02	1.5977E+01
3.3315E+02	1.7372E+01
3.3363E+02	1.8139E+01
3.3412E+02	1.7843E+01
3.3460E+02	1.5862E+01
3.3508E+02	1.1194E+01
3.3556E+02	8.5728E+00
3.3604E+02	9.3900E+00
3.3653E+02	1.0502E+01
3.3701E+02	1.0197E+01
3.3749E+02	8.4514E+00
3.3797E+02	6.3548E+00
3.3845E+02	5.1138E+00
3.3894E+02	4.6910E+00
3.3942E+02	3.1563E+00
3.3990E+02	1.0432E+00
3.4038E+02	3.2838E+00
3.4086E+02	1.0728E+00
3.4135E+02	2.5616E+00
3.4183E+02	3.6839E+00
3.4231E+02	6.3371E-01
3.4279E+02	3.8406E+00
3.4328E+02	5.5931E+00
3.4376E+02	4.2169E+00
3.4424E+02	3.3470E+00
3.4472E+02	4.2661E+00
3.4520E+02	5.6442E+00
3.4569E+02	6.5718E+00
3.4617E+02	6.9898E+00
3.4665E+02	7.0108E+00
3.4713E+02	6.4675E+00
3.4761E+02	5.5852E+00
3.4810E+02	4.9018E+00
3.4858E+02	4.3817E+00
3.4906E+02	4.3523E+00
3.4954E+02	6.0088E+00
3.5002E+02	8.4862E+00
3.5051E+02	9.0186E+00
3.5099E+02	4.9711E+00
3.5147E+02	5.0205E-01
3.5195E+02	9.1248E-01
3.5244E+02	3.2917E-01
3.5292E+02	2.2670E+00
3.5340E+02	4.3471E+00
3.5388E+02	6.1362E+00
3.5436E+02	6.2680E+00
3.5485E+02	4.0905E+00
3.5533E+02	2.0535E+00
3.5581E+02	4.9954E-01
3.5629E+02	5.4303E-01
3.5677E+02	7.3071E-01
3.5726E+02	7.0335E-02
3.5774E+02	5.1167E-01
3.5822E+02	2.3093E-01
3.5870E+02	2.8910E+00
3.5919E+02	3.4229E+00
3.5967E+02	4.2269E-01
3.6015E+02	3.8426E+00
3.6063E+02	4.4718E+00
3.6111E+02	2.9949E+00
3.6160E+02	1.2142E+00
3.6208E+02	1.8732E-01
3.6256E+02	3.8805E-01
3.6304E+02	1.6818E+00
3.6352E+02	4.4736E+00
3.6401E+02	6.7276E+00
3.6449E+02	8.3746E+00
3.6497E+02	9.3530E+00
3.6545E+02	9.1081E+00
3.6593E+02	7.7240E+00
3.6642E+02	6.6846E+00
3.6690E+02	8.1008E+00
3.6738E+02	1.2205E+01
3.6786E+02	1.5164E+01
3.6835E+02	1.6909E+01
3.6883E+02	1.7269E+01
3.6931E+02	1.5198E+01
3.6979E+02	1.1795E+01
3.7027E+02	9.6941E+00
3.7076E+02	1.0652E+01
3.7124E+02	1.3181E+01
3.7172E+02	1.5280E+01
3.7220E+02	1.7085E+01
3.7268E+02	1.6868E+01
3.7317E+02	1.1474E+01
3.7365E+02	5.1707E+00
3.7413E+02	5.0195E+00
3.7461E+02	1.3233E+01
3.7509E+02	2.0370E+01
3.7558E+02	1.9818E+01
3.7606E+02	1.4992E+01
3.7654E+02	1.2941E+01
3.7702E+02	1.5314E+01
3.7751E+02	1.8782E+01
3.7799E+02	1.9792E+01
3.7847E+02	1.8002E+01
3.7895E+02	1.7775E+01
3.7943E+02	2.1081E+01
3.7992E+02	2.4233E+01
3.8040E+02	2.4517E+01
3.8088E+02	2.2755E+01
3.8136E+02	2.1440E+01
3.8184E+02	2.1931E+01
3.8233E+02	2.3752E+01
3.8281E+02	2.5528E+01
3.8329E+02	2.8314E+01
3.8377E+02	2.9521E+01
3.8426E+02	2.6747E+01
3.8474E+02	2.3916E+01
3.8522E+02	2.5269E+01
3.8570E+02	3.0827E+01
3.8618E+02	3.6280E+01
3.8667E+02	3.6743E+01
3.8715E+02	3.1879E+01
3.8763E+02	2.8473E+01
3.8811E+02	2.8133E+01
3.8859E+02	2.7327E+01
3.8908E+02	2.3627E+01
3.8956E+02	1.9014E+01
3.9004E+02	1.6965E+01
3.9052E+02	1.9430E+01
3.9100E+02	2.3656E+01
3.9149E+02	2.5233E+01
3.9197E+02	2.3881E+01
3.9245E+02	2.2274E+01
3.9293E+02	2.0867E+01
3.9342E+02	1.9573E+01
3.9390E+02	1.8063E+01
3.9438E+02	1.6361E+01
3.9486E+02	1.5730E+01
3.9534E+02	1.8436E+01
3.9583E+02	2.2007E+01
3.9631E+02	2.1629E+01
3.9679E+02	1.6698E+01
3.9727E+02	1.1813E+01
3.9775E+02	1.0092E+01
3.9824E+02	1.1101E+01
3.9872E+02	1.1742E+01
3.9920E+02	1.0959E+01
3.9968E+02	1.0967E+01
4.0016E+02	1.3445E+01
4.0065E+02	1.6764E+01
4.0113E+02	1.8133E+01
4.0161E+02	1.6772E+01
4.0209E+02	1.5036E+01
4.0258E+02	1.6460E+01
4.0306E+02	2.2296E+01
4.0354E+02	2.7505E+01
4.0402E+02	3.2382E+01
4.0450E+02	3.6601E+01
4.0499E+02	3.9558E+01
4.0547E+02	4.1772E+01
4.0595E+02	4.4452E+01
4.0643E+02	4.8482E+01
4.0691E+02	5.3238E+01
4.0740E+02	5.5871E+01
4.0788E+02	5.3336E+01
4.0836E+02	5.5058E+01
4.0884E+02	6.6807E+01
4.0933E+02	8.1054E+01
4.0981E+02	9.1481E+01
4.1029E+02	9.7097E+01
4.1077E+02	1.0182E+02
4.1125E+02	1.0921E+02
4.1174E+02	1.1872E+02
4.1222E+02	1.2730E+02
4.1270E+02	1.3495E+02
4.1318E+02	1.4158E+02
4.1366E+02	1.4400E+02
4.1415E+02	1.4552E+02
4.1463E+02	1.5347E+02
4.1511E+02	1.7296E+02
4.1559E+02	1.9468E+02
4.1607E+02	2.1121E+02
4.1656E+02	2.2442E+02
4.1704E+02	2.4067E+02
4.1752E+02	2.6256E+02
4.1800E+02	2.8592E+02
4.1849E+02	3.0441E+02
4.1897E+02	3.1564E+02
4.1945E+02	3.3082E+02
4.1993E+02	3.5235E+02
4.2041E+02	3.7600E+02
4.2090E+02	4.0048E+02
4.2138E+02	4.2479E+02
4.2186E+02	4.4655E+02
4.2234E+02	4.6392E+02
4.2282E+02	4.7854E+02
4.2331E+02	4.9739E+02
4.2379E+02	5.2162E+02
4.2427E+02	5.4876E+02
4.2475E+02	5.8201E+02
4.2524E+02	6.1550E+02
4.2572E+02	6.4272E+02
4.2620E+02	6.6374E+02
4.2668E+02	6.8569E+02
4.2716E+02	7.1777E+02
4.2765E+02	7.5884E+02
4.2813E+02	7.9154E+02
4.2861E+02	8.1253E+02
4.2909E+02	8.3140E+02
4.2957E+02	8.5249E+02
4.3006E+02	8.7497E+02
4.3054E+02	8.9826E+02
4.3102E+02	9.2404E+02
4.3150E+02	9.4668E+02
4.3198E+02	9.5683E+02
4.3247E+02	9.5914E+02
4.3295E+02	9.7214E+02
4.3343E+02	1.0027E+03
4.3391E+02	1.0376E+03
4.3440E+02	1.0607E+03
4.3488E+02	1.0702E+03
4.3536E+02	1.0834E+03
4.3584E+02	1.1092E+03
4.3632E+02	1.1317E+03
4.3681E+02	1.1415E+03
4.3729E+02	1.1402E+03
4.3777E+02	1.1359E+03
4.3825E+02	1.1336E+03
4.3873E+02	1.1257E+03
4.3922E+02	1.0929E+03
4.3970E+02	1.0241E+03
4.4018E+02	9.4862E+02
4.4066E+02	8.6515E+02
4.4114E+02	7.7717E+02
4.4163E+02	6.8277E+02
4.4211E+02	5.8507E+02
4.4259E+02	4.9198E+02
4.4307E+02	4.0919E+02
4.4356E+02	3.3631E+02
4.4404E+02	2.7095E+02
4.4452E+02	2.1107E+02
4.4500E+02	1.6447E+02
4.4548E+02	1.4226E+02
4.4597E+02	1.3073E+02
4.4645E+02	1.1641E+02
4.4693E+02	9.6911E+01
4.4741E+02	8.1268E+01
4.4789E+02	7.5203E+01
4.4838E+02	7.6900E+01
4.4886E+02	8.3005E+01
4.4934E+02	9.3176E+01
4.4982E+02	1.0687E+02
4.5031E+02	1.2401E+02
4.5079E+02	1.4461E+02
4.5127E+02	1.6712E+02
4.5175E+02	1.8742E+02
4.5223E+02	2.1394E+02
4.5272E+02	2.5153E+02
4.5320E+02	2.9636E+02
4.5368E+02	3.4106E+02
4.5416E+02	3.8413E+02
4.5464E+02	4.3289E+02
4.5513E+02	4.9642E+02
4.5561E+02	5.7498E+02
4.5609E+02	6.6631E+02
4.5657E+02	7.7254E+02
4.5705E+02	8.8951E+02
4.5754E+02	1.0130E+03
4.5802E+02	1.1474E+03
4.5850E+02	1.3001E+03
4.5898E+02	1.4746E+03
4.5947E+02	1.6668E+03
4.5995E+02	1.8760E+03
4.6043E+02	2.1015E+03
4.6091E+02	2.3298E+03
4.6139E+02	2.5565E+03
4.6188E+02	2.7880E+03
4.6236E+02	3.0285E+03
4.6284E+02	3.2780E+03
4.6332E+02	3.5432E+03
4.6380E+02	3.8193E+03
4.6429E+02	4.1183E+03
4.6477E+02	4.4407E+03
4.6525E+02	4.7923E+03
4.6573E+02	5.1953E+03
4.6621E+02	5.6602E+03
4.6670E+02	6.1782E+03
4.6718E+02	6.7233E+03
4.6766E+02	7.2888E+03
4.6814E+02	7.9068E+03
4.6863E+02	8.5750E+03
4.6911E+02	9.2968E+03
4.6959E+02	1.0102E+04
4.7007E+02	1.0961E+04
4.7055E+02	1.1816E+04
4.7104E+02	1.2652E+04
4.7152E+02	1.3409E+04
4.7200E+02	1.3960E+04
4.7248E+02	1.4354E+04
4.7296E+02	1.4388E+04
4.7345E+02	1.3908E+04
4.7393E+02	1.3112E+04
4.7441E+02	1.2020E+04
4.7489E+02	1.0673E+04
4.7538E+02	9.2883E+03
4.7586E+02	7.9162E+03
4.7634E+02	6.6197E+03
4.7682E+02	5.4960E+03
4.7730E+02	4.5503E+03
4.7779E+02	3.7590E+03
4.7827E+02	3.1245E+03
4.7875E+02	2.6275E+03
4.7923E+02	2.2294E+03
4.7971E+02	1.9485E+03
4.8020E+02	1.7050E+03
4.8068E+02	1.4876E+03
4.8116E+02	1.2985E+03
4.8164E+02	1.1447E+03
4.8212E+02	1.0227E+03
4.8261E+02	9.1856E+02
4.8309E+02	8.2156E+02
4.8357E+02	7.3286E+02
4.8405E+02	6.5717E+02
4.8454E+02	5.9849E+02
4.8502E+02	5.4704E+02
4.8550E+02	5.0302E+02
4.8598E+02	4.6347E+02
4.8646E+02	4.2691E+02
4.8695E+02	3.9276E+02
4.8743E+02	3.6066E+02
4.8791E+02	3.2991E+02
4.8839E+02	3.0094E+02
4.8887E+02	2.7487E+02
4.8936E+02	2.5164E+02
4.8984E+02	2.3207E+02
4.9032E+02	2.1853E+02
4.9080E+02	2.0814E+02
4.9129E+02	1.9480E+02
4.9177E+02	1.7744E+02
4.9225E+02	1.6014E+02
4.9273E+02	1.4240E+02
4.9321E+02	1.2663E+02
4.9370E+02	1.1622E+02
4.9418E+02	1.1114E+02
4.9466E+02	1.0854E+02
4.9514E+02	1.0681E+02
4.9562E+02	1.0537E+02
4.9611E+02	1.0021E+02
4.9659E+02	8.7364E+01
4.9707E+02	7.6310E+01
4.9755E+02	6.8223E+01
4.9803E+02	6.1986E+01
4.9852E+02	5.7195E+01
4.9900E+02	5.3504E+01
4.9948E+02	4.9972E+01
4.9996E+02	4.5962E+01
5.0045E+02	4.1493E+01
5.0093E+02	3.6340E+01
5.0141E+02	3.0083E+01
5.0189E+02	2.4845E+01
5.0237E+02	2.2105E+01
5.0286E+02	2.0623E+01
5.0334E+02	1.8112E+01
5.0382E+02	1.3963E+01
5.0430E+02	1.1157E+01
5.0478E+02	1.2915E+01
5.0527E+02	1.5440E+01
5.0575E+02	1.3485E+01
5.0623E+02	7.2105E+00
5.0671E+02	1.2297E+00
5.0719E+02	1.3401E+00
5.0768E+02	1.2104E+00
5.0816E+02	1.5662E+00
5.0864E+02	3.9036E+00
5.0912E+02	4.4275E+00
5.0961E+02	6.1832E-01
5.1009E+02	3.2160E+00
5.1057E+02	3.5102E+00
5.1105E+02	6.0635E-01
5.1153E+02	2.4657E+00
5.1202E+02	3.7426E+00
5.1250E+02	3.7247E+00
5.1298E+02	3.7288E+00
5.1346E+02	3.7697E+00
5.1394E+02	3.0100E+00
5.1443E+02	2.6867E-01
5.1491E+02	2.3728E+00
5.1539E+02	1.8785E+00
5.1587E+02	2.0132E+00
5.1636E+02	4.9012E+00
5.1684E+02	4.9666E+00
5.1732E+02	3.8342E+00
5.1780E+02	2.8603E+00
5.1828E+02	2.0718E+00
5.1877E+02	9.8229E-01
5.1925E+02	7.4062E-01
5.1973E+02	2.5926E+00
5.2021E+02	3.4158E+00
5.2069E+02	3.1012E+00
5.2118E+02	2.1093E+00
5.2166E+02	9.6841E-01
5.2214E+02	3.7020E+00
5.2262E+02	4.4320E+00
5.2310E+02	3.6699E+00
5.2359E+02	2.9180E+00
5.2407E+02	2.9755E+00
5.2455E+02	3.3951E+00
5.2503E+02	3.5286E+00
5.2552E+02	3.3257E+00
5.2600E+02	2.6348E+00
5.2648E+02	1.2380E+00
5.2696E+02	2.2222E-01
5.2744E+02	1.5512E+00
5.2793E+02	2.6748E+00
5.2841E+02	1.9063E+00
5.2889E+02	3.2651E+00
5.2937E+02	8.1383E+00
5.2985E+02	9.8670E+00
5.3034E+02	9.3400E+00
5.3082E+02	8.2860E+00
5.3130E+02	7.2816E+00
5.3178E+02	6.0211E+00
5.3227E+02	3.9414E+00
5.3275E+02	6.3740E-01
5.3323E+02	1.5083E+00
5.3371E+02	2.9980E+00
5.3419E+02	2.6634E+00
5.3468E+02	1.7836E+00
5.3516E+02	7.5642E+00
5.3564E+02	1.0955E+01
5.3612E+02	1.0826E+01
5.3660E+02	8.9246E+00
5.3709E+02	6.8928E+00
5.3757E+02	4.3971E+00
5.3805E+02	5.2628E-01
5.3853E+02	8.6127E+00
5.3901E+02	1.5016E+01
5.3950E+02	1.5585E+01
5.3998E+02	1.1605E+01
5.4046E+02	9.6446E+00
5.4094E+02	1.0394E+01
5.4143E+02	1.1958E+01
5.4191E+02	1.4887E+01
5.4239E+02	1.7880E+01
5.4287E+02	1.9739E+01
5.4335E+02	2.0323E+01
5.4384E+02	2.0033E+01
5.4432E+02	1.9042E+01
5.4480E+02	1.7650E+01
5.4528E+02	1.7169E+01
5.4576E+02	1.7921E+01
5.4625E+02	1.8689E+01
5.4673E+02	1.8676E+01
5.4721E+02	1.8958E+01
5.4769E+02	2.1038E+01
5.4817E+02	2.4665E+01
5.4866E+02	2.6884E+01
5.4914E+02	2.5010E+01
5.4962E+02	2.2061E+01
5.5010E+02	2.1738E+01
5.5059E+02	2.3428E+01
5.5107E+02	2.3955E+01
5.5155E+02	2.1849E+01
5.5203E+02	1.9073E+01
5.5251E+02	1.9045E+01
5.5300E+02	2.3385E+01
5.5348E+02	2.4938E+01
5.5396E+02	2.1685E+01
5.5444E+02	1.8230E+01
5.5492E+02	1.6593E+01
5.5541E+02	1.5917E+01
5.5589E+02	1.4589E+01
5.5637E+02	1.1988E+01
5.5685E+02	9.1828E+00
5.5734E+02	7.2796E+00
5.5782E+02	6.2677E+00
5.5830E+02	6.3300E+00
5.5878E+02	7.9386E+00
5.5926E+02	9.1653E+00
5.5975E+02	8.4810E+00
5.6023E+02	6.4465E+00
5.6071E+02	5.0002E+00
5.6119E+02	4.4371E+00
5.6167E+02	3.9593E+00
5.6216E+02	3.0107E+00
5.6264E+02	2.2119E+00
5.6312E+02	2.3568E+00
5.6360E+02	3.4005E+00
5.6408E+02	4.5892E+00
5.6457E+02	5.3406E+00
5.6505E+02	5.8597E+00
5.6553E+02	7.2809E+00
5.6601E+02	1.0526E+01
5.6650E+02	1.2265E+01
5.6698E+02	1.1156E+01
5.6746E+02	9.1091E+00
5.6794E+02	6.3543E+00
5.6842E+02	3.3501E+00
5.6891E+02	1.8319E+00
5.6939E+02	3.8803E+00
5.6987E+02	6.4293E+00
5.7035E+02	5.7130E+00
5.7083E+02	2.8131E+00
5.7132E+02	1.6246E+00
5.7180E+02	3.4697E+00
5.7228E+02	6.3125E+00
5.7276E+02	7.6017E+00
5.7324E+02	7.1477E+00
5.7373E+02	6.8112E+00
5.7421E+02	6.6407E+00
5.7469E+02	6.5004E+00
5.7517E+02	6.4329E+00
5.7566E+02	6.3740E+00
5.7614E+02	6.5076E+00
5.7662E+02	6.7825E+00
5.7710E+02	6.3765E+00
5.7758E+02	3.5713E+00
5.7807E+02	5.3906E-01
5.7855E+02	2.0035E+00
5.7903E+02	5.4176E-01
5.7951E+02	1.5991E+00
5.7999E+02	3.6889E+00
5.8048E+02	5.6016E+00
5.8096E+02	7.1861E+00
5.8144E+02	8.8305E+00
5.8192E+02	8.8236E+00
5.8241E+02	4.4943E+00
5.8289E+02	6.0799E-01
5.8337E+02	9.7721E-01
5.8385E+02	4.2838E+00
5.8433E+02	7.4210E+00
5.8482E+02	8.9495E+00
5.8530E+02	9.2876E+00
5.8578E+02	8.6919E+00
5.8626E+02	6.9782E+00
5.8674E+02	6.5700E+00
5.8723E+02	8.8135E+00
5.8771E+02	1.0334E+01
5.8819E+02	7.7790E+00
5.8867E+02	3.7200E+00
5.8915E+02	2.7544E+00
5.8964E+02	7.0452E+00
5.9012E+02	1.0383E+01
5.9060E+02	8.3088E+00
5.9108E+02	4.3825E+00
5.9157E+02	3.2407E+00
5.9205E+02	5.0490E+00
5.9253E+02	7.4151E+00
5.9301E+02	8.8376E+00
5.9349E+02	9.3932E+00
5.9398E+02	9.1233E+00
5.9446E+02	7.7422E+00
5.9494E+02	6.5672E+00
5.9542E+02	5.8845E+00
5.9590E+02	5.4264E+00
5.9639E+02	4.4923E+00
5.9687E+02	3.4019E+00
5.9735E+02	3.2787E+00
5.9783E+02	5.0980E+00
5.9831E+02	6.9140E+00
5.9880E+02	6.6449E+00
5.9928E+02	5.0284E+00
5.9976E+02	3.6868E+00
6.0024E+02	2.9242E+00
6.0073E+02	3.4259E+00
6.0121E+02	6.1068E+00
6.0169E+02	1.0548E+01
6.0217E+02	1.3320E+01
6.0265E+02	1.3239E+01
6.0314E+02	1.3021E+01
6.0362E+02	1.2669E+01
6.0410E+02	1.2411E+01
6.0458E+02	1.2577E+01
6.0506E+02	1.3029E+01
6.0555E+02	1.3196E+01
6.0603E+02	1.2653E+01
6.0651E+02	1.1779E+01
6.0699E+02	1.1067E+01
6.0748E+02	1.0517E+01
6.0796E+02	1.0069E+01
6.0844E+02	9.6372E+00
6.0892E+02	9.5736E+00
6.0940E+02	1.0242E+01
6.0989E+02	1.1650E+01
6.1037E+02	1.3410E+01
6.1085E+02	1.6169E+01
6.1133E+02	1.8420E+01
6.1181E+02	1.9933E+01
6.1230E+02	2.0701E+01
6.1278E+02	1.9887E+01
6.1326E+02	1.7985E+01
6.1374E+02	1.7578E+01
6.1422E+02	2.1562E+01
6.1471E+02	2.7639E+01
6.1519E+02	2.9668E+01
6.1567E+02	2.7432E+01
6.1615E+02	2.5787E+01
6.1664E+02	2.6583E+01
6.1712E+02	2.7640E+01
6.1760E+02	2.5871E+01
6.1808E+02	2.1175E+01
6.1856E+02	1.9221E+01
6.1905E+02	2.2633E+01
6.1953E+02	2.6084E+01
6.2001E+02	2.7797E+01
6.2049E+02	2.8228E+01
6.2097E+02	2.7921E+01
6.2146E+02	2.7113E+01
6.2194E+02	2.5981E+01
6.2242E+02	2.4476E+01
6.2290E+02	2.2826E+01
6.2338E+02	2.1967E+01
6.2387E+02	2.1905E+01
6.2435E+02	2.2776E+01
6.2483E+02	2.5626E+01
6.2531E+02	2.8293E+01
6.2580E+02	2.7574E+01
6.2628E+02	2.3649E+01
6.2676E+02	2.0483E+01
6.2724E+02	1.9039E+01
6.2772E+02	1.8364E+01
6.2821E+02	1.8591E+01
6.2869E+02	1.8809E+01
6.2917E+02	1.7676E+01
6.2965E+02	1.5162E+01
6.3013E+02	1.2576E+01
6.3062E+02	1.1038E+01
6.3110E+02	1.0424E+01
6.3158E+02	1.0417E+01
6.3206E+02	1.1223E+01
6.3255E+02	1.1903E+01
6.3303E+02	1.2389E+01
6.3351E+02	1.2413E+01
6.3399E+02	1.1177E+01
6.3447E+02	8.7960E+00
6.3496E+02	7.8440E+00
6.3544E+02	1.0233E+01
6.3592E+02	1.2432E+01
6.3640E+02	1.2776E+01
6.3688E+02	1.1927E+01
6.3737E+02	1.0524E+01
6.3785E+02	8.7916E+00
6.3833E+02	7.0132E+00
6.3881E+02	5.2707E+00
6.3929E+02	3.7605E+00
6.3978E+02	3.9618E+00
6.4026E+02	6.3146E+00
6.4074E+02	8.2862E+00
6.4122E+02	9.2320E+00
6.4171E+02	9.8921E+00
6.4219E+02	1.1195E+01
6.4267E+02	1.2971E+01
6.4315E+02	1.3527E+01
6.4363E+02	1.0520E+01
6.4412E+02	8.2903E+00
6.4460E+02	1.0392E+01
6.4508E+02	1.4463E+01
6.4556E+02	1.6882E+01
6.4604E+02	1.6797E+01
6.4653E+02	1.5341E+01
6.4701E+02	1.3338E+01
6.4749E+02	1.1254E+01
6.4797E+02	1.1019E+01
6.4846E+02	1.3223E+01
6.4894E+02	1.4537E+01
6.4942E+02	1.3613E+01
6.4990E+02	1.2214E+01
6.5038E+02	1.1885E+01
6.5087E+02	1.2510E+01
6.5135E+02	1.3465E+01
6.5183E+02	1.5865E+01
6.5231E+02	1.7170E+01
6.5279E+02	1.4949E+01
6.5328E+02	1.1541E+01
6.5376E+02	1.0187E+01
6.5424E+02	1.1255E+01
6.5472E+02	1.2976E+01
6.5520E+02	1.4168E+01
6.5569E+02	1.4659E+01
6.5617E+02	1.3107E+01
6.5665E+02	8.7773E+00
6.5713E+02	7.0828E+00
6.5762E+02	1.0798E+01
6.5810E+02	1.5091E+01
6.5858E+02	1.4907E+01
6.5906E+02	1.1401E+01
6.5954E+02	9.6130E+00
6.6003E+02	1.2309E+01
6.6051E+02	1.3848E+01
6.6099E+02	1.0259E+01
6.6147E+02	5.8826E+00
6.6195E+02	5.8961E+00
6.6244E+02	1.0035E+01
6.6292E+02	1.4344E+01
6.6340E+02	1.6340E+01
6.6388E+02	1.6477E+01
6.6436E+02	1.5172E+01
6.6485E+02	1.2343E+01
6.6533E+02	1.0997E+01
6.6581E+02	1.2137E+01
6.6629E+02	1.3550E+01
6.6678E+02	1.3780E+01
6.6726E+02	1.2920E+01
6.6774E+02	1.1468E+01
6.6822E+02	8.0140E+00
6.6870E+02	6.2430E+00
6.6919E+02	8.7461E+00
6.6967E+02	1.1655E+01
6.7015E+02	1.1165E+01
6.7063E+02	8.3910E+00
6.7111E+02	7.5275E+00
6.7160E+02	1.0930E+01
6.7208E+02	1.4958E+01
6.7256E+02	1.3255E+01
6.7304E+02	6.9551E+00
6.7353E+02	4.9058E+00
6.7401E+02	8.6325E+00
6.7449E+02	1.2457E+01
6.7497E+02	1.2827E+01
6.7545E+02	1.1180E+01
6.7594E+02	1.1285E+01
6.7642E+02	1.4328E+01
6.7690E+02	1.6603E+01
6.7738E+02	1.7553E+01
6.7786E+02	1.8105E+01
6.7835E+02	1.9049E+01
6.7883E+02	1.9804E+01
6.7931E+02	1.9094E+01
6.7979E+02	1.6510E+01
6.8027E+02	1.3715E+01
6.8076E+02	1.2215E+01
6.8124E+02	1.1695E+01
6.8172E+02	1.1285E+01
6.8220E+02	1.0986E+01
6.8269E+02	1.1883E+01
6.8317E+02	1.4810E+01
6.8365E+02	1.7950E+01
6.8413E+02	1.8337E+01
6.8461E+02	1.5269E+01
6.8510E+02	1.2901E+01
6.8558E+02	1.1519E+01
6.8606E+02	1.0501E+01
6.8654E+02	9.4455E+00
6.8702E+02	8.8389E+00
6.8751E+02	9.7703E+00
6.8799E+02	1.2104E+01
6.8847E+02	1.3362E+01
6.8895E+02	1.1249E+01
6.8943E+02	8.1081E+00
6.8992E+02	6.3228E+00
6.9040E+02	5.4058E+00
6.9088E+02	5.0991E+00
6.9136E+02	5.3391E+00
6.9185E+02	5.7617E+00
6.9233E+02	6.0441E+00
6.9281E+02	6.1629E+00
6.9329E+02	5.7955E+00
6.9377E+02	4.2932E+00
6.9426E+02	4.2977E+00
6.9474E+02	7.2258E+00
6.9522E+02	9.9637E+00
6.9570E+02	1.0303E+01
6.9618E+02	9.1421E+00
6.9667E+02	9.1091E+00
6.9715E+02	1.1861E+01
6.9763E+02	1.3681E+01
6.9811E+02	1.1793E+01
6.9860E+02	8.6476E+00
6.9908E+02	7.1745E+00
6.9956E+02	7.4965E+00
7.0004E+02	8.1220E+00
7.0052E+02	8.0893E+00
7.0101E+02	7.9964E+00
7.0149E+02	9.5528E+00
7.0197E+02	1.2933E+01
7.0245E+02	1.4089E+01
7.0293E+02	1.1809E+01
7.0342E+02	9.4540E+00
7.0390E+02	8.7981E+00
7.0438E+02	9.5080E+00
7.0486E+02	1.1013E+01
7.0534E+02	1.4185E+01
7.0583E+02	1.5622E+01
7.0631E+02	1.3679E+01
7.0679E+02	1.1065E+01
7.0727E+02	8.8309E+00
7.0776E+02	7.3461E+00
7.0824E+02	6.9475E+00
7.0872E+02	7.6073E+00
7.0920E+02	8.3692E+00
7.0968E+02	8.2328E+00
7.1017E+02	7.4394E+00
7.1065E+02	6.3489E+00
7.1113E+02	4.8716E+00
7.1161E+02	4.3629E+00
7.1209E+02	5.3194E+00
7.1258E+02	7.2532E+00
7.1306E+02	9.7296E+00
7.1354E+02	1.2807E+01
7.1402E+02	1.5199E+01
7.1451E+02	1.7638E+01
7.1499E+02	1.8308E+01
7.1547E+02	1.5276E+01
7.1595E+02	1.1656E+01
7.1643E+02	1.0378E+01
7.1692E+02	1.1005E+01
7.1740E+02	1.0535E+01
7.1788E+02	6.5154E+00
7.1836E+02	2.8475E+00
7.1884E+02	2.7658E+00
7.1933E+02	4.9568E+00
7.1981E+02	7.6735E+00
7.2029E+02	1.0446E+01
7.2077E+02	1.2625E+01
7.2125E+02	1.3765E+01
7.2174E+02	1.3769E+01
7.2222E+02	1.2106E+01
7.2270E+02	8.3812E+00
7.2318E+02	5.9830E+00
7.2367E+02	5.7496E+00
7.2415E+02	5.6750E+00
7.2463E+02	4.1904E+00
7.2511E+02	2.4154E+00
7.2559E+02	2.5721E+00
7.2608E+02	5.4334E+00
7.2656E+02	7.3645E+00
7.2704E+02	7.2050E+00
7.2752E+02	6.4825E+00
7.2800E+02	6.0531E+00
7.2849E+02	5.6985E+00
7.2897E+02	4.4894E+00
7.2945E+02	2.3791E+00
7.2993E+02	1.3805E+00
7.3041E+02	4.9037E+00
7.3090E+02	1.0191E+01
7.3138E+02	1.0226E+01
7.3186E+02	5.5827E+00
7.3234E+02	1.6974E+00
7.3283E+02	1.4600E-01
7.3331E+02	2.9696E-01
7.3379E+02	8.5083E-01
7.3427E+02	1.4686E+00
7.3475E+02	1.5664E+00
7.3524E+02	1.3430E+00
7.3572E+02	2.3711E-01
7.3620E+02	3.2926E+00
7.3668E+02	6.3289E+00
7.3716E+02	6.7435E+00
7.3765E+02	5.2226E+00
7.3813E+02	3.7181E+00
7.3861E+02	2.4904E+00
7.3909E+02	1.9820E+00
7.3958E+02	3.4551E+00
7.4006E+02	5.1034E+00
7.4054E+02	4.1835E+00
7.4102E+02	1.4087E+00
7.4150E+02	2.7352E-01
7.4199E+02	5.3382E-01
7.4247E+02	2.4434E+00
7.4295E+02	3.7278E+00
7.4343E+02	4.3830E+00
7.4391E+02	4.1494E+00
7.4440E+02	2.7383E+00
7.4488E+02	2.1925E+00
7.4536E+02	4.0028E+00
7.4584E+02	5.9556E+00
7.4632E+02	4.5186E+00
7.4681E+02	9.7510E-01
7.4729E+02	3.4957E+00
7.4777E+02	6.9605E-01
7.4825E+02	1.8294E+00
7.4874E+02	2.5441E+00
7.4922E+02	2.6053E+00
7.4970E+02	3.6893E+00
7.5018E+02	5.2834E+00
7.5066E+02	4.6455E+00
7.5115E+02	1.0202E+00
7.5163E+02	6.4962E+00
7.5211E+02	5.6277E+00
7.5259E+02	1.6266E+00
7.5307E+02	1.1252E+00
7.5356E+02	4.3251E+00
7.5404E+02	6.6165E+00
7.5452E+02	5.2504E+00
7.5500E+02	1.7909E+00
7.5548E+02	1.0546E+00
7.5597E+02	3.3593E+00
7.5645E+02	4.0090E+00
7.5693E+02	2.0222E+00
7.5741E+02	8.9057E-01
7.5790E+02	2.9385E+00
7.5838E+02	6.0651E+00
7.5886E+02	6.9506E+00
7.5934E+02	5.4264E+00
7.5982E+02	3.9623E+00
7.6031E+02	2.3708E+00
7.6079E+02	1.3260E+00
7.6127E+02	1.3785E+00
7.6175E+02	1.9088E+00
7.6223E+02	2.1996E+00
7.6272E+02	2.2567E+00
7.6320E+02	2.7745E+00
7.6368E+02	4.7776E+00
7.6416E+02	6.2817E+00
7.6465E+02	3.4374E+00
7.6513E+02	1.4159E+00
7.6561E+02	1.3416E+00
7.6609E+02	4.0000E+00
7.6657E+02	7.8086E+00
7.6706E+02	5.6551E+00
7.6754E+02	4.8359E-01
7.6802E+02	1.1553E+00
7.6850E+02	1.4346E+00
7.6898E+02	3.4456E+00
7.6947E+02	4.8949E+00
7.6995E+02	5.5685E+00
7.7043E+02	5.1308E+00
7.7091E+02	4.0139E+00
7.7139E+02	2.6329E+00
7.7188E+02	9.1119E-01
7.7236E+02	6.9750E-02
7.7284E+02	2.2715E-01
7.7332E+02	8.0088E-01
7.7381E+02	1.7772E+00
7.7429E+02	2.4993E+00
7.7477E+02	1.9179E+00
7.7525E+02	3.0154E-01
7.7573E+02	7.4397E-01
7.7622E+02	6.4251E-02
7.7670E+02	9.5558E-01
7.7718E+02	5.4133E-01
7.7766E+02	6.6472E-01
7.7814E+02	1.2627E+00
7.7863E+02	1.0822E+00
7.7911E+02	2.6956E-01
7.7959E+02	1.1612E+00
7.8007E+02	2.6808E+00
7.8056E+02	3.3457E+00
7.8104E+02	3.1310E+00
7.8152E+02	2.0961E+00
7.8200E+02	3.2172E-01
7.8248E+02	2.0437E+00
7.8297E+02	1.9712E+00
7.8345E+02	1.1178E+00
7.8393E+02	8.1182E-01
7.8441E+02	1.0780E+00
7.8489E+02	9.0956E-01
7.8538E+02	2.2665E-01
7.8586E+02	8.4697E-01
7.8634E+02	2.9654E+00
7.8682E+02	4.9170E+00
7.8730E+02	5.7228E+00
7.8779E+02	5.4122E+00
7.8827E+02	4.2993E+00
7.8875E+02	2.1053E+00
7.8923E+02	4.4259E-01
7.8972E+02	1.3654E+00
7.9020E+02	3.3268E+00
7.9068E+02	3.6344E+00
7.9116E+02	2.5206E+00
7.9164E+02	2.0253E+00
7.9213E+02	3.0209E+00
7.9261E+02	4.3097E+00
7.9309E+02	4.0692E+00
7.9357E+02	2.5774E+00
7.9405E+02	2.3387E+00
7.9454E+02	3.6305E+00
7.9502E+02	4.0056E+00
7.9550E+02	2.0901E+00
7.9598E+02	5.1092E-01
7.9646E+02	2.1710E+00
7.9695E+02	6.6995E+00
7.9743E+02	1.0028E+01
7.9791E+02	1.2587E+01
7.9839E+02	1.3231E+01
7.9888E+02	1.0164E+01
7.9936E+02	6.8665E+00
7.9984E+02	4.8951E+00
8.0032E+02	4.3135E+00
8.0080E+02	5.1602E+00
8.0129E+02	7.6027E+00
8.0177E+02	1.0324E+01
8.0225E+02	1.3755E+01
8.0273E+02	1.6208E+01
8.0321E+02	1.4966E+01
8.0370E+02	1.1965E+01
8.0418E+02	1.0950E+01
8.0466E+02	1.2704E+01
8.0514E+02	1.5461E+01
8.0563E+02	1.8424E+01
8.0611E+02	2.1276E+01
8.0659E+02	2.3763E+01
8.0707E+02	2.5781E+01
8.0755E+02	2.5953E+01
8.0804E+02	2.3891E+01
8.0852E+02	2.2719E+01
8.0900E+02	2.4619E+01
8.0948E+02	2.8059E+01
8.0996E+02	3.0084E+01
8.1045E+02	3.0183E+01
8.1093E+02	3.1540E+01
8.1141E+02	3.4900E+01
8.1189E+02	3.7769E+01
8.1237E+02	3.9591E+01
8.1286E+02	4.0639E+01
8.1334E+02	4.0509E+01
8.1382E+02	3.9101E+01
8.1430E+02	3.8789E+01
8.1479E+02	4.0933E+01
8.1527E+02	4.2933E+01
8.1575E+02	4.3756E+01
8.1623E+02	4.4182E+01
8.1671E+02	4.4784E+01
8.1720E+02	4.5668E+01
8.1768E+02	4.6884E+01
8.1816E+02	4.8513E+01
8.1864E+02	5.0186E+01
8.1912E+02	5.1877E+01
8.1961E+02	5.3269E+01
8.2009E+02	5.3748E+01
8.2057E+02	5.3459E+01
8.2105E+02	5.3232E+01
8.2153E+02	5.3311E+01
8.2202E+02	5.2525E+01
8.2250E+02	4.9158E+01
8.2298E+02	4.3959E+01
8.2346E+02	4.0885E+01
8.2395E+02	4.0130E+01
8.2443E+02	3.8882E+01
8.2491E+02	3.6308E+01
8.2539E+02	3.4415E+01
8.2587E+02	3.5231E+01
8.2636E+02	3.7521E+01
8.2684E+02	3.6078E+01
8.2732E+02	2.7063E+01
8.2780E+02	2.3246E+01
8.2828E+02	2.9345E+01
8.2877E+02	3.4887E+01
8.2925E+02	3.5757E+01
8.2973E+02	3.4275E+01
8.3021E+02	3.3134E+01
8.3070E+02	3.2535E+01
8.3118E+02	3.1187E+01
8.3166E+02	2.7351E+01
8.3214E+02	2.4455E+01
8.3262E+02	2.5144E+01
8.3311E+02	2.6629E+01
8.3359E+02	2.5223E+01
8.3407E+02	2.1947E+01
8.3455E+02	2.0874E+01
8.3503E+02	2.4094E+01
8.3552E+02	2.8286E+01
8.3600E+02	3.0692E+01
8.3648E+02	3.2012E+01
8.3696E+02	3.3228E+01
8.3744E+02	3.4373E+01
8.3793E+02	3.5399E+01
8.3841E+02	3.6282E+01
8.3889E+02	3.6876E+01
8.3937E+02	3.7123E+01
8.3986E+02	3.6843E+01
8.4034E+02	3.4420E+01
8.4082E+02	2.9844E+01
8.4130E+02	3.0034E+01
8.4178E+02	3.7353E+01
8.4227E+02	4.3407E+01
8.4275E+02	4.1969E+01
8.4323E+02	3.6193E+01
8.4371E+02	3.4118E+01
8.4419E+02	3.7238E+01
8.4468E+02	3.8938E+01
8.4516E+02	3.7966E+01
8.4564E+02	3.7437E+01
8.4612E+02	3.8215E+01
8.4661E+02	4.0051E+01
8.4709E+02	4.3603E+01
8.4757E+02	4.8543E+01
8.4805E+02	5.1121E+01
8.4853E+02	4.9417E+01
8.4902E+02	4.7217E+01
8.4950E+02	4.4482E+01
8.4998E+02	4.2580E+01
8.5046E+02	4.2621E+01
8.5094E+02	4.4307E+01
8.5143E+02	4.7396E+01
8.5191E+02	5.2063E+01
8.5239E+02	5.5214E+01
8.5287E+02	5.3102E+01
8.5335E+02	5.0104E+01
8.5384E+02	5.1464E+01
8.5432E+02	5.5325E+01
8.5480E+02	5.7314E+01
8.5528E+02	5.6858E+01
8.5577E+02	5.6981E+01
8.5625E+02	6.0075E+01
8.5673E+02	6.4581E+01
8.5721E+02	6.7915E+01
8.5769E+02	7.0138E+01
8.5818E+02	7.1850E+01
8.5866E+02	7.3213E+01
8.5914E+02	7.5272E+01
8.5962E+02	7.8653E+01
8.6010E+02	8.2013E+01
8.6059E+02	8.3439E+01
8.6107E+02	8.2970E+01
8.6155E+02	8.1823E+01
8.6203E+02	7.9786E+01
8.6251E+02	7.7789E+01
8.6300E+02	7.5578E+01
8.6348E+02	7.4341E+01
8.6396E+02	7.5325E+01
8.6444E+02	7.7943E+01
8.6493E+02	8.0095E+01
8.6541E+02	8.1984E+01
8.6589E+02	8.2984E+01
8.6637E+02	8.1834E+01
8.6685E+02	8.1341E+01
8.6734E+02	8.3038E+01
8.6782E+02	8.5548E+01
8.6830E+02	8.7403E+01
8.6878E+02	8.8510E+01
8.6926E+02	8.9348E+01
8.6975E+02	9.0961E+01
8.7023E+02	9.1130E+01
8.7071E+02	8.6930E+01
8.7119E+02	8.2644E+01
8.7168E+02	8.3316E+01
8.7216E+02	8.6860E+01
8.7264E+02	8.7754E+01
8.7312E+02	8.4092E+01
8.7360E+02	7.9361E+01
8.7409E+02	7.4677E+01
8.7457E+02	7.1377E+01
8.7505E+02	7.2720E+01
8.7553E+02	7.6065E+01
8.7601E+02	7.5325E+01
8.7650E+02	6.9964E+01
8.7698E+02	6.4842E+01
8.7746E+02	6.3466E+01
8.7794E+02	6.3146E+01
8.7842E+02	5.8850E+01
8.7891E+02	5.1931E+01
8.7939E+02	4.7553E+01
8.7987E+02	4.5940E+01
8.8035E+02	4.5186E+01
8.8084E+02	4.4594E+01
8.8132E+02	4.3649E+01
8.8180E+02	4.1575E+01
8.8228E+02	3.8669E+01
8.8276E+02	3.7120E+01
8.8325E+02	3.7299E+01
8.8373E+02	3.5833E+01
8.8421E+02	3.1557E+01
8.8469E+02	2.7823E+01
8.8517E+02	2.7458E+01
8.8566E+02	2.8295E+01
8.8614E+02	2.5246E+01
8.8662E+02	1.6934E+01
8.8710E+02	1.0970E+01
8.8758E+02	7.5167E+00
8.8807E+02	6.2225E+00
8.8855E+02	8.6461E+00
8.8903E+02	1.1762E+01
8.8951E+02	1.3220E+01
8.9000E+02	1.3166E+01
8.9048E+02	1.2241E+01
8.9096E+02	9.5858E+00
8.9144E+02	7.7003E+00
8.9192E+02	6.7397E+00
8.9241E+02	6.8199E+00
8.9289E+02	8.8110E+00
8.9337E+02	1.1439E+01
8.9385E+02	1.3462E+01
8.9433E+02	1.4570E+01
8.9482E+02	1.3772E+01
8.9530E+02	8.3286E+00
8.9578E+02	3.7368E+00
8.9626E+02	3.5314E+00
8.9675E+02	5.1732E+00
8.9723E+02	6.9660E+00
8.9771E+02	8.1632E+00
8.9819E+02	7.1835E+00
8.9867E+02	3.4318E+00
8.9916E+02	1.3102E-01
8.9964E+02	5.2727E-02
9.0012E+02	1.6623E+00
9.0060E+02	3.5451E+00
9.0108E+02	5.4906E+00
9.0157E+02	7.4227E+00
9.0205E+02	9.1436E+00
9.0253E+02	9.9163E+00
9.0301E+02	9.2087E+00
9.0349E+02	7.4712E+00
9.0398E+02	4.2104E+00
9.0446E+02	5.9922E-01
9.0494E+02	1.6147E+00
9.0542E+02	6.6593E+00
9.0591E+02	8.8386E+00
9.0639E+02	5.8450E+00
9.0687E+02	2.2419E+00
9.0735E+02	2.5655E+00
9.0783E+02	5.1756E+00
9.0832E+02	4.1499E+00
9.0880E+02	5.5066E-01
9.0928E+02	2.7037E+00
9.0976E+02	1.3597E+00
9.1024E+02	1.9309E-01
9.1073E+02	3.4864E-01
9.1121E+02	1.3634E-02
9.1169E+02	6.8412E-01
9.1217E+02	2.3223E+00
9.1266E+02	1.8701E+00
9.1314E+02	1.6337E+00
9.1362E+02	4.1999E+00
9.1410E+02	5.4073E+00
9.1458E+02	5.0486E+00
9.1507E+02	2.3265E+00
9.1555E+02	1.6133E+00
9.1603E+02	4.4463E+00
9.1651E+02	6.4284E+00
9.1699E+02	7.4033E+00
9.1748E+02	6.9731E+00
9.1796E+02	6.1013E+00
9.1844E+02	3.5689E+00
9.1892E+02	1.8974E+00
9.1940E+02	3.7233E+00
9.1989E+02	8.1279E+00
9.2037E+02	1.1830E+01
9.2085E+02	1.5551E+01
9.2133E+02	1.6430E+01
9.2182E+02	1.0772E+01
9.2230E+02	6.0229E+00
9.2278E+02	5.7518E+00
9.2326E+02	8.2309E+00
9.2374E+02	1.2351E+01
9.2423E+02	1.7601E+01
9.2471E+02	2.0665E+01
9.2519E+02	1.8935E+01
9.2567E+02	1.7482E+01
9.2615E+02	1.9364E+01
9.2664E+02	2.1674E+01
9.2712E+02	2.1683E+01
9.2760E+02	2.0480E+01
9.2808E+02	1.9799E+01
9.2856E+02	2.0204E+01
9.2905E+02	2.2385E+01
9.2953E+02	2.9520E+01
9.3001E+02	3.5334E+01
9.3049E+02	3.3996E+01
9.3098E+02	2.9637E+01
9.3146E+02	2.6743E+01
9.3194E+02	2.5475E+01
9.3242E+02	2.4800E+01
9.3290E+02	2.4336E+01
9.3339E+02	2.3648E+01
9.3387E+02	2.1133E+01
9.3435E+02	1.9177E+01
9.3483E+02	2.2975E+01
9.3531E+02	2.8979E+01
9.3580E+02	2.8964E+01
9.3628E+02	2.2991E+01
9.3676E+02	1.7418E+01
9.3724E+02	1.5601E+01
9.3773E+02	1.5713E+01
9.3821E+02	1.5925E+01
9.3869E+02	1.6238E+01
9.3917E+02	1.6551E+01
9.3965E+02	1.6957E+01
9.4014E+02	1.8142E+01
9.4062E+02	2.0106E+01
9.4110E+02	2.1444E+01
9.4158E+02	2.1223E+01
9.4206E+02	1.9536E+01
9.4255E+02	1.5588E+01
9.4303E+02	1.0183E+01
9.4351E+02	8.0160E+00
9.4399E+02	9.0151E+00
9.4447E+02	9.4592E+00
9.4496E+02	8.1928E+00
9.4544E+02	6.5337E+00
9.4592E+02	5.5627E+00
9.4640E+02	5.3154E+00
9.4689E+02	6.4158E+00
9.4737E+02	8.8465E+00
9.4785E+02	8.7605E+00
9.4833E+02	5.6426E+00
9.4881E+02	3.2700E+00
9.4930E+02	3.1076E+00
9.4978E+02	3.9065E+00
9.5026E+02	4.4607E+00
9.5074E+02	4.7107E+00
9.5122E+02	4.0397E+00
9.5171E+02	2.0621E+00
9.5219E+02	2.0136E+00
9.5267E+02	4.9277E+00
9.5315E+02	6.9541E+00
9.5363E+02	6.1234E+00
9.5412E+02	3.8492E+00
9.5460E+02	1.7159E+00
9.5508E+02	1.8977E-01
9.5556E+02	4.9500E-03
9.5605E+02	3.2899E+00
9.5653E+02	5.6222E+00
9.5701E+02	6.3735E+00
9.5749E+02	6.4446E+00
9.5797E+02	6.3043E+00
9.5846E+02	5.7624E+00
9.5894E+02	4.2495E+00
9.5942E+02	1.5772E+00
9.5990E+02	6.6337E-01
9.6038E+02	2.6389E+00
9.6087E+02	4.1061E+00
9.6135E+02	4.7985E+00
9.6183E+02	4.5693E+00
9.6231E+02	2.3852E+00
9.6280E+02	3.0896E-01
9.6328E+02	5.4606E-01
9.6376E+02	2.1536E+00
9.6424E+02	4.7646E+00
9.6472E+02	8.4304E+00
9.6521E+02	1.0342E+01
9.6569E+02	7.7911E+00
9.6617E+02	5.5875E+00
9.6665E+02	8.5277E+00
9.6713E+02	1.3395E+01
9.6762E+02	1.3273E+01
9.6810E+02	6.0530E+00
9.6858E+02	1.8232E+00
9.6906E+02	3.7199E+00
9.6954E+02	5.0902E+00
9.7003E+02	3.6721E+00
9.7051E+02	1.6721E+00
9.7099E+02	7.4604E-01
9.7147E+02	4.8247E-01
9.7196E+02	4.4446E-01
9.7244E+02	3.0303E+00
9.7292E+02	2.6818E+00
9.7340E+02	5.4863E+00
9.7388E+02	1.1046E+01
9.7437E+02	7.8157E+00
9.7485E+02	2.5648E+00
9.7533E+02	1.3957E+00
9.7581E+02	3.3526E+00
9.7629E+02	4.3866E+00
9.7678E+02	3.5438E+00
9.7726E+02	2.8294E+00
9.7774E+02	2.8518E+00
9.7822E+02	2.8937E+00
9.7871E+02	3.0980E+00
9.7919E+02	2.8191E+00
9.7967E+02	4.8339E-01
9.8015E+02	2.9079E+00
9.8063E+02	3.5380E+00
9.8112E+02	8.6318E-01
9.8160E+02	3.4728E+00
9.8208E+02	1.3786E-01
9.8256E+02	3.2171E+00
9.8304E+02	1.1845E+00
9.8353E+02	2.3608E+00
9.8401E+02	2.9389E+00
9.8449E+02	1.1443E+00
9.8497E+02	9.7584E-01
9.8545E+02	4.2450E+00
9.8594E+02	6.9132E+00
9.8642E+02	8.1764E+00
9.8690E+02	7.7072E+00
9.8738E+02	3.4921E+00
9.8787E+02	1.3089E+00
9.8835E+02	3.0311E+00
9.8883E+02	1.7547E+00
9.8931E+02	4.1739E-01
9.8979E+02	3.2775E+00
9.9028E+02	5.7218E+00
9.9076E+02	7.9755E+00
9.9124E+02	8.9110E+00
9.9172E+02	5.8749E+00
9.9220E+02	2.3765E+00
9.9269E+02	3.8967E+00
9.9317E+02	9.3749E+00
9.9365E+02	1.1697E+01
9.9413E+02	7.2056E+00
9.9461E+02	3.2146E+00
9.9510E+02	3.6190E+00
9.9558E+02	4.9280E+00
9.9606E+02	4.4943E+00
9.9654E+02	3.7347E+00
9.9703E+02	5.1070E+00
9.9751E+02	8.1881E+00
9.9799E+02	9.8550E+00
9.9847E+02	8.3741E+00
9.9895E+02	7.4087E+00
9.9944E+02	9.7868E+00
9.9992E+02	1.2053E+01
1.0004E+03	1.1723E+01
1.0009E+03	9.8859E+00
1.0014E+03	7.5136E+00
1.0018E+03	5.0967E+00
1.0023E+03	3.5462E+00
1.0028E+03	3.0026E+00
1.0033E+03	3.9062E+00
1.0038E+03	8.8811E+00
1.0043E+03	1.2745E+01
1.0047E+03	1.1031E+01
1.0052E+03	6.8389E+00
1.0057E+03	3.2936E+00
1.0062E+03	1.2093E+00
1.0067E+03	1.5618E+00
1.0072E+03	5.6670E+00
1.0076E+03	8.8927E+00
1.0081E+03	8.8252E+00
1.0086E+03	7.5198E+00
1.0091E+03	5.0635E+00
1.0096E+03	2.9801E+00
1.0100E+03	3.0940E+00
1.0105E+03	5.2379E+00
1.0110E+03	8.3576E+00
1.0115E+03	1.2967E+01
1.0120E+03	1.5441E+01
1.0125E+03	1.2512E+01
1.0129E+03	8.9046E+00
1.0134E+03	7.2865E+00
1.0139E+03	6.8903E+00
1.0144E+03	6.7011E+00
1.0149E+03	6.7256E+00
1.0153E+03	7.7907E+00
1.0158E+03	1.0826E+01
1.0163E+03	1.1817E+01
1.0168E+03	6.8165E+00
1.0173E+03	2.2083E+00
1.0178E+03	1.5625E+00
1.0182E+03	2.9718E+00
1.0187E+03	5.1751E+00
1.0192E+03	7.4430E+00
1.0197E+03	8.3828E+00
1.0202E+03	7.4451E+00
1.0206E+03	6.2765E+00
1.0211E+03	4.8213E+00
1.0216E+03	4.2717E+00
1.0221E+03	6.7457E+00
1.0226E+03	8.7970E+00
1.0231E+03	5.9149E+00
1.0235E+03	2.3732E-01
1.0240E+03	2.1918E+00
1.0245E+03	2.5810E-01
1.0250E+03	2.4870E+00
1.0255E+03	2.6429E+00
1.0260E+03	3.0536E+00
1.0264E+03	5.4437E+00
1.0269E+03	7.6230E+00
1.0274E+03	7.3902E+00
1.0279E+03	5.7003E+00
1.0284E+03	4.6799E+00
1.0288E+03	4.6017E+00
1.0293E+03	4.9989E+00
1.0298E+03	6.8339E+00
1.0303E+03	7.4730E+00
1.0308E+03	5.2743E+00
1.0313E+03	3.1942E+00
1.0317E+03	2.5599E+00
1.0322E+03	3.2520E+00
1.0327E+03	5.5149E+00
1.0332E+03	9.6099E+00
1.0337E+03	1.1504E+01
1.0341E+03	8.6977E+00
1.0346E+03	6.7084E+00
1.0351E+03	6.6989E+00
1.0356E+03	7.4238E+00
1.0361E+03	8.4580E+00
1.0366E+03	9.6645E+00
1.0370E+03	1.1293E+01
1.0375E+03	1.3369E+01
1.0380E+03	1.3074E+01
1.0385E+03	8.2321E+00
1.0390E+03	5.2838E+00
1.0395E+03	5.3928E+00
1.0399E+03	5.7141E+00
1.0404E+03	4.4765E+00
1.0409E+03	3.4701E+00
1.0414E+03	4.9451E+00
1.0419E+03	8.4180E+00
1.0423E+03	1.0119E+01
1.0428E+03	9.3139E+00
1.0433E+03	8.2078E+00
1.0438E+03	6.2108E+00
1.0443E+03	5.1165E+00
1.0448E+03	6.0358E+00
1.0452E+03	7.4904E+00
1.0457E+03	7.8861E+00
1.0462E+03	7.4146E+00
1.0467E+03	6.9162E+00
1.0472E+03	6.4417E+00
1.0476E+03	5.9699E+00
1.0481E+03	5.1397E+00
1.0486E+03	4.6039E+00
1.0491E+03	4.7580E+00
1.0496E+03	4.5473E+00
1.0501E+03	2.6491E+00
1.0505E+03	3.1062E-01
1.0510E+03	1.3672E+00
1.0515E+03	6.4212E+00
1.0520E+03	8.6359E+00
1.0525E+03	7.5583E+00
1.0530E+03	6.3686E+00
1.0534E+03	5.8035E+00
1.0539E+03	5.1457E+00
1.0544E+03	3.7527E+00
1.0549E+03	2.5000E+00
1.0554E+03	3.3206E+00
1.0558E+03	5.9233E+00
1.0563E+03	6.7272E+00
1.0568E+03	5.7436E+00
1.0573E+03	4.4172E+00
1.0578E+03	2.9804E+00
1.0583E+03	2.7294E+00
1.0587E+03	4.4704E+00
1.0592E+03	6.2065E+00
1.0597E+03	5.0460E+00
1.0602E+03	1.9670E+00
1.0607E+03	1.2215E-01
1.0611E+03	1.1460E+00
1.0616E+03	1.7040E-01
1.0621E+03	2.6005E+00
1.0626E+03	4.9290E+00
1.0631E+03	5.9360E+00
1.0636E+03	6.0951E+00
1.0640E+03	5.7328E+00
1.0645E+03	5.0412E+00
1.0650E+03	3.8948E+00
1.0655E+03	2.6066E+00
1.0660E+03	1.6050E+00
1.0665E+03	1.1533E+00
1.0669E+03	2.4941E+00
1.0674E+03	5.5509E+00
1.0679E+03	7.4564E+00
1.0684E+03	5.9480E+00
1.0689E+03	3.6473E+00
1.0693E+03	3.5187E+00
1.0698E+03	4.4323E+00
1.0703E+03	4.8163E+00
1.0708E+03	4.9979E+00
1.0713E+03	6.2970E+00
1.0718E+03	8.3562E+00
1.0722E+03	8.7898E+00
1.0727E+03	6.2984E+00
1.0732E+03	3.6711E+00
1.0737E+03	3.0367E+00
1.0742E+03	2.9908E+00
1.0746E+03	1.6357E+00
1.0751E+03	6.8713E-01
1.0756E+03	3.2852E+00
1.0761E+03	8.0450E+00
1.0766E+03	1.0863E+01
1.0771E+03	1.0811E+01
1.0775E+03	9.6128E+00
1.0780E+03	5.8272E+00
1.0785E+03	3.5944E+00
1.0790E+03	6.4381E+00
1.0795E+03	9.9284E+00
1.0799E+03	1.0601E+01
1.0804E+03	9.3622E+00
1.0809E+03	7.5417E+00
1.0814E+03	5.3789E+00
1.0819E+03	4.6172E+00
1.0824E+03	7.4369E+00
1.0828E+03	9.4999E+00
1.0833E+03	1.0350E+01
1.0838E+03	9.9924E+00
1.0843E+03	7.2089E+00
1.0848E+03	4.1155E+00
1.0853E+03	3.2270E+00
1.0857E+03	4.0923E+00
1.0862E+03	4.4196E+00
1.0867E+03	3.5436E+00
1.0872E+03	3.9793E+00
1.0877E+03	6.6329E+00
1.0881E+03	8.7973E+00
1.0886E+03	9.9271E+00
1.0891E+03	1.0035E+01
1.0896E+03	8.7480E+00
1.0901E+03	6.9179E+00
1.0906E+03	6.6016E+00
1.0910E+03	7.9136E+00
1.0915E+03	7.2010E+00
1.0920E+03	4.0014E+00
1.0925E+03	1.6621E+00
1.0930E+03	6.5147E-01
1.0934E+03	1.2653E+00
1.0939E+03	3.9448E+00
1.0944E+03	6.7122E+00
1.0949E+03	6.9149E+00
1.0954E+03	5.3173E+00
1.0959E+03	4.7966E+00
1.0963E+03	5.1572E+00
1.0968E+03	4.5196E+00
1.0973E+03	2.9628E+00
1.0978E+03	3.2564E+00
1.0983E+03	6.0917E+00
1.0988E+03	7.5753E+00
1.0992E+03	4.1838E+00
1.0997E+03	4.0295E-01
1.1002E+03	1.1488E-01
1.1007E+03	3.1930E+00
1.1012E+03	3.2112E+00
1.1016E+03	1.4372E+00
1.1021E+03	2.1265E+00
1.1026E+03	5.2496E+00
1.1031E+03	7.1432E+00
1.1036E+03	6.0625E+00
1.1041E+03	3.8596E+00
1.1045E+03	6.5000E-01
1.1050E+03	1.4802E+00
1.1055E+03	2.8145E-01
1.1060E+03	3.5701E+00
1.1065E+03	6.1082E+00
1.1069E+03	7.5330E+00
1.1074E+03	7.5332E+00
1.1079E+03	6.1554E+00
1.1084E+03	4.9212E+00
1.1089E+03	4.5745E+00
1.1094E+03	4.3132E+00
1.1098E+03	3.8883E+00
1.1103E+03	3.4101E+00
1.1108E+03	2.7947E+00
1.1113E+03	2.2709E+00
1.1118E+03	1.6568E+00
1.1123E+03	1.2916E+00
1.1127E+03	3.1168E+00
1.1132E+03	9.9280E+00
1.1137E+03	1.2286E+01
1.1142E+03	6.0304E+00
1.1147E+03	1.5503E+00
1.1151E+03	1.8961E+00
1.1156E+03	3.6236E+00
1.1161E+03	5.0123E+00
1.1166E+03	5.6493E+00
1.1171E+03	4.4300E+00
1.1176E+03	1.3362E+00
1.1180E+03	5.2198E-01
1.1185E+03	2.5740E+00
1.1190E+03	3.2650E+00
1.1195E+03	1.9193E+00
1.1200E+03	1.5470E+00
1.1204E+03	3.6650E+00
1.1209E+03	5.3425E+00
1.1214E+03	3.1248E+00
1.1219E+03	7.0929E-01
1.1224E+03	6.5850E-01
1.1229E+03	5.8784E+00
1.1233E+03	7.7817E+00
1.1238E+03	6.5904E+00
1.1243E+03	5.1198E+00
1.1248E+03	4.1138E+00
1.1253E+03	3.4675E+00
1.1258E+03	3.1155E+00
1.1262E+03	3.2006E+00
1.1267E+03	4.1575E+00
1.1272E+03	5.4173E+00
1.1277E+03	6.5321E+00
1.1282E+03	7.1909E+00
1.1286E+03	6.4454E+00
1.1291E+03	4.9168E+00
1.1296E+03	4.4254E+00
1.1301E+03	5.3295E+00
1.1306E+03	5.9942E+00
1.1311E+03	5.4015E+00
1.1315E+03	4.7290E+00
1.1320E+03	4.7529E+00
1.1325E+03	4.7241E+00
1.1330E+03	4.4963E+00
1.1335E+03	3.6552E+00
1.1339E+03	1.0606E+00
1.1344E+03	2.5934E+00
1.1349E+03	4.6198E+00
1.1354E+03	4.5983E+00
1.1359E+03	3.2958E+00
1.1364E+03	1.1951E+00
1.1368E+03	4.0016E+00
1.1373E+03	3.3157E+00
1.1378E+03	2.1999E+00
1.1383E+03	2.3395E+00
1.1388E+03	3.0726E+00
1.1393E+03	3.2837E+00
1.1397E+03	3.1648E+00
1.1402E+03	5.1048E+00
1.1407E+03	9.8134E+00
1.1412E+03	1.0728E+01
1.1417E+03	7.0339E+00
1.1421E+03	3.8742E+00
1.1426E+03	2.8632E+00
1.1431E+03	3.5114E+00
1.1436E+03	5.7095E+00
1.1441E+03	7.9635E+00
1.1446E+03	7.3481E+00
1.1450E+03	4.7904E+00
1.1455E+03	2.2600E+00
1.1460E+03	3.7579E-01
1.1465E+03	2.0655E+00
1.1470E+03	6.5312E+00
1.1474E+03	8.9529E+00
1.1479E+03	7.6604E+00
1.1484E+03	6.2655E+00
1.1489E+03	7.8150E+00
1.1494E+03	9.6946E+00
1.1499E+03	9.2539E+00
1.1503E+03	8.3252E+00
1.1508E+03	9.0744E+00
1.1513E+03	1.0393E+01
1.1518E+03	1.0226E+01
1.1523E+03	8.7212E+00
1.1527E+03	7.8970E+00
1.1532E+03	8.6809E+00
1.1537E+03	8.3684E+00
1.1542E+03	4.6565E+00
1.1547E+03	2.1051E+00
1.1552E+03	2.8873E+00
1.1556E+03	4.3594E+00
1.1561E+03	4.9768E+00
1.1566E+03	5.2068E+00
1.1571E+03	5.6678E+00
1.1576E+03	6.3360E+00
1.1581E+03	7.3873E+00
1.1585E+03	9.1242E+00
1.1590E+03	9.9643E+00
1.1595E+03	9.4563E+00
1.1600E+03	7.5143E+00
1.1605E+03	3.9222E+00
1.1609E+03	1.8662E+00
1.1614E+03	3.9191E+00
1.1619E+03	7.4157E+00
1.1624E+03	7.7183E+00
1.1629E+03	5.7384E+00
1.1634E+03	4.8942E+00
1.1638E+03	4.8179E+00
1.1643E+03	4.6455E+00
1.1648E+03	4.3512E+00
1.1653E+03	4.2966E+00
1.1658E+03	4.6040E+00
1.1662E+03	5.2524E+00
1.1667E+03	6.4950E+00
1.1672E+03	7.3809E+00
1.1677E+03	6.7806E+00
1.1682E+03	5.8342E+00
1.1687E+03	5.4165E+00
1.1691E+03	5.3609E+00
1.1696E+03	5.7209E+00
1.1701E+03	6.1552E+00
1.1706E+03	5.5286E+00
1.1711E+03	3.3394E+00
1.1716E+03	2.6852E+00
1.1720E+03	5.9881E+00
1.1725E+03	7.9019E+00
1.1730E+03	6.4319E+00
1.1735E+03	5.1890E+00
1.1740E+03	6.0990E+00
1.1744E+03	7.3189E+00
1.1749E+03	6.8006E+00
1.1754E+03	5.1362E+00
1.1759E+03	4.3037E+00
1.1764E+03	4.3134E+00
1.1769E+03	5.4883E+00
1.1773E+03	7.9002E+00
1.1778E+03	7.8379E+00
1.1783E+03	4.7016E+00
1.1788E+03	2.7516E+00
1.1793E+03	4.0242E+00
1.1797E+03	5.5657E+00
1.1802E+03	3.7032E+00
1.1807E+03	9.0339E-01
1.1812E+03	1.5762E+00
1.1817E+03	3.8404E+00
1.1822E+03	4.6707E+00
1.1826E+03	4.3882E+00
1.1831E+03	3.9256E+00
1.1836E+03	3.5743E+00
1.1841E+03	3.5966E+00
1.1846E+03	4.1545E+00
1.1851E+03	4.5683E+00
1.1855E+03	3.4784E+00
1.1860E+03	2.8314E+00
1.1865E+03	4.4374E+00
1.1870E+03	6.1749E+00
1.1875E+03	6.9482E+00
1.1879E+03	7.2105E+00
1.1884E+03	7.7990E+00
1.1889E+03	8.5579E+00
1.1894E+03	8.4276E+00
1.1899E+03	7.1166E+00
1.1904E+03	5.8467E+00
1.1908E+03	4.4430E+00
1.1913E+03	3.9942E+00
1.1918E+03	4.9017E+00
1.1923E+03	5.6067E+00
1.1928E+03	5.1767E+00
1.1932E+03	4.4899E+00
1.1937E+03	4.5878E+00
1.1942E+03	5.3311E+00
1.1947E+03	7.3035E+00
1.1952E+03	9.3105E+00
1.1957E+03	7.2314E+00
1.1961E+03	2.5020E+00
1.1966E+03	3.2420E-01
1.1971E+03	5.5190E-01
1.1976E+03	1.2474E-01
1.1981E+03	1.0557E-01
1.1986E+03	8.5443E-01
1.1990E+03	3.4368E+00
1.1995E+03	5.5380E+00
1.2000E+03	5.4821E+00
1.2005E+03	4.8015E+00
1.2010E+03	4.9116E+00
1.2014E+03	5.0581E+00
1.2019E+03	3.5874E+00
1.2024E+03	8.2838E-01
1.2029E+03	3.7028E-01
1.2034E+03	1.6130E-01
1.2039E+03	2.1023E+00
1.2043E+03	6.7547E+00
1.2048E+03	8.1766E+00
1.2053E+03	4.3929E+00
1.2058E+03	8.5614E-01
1.2063E+03	4.6382E-01
1.2067E+03	1.8639E+00
1.2072E+03	3.9167E+00
1.2077E+03	5.6630E+00
1.2082E+03	3.6055E+00
1.2087E+03	3.6221E-01
1.2092E+03	4.0397E-01
1.2096E+03	2.5241E+00
1.2101E+03	5.4091E+00
1.2106E+03	7.3635E+00
1.2111E+03	7.5941E+00
1.2116E+03	5.7362E+00
1.2120E+03	4.0922E+00
1.2125E+03	4.6530E+00
1.2130E+03	5.0226E+00
1.2135E+03	2.4186E+00
1.2140E+03	8.5433E-01
1.2145E+03	5.8849E+00
1.2149E+03	1.1551E+01
1.2154E+03	8.7826E+00
1.2159E+03	2.5501E-01
1.2164E+03	3.4876E+00
1.2169E+03	1.9183E+00
1.2174E+03	1.9924E+00
1.2178E+03	9.6115E+00
1.2183E+03	1.2870E+01
1.2188E+03	1.0148E+01
1.2193E+03	6.1040E+00
1.2198E+03	2.3749E+00
1.2202E+03	1.0035E+00
1.2207E+03	4.1388E+00
1.2212E+03	8.5488E+00
1.2217E+03	7.9176E+00
1.2222E+03	4.7787E+00
1.2227E+03	4.2634E+00
1.2231E+03	5.5099E+00
1.2236E+03	5.1009E+00
1.2241E+03	3.6583E+00
1.2246E+03	4.4353E+00
1.2251E+03	8.0381E+00
1.2255E+03	1.1010E+01
1.2260E+03	1.2191E+01
1.2265E+03	9.7861E+00
1.2270E+03	6.1287E+00
1.2275E+03	3.3566E+00
1.2280E+03	4.3730E+00
1.2284E+03	5.7880E+00
1.2289E+03	4.7638E+00
1.2294E+03	2.7759E+00
1.2299E+03	2.4511E+00
1.2304E+03	3.5676E+00
1.2309E+03	3.7887E+00
1.2313E+03	3.1725E+00
1.2318E+03	2.4945E+00
1.2323E+03	1.8029E+00
1.2328E+03	3.9857E+00
1.2333E+03	9.3645E+00
1.2337E+03	1.2566E+01
1.2342E+03	1.0490E+01
1.2347E+03	6.4362E+00
1.2352E+03	1.9561E+00
1.2357E+03	0.0000E+00
##END=	
