116.396	5
116.878	23.5813
117.36	36.1332
117.842	57.313
118.324	89.5138
118.806	92.8601
119.289	88.7642
119.771	93.5041
120.253	91.0187
120.735	80.6022
121.217	59.0974
121.699	32.5076
122.181	7.15048
122.663	20.8424
123.145	30.2351
123.628	33.8965
124.11	35.8046
124.592	34.9899
125.074	27.1887
125.556	7.34617
126.038	30.9751
126.52	61.8041
127.002	93.1319
127.484	126.943
127.967	164.135
128.449	204.741
128.931	254.942
129.413	316.894
129.895	392.048
130.377	483.077
130.859	589.524
131.341	713.066
131.824	857.854
132.306	1020.8
132.788	1211.13
133.27	1442.36
133.752	1716.5
134.234	2014.58
134.716	2329.79
135.198	2663.46
135.68	3010.56
136.163	3360.49
136.645	3732.36
137.127	4163.72
137.609	4656.06
138.091	5191.6
138.573	5741.39
139.055	6298.95
139.537	6928.99
140.019	7630.45
140.502	8407.27
140.984	9239.18
141.466	10115.3
141.948	11076.6
142.43	12140
142.912	13297
143.394	14561.9
143.876	15899.4
144.358	17302.1
144.841	19044.4
145.323	21134
145.805	23547.6
146.287	26277.8
146.769	29634
147.251	32853.4
147.733	35690.1
148.215	38030.4
148.698	40622.3
149.18	43497.9
149.662	46625.4
150.144	49932.3
150.626	54323
151.108	58043.3
151.59	60570.6
152.072	61558.6
152.554	62096.3
153.037	62662.3
153.519	62805.2
154.001	61643.9
154.483	58528.1
154.965	54459.8
155.447	49803.7
155.929	44222.6
156.411	38654.2
156.894	32951.1
157.376	27305.7
157.858	22288.8
158.34	18021.4
158.822	14470.5
159.304	11570.5
159.786	9559.64
160.268	7954.96
160.75	6682.29
161.233	5713.06
161.715	4921.35
162.197	4318.54
162.679	3838.86
163.161	3425.42
163.643	3079.55
164.125	2773.56
164.607	2493.4
165.09	2238.57
165.572	2015.89
166.054	1838.92
166.536	1694.89
167.018	1564.81
167.5	1440.24
167.982	1325.73
168.464	1223.85
168.946	1134.48
169.429	1059.89
169.911	1004.98
170.393	966.503
170.875	936.217
171.357	913.284
171.839	895.372
172.321	878.454
172.803	860.136
173.286	849.647
173.768	855.846
174.25	871.443
174.732	897.059
175.214	929.684
175.696	970.332
176.178	1017.67
176.66	1064.98
177.143	1129.68
177.625	1229.69
178.107	1364.27
178.589	1535.21
179.071	1752.63
179.553	2004.39
180.035	2263.61
180.517	2528.19
180.999	2790.72
181.482	3038.54
181.964	3273.42
182.446	3482.08
182.928	3650.64
183.41	3784.16
183.892	3908.4
184.374	4055.86
184.856	4188.08
185.339	4219.06
185.821	4148.81
186.303	3980.55
186.785	3681.19
187.267	3265.72
187.749	2838.15
188.231	2407.67
188.713	1993.61
189.195	1661.91
189.678	1418.72
190.16	1240.91
190.642	1105.8
191.124	1013.87
191.606	953.219
192.088	927.256
192.57	932.726
193.052	944.225
193.535	964.428
194.017	983.68
194.499	983.416
194.981	962.246
195.463	942.513
195.945	923.607
196.427	905.967
196.909	932.842
197.391	1006.39
197.874	1123.19
198.356	1276.29
198.838	1464.9
199.32	1696.33
199.802	1966.18
200.284	2269.52
200.766	2637.37
201.248	3054.4
201.731	3552.14
202.213	4229.38
202.695	5115.55
203.177	6069.74
203.659	7036.41
204.141	8018.91
204.623	8917.41
205.105	9677.41
205.587	10366.7
206.07	11189.7
206.552	12128
207.034	13248.6
207.516	14624.6
207.998	16255.4
208.48	18007.1
208.962	19824.4
209.444	21750.1
209.926	23935.2
210.409	26268.6
210.891	29099
211.373	32559.1
211.855	36539.6
212.337	41733.3
212.819	48793.6
213.301	57332.9
213.783	64658.1
214.266	70708.4
214.748	75662.3
215.23	78809
215.712	78202.9
216.194	81307.2
216.676	89557.6
217.158	102863
217.64	120857
218.122	149919
218.605	174898
219.087	180000
219.569	158905
220.051	132178
220.533	101798
221.015	67108.3
221.497	41434.1
221.979	26671.4
222.462	18534
222.944	12679.5
223.426	9792.02
223.908	7778.03
224.39	6315.51
224.872	5413.87
225.354	4687.83
225.836	4165.12
226.318	3785.36
226.801	3474.4
227.283	3243.78
227.765	3065.05
228.247	2934.91
228.729	2856.05
229.211	2808.73
229.693	2801.89
230.175	2819.87
230.658	2842.54
231.14	2866.39
231.622	2901.26
232.104	2952.69
232.586	3024.9
233.068	3091.38
233.55	3153.19
234.032	3208.33
234.514	3255.1
234.997	3295.65
235.479	3323.55
235.961	3336.41
236.443	3333.24
236.925	3317.76
237.407	3277.83
237.889	3233.32
238.371	3213.35
238.854	3212.62
239.336	3245.56
239.818	3320.53
240.3	3446.84
240.782	3577.56
241.264	3696.72
241.746	3831.49
242.228	4032.16
242.71	4322.58
243.193	4640.89
243.675	4984.17
244.157	5390.99
244.639	5696.81
245.121	5907.08
245.603	6013.73
246.085	5986.92
246.567	5764.1
247.049	5514.95
247.532	5313.05
248.014	5207.56
248.496	4980.63
248.978	4619.71
249.46	4144.82
249.942	3582.93
250.424	2853.87
250.906	2174.01
251.388	1621.64
251.871	1212.7
252.353	876.129
252.835	621.665
253.317	433.645
253.799	289.4
254.281	203.396
254.763	136.403
255.245	74.3278
255.727	15.7738
256.21	40.1075
256.692	70.8415
257.174	90.0595
257.656	104.115
258.138	111.834
258.62	116.903
259.102	121.109
259.584	125.074
260.067	124.598
260.549	117.169
261.031	107.197
261.513	103.71
261.995	109.92
262.477	114.875
262.959	113.764
263.441	105.207
263.923	97.3647
264.406	90.5115
264.888	84.0932
265.37	76.7257
265.852	67.5176
266.334	59.8886
266.816	56.039
267.298	57.0197
267.781	54.5259
268.263	47.191
268.745	37.8592
269.227	32.2708
269.709	32.1483
270.191	29.5586
270.673	18.8152
271.155	11.9467
271.637	20.6627
272.12	13.017
272.602	10.434
273.084	10.2484
273.566	17.0379
274.048	31.5696
274.53	33.3405
275.012	21.5011
275.494	15.907
275.976	18.092
276.459	24.5214
276.941	30.3588
277.423	35.3148
277.905	38.6944
278.387	39.7085
278.869	38.742
279.351	39.6823
279.833	42.494
280.315	46.7934
280.798	52.4126
281.28	59.375
281.762	66.7167
282.244	74.7399
282.726	83.2944
283.208	89.7489
283.69	93.4091
284.173	96.683
284.655	102.584
285.137	111.096
285.619	120.418
286.101	129.38
286.583	138.476
287.065	151.139
287.547	168.296
288.029	185.597
288.512	197.373
288.994	203.709
289.476	209.021
289.958	212.947
290.44	217.902
290.922	231.067
291.404	252.477
291.886	275.885
292.368	296.646
292.851	315.052
293.333	330.825
293.815	341.697
294.297	350.58
294.779	365.35
295.261	386.331
295.743	406.015
296.225	414.008
296.707	414.944
297.19	422.722
297.672	446.238
298.154	474.564
298.636	490.65
299.118	495.122
299.6	495.723
300.082	496.09
300.564	496.979
301.046	500.461
301.529	509.915
302.011	518.761
302.493	518.52
302.975	510.231
303.457	500.329
303.939	491.023
304.421	483.293
304.904	478.727
305.386	479.847
305.868	481.821
306.35	478.993
306.832	473.017
307.314	469.653
307.796	474.765
308.278	483.056
308.76	488.976
309.243	489.84
309.725	491.489
310.207	500.579
310.689	513.745
311.171	522.358
311.653	517.214
312.135	509.009
312.617	506.049
313.099	511.327
313.582	517.124
314.064	519.879
314.546	519.355
315.028	516.146
315.51	507.889
315.992	499.458
316.474	494.149
316.956	493.566
317.438	491.196
317.921	484.098
318.403	474.81
318.885	466.463
319.367	461.359
319.849	454.731
320.331	445.057
320.813	432.343
321.295	418.655
321.778	404.413
322.26	389.158
322.742	372.433
323.224	350.878
323.706	331.365
324.188	316.554
324.67	306.845
325.152	294.212
325.635	273.624
326.117	253.002
326.599	238.508
327.081	236.689
327.563	232.536
328.045	223.701
328.527	210.915
329.009	200.313
329.491	194.693
329.974	186.788
330.456	171
330.938	138.486
331.42	117.028
331.902	112.753
332.384	120.888
332.866	119.219
333.348	101.688
333.83	84.3989
334.313	77.5177
334.795	86.621
335.277	88.2968
335.759	78.8038
336.241	62.4782
336.723	50.0989
337.205	42.6136
337.687	36.8523
338.17	31.9136
338.652	28.1287
339.134	22.4509
339.616	14.1171
340.098	5.00335
340.58	11.5072
341.062	15.3114
341.544	18.5307
342.027	22.3121
342.509	26.4102
342.991	28.1368
343.473	26.7941
343.955	25.8767
344.437	32.0716
344.919	44.2652
345.401	51.787
345.883	47.6013
346.366	36.9634
346.848	35.5239
347.33	43.6054
347.812	51.9127
348.294	49.1109
348.776	39.1493
349.258	34.4874
349.74	41.7799
350.223	52.557
350.705	53.3525
351.187	45.3516
351.669	37.9425
352.151	39.5138
352.633	45.5578
353.115	49.0683
353.597	47.3813
354.079	44.8904
354.562	46.1101
355.044	49.8781
355.526	52.6599
356.008	52.706
356.49	50.8073
356.972	47.1235
357.454	40.92
357.936	35.4871
358.418	33.4216
358.901	33.291
359.383	32.6195
359.865	29.8852
360.347	26.797
360.829	25.4786
361.311	26.9156
361.793	23.7269
362.275	9.85136
362.757	18.523
363.24	34.7601
363.722	45.4274
364.204	55.4568
364.686	66.9075
365.168	79.9085
365.65	89.6533
366.132	92.7356
366.614	94.2589
367.097	97.8072
367.579	109.116
368.061	115.351
368.543	112.709
369.025	103.418
369.507	98.9856
369.989	103.081
370.471	107.736
370.954	108.395
371.436	100.189
371.918	99.6027
372.4	111.009
372.882	128.093
373.364	136.008
373.846	131.672
374.328	126.049
374.81	122.166
375.293	119.693
375.775	123.735
376.257	135.363
376.739	151.54
377.221	170.331
377.703	192.326
378.185	208.276
378.667	214.603
379.149	212.722
379.632	206.911
380.114	196.421
380.596	188.765
381.078	193.331
381.56	207.821
382.042	219.895
382.524	226.48
383.006	230.237
383.488	237.203
383.971	246.594
384.453	251.741
384.935	243.274
385.417	228.917
385.899	222.424
386.381	227.728
386.863	234.753
387.346	234.428
387.828	228.689
388.31	222.003
388.792	215.468
389.274	209.253
389.756	203.871
390.238	199.611
390.72	195.619
391.202	187.921
391.685	181.034
392.167	180.485
392.649	199.419
393.131	214.938
393.613	214.088
394.095	198.281
394.577	187.14
395.059	186.764
395.541	192.168
396.024	200.198
396.506	212.1
396.988	224.678
397.47	237.863
397.952	251.229
398.434	263.605
398.916	272.504
399.398	283.335
399.88	297.514
400.363	314.068
400.845	337.042
401.327	367.623
401.809	404.033
402.291	444.421
402.773	488.176
403.255	535.072
403.737	585.507
404.219	639.947
404.702	698.31
405.184	759.499
405.666	826.3
406.148	904.038
406.63	993.7
407.112	1082.69
407.594	1168.04
408.077	1250.89
408.559	1335.06
409.041	1421.38
409.523	1503.43
410.005	1576.56
410.487	1640.46
410.969	1693.02
411.451	1731.47
411.933	1771.24
412.416	1832.41
412.898	1910.4
413.38	1989.34
413.862	2051.62
414.344	2119.06
414.826	2216.14
415.308	2344.08
415.79	2488.52
416.272	2647.35
416.755	2815.35
417.237	2990.45
417.719	3165.74
418.201	3350.34
418.683	3545.3
419.165	3751.81
419.647	3967.34
420.129	4198.12
420.611	4434.28
421.094	4673.74
421.576	4908.51
422.058	5153.07
422.54	5411.83
423.022	5681.34
423.504	5961.58
423.986	6242.12
424.469	6541.89
424.951	6878.88
425.433	7253.48
425.915	7599.62
426.397	7892.94
426.879	8185.35
427.361	8521.27
427.843	8913.75
428.325	9307.56
428.808	9700.08
429.29	10085.7
429.772	10439.5
430.254	10762.6
430.736	11052.9
431.218	11307.9
431.7	11527.3
432.182	11702
432.664	11829.2
433.147	11919.4
433.629	11985
434.111	12025.2
434.593	12036.4
435.075	12005.9
435.557	11949.5
436.039	11919
436.521	11909.9
437.003	11832.5
437.486	11639.5
437.968	11328.7
438.45	10895.8
438.932	10334.4
439.414	9659.52
439.896	8841.08
440.378	7916.72
440.86	6959.16
441.343	5924.66
441.825	4936.73
442.307	4061.25
442.789	3305.83
443.271	2661.45
443.753	2140.08
444.235	1724.74
444.717	1387.66
445.2	1149.45
445.682	968.753
446.164	847.17
446.646	782.482
447.128	746.701
447.61	740.469
448.092	762.686
448.574	812.215
449.056	889.08
449.539	994.23
450.021	1124.48
450.503	1285.43
450.985	1485.73
451.467	1722.22
451.949	2003.97
452.431	2329.69
452.913	2701.71
453.396	3146.31
453.878	3661.39
454.36	4247.96
454.842	4886.05
455.324	5590.35
455.806	6387.05
456.288	7274.21
456.77	8286.13
457.252	9478.32
457.735	10837.1
458.217	12341.2
458.699	13981
459.181	15746.3
459.663	17598.3
460.145	19549
460.627	21605.1
461.109	23726.1
461.592	25960.1
462.074	28326.6
462.556	30749.1
463.038	33389.3
463.52	36248.4
464.002	39328.1
464.484	42753.1
464.966	46703.5
465.448	50862.7
465.93	55123.4
466.413	59945.4
466.895	64118.8
467.377	67255.2
467.859	69899.1
468.341	72895.1
468.823	75989.9
469.305	79955.5
469.787	85168.2
470.27	91566.9
470.752	98466.9
471.234	106412
471.716	113147
472.198	117198
472.68	118532
473.162	115691
473.644	107941
474.127	96982.1
474.609	84587.1
475.091	71080.1
475.573	58558
476.055	47942.6
476.537	39047.5
477.019	31872.3
477.501	26382.9
477.983	22016.4
478.466	18680.4
478.948	16090.4
479.43	13925
479.912	12172.6
480.394	10671
480.876	9394.09
481.358	8317.22
481.84	7386.3
482.322	6633.76
482.805	5983.04
483.287	5397.17
483.769	4875.62
484.251	4410.73
484.733	4016.04
485.215	3672.77
485.697	3356.85
486.179	3071.51
486.661	2806.85
487.144	2556.7
487.626	2324.55
488.108	2130.19
488.59	1983.63
489.072	1850.66
489.554	1710.93
490.036	1563.59
490.519	1434.9
491.001	1327.65
491.483	1235.75
491.965	1156.76
492.447	1088.96
492.929	1024.9
493.411	966.181
493.893	907.815
494.375	838.532
494.858	760.702
495.34	693.746
495.822	656.702
496.304	633.052
496.786	605.847
497.268	571.662
497.75	535.289
498.232	500.915
498.714	465.212
499.197	422.859
499.679	360.887
500.161	304.146
500.643	261.719
501.125	232.975
501.607	205.431
502.089	180.784
502.571	154.363
503.053	122.898
503.536	80.5729
504.018	47.294
504.5	24.2013
504.982	9.99424
505.464	5.98028
505.946	8.35243
506.428	8.0827
506.911	13.5265
507.393	32.2333
507.875	39.4939
508.357	34.7572
508.839	29.8453
509.321	35.9235
509.803	48.8583
510.285	57.8139
510.767	61.656
511.25	60.2072
511.732	49.8329
512.214	34.0754
512.696	20.4206
513.178	8.79257
513.66	6.64976
514.142	11.8238
514.624	31.574
515.106	44.5713
515.589	36.7789
516.071	24.7388
516.553	19.1757
517.035	27.1495
517.517	29.8059
517.999	20.1375
518.481	6.05904
518.963	12.0223
519.446	9.50275
519.928	8.60249
520.41	13.486
520.892	22.638
521.374	24.1905
521.856	16.1446
522.338	7.09804
522.82	7.03907
523.302	6.4851
523.784	6.86608
524.267	8.46243
524.749	11.4168
525.231	16.1029
525.713	22.5089
526.195	30.782
526.677	44.7721
527.159	57.4028
527.641	57.4121
528.124	47.5112
528.606	39.7318
529.088	43.1097
529.57	49.7575
530.052	53.5458
530.534	53.1192
531.016	52.8202
531.498	54.1779
531.981	56.2915
532.463	58.3784
532.945	62.7805
533.427	64.4939
533.909	63.1045
534.391	58.5423
534.873	49.5902
535.355	31.9323
535.837	17.8431
536.32	15.5618
536.802	26.2731
537.284	24.6098
537.766	8.3791
538.248	22.9317
538.73	40.9861
539.212	55.7941
539.694	65.8759
540.177	69.3516
540.659	70.6796
541.141	76.1742
541.623	84.9297
542.105	93.6071
542.587	100.695
543.069	106.723
543.551	111.758
544.033	115.839
544.516	120.3
544.998	126.585
545.48	133.028
545.962	138.26
546.444	141.255
546.926	144.168
547.408	147.883
547.89	151.565
548.372	153.75
548.855	153.957
549.337	153.347
549.819	151.751
550.301	149.372
550.783	149.535
551.265	153.653
551.747	155.567
552.229	149.048
552.712	135.158
553.194	125.563
553.676	121.864
554.158	119.646
554.64	113.413
555.122	104.165
555.604	94.9746
556.086	86.5442
556.568	78.8165
557.051	71.7925
557.533	65.4892
558.015	60.1801
558.497	56.2985
558.979	53.1889
559.461	50.7207
559.943	49.0945
560.425	47.0932
560.908	45.2974
561.39	42.5679
561.872	37.6336
562.354	27.1555
562.836	20.242
563.318	18.6107
563.8	20.552
564.282	21.8354
564.765	22.2336
565.247	22.2443
565.729	22.1709
566.211	22.4374
566.693	24.0915
567.175	26.94
567.657	29.2024
568.139	29.8814
568.621	29.2666
569.104	27.2973
569.586	23.5926
570.068	21.4714
570.55	23.8912
571.032	29.2346
571.514	34.9593
571.996	41.6163
572.478	46.296
572.96	47.4106
573.443	46.1849
573.925	45.4925
574.407	45.9059
574.889	45.9973
575.371	44.9529
575.853	42.3068
576.335	44.0634
576.817	51.7154
577.299	60.8178
577.782	67.1813
578.264	70.5458
578.746	73.9837
579.228	78.1083
579.71	82.1872
580.192	84.6657
580.674	85.6965
581.156	86.6105
581.639	88.4815
582.121	90.1861
582.603	89.5848
583.085	86.984
583.567	85.0949
584.049	85.9053
584.531	87.4145
585.013	88.5418
585.495	90.008
585.978	91.1028
586.46	91.3726
586.942	90.5155
587.424	88.6227
587.906	86.1237
588.388	82.2293
588.87	74.8696
589.352	66.4874
589.835	65.5376
590.317	74.0851
590.799	82.1458
591.281	86.283
591.763	86.7502
592.245	82.1655
592.727	72.5299
593.209	64.3348
593.692	63.1614
594.174	66.1068
594.656	68.5539
595.138	70.7706
595.62	72.4125
596.102	70.7548
596.584	67.914
597.066	67.6141
597.548	73.9413
598.031	80.1069
598.513	83.9725
598.995	85.8926
599.477	87.5588
599.959	89.422
600.441	90.658
600.923	90.816
601.405	89.7916
601.888	88.9367
602.37	87.7302
602.852	88.0334
603.334	92.2882
603.816	100.146
604.298	106.637
604.78	110.892
605.262	114.665
605.744	120.312
606.227	127.295
606.709	133.934
607.191	139.166
607.673	144.403
608.155	151.588
608.637	159.87
609.119	166.682
609.601	169.547
610.083	171.897
610.566	174.663
611.048	177.602
611.53	183.854
612.012	197.46
612.494	210.379
612.976	216.512
613.458	213.224
613.94	212.647
614.423	215.545
614.905	220.757
615.387	227.732
615.869	236.212
616.351	242.279
616.833	244.266
617.315	243.986
617.797	243.453
618.279	242.857
618.762	242.975
619.244	244.713
619.726	246.805
620.208	249.079
620.69	251.57
621.172	251.079
621.654	244.721
622.136	236.436
622.619	228.794
623.101	222.526
623.583	215.534
624.065	207.493
624.547	199.114
625.029	190.985
625.511	182.881
625.993	176.152
626.476	171.209
626.958	167.454
627.44	164.514
627.922	162.155
628.404	158.386
628.886	151.29
629.368	142.75
629.85	135.629
630.332	129.607
630.814	122.782
631.297	112.521
631.779	102.114
632.261	93.6326
632.743	87.1285
633.225	83.3846
633.707	83.8014
634.189	86.4072
634.671	90.2559
635.154	98.6032
635.636	100.177
636.118	90.9938
636.6	77.8503
637.082	74.3196
637.564	80.8564
638.046	86.1735
638.528	85.7805
639.01	82.6521
639.493	83.0836
639.975	86.4916
640.457	89.447
640.939	89.546
641.421	88.4672
641.903	86.746
642.385	84.4507
642.867	85.4759
643.35	95.2027
643.832	106.229
644.314	113.397
644.796	113.489
645.278	114.457
645.76	115.423
646.242	117.981
646.724	125.344
647.207	139.227
647.689	148.365
648.171	149.798
648.653	147.081
649.135	146.832
649.617	148.803
650.099	151.561
650.581	154.999
651.063	158.422
651.545	161.264
652.028	163.549
652.51	164.987
652.992	165.037
653.474	164.466
653.956	163.086
654.438	160.31
654.92	160.287
655.403	168.081
655.885	175.181
656.367	175.288
656.849	165.252
657.331	157.744
657.813	153.806
658.295	151.306
658.777	147.179
659.259	141.548
659.741	136.253
660.224	131.446
660.706	127.738
661.188	127.186
661.67	128.639
662.152	128.815
662.634	125.357
663.116	120.772
663.598	116.127
664.081	111.567
664.563	107.739
665.045	103.633
665.527	101.479
666.009	103.436
666.491	110.818
666.973	111.535
667.455	102.566
667.938	92.9491
668.42	90.7572
668.902	95.7321
669.384	99.898
669.866	102.583
670.348	104.144
670.83	105.715
671.312	106.445
671.794	103.966
672.277	94.897
672.759	86.6868
673.241	84.3299
673.723	86.3333
674.205	89.6364
674.687	95.2733
675.169	100.029
675.651	103.671
676.134	105.95
676.616	104.593
677.098	96.957
677.58	91.7879
678.062	94.1054
678.544	103.305
679.026	109.457
679.508	112.667
679.99	114.075
680.472	113.461
680.955	111.977
681.437	112.336
681.919	115.282
682.401	116.783
682.883	112.666
683.365	105.985
683.847	99.8699
684.33	95.1576
684.812	91.1558
685.294	86.4546
685.776	83.0174
686.258	84.3615
686.74	93.6541
687.222	99.0428
687.704	98.0933
688.186	92.5524
688.668	84.7145
689.151	74.6636
689.633	65.4621
690.115	58.1764
690.597	52.6511
691.079	49.2826
691.561	47.6881
692.043	46.0104
692.525	42.3577
693.008	38.7365
693.49	36.4761
693.972	35.8478
694.454	36.3374
694.936	40.4483
695.418	43.2867
695.9	41.3578
696.382	32.5557
696.865	28.561
697.347	30.4232
697.829	34.7039
698.311	37.3225
698.793	38.9898
699.275	44.0205
699.757	54.2948
700.239	63.4012
700.721	62.9713
701.204	57.4576
701.686	54.2435
702.168	58.0461
702.65	62.3342
703.132	64.5951
703.614	65.4505
704.096	66.695
704.578	69.2367
705.061	71.053
705.543	70.8456
706.025	69.5843
706.507	72.8614
706.989	81.6072
707.471	88.6971
707.953	89.2917
708.435	85.4483
708.917	82.0152
709.399	79.0123
709.882	77.1911
710.364	79.6272
710.846	82.2689
711.328	80.5274
711.81	73.1359
712.292	68.5946
712.774	72.5376
713.256	77.0573
713.739	76.7191
714.221	69.2428
714.703	65.0379
715.185	65.0988
715.667	65.432
716.149	60.6684
716.631	52.1035
717.113	48.6843
717.596	52.3168
718.078	57.6902
718.56	60.1401
719.042	59.9475
719.524	57.2627
720.006	49.1738
720.488	42.491
720.97	41.2129
721.452	43.4735
721.935	45.0916
722.417	46.1216
722.899	45.579
723.381	42.5446
723.863	37.5108
724.345	33.2292
724.827	30.1087
725.309	27.7887
725.792	26.1287
726.274	24.7942
726.756	24.8826
727.238	26.1704
727.72	25.6843
728.202	18.336
728.684	10.7125
729.166	9.3205
729.648	14.7618
730.131	18.0166
730.613	13.1256
731.095	8.14544
731.577	7.76647
732.059	13.4637
732.541	17.5693
733.023	19.7521
733.505	21.087
733.987	23.963
734.47	27.5364
734.952	23.398
735.434	9.01849
735.916	13.4882
736.398	7.65737
736.88	16.6846
737.362	24.8583
737.844	20.6551
738.327	14.2663
738.809	7.40912
739.291	8.62132
739.773	11.8383
740.255	11.763
740.737	9.69569
741.219	5.04207
741.701	11.0087
742.183	15.1371
742.666	17.3904
743.148	19.528
743.63	23.2874
744.112	25.8045
744.594	20.2495
745.076	9.29613
745.558	8.91947
746.04	8.31436
746.523	5.70084
747.005	5.77174
747.487	6.13103
747.969	6.07407
748.451	5.46546
748.933	5.32614
749.415	6.80093
749.897	8.65779
750.38	6.34999
750.862	10.858
751.344	16.4844
751.826	14.7182
752.308	8.69756
752.79	6.31309
753.272	7.55049
753.754	8.32911
754.236	5.82331
754.719	10.3551
755.201	11.0586
755.683	6.62601
756.165	6.49841
756.647	5.05075
757.129	6.02134
757.611	7.15881
758.093	16.8134
758.576	20.1131
759.058	15.9563
759.54	9.20721
760.022	6.08797
760.504	9.86757
760.986	11.3115
761.468	9.8713
761.95	8.40752
762.432	9.8935
762.915	12.326
763.397	13.2105
763.879	9.79565
764.361	8.33747
764.843	12.1929
765.325	17.189
765.807	18.482
766.289	15.1911
766.771	11.3172
767.254	6.70458
767.736	6.9059
768.218	5.69749
768.7	9.31474
769.182	14.0748
769.664	18.2259
770.146	20.1594
770.628	15.3908
771.111	7.80686
771.593	5.07743
772.075	16.4236
772.557	24.2055
773.039	20.3148
773.521	10.5014
774.003	10.8706
774.485	25.4874
774.967	34.7005
775.45	30.9943
775.932	19.5719
776.414	12.202
776.896	8.6865
777.378	7.57869
777.86	9.72766
778.342	12.6973
778.824	14.7352
779.307	15.8869
779.789	16.4731
780.271	17.8644
780.753	17.1832
781.235	11.9455
781.717	6.88614
782.199	9.04861
782.681	7.60078
783.164	12.4978
783.646	8.16493
784.128	11.7506
784.61	14.9474
785.092	11.9374
785.574	8.02235
786.056	5.80722
786.538	7.38699
787.02	7.44694
787.503	18.8568
787.985	25.1226
788.467	17.5588
788.949	9.79473
789.431	7.91225
789.913	12.3884
790.395	14.8749
790.877	15.0339
791.359	14.5569
791.842	13.9242
792.324	13.7216
792.806	15.6844
793.288	19.8312
793.77	24.3854
794.252	29.9015
794.734	35.4613
795.216	39.8654
795.698	42.5
796.181	46.4149
796.663	53.3385
797.145	59.9284
797.627	63.8198
798.109	64.8457
798.591	65.5727
799.073	65.5143
799.555	68.3499
800.038	79.4912
800.52	95.5032
801.002	110.391
801.484	123.338
801.966	134.477
802.448	141.529
802.93	148.196
803.412	157.948
803.894	175.383
804.377	186.873
804.859	187.441
805.341	188.372
805.823	201.179
806.305	225.771
806.787	249.995
807.269	273.341
807.751	293.112
808.234	302.427
808.716	308.495
809.198	323.383
809.68	352.831
810.162	380.138
810.644	396.116
811.126	408.048
811.608	422.651
812.091	439.961
812.573	460.537
813.055	486.11
813.537	512.233
814.019	533.237
814.501	549.362
814.983	563.594
815.465	576.829
815.947	586.736
816.429	588.036
816.912	586.217
817.394	588.709
817.876	601.959
818.358	609.838
818.84	606.906
819.322	598.911
819.804	589.712
820.286	577.81
820.769	571.633
821.251	573.736
821.733	577.008
822.215	569.877
822.697	556.042
823.179	547.277
823.661	550.03
824.143	546.908
824.625	520.605
825.108	484.648
825.59	454.31
826.072	432.965
826.554	415.976
827.036	405.385
827.518	396.426
828	381.618
828.482	361.619
828.965	349.435
829.447	347.732
829.929	348.78
830.411	343.843
830.893	337.639
831.375	337.583
831.857	349.072
832.339	355.635
832.822	345.859
833.304	333.076
833.786	332.004
834.268	346.83
834.75	360.418
835.232	372.679
835.714	380.656
836.196	375.542
836.678	362.489
837.16	362.303
837.643	381.5
838.125	402.14
838.607	410.594
839.089	413.159
839.571	416.325
840.053	421.001
840.535	425.946
841.018	430.697
841.5	436.331
841.982	444.205
842.464	454.402
842.946	461.017
843.428	462.909
843.91	464.177
844.392	469.462
844.874	477.351
845.356	484.634
845.839	489.758
846.321	497.974
846.803	517.503
847.285	537.059
847.767	546.244
848.249	539.465
848.731	536.804
849.213	537.967
849.696	544.073
850.178	558.045
850.66	578.049
851.142	597.723
851.624	616.327
852.106	635.184
852.588	657.449
853.07	679.349
853.553	696.86
854.035	706.208
854.517	719.936
854.999	732.762
855.481	757.461
855.963	814.755
856.445	905.937
856.927	947.054
857.409	933.201
857.891	907.949
858.374	902.769
858.856	912.254
859.338	934.09
859.82	968.999
860.302	997.331
860.784	1007.44
861.266	1011.57
861.749	1013.95
862.231	1013.03
862.713	1029.9
863.195	1069.11
863.677	1106.69
864.159	1126.66
864.641	1132.27
865.123	1127.72
865.605	1114.28
866.087	1105.37
866.57	1114.25
867.052	1125.77
867.534	1131.89
868.016	1131.73
868.498	1123.57
868.98	1102.77
869.462	1083.98
869.944	1076.17
870.427	1076.02
870.909	1067.89
871.391	1052.2
871.873	1034.62
872.355	1018.16
872.837	1001.44
873.319	984.161
873.801	965.774
874.284	944.383
874.766	915.711
875.248	888.762
875.73	867.805
876.212	849.914
876.694	821.491
877.176	782.694
877.658	743.471
878.14	709.078
878.623	676.042
879.105	638.93
879.587	599.594
880.069	561.894
880.551	527.53
881.033	494.869
881.515	464.577
881.997	435.363
882.48	403.688
882.962	368.996
883.444	334.389
883.926	299.917
884.408	267.993
884.89	243.201
885.372	224.111
885.854	207.35
886.337	191.965
886.819	178.639
887.301	169.786
887.783	162.485
888.265	152.104
888.747	135.485
889.229	124.964
889.711	122.992
890.193	124.066
890.676	120.318
891.158	113.64
891.64	110.916
892.122	114.68
892.604	116.025
893.086	102.208
893.568	86.906
894.05	84.1891
894.533	103.806
895.015	115.968
895.497	118.847
895.979	118.156
896.461	116.78
896.943	115.262
897.425	115.638
897.907	118.043
898.389	119.718
898.871	118.547
899.354	115.43
899.836	109.798
900.318	101.154
900.8	97.5126
901.282	103.924
901.764	109.036
902.246	107.828
902.729	101.279
903.211	94.697
903.693	87.8454
904.175	80.3943
904.657	70.4703
905.139	60.8909
905.621	54.3663
906.103	50.6385
906.585	48.2139
907.068	49.4218
907.55	49.2353
908.032	46.4427
908.514	41.5286
908.996	35.0764
909.478	26.8347
909.96	19.3609
910.442	13.3896
910.924	9.79581
911.407	11.8006
911.889	16.2306
912.371	17.4603
912.853	9.96288
913.335	6.31413
913.817	10.6562
914.299	12.2888
914.781	9.06309
915.264	9.53501
915.746	15.7554
916.228	18.1217
916.71	19.9803
917.192	24.8395
917.674	31.8072
918.156	39.2583
918.638	46.1852
919.12	55.5448
919.602	71.0014
920.085	87.1553
920.567	100.588
921.049	111.183
921.531	119.301
922.013	124.477
922.495	130.992
922.977	144.039
923.46	159.649
923.942	171.351
924.424	179.245
924.906	188.889
925.388	203.874
925.87	219.895
926.352	236.305
926.834	252.614
927.316	263.619
927.798	268.724
928.281	274.193
928.763	284.233
929.245	295.084
929.727	300.509
930.209	301.801
930.691	302.586
931.173	304.291
931.655	305.911
932.138	310.013
932.62	312.54
933.102	304.848
933.584	284.826
934.066	268.652
934.548	259.357
935.03	254.667
935.512	255.459
935.995	257.57
936.477	252.612
936.959	234.74
937.441	220.581
937.923	220.182
938.405	221.859
938.887	216.103
939.369	200.792
939.851	190.359
940.334	185.68
940.816	180.958
941.298	170.309
941.78	157.069
942.262	146.019
942.744	137.451
943.226	129.12
943.708	120.42
944.191	111.762
944.673	103.382
945.155	95.2095
945.637	86.9025
946.119	78.4036
946.601	69.6244
947.083	60.6766
947.565	51.2674
948.047	37.6111
948.529	23.209
949.012	16.2284
949.494	29.0317
949.976	37.4686
950.458	35.5752
950.94	28.0846
951.422	22.0447
951.904	17.5423
952.386	11.3019
952.869	8.22006
953.351	14.6393
953.833	6.00916
954.315	17.3262
954.797	21.3095
955.279	10.0711
955.761	8.32557
956.243	10.4646
956.726	9.85699
957.208	7.7598
957.69	5.6551
958.172	7.85845
958.654	8.8639
959.136	7.32731
959.618	10.589
960.1	19.2043
960.582	23.4318
961.065	23.5942
961.547	22.6603
962.029	21.2899
962.511	18.4837
962.993	12.9186
963.475	6.72301
963.957	5.61712
964.439	9.04001
964.922	14.0722
965.404	22.0812
965.886	26.6174
966.368	17.9527
966.85	5.33009
967.332	11.8965
967.814	5.08782
968.296	9.21944
968.778	9.57523
969.261	8.73657
969.743	9.33904
970.225	10.9106
970.707	11.898
971.189	12.1855
971.671	11.6537
972.153	9.24319
972.635	6.66642
973.117	5.06765
973.6	5.85174
974.082	5.0286
974.564	8.3044
975.046	9.88028
975.528	7.36062
976.01	7.50829
976.492	11.7853
976.974	15.315
977.457	17.6382
977.939	18.1933
978.421	18.0245
978.903	16.9174
979.385	15.3351
979.867	13.6195
980.349	11.2407
980.831	13.145
981.313	20.8785
981.796	28.4115
982.278	28.2833
982.76	24.1708
983.242	21.2152
983.724	20.297
984.206	19.522
984.688	16.8958
985.17	15.8927
985.653	18.794
986.135	25.0928
986.617	29.5623
987.099	32.0969
987.581	31.9801
988.063	26.0951
988.545	19.7908
989.027	18.8609
989.51	21.4335
989.992	22.6942
990.474	17.9052
990.956	18.5809
991.438	28.9935
991.92	41.2092
992.402	40.6145
992.884	30.5165
993.366	25.8641
993.848	30.2431
994.331	35.1226
994.813	35.1345
995.295	32.7505
995.777	29.1431
996.259	23.6786
996.741	23.2088
997.223	29.4256
997.705	34.5442
998.188	32.0001
998.67	25.7836
999.152	25.2968
999.634	29.2305
1000.12	32.3067
1000.6	31.0458
1001.08	29.8278
1001.56	30.193
1002.04	31.5343
1002.53	33.2039
1003.01	35.3314
1003.49	35.5509
1003.97	33.1473
1004.46	29.9821
1004.94	27.3595
1005.42	25.5993
1005.9	25.5389
1006.38	28.0631
1006.87	28.8744
1007.35	25.3967
1007.83	23.3628
1008.31	27.0599
1008.79	35.1168
1009.28	39.5196
1009.76	40.5064
1010.24	40.2652
1010.72	38.5444
1011.21	37.0976
1011.69	37.9355
1012.17	40.3676
1012.65	43.7323
1013.13	49.9964
1013.62	50.1517
1014.1	40.8508
1014.58	30.7451
1015.06	34.2061
1015.54	44.8954
1016.03	50.2699
1016.51	47.2733
1016.99	43.219
1017.47	39.2848
1017.95	35.9064
1018.44	33.3152
1018.92	31.8484
1019.4	34.794
1019.88	42.2
1020.37	46.5362
1020.85	39.611
1021.33	31.0111
1021.81	31.4476
1022.29	37.0625
1022.78	38.6875
1023.26	28.9925
1023.74	24.8562
1024.22	31.103
1024.7	40.5714
1025.19	41.2785
1025.67	35.4553
1026.15	32.3068
1026.63	33.4549
1027.12	35.8296
1027.6	39.7599
1028.08	42.1522
1028.56	39.4536
1029.04	32.1477
1029.53	32.5831
1030.01	42.389
1030.49	47.1407
1030.97	36.4844
1031.45	21.1144
1031.94	14.8234
1032.42	15.1901
1032.9	17.5119
1033.38	24.1714
1033.86	27.927
1034.35	27.7452
1034.83	24.7365
1035.31	18.1187
1035.79	9.06807
1036.28	6.82765
1036.76	12.1305
1037.24	18.5899
1037.72	23.2176
1038.2	26.0181
1038.68	26.6139
1039.17	25.3303
1039.65	23.8245
1040.13	21.7595
1040.61	21.1835
1041.1	23.4851
1041.58	26.4282
1042.06	27.2666
1042.54	25.8799
1043.02	21.7875
1043.51	12.1178
1043.99	5.63846
1044.47	5.05124
1044.95	6.48023
1045.43	6.68016
1045.92	5.90122
1046.4	7.96825
1046.88	12.8819
1047.36	18.0545
1047.85	23.3363
1048.33	26.5432
1048.81	24.8067
1049.29	19.7577
1049.77	18.1423
1050.26	21.3489
1050.74	23.3077
1051.22	22.8292
1051.7	20.5463
1052.18	14.9495
1052.67	8.90724
1053.15	7.81505
1053.63	13.7271
1054.11	19.7541
1054.6	26.1941
1055.08	30.0078
1055.56	28.0495
1056.04	21.6792
1056.52	21.4713
1057.01	26.6126
1057.49	30.0624
1057.97	25.867
1058.45	20.8193
1058.93	18.8424
1059.42	19.0802
1059.9	19.9482
1060.38	21.9222
1060.86	22.0725
1061.35	19.4914
1061.83	17.8977
1062.31	22.6978
1062.79	30.1776
1063.27	35.2453
1063.76	37.487
1064.24	37.2837
1064.72	33.0566
1065.2	28.2989
1065.68	23.8031
1066.17	19.8063
1066.65	15.9555
1067.13	12.7547
1067.61	13.2331
1068.09	20.7571
1068.58	26.3981
1069.06	22.3381
1069.54	15.4607
1070.02	12.7034
1070.51	15.121
1070.99	15.6082
1071.47	13.9034
1071.95	12.8931
1072.43	16.4126
1072.92	20.3741
1073.4	17.7975
1073.88	11.1497
1074.36	9.37093
1074.84	17.8645
1075.33	25.9124
1075.81	33.6499
1076.29	38.0511
1076.77	32.3332
1077.26	20.1915
1077.74	11.8863
1078.22	8.97693
1078.7	9.13516
1079.18	14.7039
1079.67	19.5579
1080.15	20.7078
1080.63	18.5799
1081.11	15.1447
1081.59	10.477
1082.08	7.02023
1082.56	5.85251
1083.04	5.82839
1083.52	5.28151
1084	5.36218
1084.49	9.51089
1084.97	24.3397
1085.45	30.3616
1085.93	25.9305
1086.42	18.7274
1086.9	13.3151
1087.38	9.73326
1087.86	8.38107
1088.34	8.72745
1088.83	10.1099
1089.31	14.683
1089.79	17.1043
1090.27	15.7944
1090.75	12.8686
1091.24	11.6166
1091.72	11.6434
1092.2	10.7487
1092.68	8.44288
1093.17	7.70901
1093.65	12.8899
1094.13	17.8651
1094.61	18.7017
1095.09	15.9026
1095.58	12.801
1096.06	9.32581
1096.54	7.21408
1097.02	6.99857
1097.5	8.40795
1097.99	12.7149
1098.47	17.784
1098.95	20.5046
1099.43	19.4597
1099.91	18.5262
1100.4	17.5606
1100.88	17.2166
1101.36	18.8601
1101.84	20.9205
1102.33	20.1492
1102.81	17.2829
1103.29	14.8568
1103.77	13.8013
1104.25	13.3172
1104.73	13.0963
1105.22	13.5067
1105.7	16.0205
1106.18	19.6209
1106.66	19.651
1107.15	15.5296
1107.63	12.001
1108.11	11.7284
1108.59	13.1045
1109.07	15.8787
1109.56	19.5276
1110.04	22.0391
1110.52	23.1861
1111	23.0371
1111.48	21.487
1111.97	19.1184
1112.45	14.9741
1112.93	11.2397
1113.41	10.9252
1113.9	15.4495
1114.38	17.0391
1114.86	15.1483
1115.34	12.3889
1115.82	9.26879
1116.31	7.09271
1116.79	9.37084
1117.27	14.0453
1117.75	16.5516
1118.23	13.9858
1118.72	11.0888
1119.2	7.73498
1119.68	5.03776
1120.16	5.9179
1120.65	5.52561
1121.13	5.33242
1121.61	5.2032
1122.09	6.06969
1122.57	11.1501
1123.06	13.9807
1123.54	11.4675
1124.02	6.75018
1124.5	6.15852
1124.98	9.11986
1125.47	10.4861
1125.95	9.08756
1126.43	8.06772
1126.91	10.3668
1127.4	13.2052
1127.88	14.0271
1128.36	13.2732
1128.84	15.689
1129.32	21.5703
1129.81	25.3284
1130.29	24.4888
1130.77	21.6937
1131.25	19.2226
1131.73	16.5813
1132.22	12.6823
1132.7	5.9483
1133.18	5.93253
1133.66	8.1887
1134.15	12.361
1134.63	12.3086
1135.11	10.3117
1135.59	9.91234
1136.07	10.4946
1136.56	10.5259
1137.04	8.08279
1137.52	7.52705
1138	9.72678
1138.48	12.543
1138.97	14.3834
1139.45	14.9411
1139.93	11.9372
1140.41	5.96318
1140.89	6.82465
1141.38	8.99973
1141.86	14.8103
1142.34	19.1266
1142.82	21.3928
1143.31	20.1299
1143.79	15.8981
1144.27	10.4232
1144.75	6.32163
1145.23	10.343
1145.71	7.992
1146.2	6.26719
1146.68	10.6256
1147.16	14.7115
1147.64	15.2445
1148.13	12.6354
1148.61	13.0243
1149.09	19.9756
1149.57	26.0617
1150.05	24.9272
1150.54	20.7466
1151.02	17.1498
1151.5	14.2112
1151.98	13.399
1152.46	14.8496
1152.95	14.8988
1153.43	8.96618
1153.91	6.3195
1154.39	7.23926
1154.88	15.2878
1155.36	20.2785
1155.84	21.4288
1156.32	19.6295
1156.8	14.061
1157.29	10.138
1157.77	14.7603
1158.25	21.7602
1158.73	22.7451
1159.21	19.1608
1159.7	17.4067
1160.18	19.6953
1160.66	21.3773
1161.14	22.3792
1161.63	21.3297
1162.11	13.6715
1162.59	5.76187
1163.07	7.35115
1163.55	8.9956
1164.04	12.579
1164.52	7.63079
1165	5.36565
1165.48	9.84797
1165.96	16.0308
1166.45	12.5773
1166.93	5.81812
1167.41	7.46928
1167.89	11.0472
1168.38	16.8698
1168.86	12.7268
1169.34	9.14214
1169.82	10.9984
1170.3	15.5626
1170.79	13.9739
1171.27	8.15874
1171.75	5.70969
1172.23	5.75597
1172.71	6.61791
1173.2	14.5839
1173.68	21.1062
1174.16	20.6691
1174.64	14.8227
1175.13	15.2047
1175.61	20.3457
1176.09	22.0637
1176.57	11.758
1177.05	6.51814
1177.54	6.77608
1178.02	12.4349
1178.5	11.2614
1178.98	6.63491
1179.46	10.5462
1179.95	10.433
1180.43	7.97417
1180.91	7.88211
1181.39	13.487
1181.87	18.1717
1182.36	20.7251
1182.84	18.1295
1183.32	10.0532
1183.8	6.88776
1184.29	9.56241
1184.77	12.9327
1185.25	13.7153
1185.73	13.309
1186.21	11.6416
1186.69	9.69295
1187.18	10.4382
1187.66	14.1168
1188.14	16.7707
1188.62	17.8453
1189.11	17.031
1189.59	11.147
1190.07	5.65208
1190.55	6.32998
1191.03	12.1171
1191.52	13.8903
1192	10.9789
1192.48	10.9
1192.96	16.7148
1193.44	22.5448
1193.93	21.8519
1194.41	18.5844
1194.89	16.0829
1195.37	14.6193
1195.86	16.8278
1196.34	23.298
1196.82	26.426
1197.3	21.6465
1197.78	15.5445
1198.27	15.7678
1198.75	18.6609
1199.23	19.5484
1199.71	17.2633
1200.19	17.8449
1200.68	22.1084
1201.16	23.2831
1201.64	14.9956
1202.12	5.26498
1202.61	5.76646
1203.09	7.53767
1203.57	8.40764
1204.05	5.55001
1204.53	7.10415
1205.02	5.9933
1205.5	5.88089
1205.98	7.29746
1206.46	8.70824
1206.94	10.9596
1207.43	13.5704
1207.91	15.3643
1208.39	16.3161
1208.87	16.048
1209.36	14.1674
1209.84	13.0907
1210.32	16.7745
1210.8	20.9162
1211.28	19.3083
1211.77	13.7307
1212.25	11.3973
1212.73	13.9581
1213.21	15.9901
1213.69	17.0779
1214.18	17.2192
1214.66	13.7016
1215.14	10.049
1215.62	10.8412
1216.1	15.2894
1216.59	17.1799
1217.07	14.7494
1217.55	14.9873
1218.03	19.5918
1218.52	24.648
1219	25.5997
1219.48	24.7299
1219.96	24.8316
1220.44	25.8852
1220.93	24.7597
1221.41	20.55
1221.89	18.8743
1222.37	22.0894
1222.85	24.6617
1223.34	15.8624
1223.82	5.28189
1224.3	6.43823
1224.78	21.2424
1225.27	24.4627
1225.75	13.0398
1226.23	5.89582
1226.71	9.99748
1227.19	17.5806
1227.68	20.4074
1228.16	20.657
1228.64	20.9336
1229.12	21.6376
1229.6	20.2149
1230.09	16.3191
1230.57	12.7718
1231.05	10.1636
1231.53	9.25011
1232.01	13.3496
1232.5	18.2816
1232.98	18.0032
1233.46	11.2329
1233.94	8.36927
1234.43	9.73148
1234.91	11.9662
1235.39	13.9369
1235.87	15.8631
1236.35	18.7741
1236.84	21.391
1237.32	21.6777
1237.8	19.5153
1238.28	18.659
1238.76	19.2185
1239.25	19.3534
1239.73	17.9822
1240.21	16.0297
1240.69	13.4008
1241.18	11.1713
1241.66	11.0805
1242.14	13.7394
1242.62	14.4325
1243.1	13.151
1243.59	11.1416
1244.07	7.6955
1244.55	5.34841
1245.03	6.7286
1245.51	9.95925
1246	11.3388
1246.48	10.6752
1246.96	15.1527
1247.44	24.4341
1247.92	28.8672
1248.41	16.2017
1248.89	6.4219
1249.37	8.70023
1249.85	5.69948
1250.34	5.8621
1250.82	6.1356
1251.3	10.039
1251.78	17.2949
1252.26	21.0399
1252.74	11.3197
1253.23	6.01055
1253.71	9.43007
1254.19	18.3849
1254.67	17.7327
1255.16	9.41554
1255.64	8.91126
1256.12	16.4694
1256.6	22.1994
1257.08	18.9745
1257.57	16.2279
1258.05	17.869
1258.53	20.5209
1259.01	18.4542
1259.49	13.427
1259.98	12.4241
1260.46	15.5992
1260.94	18.3353
1261.42	18.6404
1261.91	17.8623
1262.39	15.6952
1262.87	13.6588
1263.35	14.7508
1263.83	17.4334
1264.32	18.0819
1264.8	16.4867
1265.28	14.5045
1265.76	11.5044
1266.24	10.0512
1266.73	10.701
1267.21	13.1246
1267.69	19.553
1268.17	26.2846
1268.66	25.8424
1269.14	18.1631
1269.62	13.9144
1270.1	16.4659
1270.58	15.4985
1271.07	7.25358
1271.55	9.58617
1272.03	10.5915
1272.51	25.3638
1272.99	29.192
1273.48	21.336
1273.96	15.1714
1274.44	10.4579
1274.92	11.9047
1275.41	22.1103
1275.89	31.5423
1276.37	28.8979
1276.85	21.7536
1277.33	15.9675
1277.82	12.1823
1278.3	12.3268
1278.78	15.9969
1279.26	16.4755
1279.74	10.7783
1280.23	5.68089
1280.71	7.73795
1281.19	11.5638
1281.67	12.4454
1282.15	11.4796
1282.64	13.2164
1283.12	17.2973
1283.6	20.5409
1284.08	22.4503
1284.57	22.4134
1285.05	16.6867
1285.53	12.9263
1286.01	15.8839
1286.49	22.4732
1286.98	24.0126
1287.46	21.6275
1287.94	18.5945
1288.42	15.3476
1288.9	13.4895
1289.39	13.6356
1289.87	14.6189
1290.35	19.54
1290.83	24.7861
1291.32	23.9419
1291.8	19.8659
1292.28	18.4422
1292.76	21.1307
1293.24	22.7847
1293.72	22.3953
1294.21	22.1458
1294.69	23.1337
1295.17	24.1304
1295.65	22.094
1296.14	19.706
1296.62	21.4173
1297.1	28.371
1297.58	31.1998
1298.06	29.4987
1298.55	25.8825
1299.03	20.1555
1299.51	16.188
1299.99	20.47
1300.47	26.6861
1300.96	29.1638
1301.44	27.8928
1301.92	20.9369
1302.4	8.67552
1302.89	6.4287
1303.37	10.6301
1303.85	18.3993
1304.33	18.089
1304.81	16.6733
1305.3	19.1257
1305.78	19.1754
1306.26	16.6558
1306.74	9.015
1307.22	5.00949
1307.71	5
