104.627 200.000
105.110 200.658
105.592 202.663
106.074 205.672
106.556 207.497
107.038 206.203
107.520 204.404
108.002 204.765
108.484 207.940
108.967 211.612
109.449 216.110
109.931 219.802
110.413 221.747
110.895 222.850
111.377 224.681
111.859 226.737
112.341 224.542
112.823 218.962
113.305 214.811
113.788 214.072
114.270 216.833
114.752 217.808
115.234 218.831
115.716 217.535
116.198 214.731
116.680 211.532
117.162 208.153
117.645 204.498
118.127 201.420
118.609 201.025
119.091 202.567
119.573 202.592
120.055 200.643
120.537 202.014
121.019 203.770
121.501 204.927
121.984 204.155
122.466 201.143
122.948 207.469
123.430 211.327
123.912 211.088
124.394 208.311
124.876 206.919
125.359 208.496
125.841 208.610
126.323 205.966
126.805 201.659
127.287 202.774
127.769 206.257
128.251 209.840
128.733 217.740
129.215 234.030
129.697 249.947
130.180 261.969
130.662 272.969
131.144 286.377
131.626 304.066
132.108 326.202
132.590 354.181
133.072 390.337
133.554 430.545
134.037 473.200
134.519 519.409
135.001 571.282
135.483 630.031
135.965 695.499
136.447 765.890
136.929 834.801
137.411 914.196
137.893 1012.04
138.376 1123.86
138.858 1239.89
139.340 1352.43
139.822 1461.55
140.304 1582.09
140.786 1711.76
141.268 1851.71
141.750 1998.66
142.232 2154.60
142.715 2325.38
143.197 2516.40
143.679 2728.32
144.161 2957.46
144.643 3176.94
145.125 3432.15
145.607 3751.23
146.089 4132.70
146.572 4554.23
147.054 4993.56
147.536 5457.87
148.018 5995.48
148.500 6636.29
148.982 7325.33
149.464 8063.85
149.946 8848.28
150.429 9584.05
150.911 10234.8
151.393 10771.0
151.875 11088.4
152.357 11145.2
152.839 11000.7
153.321 10691.9
153.803 10220.3
154.286 9617.60
154.768 8853.37
155.250 7957.92
155.732 7074.33
156.214 6190.55
156.696 5345.63
157.178 4579.87
157.660 3896.09
158.142 3291.56
158.625 2786.77
159.107 2365.19
159.589 2005.26
160.071 1713.08
160.553 1476.59
161.035 1288.00
161.517 1153.55
161.999 1046.40
162.481 954.888
162.964 876.989
163.446 810.104
163.928 755.994
164.410 712.168
164.892 676.012
165.374 649.441
165.856 625.440
166.338 598.857
166.821 571.774
167.303 547.981
167.785 529.367
168.267 514.825
168.749 501.920
169.231 490.466
169.713 481.095
170.195 473.235
170.677 467.517
171.160 465.438
171.642 468.868
172.124 475.896
172.606 482.435
173.088 489.999
173.570 493.686
174.052 487.746
174.534 477.694
175.017 471.650
175.499 474.221
175.981 482.856
176.463 490.831
176.945 498.198
177.427 504.964
177.909 509.593
178.391 514.144
178.873 521.367
179.356 533.029
179.838 548.044
180.320 563.576
180.802 580.372
181.284 595.780
181.766 607.420
182.248 618.229
182.730 631.680
183.212 649.657
183.695 670.882
184.177 693.095
184.659 722.775
185.141 740.654
185.623 740.939
186.105 729.169
186.587 711.622
187.069 691.186
187.552 666.615
188.034 632.432
188.516 579.355
188.998 533.312
189.480 501.982
189.962 478.660
190.444 455.926
190.926 430.592
191.408 405.170
191.891 385.741
192.373 373.429
192.855 365.813
193.337 364.231
193.819 365.367
194.301 365.351
194.783 362.588
195.265 359.982
195.748 363.665
196.230 374.698
196.712 390.960
197.194 410.232
197.676 434.497
198.158 463.356
198.640 497.016
199.122 539.855
199.604 600.132
200.087 680.672
200.569 775.690
201.051 870.782
201.533 985.116
202.015 1138.36
202.497 1334.84
202.979 1553.30
203.461 1761.72
203.944 1958.59
204.426 2146.87
204.908 2325.33
205.390 2498.61
205.872 2665.63
206.354 2828.01
206.836 2993.91
207.318 3174.95
207.800 3369.33
208.283 3582.06
208.765 3801.74
209.247 4045.68
209.729 4309.35
210.211 4599.48
210.693 4943.71
211.175 5368.16
211.657 5860.22
212.140 6478.82
212.622 7229.98
213.104 8086.55
213.586 9020.66
214.068 10040.4
214.550 11181.8
215.032 12459.2
215.514 13843.9
215.996 15552.2
216.479 17704.4
216.961 20070.0
217.443 23065.2
217.925 26293.8
218.407 28880.5
218.889 30179.4
219.371 30195.0
219.853 28722.9
220.335 24329.0
220.818 19748.9
221.300 15291.6
221.782 11213.9
222.264 7828.89
222.746 5404.42
223.228 3872.40
223.710 2709.99
224.192 2144.40
224.674 1739.44
225.157 1460.70
225.639 1271.50
226.121 1136.62
226.603 1039.51
227.085 974.794
227.567 920.498
228.049 878.399
228.531 845.716
229.013 823.401
229.496 809.028
229.978 800.330
230.460 796.370
230.942 796.894
231.424 801.606
231.906 812.610
232.388 824.532
232.870 838.141
233.353 851.395
233.835 862.284
234.317 870.168
234.799 876.722
235.281 885.176
235.763 897.666
236.245 906.879
236.727 915.396
237.209 918.874
237.692 910.809
238.174 891.500
238.656 871.264
239.138 864.331
239.620 875.565
240.102 882.059
240.584 869.187
241.066 862.723
241.549 876.244
242.031 909.494
242.513 953.079
242.995 999.114
243.477 1047.66
243.959 1098.94
244.441 1158.31
244.923 1215.83
245.405 1269.34
245.888 1318.19
246.370 1362.06
246.852 1404.37
247.334 1443.00
247.816 1457.67
248.298 1449.30
248.780 1411.54
249.262 1339.30
249.745 1240.15
250.227 1124.35
250.709 992.457
251.191 851.870
251.673 721.194
252.155 594.608
252.637 490.751
253.119 419.115
253.601 368.792
254.084 330.439
254.566 301.788
255.048 279.771
255.530 259.325
256.012 239.889
256.494 224.472
256.976 216.135
257.458 211.035
257.941 206.819
258.423 203.039
258.905 200.150
259.387 202.703
259.869 204.638
260.351 205.471
260.833 203.309
261.315 201.678
261.798 203.693
262.280 209.216
262.762 214.725
263.244 218.201
263.726 219.689
264.208 219.118
264.690 215.379
265.172 211.220
265.654 208.531
266.137 207.052
266.619 206.044
267.101 205.223
267.583 204.621
268.065 204.408
268.547 204.725
269.029 204.977
269.511 204.329
269.993 203.364
270.476 203.156
270.958 204.147
271.440 205.879
271.922 208.612
272.404 212.428
272.886 214.264
273.368 211.589
273.850 206.312
274.332 202.180
274.815 200.803
275.297 202.136
275.779 200.148
276.261 204.144
276.743 206.350
277.225 204.211
277.707 200.104
278.190 202.131
278.672 202.549
279.154 201.143
279.636 203.930
280.118 210.343
280.600 214.308
281.082 215.077
281.564 213.194
282.046 207.860
282.529 201.633
283.011 207.731
283.493 206.531
283.975 202.971
284.457 201.574
284.939 202.900
285.421 205.340
285.903 207.298
286.385 208.617
286.868 210.855
287.350 215.727
287.832 220.037
288.314 221.891
288.796 221.819
289.278 221.339
289.760 221.205
290.242 221.354
290.724 221.676
291.207 221.028
291.689 221.972
292.171 226.672
292.653 232.746
293.135 236.723
293.617 237.164
294.099 235.921
294.581 236.546
295.063 240.597
295.546 244.233
296.028 247.633
296.510 250.523
296.992 252.234
297.474 252.780
297.956 253.210
298.438 254.823
298.921 258.076
299.403 259.618
299.885 257.317
300.367 255.564
300.849 256.270
301.331 258.632
301.813 260.856
302.295 261.875
302.777 261.922
303.260 261.138
303.742 258.133
304.224 256.036
304.706 255.896
305.188 256.839
305.670 258.191
306.152 259.741
306.634 260.887
307.116 260.440
307.599 257.936
308.081 255.572
308.563 253.043
309.045 251.280
309.527 251.240
310.009 252.879
310.491 254.906
310.973 256.355
311.455 257.248
311.938 257.701
312.420 257.029
312.902 256.956
313.384 259.056
313.866 262.564
314.348 265.479
314.830 267.119
315.312 267.522
315.795 265.979
316.277 261.908
316.759 259.379
317.241 262.331
317.723 267.629
318.205 270.008
318.687 267.932
319.169 264.676
319.652 262.154
320.134 260.170
320.616 258.765
321.098 258.699
321.580 258.400
322.062 254.273
322.544 245.488
323.026 239.798
323.508 241.896
323.991 247.055
324.473 249.061
324.955 246.879
325.437 243.438
325.919 241.518
326.401 241.296
326.883 240.139
327.365 236.701
327.847 233.685
328.330 233.337
328.812 234.708
329.294 234.936
329.776 232.230
330.258 227.128
330.740 222.517
331.222 217.893
331.704 215.112
332.187 215.260
332.669 216.750
333.151 218.213
333.633 219.017
334.115 218.707
334.597 216.630
335.079 211.736
335.561 208.988
336.043 209.845
336.526 211.010
337.008 210.691
337.490 208.861
337.972 206.663
338.454 205.361
338.936 204.918
339.418 203.309
339.900 201.094
340.382 203.443
340.865 201.125
341.347 202.686
341.829 203.862
342.311 200.664
342.793 204.027
343.275 205.864
343.757 204.421
344.239 203.509
344.721 204.473
345.204 205.917
345.686 206.890
346.168 207.328
346.650 207.350
347.132 206.781
347.614 205.856
348.096 205.139
348.579 204.594
349.061 204.563
349.543 206.300
350.025 208.897
350.507 209.455
350.989 205.212
351.471 200.526
351.953 200.957
352.435 200.345
352.918 202.377
353.400 204.558
353.882 206.433
354.364 206.571
354.846 204.289
355.328 202.153
355.810 200.524
356.292 200.569
356.774 200.766
357.257 200.074
357.739 200.536
358.221 200.242
358.703 203.031
359.185 203.589
359.667 200.443
360.149 204.029
360.631 204.688
361.113 203.140
361.596 201.273
362.078 200.196
362.560 200.407
363.042 201.763
363.524 204.690
364.006 207.053
364.488 208.780
364.970 209.806
365.452 209.549
365.935 208.098
366.417 207.008
366.899 208.493
367.381 212.796
367.863 215.898
368.345 217.727
368.827 218.105
369.310 215.934
369.792 212.366
370.274 210.163
370.756 211.168
371.238 213.820
371.720 216.019
372.202 217.912
372.684 217.685
373.166 212.029
373.649 205.421
374.131 205.262
374.613 213.874
375.095 221.356
375.577 220.778
376.059 215.718
376.541 213.568
377.023 216.055
377.505 219.691
377.988 220.751
378.470 218.874
378.952 218.635
379.434 222.101
379.916 225.406
380.398 225.704
380.880 223.857
381.362 222.478
381.844 222.992
382.327 224.902
382.809 226.764
383.291 229.685
383.773 230.950
384.255 228.042
384.737 225.074
385.219 226.492
385.701 232.320
386.184 238.036
386.666 238.522
387.148 233.423
387.630 229.852
388.112 229.495
388.594 228.650
389.076 224.771
389.558 219.935
390.041 217.786
390.523 220.371
391.005 224.802
391.487 226.455
391.969 225.037
392.451 223.352
392.933 221.878
393.415 220.521
393.897 218.937
394.380 217.154
394.862 216.491
395.344 219.329
395.826 223.072
396.308 222.676
396.790 217.506
397.272 212.385
397.754 210.581
398.236 211.639
398.719 212.311
399.201 211.490
399.683 211.498
400.165 214.096
400.647 217.576
401.129 219.010
401.611 217.584
402.093 215.764
402.575 217.257
403.058 223.375
403.540 228.836
404.022 233.949
404.504 238.373
404.986 241.473
405.468 243.794
405.950 246.604
406.433 250.829
406.915 255.815
407.397 258.577
407.879 255.918
408.361 257.724
408.843 270.042
409.325 284.979
409.807 295.910
410.289 301.798
410.772 306.746
411.254 314.502
411.736 324.471
412.218 333.466
412.700 341.478
413.182 348.437
413.664 350.971
414.146 352.560
414.628 360.904
415.111 381.331
415.593 404.105
416.075 421.432
416.557 435.288
417.039 452.321
417.521 475.270
418.003 499.758
418.485 519.150
418.967 530.925
419.450 546.840
419.932 569.414
420.414 594.206
420.896 619.869
421.378 645.355
421.860 668.168
422.342 686.379
422.824 701.711
423.307 721.469
423.789 746.870
424.271 775.329
424.753 810.183
425.235 845.296
425.717 873.833
426.199 895.876
426.681 918.889
427.164 952.523
427.646 995.580
428.128 1029.86
428.610 1051.87
429.092 1071.65
429.574 1093.76
430.056 1117.33
430.538 1141.74
431.020 1168.78
431.503 1192.52
431.985 1203.15
432.467 1205.58
432.949 1219.20
433.431 1251.26
433.913 1287.87
434.395 1312.01
434.877 1321.97
435.360 1335.86
435.842 1362.86
436.324 1386.53
436.806 1396.77
437.288 1395.41
437.770 1390.94
438.252 1388.48
438.734 1380.21
439.216 1345.79
439.699 1273.68
440.181 1194.54
440.663 1107.03
441.145 1014.80
441.627 915.826
442.109 813.396
442.591 715.801
443.073 629.006
443.555 552.589
444.038 484.065
444.520 421.286
445.002 372.431
445.484 349.151
445.966 337.061
446.448 322.048
446.930 301.603
447.412 285.203
447.894 278.844
448.377 280.623
448.859 287.024
449.341 297.687
449.823 312.046
450.305 330.011
450.787 351.615
451.269 375.212
451.751 396.494
452.234 424.302
452.716 463.707
453.198 510.705
453.680 557.569
454.162 602.726
454.644 653.849
455.126 720.453
455.608 802.814
456.091 898.572
456.573 1009.94
457.055 1132.57
457.537 1262.00
458.019 1402.96
458.501 1563.00
458.983 1745.96
459.465 1947.52
459.947 2166.81
460.430 2403.23
460.912 2642.58
461.394 2880.30
461.876 3123.03
462.358 3375.13
462.840 3636.75
463.322 3914.73
463.804 4204.18
464.286 4517.68
464.769 4855.72
465.251 5224.28
465.733 5646.83
466.215 6134.24
466.697 6677.27
467.179 7248.85
467.661 7841.70
468.143 8489.56
468.625 9190.15
469.108 9946.93
469.590 10790.9
470.072 11692.1
470.554 12588.3
471.036 13464.1
471.518 14258.2
472.000 14835.4
472.483 15249.2
472.965 15284.9
473.447 14781.6
473.929 13947.3
474.411 12802.5
474.893 11389.5
475.375 9938.03
475.857 8499.47
476.339 7140.22
476.822 5962.10
477.304 4970.61
477.786 4141.04
478.268 3475.73
478.750 2954.73
479.232 2537.32
479.714 2242.87
480.196 1987.51
480.678 1759.65
481.161 1561.40
481.643 1400.15
482.125 1272.23
482.607 1163.03
483.089 1061.33
483.571 968.342
484.053 888.991
484.535 827.462
485.017 773.527
485.500 727.370
485.982 685.906
486.464 647.577
486.946 611.780
487.428 578.119
487.910 545.882
488.392 515.514
488.874 488.177
489.356 463.819
489.839 443.307
490.321 429.108
490.803 418.222
491.285 404.226
491.767 386.030
492.249 367.895
492.731 349.298
493.214 332.757
493.696 321.846
494.178 316.517
494.660 313.793
495.142 311.984
495.624 310.476
496.106 305.064
496.588 291.594
497.070 280.004
497.553 271.526
498.035 264.987
498.517 259.964
498.999 256.094
499.481 252.392
499.963 248.187
500.445 243.502
500.927 238.100
501.409 231.539
501.892 226.048
502.374 223.175
502.856 221.622
503.338 218.989
503.820 214.639
504.302 211.697
504.784 213.540
505.266 216.188
505.748 214.137
506.231 207.560
506.713 201.289
507.195 201.405
507.677 201.269
508.159 201.642
508.641 204.093
509.123 204.642
509.605 200.648
510.088 203.372
510.570 203.680
511.052 200.636
511.534 202.585
512.016 203.924
512.498 203.905
512.980 203.909
513.462 203.952
513.944 203.156
514.427 200.282
514.909 202.488
515.391 201.969
515.873 202.111
516.355 205.139
516.837 205.207
517.319 204.020
517.802 202.999
518.284 202.172
518.766 201.030
519.248 200.776
519.730 202.718
520.212 203.581
520.694 203.251
521.176 202.211
521.658 201.015
522.140 203.881
522.623 204.647
523.105 203.848
523.587 203.059
524.069 203.120
524.551 203.559
525.033 203.699
525.515 203.487
525.997 202.762
526.480 201.298
526.962 200.233
527.444 201.626
527.926 202.804
528.408 201.999
528.890 203.423
529.372 208.532
529.854 210.345
530.337 209.792
530.819 208.687
531.301 207.634
531.783 206.313
532.265 204.132
532.747 200.668
533.229 201.581
533.711 203.143
534.193 202.792
534.676 201.870
535.158 207.930
535.640 211.485
536.122 211.350
536.604 209.357
537.086 207.227
537.568 204.610
538.050 200.552
538.533 209.030
539.015 215.743
539.497 216.340
539.979 212.167
540.461 210.111
540.943 210.897
541.425 212.537
541.907 215.608
542.389 218.746
542.871 220.695
543.354 221.306
543.836 221.003
544.318 219.964
544.800 218.505
545.282 218.000
545.764 218.789
546.246 219.594
546.729 219.580
547.211 219.876
547.693 222.056
548.175 225.859
548.657 228.185
549.139 226.221
549.621 223.129
550.103 222.790
550.585 224.562
551.067 225.115
551.550 222.907
552.032 219.996
552.514 219.967
552.996 224.517
553.478 226.145
553.960 222.735
554.442 219.113
554.924 217.396
555.407 216.687
555.889 215.295
556.371 212.568
556.853 209.627
557.335 207.632
557.817 206.571
558.299 206.637
558.781 208.323
559.263 209.609
559.745 208.892
560.228 206.759
560.710 205.242
561.192 204.652
561.674 204.151
562.156 203.156
562.638 202.319
563.120 202.471
563.602 203.565
564.085 204.811
564.567 205.599
565.049 206.143
565.531 207.633
566.013 211.036
566.495 212.859
566.977 211.696
567.459 209.550
567.942 206.662
568.424 203.512
568.906 201.921
569.388 204.068
569.870 206.741
570.352 205.990
570.834 202.949
571.316 201.703
571.798 203.638
572.281 206.618
572.763 207.970
573.245 207.494
573.727 207.141
574.209 206.962
574.691 206.815
575.173 206.744
575.655 206.683
576.138 206.823
576.620 207.111
577.102 206.685
577.584 203.744
578.066 200.565
578.548 202.100
579.030 200.568
579.512 201.676
579.994 203.868
580.477 205.873
580.959 207.534
581.441 209.258
581.923 209.251
582.405 204.712
582.887 200.637
583.369 201.025
583.851 204.491
584.333 207.780
584.816 209.383
585.298 209.737
585.780 209.113
586.262 207.316
586.744 206.888
587.226 209.240
587.708 210.834
588.190 208.156
588.673 203.900
589.155 202.888
589.637 207.386
590.119 210.886
590.601 208.711
591.083 204.595
591.565 203.398
592.047 205.294
592.529 207.774
593.012 209.266
593.494 209.848
593.976 209.565
594.458 208.117
594.940 206.885
595.422 206.169
595.904 205.689
596.386 204.710
596.869 203.567
597.351 203.437
597.833 205.345
598.315 207.249
598.797 206.967
599.279 205.272
599.761 203.865
600.243 203.066
600.726 203.592
601.208 206.402
601.690 211.059
602.172 213.965
602.654 213.880
603.136 213.652
603.618 213.282
604.100 213.012
604.582 213.186
605.064 213.660
605.547 213.835
606.029 213.265
606.511 212.349
606.993 211.603
607.475 211.026
607.957 210.557
608.439 210.104
608.921 210.037
609.404 210.738
609.886 212.215
610.368 214.060
610.850 216.952
611.332 219.312
611.814 220.898
612.296 221.703
612.778 220.850
613.260 218.856
613.743 218.429
614.225 222.606
614.707 228.978
615.189 231.105
615.671 228.761
616.153 227.035
616.635 227.870
617.117 228.978
617.600 227.124
618.082 222.200
618.564 220.152
619.046 223.729
619.528 227.347
620.010 229.143
620.492 229.595
620.974 229.273
621.457 228.425
621.939 227.239
622.421 225.661
622.903 223.932
623.385 223.030
623.867 222.965
624.349 223.878
624.831 226.867
625.313 229.663
625.795 228.909
626.278 224.794
626.760 221.475
627.242 219.960
627.724 219.254
628.206 219.491
628.688 219.719
629.170 218.531
629.653 215.896
630.135 213.185
630.617 211.572
631.099 210.929
631.581 210.921
632.063 211.766
632.545 212.479
633.027 212.989
633.509 213.014
633.991 211.718
634.474 209.222
634.956 208.224
635.438 210.728
635.920 213.034
636.402 213.395
636.884 212.504
637.366 211.034
637.848 209.217
638.331 207.353
638.813 205.526
639.295 203.943
639.777 204.154
640.259 206.620
640.741 208.687
641.223 209.679
641.705 210.371
642.188 211.737
642.670 213.599
643.152 214.182
643.634 211.029
644.116 208.692
644.598 210.895
645.080 215.164
645.562 217.699
646.044 217.610
646.527 216.084
647.009 213.984
647.491 211.799
647.973 211.553
648.455 213.863
648.937 215.240
649.419 214.272
649.901 212.805
650.384 212.460
650.866 213.116
651.348 214.117
651.830 216.633
652.312 218.002
652.794 215.673
653.276 212.100
653.758 210.680
654.240 211.799
654.722 213.604
655.205 214.854
655.687 215.369
656.169 213.742
656.651 209.202
657.133 207.426
657.615 211.320
658.097 215.822
658.580 215.628
659.062 211.953
659.544 210.078
660.026 212.905
660.508 214.518
660.990 210.755
661.472 206.167
661.954 206.182
662.436 210.521
662.918 215.038
663.401 217.131
663.883 217.275
664.365 215.907
664.847 212.940
665.329 211.529
665.811 212.725
666.293 214.206
666.775 214.447
667.258 213.545
667.740 212.023
668.222 208.402
668.704 206.545
669.186 209.169
669.668 212.220
670.150 211.705
670.632 208.797
671.115 207.892
671.597 211.459
672.079 215.682
672.561 213.897
673.043 207.292
673.525 205.143
674.007 209.051
674.489 213.060
674.971 213.447
675.454 211.721
675.936 211.831
676.418 215.022
676.900 217.407
677.382 218.403
677.864 218.982
678.346 219.971
678.828 220.763
679.311 220.018
679.793 217.309
680.275 214.379
680.757 212.806
681.239 212.262
681.721 211.832
682.203 211.517
682.685 212.458
683.167 215.527
683.649 218.820
684.132 219.225
684.614 216.008
685.096 213.525
685.578 212.077
686.060 211.009
686.542 209.903
687.024 209.267
687.506 210.243
687.989 212.690
688.471 214.009
688.953 211.794
689.435 208.501
689.917 206.629
690.399 205.668
690.881 205.346
691.363 205.598
691.846 206.041
692.328 206.337
692.810 206.461
693.292 206.076
693.774 204.501
694.256 204.506
694.738 207.576
695.220 210.446
695.702 210.802
696.185 209.585
696.667 209.550
697.149 212.435
697.631 214.344
698.113 212.364
698.595 209.066
699.077 207.522
699.559 207.859
700.042 208.515
700.524 208.481
701.006 208.384
701.488 210.015
701.970 213.560
702.452 214.771
702.934 212.380
703.416 209.912
703.898 209.224
704.381 209.968
704.863 211.546
705.345 214.871
705.827 216.378
706.309 214.341
706.791 211.600
707.273 209.258
707.755 207.702
708.237 207.284
708.720 207.976
709.202 208.774
709.684 208.631
710.166 207.800
710.648 206.656
711.130 205.107
711.612 204.574
712.094 205.577
712.577 207.604
713.059 210.201
713.541 213.427
714.023 215.935
714.505 218.492
714.987 219.194
715.469 216.015
715.951 212.221
716.433 210.881
716.916 211.538
717.398 211.045
717.880 206.831
718.362 202.985
718.844 202.900
719.326 205.197
719.808 208.045
720.290 210.952
720.773 213.236
721.255 214.432
721.737 214.436
722.219 212.692
722.701 208.787
723.183 206.273
723.665 206.028
724.147 205.950
724.630 204.393
725.112 202.532
725.594 202.697
726.076 205.697
726.558 207.721
727.040 207.554
727.522 206.796
728.004 206.346
728.486 205.974
728.968 204.707
729.451 202.494
729.933 201.447
730.415 205.141
730.897 210.684
731.379 210.721
731.861 205.853
732.343 201.780
732.825 200.153
733.308 200.311
733.790 200.892
734.272 201.540
734.754 201.642
735.236 201.408
735.718 200.249
736.200 203.452
736.682 206.635
737.164 207.070
737.647 205.475
738.129 203.898
738.611 202.611
739.093 202.078
739.575 203.622
740.057 205.350
740.539 204.386
741.021 201.477
741.504 200.287
741.986 200.560
742.468 202.562
742.950 203.908
743.432 204.595
743.914 204.350
744.396 202.871
744.878 202.299
745.361 204.197
745.843 206.244
746.325 204.737
746.807 201.022
747.289 203.665
747.771 200.730
748.253 201.918
748.735 202.667
749.217 202.731
749.699 203.868
750.182 205.539
750.664 204.870
751.146 201.070
751.628 206.811
752.110 205.900
752.592 201.705
753.074 201.180
753.557 204.534
754.039 206.937
754.521 205.505
755.003 201.878
755.485 201.106
755.967 203.522
756.449 204.203
756.931 202.120
757.413 200.934
757.895 203.081
758.378 206.359
758.860 207.287
759.342 205.689
759.824 204.154
760.306 202.486
760.788 201.390
761.270 201.445
761.752 202.001
762.235 202.306
762.717 202.366
763.199 202.909
763.681 205.009
764.163 206.586
764.645 203.604
765.127 201.484
765.609 201.407
766.092 204.194
766.574 208.187
767.056 205.929
767.538 200.507
768.020 201.211
768.502 201.504
768.984 203.612
769.466 205.132
769.948 205.838
770.431 205.379
770.913 204.208
771.395 202.760
771.877 200.955
772.359 200.073
772.841 200.238
773.323 200.840
773.805 201.863
774.288 202.620
774.770 202.011
775.252 200.316
775.734 200.780
776.216 200.067
776.698 201.002
777.180 200.568
777.662 200.697
778.144 201.324
778.626 201.135
779.109 200.283
779.591 201.217
780.073 202.811
780.555 203.508
781.037 203.283
781.519 202.198
782.001 200.337
782.484 202.143
782.966 202.067
783.448 201.172
783.930 200.851
784.412 201.130
784.894 200.954
785.376 200.238
785.858 200.888
786.340 203.109
786.822 205.155
787.305 206.000
787.787 205.674
788.269 204.507
788.751 202.207
789.233 200.464
789.715 201.431
790.197 203.488
790.679 203.810
791.162 202.643
791.644 202.123
792.126 203.167
792.608 204.518
793.090 204.266
793.572 202.702
794.054 202.452
794.536 203.806
795.019 204.200
795.501 202.191
795.983 200.536
796.465 202.276
796.947 207.024
797.429 210.514
797.911 213.197
798.393 213.872
798.875 210.656
799.357 207.199
799.840 205.132
800.322 204.522
800.804 205.410
801.286 207.971
801.768 210.824
802.250 214.421
802.732 216.993
803.215 215.690
803.697 212.544
804.179 211.480
804.661 213.319
805.143 216.210
805.625 219.316
806.107 222.306
806.589 224.914
807.071 227.029
807.553 227.210
808.036 225.047
808.518 223.819
809.000 225.811
809.482 229.418
809.964 231.541
810.446 231.645
810.928 233.067
811.410 236.590
811.893 239.597
812.375 241.508
812.857 242.606
813.339 242.471
813.821 240.994
814.303 240.667
814.785 242.915
815.267 245.012
815.750 245.875
816.232 246.321
816.714 246.952
817.196 247.879
817.678 249.153
818.160 250.862
818.642 252.615
819.124 254.388
819.606 255.848
820.089 256.350
820.571 256.047
821.053 255.809
821.535 255.893
822.017 255.068
822.499 251.538
822.981 246.087
823.463 242.864
823.946 242.073
824.428 240.765
824.910 238.065
825.392 236.081
825.874 236.937
826.356 239.337
826.838 237.824
827.320 228.373
827.802 224.371
828.284 230.766
828.767 236.576
829.249 237.489
829.731 235.935
830.213 234.738
830.695 234.110
831.177 232.697
831.659 228.676
832.141 225.639
832.624 226.361
833.106 227.918
833.588 226.445
834.070 223.010
834.552 221.885
835.034 225.261
835.516 229.655
835.998 232.178
836.481 233.562
836.963 234.837
837.445 236.037
837.927 237.113
838.409 238.039
838.891 238.662
839.373 238.921
839.855 238.627
840.337 236.087
840.820 231.289
841.302 231.488
841.784 239.161
842.266 245.509
842.748 244.001
843.230 237.945
843.712 235.770
844.194 239.041
844.677 240.823
845.159 239.804
845.641 239.250
846.123 240.065
846.605 241.990
847.087 245.714
847.569 250.893
848.051 253.596
848.533 251.809
849.016 249.503
849.498 246.636
849.980 244.642
850.462 244.685
850.944 246.453
851.426 249.690
851.908 254.583
852.390 257.887
852.872 255.673
853.355 252.530
853.837 253.956
854.319 258.004
854.801 260.089
855.283 259.611
855.765 259.739
856.247 262.984
856.729 267.708
857.212 271.203
857.694 273.534
858.176 275.328
858.658 276.757
859.140 278.916
859.622 282.460
860.104 285.983
860.586 287.478
861.068 286.987
861.551 285.785
862.033 283.649
862.515 281.556
862.997 279.237
863.479 277.940
863.961 278.972
864.443 281.717
864.925 283.973
865.408 285.954
865.890 287.002
866.372 285.796
866.854 285.279
867.336 287.058
867.818 289.690
868.300 291.635
868.782 292.795
869.265 293.674
869.747 295.365
870.229 295.542
870.711 291.138
871.193 286.645
871.675 287.349
872.157 291.065
872.639 292.002
873.121 288.164
873.604 283.203
874.086 278.293
874.568 274.833
875.050 276.241
875.532 279.748
876.014 278.972
876.496 273.351
876.978 267.982
877.460 266.539
877.943 266.203
878.425 261.700
878.907 254.445
879.389 249.855
879.871 248.165
880.353 247.373
880.835 246.753
881.317 245.762
881.799 243.588
882.282 240.541
882.764 238.917
883.246 239.104
883.728 237.568
884.210 233.085
884.692 229.170
885.174 228.787
885.656 229.665
886.139 226.468
886.621 217.754
887.103 211.502
887.585 207.881
888.067 206.524
888.549 209.065
889.031 212.331
889.513 213.860
889.995 213.804
890.478 212.834
890.960 210.050
891.442 208.073
891.924 207.066
892.406 207.150
892.888 209.238
893.370 211.993
893.852 214.114
894.335 215.275
894.817 214.439
895.299 208.732
895.781 203.918
896.263 203.702
896.745 205.424
897.227 207.303
897.709 208.559
898.192 207.531
898.674 203.598
899.156 200.137
899.638 200.055
900.120 201.743
900.602 203.717
901.084 205.756
901.566 207.782
902.048 209.586
902.530 210.396
903.013 209.654
903.495 207.833
903.977 204.414
904.459 200.628
904.941 201.693
905.423 206.982
905.905 209.266
906.388 206.128
906.870 202.350
907.352 202.690
907.834 205.426
908.316 204.351
908.798 200.577
909.280 202.835
909.762 201.426
910.244 200.202
910.726 200.366
911.209 200.014
911.691 200.717
912.173 202.435
912.655 201.961
913.137 201.713
913.619 204.403
914.101 205.669
914.583 205.293
915.066 202.439
915.548 201.691
916.030 204.662
916.512 206.740
916.994 207.762
917.476 207.311
917.958 206.397
918.440 203.742
918.923 201.989
919.405 203.904
919.887 208.521
920.369 212.402
920.851 216.304
921.333 217.225
921.815 211.294
922.297 206.314
922.779 206.030
923.261 208.629
923.744 212.949
924.226 218.453
924.708 221.666
925.190 219.852
925.672 218.328
926.154 220.302
926.636 222.723
927.119 222.733
927.601 221.471
928.083 220.757
928.565 221.182
929.047 223.468
929.529 230.949
930.011 237.045
930.493 235.642
930.975 231.072
931.457 228.038
931.940 226.708
932.422 226.000
932.904 225.514
933.386 224.793
933.868 222.156
934.350 220.105
934.832 224.088
935.314 230.382
935.797 230.367
936.279 224.105
936.761 218.261
937.243 216.357
937.725 216.473
938.207 216.696
938.689 217.024
939.171 217.352
939.654 217.778
940.136 219.020
940.618 221.079
941.100 222.483
941.582 222.251
942.064 220.481
942.546 216.343
943.028 210.676
943.510 208.404
943.993 209.452
944.475 209.917
944.957 208.589
945.439 206.850
945.921 205.832
946.403 205.573
946.885 206.726
947.367 209.275
947.850 209.185
948.332 205.916
948.814 203.428
949.296 203.258
949.778 204.096
950.260 204.677
950.742 204.939
951.224 204.235
951.706 202.162
952.188 202.111
952.671 205.166
953.153 207.291
953.635 206.420
954.117 204.036
954.599 201.799
955.081 200.199
955.563 200.005
956.045 203.449
956.528 205.894
957.010 206.682
957.492 206.757
957.974 206.609
958.456 206.041
958.938 204.455
959.420 201.654
959.902 200.695
960.385 202.767
960.867 204.305
961.349 205.031
961.831 204.790
962.313 202.501
962.795 200.324
963.277 200.572
963.759 202.258
964.241 204.995
964.724 208.839
965.206 210.843
965.688 208.168
966.170 205.858
966.652 208.941
967.134 214.044
967.616 213.915
968.098 206.346
968.581 201.912
969.063 203.900
969.545 205.337
970.027 203.850
970.509 201.753
970.991 200.782
971.473 200.506
971.955 200.466
972.437 203.177
972.920 202.812
973.402 205.752
973.884 211.581
974.366 208.194
974.848 202.689
975.330 201.463
975.812 203.515
976.294 204.599
976.777 203.715
977.259 202.966
977.741 202.990
978.223 203.034
978.705 203.248
979.187 202.956
979.669 200.507
980.151 203.049
980.633 203.709
981.116 200.905
981.598 203.641
982.080 200.145
982.562 203.373
983.044 201.242
983.526 202.475
984.008 203.081
984.490 201.200
984.972 201.023
985.455 204.451
985.937 207.248
986.419 208.572
986.901 208.080
987.383 203.661
987.865 201.372
988.347 203.178
988.829 201.840
989.312 200.438
989.794 203.436
990.276 205.999
990.758 208.362
991.240 209.342
991.722 206.159
992.204 202.492
992.686 204.085
993.168 209.829
993.651 212.264
994.133 207.555
994.615 203.370
995.097 203.794
995.579 205.167
996.061 204.712
996.543 203.916
997.025 205.354
997.508 208.585
997.990 210.332
998.472 208.779
998.954 207.767
999.436 210.261
999.918 212.637
1000.40 212.291
1000.88 210.365
1001.36 207.877
1001.85 205.344
1002.33 203.718
1002.81 203.148
1003.29 204.095
1003.78 209.311
1004.26 213.362
1004.74 211.565
1005.22 207.170
1005.70 203.453
1006.19 201.268
1006.67 201.637
1007.15 205.941
1007.63 209.323
1008.11 209.253
1008.60 207.884
1009.08 205.309
1009.56 203.124
1010.04 203.244
1010.53 205.491
1011.01 208.762
1011.49 213.594
1011.97 216.189
1012.45 213.118
1012.93 209.336
1013.42 207.639
1013.90 207.224
1014.38 207.025
1014.86 207.051
1015.35 208.168
1015.83 211.350
1016.31 212.389
1016.79 207.146
1017.27 202.315
1017.76 201.638
1018.24 203.116
1018.72 205.426
1019.20 207.803
1019.68 208.789
1020.17 207.805
1020.65 206.580
1021.13 205.055
1021.61 204.479
1022.10 207.072
1022.58 209.223
1023.06 206.201
1023.54 200.249
1024.02 202.298
1024.51 200.271
1024.99 202.607
1025.47 202.771
1025.95 203.201
1026.43 205.707
1026.92 207.992
1027.40 207.748
1027.88 205.976
1028.36 204.906
1028.85 204.824
1029.33 205.241
1029.81 207.165
1030.29 207.835
1030.77 205.530
1031.26 203.349
1031.74 202.684
1032.22 203.409
1032.70 205.782
1033.18 210.075
1033.67 212.061
1034.15 209.119
1034.63 207.033
1035.11 207.023
1035.60 207.783
1036.08 208.867
1036.56 210.132
1037.04 211.840
1037.52 214.016
1038.01 213.707
1038.49 208.631
1038.97 205.540
1039.45 205.654
1039.93 205.991
1040.42 204.693
1040.90 203.638
1041.38 205.184
1041.86 208.826
1042.34 210.609
1042.83 209.765
1043.31 208.605
1043.79 206.512
1044.27 205.364
1044.76 206.328
1045.24 207.853
1045.72 208.268
1046.20 207.774
1046.68 207.251
1047.17 206.754
1047.65 206.259
1048.13 205.389
1048.61 204.827
1049.09 204.988
1049.58 204.767
1050.06 202.777
1050.54 200.326
1051.02 201.433
1051.51 206.732
1051.99 209.054
1052.47 207.924
1052.95 206.677
1053.43 206.085
1053.92 205.395
1054.40 203.934
1054.88 202.621
1055.36 203.481
1055.84 206.210
1056.33 207.053
1056.81 206.022
1057.29 204.631
1057.77 203.125
1058.25 202.861
1058.74 204.687
1059.22 206.507
1059.70 205.290
1060.18 202.062
1060.67 200.128
1061.15 201.201
1061.63 200.179
1062.11 202.726
1062.59 205.168
1063.08 206.223
1063.56 206.390
1064.04 206.010
1064.52 205.285
1065.00 204.083
1065.49 202.733
1065.97 201.683
1066.45 201.209
1066.93 202.615
1067.41 205.820
1067.90 207.817
1068.38 206.236
1068.86 203.824
1069.34 203.689
1069.83 204.647
1070.31 205.049
1070.79 205.240
1071.27 206.602
1071.75 208.761
1072.24 209.215
1072.72 206.603
1073.20 203.849
1073.68 203.184
1074.16 203.136
1074.65 201.715
1075.13 200.720
1075.61 203.444
1076.09 208.434
1076.58 211.388
1077.06 211.335
1077.54 210.078
1078.02 206.109
1078.50 203.768
1078.98 206.750
1079.47 210.409
1079.95 211.115
1080.43 209.815
1080.91 207.907
1081.40 205.639
1081.88 204.841
1082.36 207.797
1082.84 209.960
1083.32 210.852
1083.81 210.476
1084.29 207.558
1084.77 204.315
1085.25 203.383
1085.73 204.290
1086.22 204.634
1086.70 203.715
1087.18 204.172
1087.66 206.954
1088.15 209.223
1088.63 210.408
1089.11 210.521
1089.59 209.172
1090.07 207.253
1090.56 206.921
1091.04 208.297
1091.52 207.550
1092.00 204.195
1092.48 201.743
1092.97 200.683
1093.45 201.327
1093.93 204.136
1094.41 207.037
1094.90 207.250
1095.38 205.575
1095.86 205.029
1096.34 205.407
1096.82 204.738
1097.31 203.106
1097.79 203.414
1098.27 206.387
1098.75 207.942
1099.23 204.386
1099.72 200.422
1100.20 200.120
1100.68 203.348
1101.16 203.367
1101.65 201.507
1102.13 202.229
1102.61 205.504
1103.09 207.489
1103.57 206.356
1104.06 204.046
1104.54 200.681
1105.02 201.552
1105.50 200.295
1105.98 203.743
1106.47 206.404
1106.95 207.898
1107.43 207.898
1107.91 206.453
1108.39 205.159
1108.88 204.796
1109.36 204.522
1109.84 204.077
1110.32 203.575
1110.81 202.930
1111.29 202.381
1111.77 201.737
1112.25 201.354
1112.73 203.268
1113.21 210.409
1113.70 212.881
1114.18 206.322
1114.66 201.625
1115.14 201.988
1115.63 203.799
1116.11 205.255
1116.59 205.923
1117.07 204.644
1117.56 201.401
1118.04 200.547
1118.52 202.699
1119.00 203.423
1119.48 202.012
1119.96 201.622
1120.45 203.842
1120.93 205.601
1121.41 203.276
1121.89 200.744
1122.38 200.690
1122.86 206.163
1123.34 208.158
1123.82 206.910
1124.30 205.368
1124.79 204.313
1125.27 203.635
1125.75 203.266
1126.23 203.356
1126.71 204.359
1127.20 205.680
1127.68 206.848
1128.16 207.539
1128.64 206.758
1129.13 205.155
1129.61 204.640
1130.09 205.587
1130.57 206.284
1131.05 205.663
1131.54 204.958
1132.02 204.983
1132.50 204.953
1132.98 204.714
1133.46 203.832
1133.95 201.112
1134.43 202.719
1134.91 204.843
1135.39 204.821
1135.88 203.455
1136.36 201.253
1136.84 204.195
1137.32 203.476
1137.80 202.306
1138.29 202.453
1138.77 203.221
1139.25 203.443
1139.73 203.318
1140.21 205.352
1140.70 210.288
1141.18 211.247
1141.66 207.374
1142.14 204.062
1142.63 203.002
1143.11 203.681
1143.59 205.986
1144.07 208.349
1144.55 207.704
1145.04 205.022
1145.52 202.369
1146.00 200.394
1146.48 202.166
1146.96 206.847
1147.45 209.386
1147.93 208.031
1148.41 206.569
1148.89 208.193
1149.37 210.164
1149.86 209.702
1150.34 208.728
1150.82 209.514
1151.30 210.896
1151.79 210.721
1152.27 209.143
1152.75 208.279
1153.23 209.101
1153.71 208.773
1154.19 204.882
1154.68 202.207
1155.16 203.027
1155.64 204.570
1156.12 205.218
1156.61 205.459
1157.09 205.942
1157.57 206.643
1158.05 207.745
1158.53 209.566
1159.02 210.447
1159.50 209.914
1159.98 207.878
1160.46 204.112
1160.94 201.957
1161.43 204.109
1161.91 207.775
1162.39 208.092
1162.87 206.016
1163.36 205.131
1163.84 205.051
1164.32 204.870
1164.80 204.562
1165.28 204.505
1165.77 204.827
1166.25 205.507
1166.73 206.809
1167.21 207.738
1167.69 207.109
1168.18 206.117
1168.66 205.679
1169.14 205.620
1169.62 205.998
1170.11 206.453
1170.59 205.796
1171.07 203.501
1171.55 202.815
1172.03 206.278
1172.52 208.284
1173.00 206.743
1173.48 205.440
1173.96 206.394
1174.44 207.673
1174.93 207.130
1175.41 205.385
1175.89 204.512
1176.37 204.522
1176.86 205.754
1177.34 208.283
1177.82 208.217
1178.30 204.929
1178.78 202.885
1179.27 204.219
1179.75 205.835
1180.23 203.882
1180.71 200.947
1181.19 201.652
1181.68 204.026
1182.16 204.897
1182.64 204.601
1183.12 204.116
1183.60 203.747
1184.09 203.771
1184.57 204.356
1185.05 204.789
1185.53 203.647
1186.02 202.968
1186.50 204.652
1186.98 206.474
1187.46 207.285
1187.94 207.560
1188.43 208.176
1188.91 208.972
1189.39 208.836
1189.87 207.461
1190.35 206.130
1190.84 204.658
1191.32 204.188
1191.80 205.139
1192.28 205.878
1192.77 205.427
1193.25 204.707
1193.73 204.810
1194.21 205.589
1194.69 207.657
1195.18 209.761
1195.66 207.581
1196.14 202.623
1196.62 200.340
1197.10 200.579
1197.59 200.131
1198.07 200.111
1198.55 200.896
1199.03 203.603
1199.51 205.806
1200.00 205.747
1200.48 205.034
1200.96 205.149
1201.44 205.303
1201.93 203.761
1202.41 200.868
1202.89 200.388
1203.37 200.169
1203.85 202.204
1204.34 207.082
1204.82 208.572
1205.30 204.606
1205.78 200.898
1206.26 200.486
1206.75 201.954
1207.23 204.106
1207.71 205.937
1208.19 203.780
1208.68 200.380
1209.16 200.424
1209.64 202.646
1210.12 205.671
1210.60 207.720
1211.09 207.962
1211.57 206.014
1212.05 204.290
1212.53 204.878
1213.01 205.266
1213.50 202.536
1213.98 200.896
1214.46 206.170
1214.94 212.111
1215.42 209.208
1215.91 200.267
1216.39 203.656
1216.87 202.011
1217.35 202.089
1217.84 210.077
1218.32 213.493
1218.80 210.639
1219.28 206.400
1219.76 202.490
1220.24 201.052
1220.73 204.339
1221.21 208.963
1221.69 208.301
1222.17 205.010
1222.66 204.470
1223.14 205.777
1223.62 205.348
1224.10 203.835
1224.58 204.650
1225.07 208.427
1225.55 211.543
1226.03 212.781
1226.51 210.260
1226.99 206.425
1227.48 203.519
1227.96 204.585
1228.44 206.068
1228.92 204.994
1229.41 202.910
1229.89 202.570
1230.37 203.740
1230.85 203.972
1231.33 203.326
1231.82 202.615
1232.30 201.890
1232.78 204.179
1233.26 209.818
1233.74 213.174
1234.23 210.998
1234.71 206.748
1235.19 202.051
1235.67 200.000
