171.413 413.864
172.435 347.573
173.457 389.031
174.479 372.239
175.501 397.448
176.523 268.906
177.545 413.864
178.567 436.339
179.589 512.063
180.611 278.538
181.633 498.512
182.656 659.236
183.678 710.961
184.700 813.435
185.722 978.909
186.744 1270.88
187.766 2074.61
188.788 3813.34
189.810 7646.81
190.832 11129.0
191.854 9067.26
192.876 5068.48
193.898 2308.96
194.920 1392.18
195.942 795.903
196.964 874.878
197.986 553.102
199.008 631.076
200.030 460.300
201.052 534.275
202.074 471.249
203.096 551.973
204.118 586.448
205.141 667.422
206.163 673.147
207.185 614.621
208.207 335.345
209.229 443.570
210.251 516.794
211.273 451.518
212.295 456.243
213.317 483.467
214.339 423.191
215.361 487.416
216.383 500.140
217.405 413.864
218.427 388.540
219.449 522.715
220.471 492.390
221.493 454.315
222.515 587.741
223.537 609.666
224.559 714.091
225.581 625.517
226.604 599.692
227.626 523.117
228.648 622.042
229.670 543.467
230.692 644.143
231.714 428.068
232.736 539.493
233.758 652.418
234.780 567.593
235.802 578.519
236.824 548.694
237.846 491.119
238.868 597.045
239.890 592.720
240.912 572.395
241.934 551.070
242.956 552.245
243.978 614.171
245.000 519.596
246.022 629.521
247.044 649.446
248.067 450.621
249.089 426.797
250.111 534.222
251.133 461.397
252.155 532.573
253.177 674.498
254.199 635.923
255.221 639.598
256.243 752.023
257.265 677.199
258.287 629.124
259.309 662.049
260.331 620.224
261.353 687.650
262.375 675.075
263.397 602.500
264.419 630.925
265.441 592.851
266.463 647.526
267.485 662.951
268.507 631.376
269.529 624.552
270.552 561.727
271.574 573.902
272.596 741.077
273.618 550.753
274.640 599.178
275.662 654.353
276.684 711.528
277.706 849.203
278.728 804.878
279.750 739.804
280.772 1093.73
281.794 955.904
282.816 1189.33
283.838 881.005
284.860 794.180
285.882 751.355
286.904 691.780
287.926 652.706
288.948 697.881
289.970 596.306
290.992 675.981
292.015 654.156
293.037 590.332
294.059 530.757
295.081 724.182
296.103 572.857
297.125 557.033
298.147 631.958
299.169 603.383
300.191 492.309
301.213 535.484
302.235 445.909
303.257 598.584
304.279 598.509
305.301 514.185
306.323 412.360
307.345 543.785
308.367 506.210
309.389 575.635
310.411 471.561
311.433 569.236
312.455 474.161
313.477 694.086
314.500 465.262
315.522 504.687
316.544 467.862
317.566 540.537
318.588 422.713
319.610 463.638
320.632 346.313
321.654 517.738
322.676 463.914
323.698 482.089
324.720 449.014
325.742 358.689
326.764 413.864
327.786 381.244
328.808 460.623
329.830 418.003
330.852 470.632
331.874 359.511
332.896 456.140
333.918 568.020
334.940 361.399
335.963 462.028
336.985 422.408
338.007 555.037
339.029 566.666
340.051 575.796
341.073 579.175
342.095 681.804
343.117 809.433
344.139 947.813
345.161 1105.44
346.183 1300.07
347.205 1620.46
348.227 2170.83
349.249 2579.96
350.271 2525.84
351.293 1895.22
352.315 1592.35
353.337 1075.48
354.359 925.606
355.381 710.485
356.403 710.365
357.425 603.494
358.448 673.373
359.470 577.003
360.492 555.632
361.514 666.761
362.536 522.891
363.558 472.770
364.580 584.149
365.602 600.278
366.624 660.658
367.646 743.537
368.668 670.666
369.690 625.046
370.712 688.425
371.734 645.554
372.756 527.933
373.778 556.813
374.800 572.442
375.822 651.572
376.844 591.701
377.866 544.580
378.888 516.959
379.911 669.589
380.933 461.468
381.955 546.847
382.977 462.477
383.999 497.356
385.021 588.485
386.043 413.864
387.065 524.839
388.087 578.064
389.109 461.539
390.131 663.765
391.153 582.489
392.175 487.464
393.197 523.189
394.219 514.914
395.241 527.139
396.263 484.114
397.285 487.589
398.307 504.314
399.329 517.789
400.351 580.264
401.374 521.989
402.396 505.714
403.418 420.689
404.440 670.415
405.462 468.889
406.484 481.114
407.506 527.339
408.528 442.564
409.550 571.539
410.572 632.765
411.594 759.240
412.616 729.715
413.638 790.939
414.660 828.414
415.682 903.139
416.704 868.364
417.726 834.089
418.748 735.565
419.770 728.790
420.792 580.765
421.814 491.239
422.836 476.714
423.859 517.189
424.881 499.914
425.903 405.889
426.925 355.614
427.947 557.339
428.969 512.814
429.991 410.539
431.013 579.765
432.035 544.989
433.057 557.965
434.079 632.690
435.101 602.915
436.123 549.890
437.145 566.865
438.167 481.589
439.189 571.065
440.211 513.789
441.233 492.264
442.255 364.739
443.277 464.964
444.299 419.939
445.322 457.914
446.344 518.890
447.366 597.115
448.388 461.589
449.410 617.565
450.432 660.040
451.454 749.514
452.476 723.239
453.498 701.964
454.520 630.690
455.542 520.915
456.564 469.889
457.586 344.114
458.608 367.839
459.630 386.814
460.652 460.289
461.674 333.264
462.696 467.989
463.718 477.714
464.740 370.939
465.762 467.414
466.784 493.140
467.807 336.864
468.829 426.339
469.851 423.064
470.873 349.039
471.895 431.514
472.917 402.739
473.939 298.214
474.961 450.689
475.983 353.164
477.005 361.639
478.027 330.614
479.049 380.839
480.071 272.814
481.093 468.290
482.115 320.264
483.137 518.740
484.159 347.714
485.181 559.940
486.203 422.164
487.225 494.390
488.247 530.365
489.270 366.839
490.292 396.564
491.314 420.540
492.336 508.765
493.358 379.239
494.380 361.214
495.402 414.190
496.424 502.664
497.446 365.889
498.468 427.865
499.490 380.839
500.512 409.565
501.534 350.039
502.556 440.015
503.578 363.489
504.600 426.715
505.622 485.690
506.644 371.164
507.666 447.640
508.688 330.864
509.710 415.340
510.733 298.814
511.755 417.290
512.777 425.265
513.799 365.739
514.821 362.964
515.843 419.190
516.865 343.914
517.887 346.139
518.909 416.115
519.931 398.840
520.953 432.315
521.975 529.039
522.997 463.515
524.019 470.740
525.041 273.214
526.063 417.690
527.085 374.915
528.107 289.389
529.129 444.365
530.151 409.090
531.173 508.815
532.195 411.790
533.218 351.515
534.240 465.490
535.262 505.965
536.284 428.940
537.306 398.414
538.328 364.139
539.350 405.614
540.372 378.090
541.394 389.065
542.416 435.039
543.438 400.264
544.460 380.240
545.482 380.214
546.504 383.689
547.526 311.164
548.548 489.639
549.570 578.364
550.592 292.589
551.614 408.564
552.636 482.289
553.658 461.264
554.681 271.989
555.703 455.714
556.725 416.689
557.747 460.664
558.769 359.139
559.791 413.864
560.813 462.981
561.835 378.098
562.857 518.465
563.879 354.082
564.901 362.699
565.923 256.066
566.945 241.183
567.967 417.300
568.989 484.917
570.011 502.534
571.033 505.651
572.055 550.018
573.077 414.135
574.099 389.752
575.121 408.119
576.143 533.985
577.166 478.102
578.188 404.470
579.210 365.337
580.232 543.453
581.254 507.070
582.276 332.187
583.298 488.554
584.320 460.921
585.342 537.288
586.364 425.655
587.386 377.272
588.408 627.389
589.430 532.256
590.452 553.623
591.474 510.490
592.496 509.357
593.518 517.974
594.540 440.841
595.562 396.708
596.584 384.325
597.606 463.192
598.629 538.308
599.651 442.426
600.673 517.042
601.695 577.909
602.717 473.276
603.739 483.143
604.761 536.010
605.783 495.627
606.805 447.244
607.827 417.361
608.849 471.228
609.871 441.845
610.893 538.712
611.915 536.079
612.937 483.196
613.959 404.313
614.981 475.680
616.003 581.047
617.025 558.913
618.047 429.781
619.069 442.648
620.091 704.764
621.114 558.881
622.136 500.248
623.158 517.865
624.180 629.482
625.202 715.849
626.224 541.466
627.246 556.083
628.268 488.200
629.290 726.067
630.312 425.434
631.334 535.551
632.356 606.668
633.378 645.285
634.400 526.402
635.422 614.019
636.444 650.885
637.466 622.002
638.488 596.869
639.510 713.486
640.532 724.603
641.554 681.470
642.577 763.337
643.599 859.204
644.621 895.821
645.643 927.688
646.665 960.055
647.687 1150.67
648.709 1195.04
649.731 1351.66
650.753 1736.28
651.775 2182.39
652.797 2449.01
653.819 2951.38
654.841 3437.75
655.863 3980.11
656.885 4170.23
657.907 4203.10
658.929 4068.96
659.951 3887.08
660.973 3433.20
661.995 2874.56
663.017 2459.68
664.040 2114.05
665.062 1647.92
666.084 1384.53
667.106 1105.89
668.128 1149.51
669.150 958.628
670.172 891.245
671.194 781.362
672.216 750.229
673.238 605.846
674.260 577.963
675.282 556.330
676.304 544.697
677.326 536.563
678.348 488.931
679.370 475.798
680.392 598.164
681.414 484.281
682.436 444.398
683.458 431.765
684.480 509.382
685.502 412.499
686.525 405.366
687.547 559.983
688.569 512.100
689.591 381.967
690.613 426.584
691.635 569.951
692.657 490.318
693.679 484.435
694.701 324.552
695.723 340.169
696.745 466.536
697.767 400.403
698.789 345.269
699.811 318.636
700.833 406.504
701.855 283.370
702.877 375.987
703.899 481.354
704.921 414.971
705.943 414.838
706.965 362.705
707.988 438.822
709.010 377.189
710.032 306.056
711.054 297.423
712.076 310.790
713.098 448.407
714.120 300.774
715.142 461.891
716.164 468.008
717.186 229.875
718.208 271.492
719.230 385.859
720.252 453.226
721.274 228.592
722.296 363.210
723.318 433.326
724.340 391.943
725.362 349.810
726.384 350.677
727.406 290.044
728.428 456.411
729.450 288.278
730.473 295.395
731.495 334.262
732.517 413.879
733.539 408.246
734.561 353.363
735.583 391.480
736.605 380.347
737.627 284.964
738.649 360.081
739.671 338.197
740.693 259.814
741.715 346.681
742.737 300.048
743.759 423.415
744.781 466.282
745.803 398.649
746.825 403.266
747.847 430.383
748.869 200.000
749.891 380.617
750.913 395.484
751.936 321.101
752.958 380.968
753.980 455.085
755.002 362.202
756.024 403.319
757.046 297.686
758.068 340.053
759.090 535.420
760.112 434.537
761.134 401.404
762.156 305.520
763.178 498.638
764.200 495.754
765.222 363.121
766.244 392.488
767.266 440.355
768.288 492.472
769.310 413.339
770.332 411.206
771.354 597.323
772.376 448.690
773.399 268.307
774.421 492.424
775.443 493.041
776.465 453.658
777.487 430.775
778.509 445.892
779.531 412.759
780.553 488.626
781.575 426.243
782.597 422.860
783.619 511.727
784.641 360.593
785.663 341.210
786.685 419.327
787.707 460.194
788.729 296.311
789.751 346.928
790.773 348.795
791.795 460.162
792.817 333.029
793.839 465.896
794.861 518.763
795.884 628.130
796.906 490.247
797.928 419.614
798.950 465.731
799.972 502.598
800.994 350.714
802.016 441.582
803.038 471.949
804.060 495.565
805.082 414.932
806.104 535.299
807.126 528.166
808.148 454.783
809.170 617.400
810.192 527.267
811.214 594.384
812.236 410.251
813.258 505.368
814.280 412.985
815.302 487.352
816.324 433.969
817.347 550.836
818.369 456.203
819.391 563.820
820.413 455.187
821.435 433.554
822.457 471.671
823.479 540.538
824.501 467.904
825.523 375.271
826.545 467.138
827.567 467.755
828.589 402.872
829.611 467.489
830.633 530.856
831.655 511.973
832.677 521.590
833.699 594.707
834.721 494.574
835.743 585.941
836.765 384.308
837.787 512.675
838.809 563.542
839.832 456.909
840.854 526.276
841.876 448.143
842.898 470.760
843.920 533.876
844.942 522.493
845.964 481.860
846.986 516.227
848.008 432.094
849.030 445.961
850.052 534.828
851.074 550.695
852.096 584.812
853.118 603.929
854.140 607.796
855.162 702.663
856.184 593.030
857.206 462.897
858.228 530.264
859.250 530.381
860.272 435.998
861.295 413.864
862.317 691.865
863.339 632.115
864.361 519.865
865.383 519.365
866.405 564.865
867.427 491.865
868.449 572.615
869.471 486.115
870.493 589.615
871.515 537.115
872.537 589.365
873.559 588.865
874.581 584.615
875.603 448.615
876.625 561.115
877.647 503.865
878.669 580.615
879.691 468.365
880.713 517.115
881.735 546.115
882.758 563.115
883.780 625.114
884.802 509.115
885.824 615.115
886.846 587.365
887.868 541.865
888.890 509.365
889.912 471.115
890.934 587.615
891.956 569.615
892.978 508.615
894.000 595.865
895.022 570.365
896.044 451.365
897.066 458.365
898.088 479.865
899.110 478.365
900.132 613.114
901.154 556.615
902.176 573.365
903.198 403.365
904.220 511.615
905.243 645.364
906.265 568.865
907.287 504.615
908.309 486.865
909.331 577.365
910.353 566.615
911.375 437.115
912.397 659.614
913.419 592.114
914.441 623.114
915.463 470.365
916.485 470.615
917.507 547.365
918.529 538.365
919.551 515.615
920.573 495.115
921.595 474.865
922.617 572.114
923.639 553.865
924.661 483.865
925.683 531.865
926.706 612.614
927.728 511.365
928.750 479.615
929.772 573.114
930.794 473.115
931.816 389.615
932.838 512.115
933.860 641.864
934.882 609.114
935.904 618.364
936.926 563.364
937.948 417.365
938.970 534.365
939.992 618.614
941.014 409.615
942.036 596.864
943.058 447.864
944.080 652.614
945.102 529.115
946.124 550.114
947.146 413.864
948.168 339.011
949.191 497.909
950.213 454.056
951.235 449.203
952.257 459.350
953.279 516.247
954.301 420.144
955.323 490.541
956.345 437.188
957.367 566.585
958.389 428.482
959.411 384.879
960.433 391.276
961.455 463.673
962.477 465.570
963.499 433.717
964.521 481.114
965.543 386.012
966.565 356.159
967.587 434.306
968.609 479.703
969.631 412.350
970.654 377.747
971.676 452.394
972.698 605.541
973.720 421.688
974.742 486.585
975.764 472.232
976.786 479.879
977.808 383.276
978.830 405.923
979.852 404.070
980.874 443.717
981.896 340.114
982.918 424.512
983.940 348.908
984.962 285.055
985.984 464.203
987.006 336.850
988.028 346.247
989.050 437.144
990.072 445.541
991.094 442.188
992.116 443.085
993.139 467.482
994.161 402.379
995.183 420.776
996.205 455.173
997.227 473.320
998.249 371.217
999.271 374.114
1000.29 489.012
1001.31 352.158
1002.34 365.306
1003.36 416.953
1004.38 477.850
1005.40 403.997
1006.43 475.644
1007.45 475.041
1008.47 459.438
1009.49 577.835
1010.51 326.982
1011.54 422.879
1012.56 517.526
1013.58 452.423
1014.60 520.820
1015.62 420.717
1016.65 554.615
1017.67 440.512
1018.69 464.409
1019.71 348.805
1020.73 395.703
1021.76 501.850
1022.78 489.247
1023.80 390.894
1024.82 475.291
1025.84 375.688
1026.87 330.085
1027.89 331.982
1028.91 376.629
1029.93 381.026
1030.95 428.673
1031.98 427.320
1033.00 466.467
1034.02 339.864
1035.04 359.011
1036.06 356.408
1037.09 416.806
1038.11 427.203
1039.13 448.600
1040.15 526.747
1041.17 556.644
1042.20 443.291
1043.22 608.938
1044.24 636.585
1045.26 715.232
1046.28 693.379
1047.31 814.526
1048.33 759.673
1049.35 899.070
1050.37 741.217
1051.40 740.864
1052.42 772.011
1053.44 656.908
1054.46 502.556
1055.48 510.453
1056.51 583.600
1057.53 493.247
1058.55 498.394
1059.57 431.291
1060.59 523.688
1061.62 395.585
1062.64 314.732
1063.66 527.629
1064.68 514.026
1065.70 480.173
1066.73 464.320
1067.75 540.717
1068.77 413.864
