187.096 200.000
187.578 233.048
188.060 260.189
188.542 268.083
189.025 283.116
189.507 254.869
189.989 222.881
190.471 201.685
190.953 205.559
191.435 218.289
191.917 250.458
192.399 266.130
192.881 262.625
193.363 254.594
193.846 242.890
194.328 230.623
194.810 218.735
195.292 206.536
195.774 200.335
196.256 209.208
196.738 240.087
197.220 263.854
197.703 263.546
198.185 256.993
198.667 258.927
199.149 273.995
199.631 289.140
200.113 285.136
200.595 252.259
201.077 232.408
201.559 252.124
202.042 280.744
202.524 297.263
203.006 296.967
203.488 289.875
203.970 287.936
204.452 292.399
204.934 292.819
205.416 277.791
205.898 263.184
206.381 262.874
206.863 279.518
207.345 296.980
207.827 294.901
208.309 270.648
208.791 254.072
209.273 258.664
209.755 267.986
210.238 273.462
210.720 273.872
211.202 267.122
211.684 242.464
212.166 201.521
212.648 220.358
213.130 215.818
213.612 262.072
214.094 291.341
214.577 301.619
215.059 300.289
215.541 283.234
216.023 251.495
216.505 245.146
216.987 286.834
217.469 340.065
217.952 385.884
218.434 422.607
218.916 447.442
219.398 451.043
219.880 436.512
220.362 433.676
220.844 451.524
221.326 475.344
221.808 498.317
222.290 519.309
222.773 533.361
223.255 530.968
223.737 516.848
224.219 517.565
224.701 545.828
225.183 572.375
225.665 576.583
226.147 563.316
226.630 547.965
227.112 531.364
227.594 518.476
228.076 528.672
228.558 574.646
229.040 619.275
229.522 633.927
230.004 629.093
230.486 627.287
230.969 639.185
231.451 660.271
231.933 682.173
232.415 705.076
232.897 728.198
233.379 748.300
233.861 768.548
234.343 795.459
234.826 833.156
235.308 877.144
235.790 920.818
236.272 963.467
236.754 1011.37
237.236 1077.15
237.718 1155.42
238.200 1234.72
238.682 1312.20
239.165 1384.98
239.647 1439.11
240.129 1475.57
240.611 1509.37
241.093 1563.28
241.575 1606.92
242.057 1598.38
242.539 1519.35
243.021 1413.57
243.504 1313.39
243.986 1219.00
244.468 1117.92
244.950 997.495
245.432 875.584
245.914 783.810
246.396 727.051
246.878 687.060
247.361 662.544
247.843 648.517
248.325 627.014
248.807 588.059
249.289 547.743
249.771 532.787
250.253 547.235
250.735 560.611
251.217 557.847
251.700 547.230
252.182 543.957
252.664 552.166
253.146 566.745
253.628 583.762
254.110 604.776
254.592 616.953
255.074 612.813
255.557 601.045
256.039 589.583
256.521 579.799
257.003 575.188
257.485 580.857
257.967 598.915
258.449 613.729
258.931 616.646
259.414 621.947
259.896 646.352
260.378 688.424
260.860 726.464
261.342 741.890
261.824 733.365
262.306 731.570
262.788 739.643
263.270 750.581
263.753 759.675
264.235 768.495
264.717 782.238
265.199 803.974
265.681 833.722
266.163 871.011
266.645 925.293
267.127 975.826
267.609 1015.91
268.092 1048.95
268.574 1082.02
269.056 1118.90
269.538 1155.83
270.020 1179.82
270.502 1185.09
270.984 1182.59
271.466 1181.14
271.948 1167.67
272.431 1123.29
272.913 1042.86
273.395 944.009
273.877 859.284
274.359 799.919
274.841 734.267
275.323 640.413
275.806 555.904
276.288 512.556
276.770 511.713
277.252 526.658
277.734 525.984
278.216 504.567
278.698 488.228
279.180 483.840
279.662 478.221
280.145 464.691
280.627 444.554
281.109 423.605
281.591 406.747
282.073 393.750
282.555 379.234
283.037 359.671
283.519 343.030
284.001 338.860
284.484 338.474
284.966 326.270
285.448 291.208
285.930 241.318
286.412 200.208
286.894 231.505
287.376 257.938
287.858 284.690
288.341 306.516
288.823 315.551
289.305 307.089
289.787 292.154
290.269 287.526
290.751 295.198
291.233 294.393
291.715 269.487
292.197 239.646
292.680 221.354
293.162 216.483
293.644 220.465
294.126 236.627
294.608 261.398
295.090 274.396
295.572 267.831
296.054 254.146
296.536 246.297
297.019 243.910
297.501 239.672
297.983 229.970
298.465 216.968
298.947 204.209
299.429 207.962
299.911 220.548
300.393 233.834
300.875 248.205
301.358 265.720
301.840 295.641
302.322 321.963
302.804 325.274
303.286 309.419
303.768 301.772
304.250 320.879
304.733 361.496
305.215 394.537
305.697 418.998
306.179 438.446
306.661 448.249
307.143 454.834
307.625 474.213
308.107 514.522
308.589 560.365
309.072 577.060
309.554 534.728
310.036 507.087
310.518 502.590
311.000 509.825
311.482 521.483
311.964 534.896
312.446 546.729
312.928 551.987
313.411 547.390
313.893 548.864
314.375 554.711
314.857 567.353
315.339 589.597
315.821 620.104
316.303 656.856
316.785 702.823
317.267 754.743
317.750 770.999
318.232 702.576
318.714 658.180
319.196 674.339
319.678 726.060
320.160 781.188
320.642 825.960
321.124 863.257
321.607 898.269
322.089 930.466
322.571 961.009
323.053 976.246
323.535 998.280
324.017 1050.34
324.499 1136.75
324.981 1226.02
325.464 1287.72
325.946 1324.32
326.428 1360.21
326.910 1398.13
327.392 1437.47
327.874 1478.05
328.356 1519.72
328.838 1561.43
329.320 1598.91
329.802 1637.55
330.285 1691.70
330.767 1764.78
331.249 1829.49
331.731 1857.60
332.213 1860.68
332.695 1884.80
333.177 1949.80
333.659 2021.74
334.142 2085.40
334.624 2139.36
335.106 2171.81
335.588 2169.85
336.070 2155.91
336.552 2193.90
337.034 2324.59
337.516 2427.00
337.999 2457.18
338.481 2459.20
338.963 2478.30
339.445 2526.27
339.927 2597.70
340.409 2690.65
340.891 2821.37
341.373 2911.20
341.855 2931.18
342.338 2942.90
342.820 2980.17
343.302 3037.22
343.784 3086.93
344.266 3105.04
344.748 3097.92
345.230 3127.13
345.712 3231.20
346.194 3321.95
346.677 3388.55
347.159 3433.60
347.641 3452.38
348.123 3440.97
348.605 3426.12
349.087 3461.91
349.569 3567.31
350.051 3642.61
350.534 3638.74
351.016 3620.37
351.498 3630.23
351.980 3668.30
352.462 3703.67
352.944 3706.22
353.426 3689.65
353.908 3702.35
354.391 3754.66
354.873 3816.83
355.355 3860.32
355.837 3896.87
356.319 3954.42
356.801 4053.67
357.283 4165.25
357.765 4259.54
358.247 4339.96
358.729 4429.09
359.212 4534.35
359.694 4658.91
360.176 4811.49
360.658 4976.34
361.140 5189.74
361.622 5480.05
362.104 5816.04
362.586 6157.57
363.069 6496.61
363.551 6847.52
364.033 7225.94
364.515 7635.79
364.997 8063.40
365.479 8544.99
365.961 9010.80
366.443 9412.89
366.926 9769.16
367.408 10131.9
367.890 10544.2
368.372 10979.6
368.854 11316.3
369.336 11551.6
369.818 11675.4
370.300 11733.9
370.782 11669.7
371.265 11412.0
371.747 10943.0
372.229 10339.8
372.711 9672.16
373.193 8937.54
373.675 8198.02
374.157 7429.88
374.639 6699.06
375.121 6042.10
375.604 5455.61
376.086 4916.61
376.568 4412.28
377.050 3950.82
377.532 3558.04
378.014 3237.39
378.496 2943.80
378.978 2650.75
379.461 2369.45
379.943 2125.28
380.425 1927.20
380.907 1751.87
381.389 1585.33
381.871 1432.81
382.353 1305.55
382.835 1207.23
383.318 1129.06
383.800 1061.22
384.282 1012.02
384.764 946.717
385.246 841.238
385.728 740.146
386.210 673.678
386.692 638.177
387.174 613.202
387.656 584.111
388.139 552.468
388.621 529.709
389.103 524.116
389.585 516.669
390.067 498.965
390.549 480.588
391.031 473.631
391.513 481.063
391.996 492.947
392.478 495.138
392.960 485.936
393.442 483.909
393.924 489.682
394.406 507.827
394.888 545.545
395.370 594.238
395.853 633.037
396.335 647.816
396.817 652.997
397.299 670.832
397.781 700.121
398.263 719.047
398.745 711.796
399.227 691.690
399.709 692.302
400.192 733.037
400.674 758.667
401.156 726.938
401.638 673.941
402.120 663.338
402.602 707.597
403.084 754.847
403.566 745.534
404.048 668.882
404.531 600.161
405.013 527.616
405.495 473.457
405.977 463.941
406.459 479.035
406.941 478.221
407.423 438.511
407.905 376.469
408.388 334.307
408.870 308.076
409.352 308.435
409.834 363.254
410.316 422.918
410.798 446.502
411.280 433.204
411.762 422.912
412.245 456.733
412.727 522.162
413.209 558.538
413.691 553.663
414.173 543.041
414.655 548.055
415.137 564.762
415.619 584.615
416.101 608.828
416.583 630.142
417.066 641.907
417.548 645.261
418.030 641.658
418.512 629.559
418.994 621.674
419.476 639.779
419.958 703.082
420.440 733.894
420.923 702.687
421.405 660.148
421.887 640.235
422.369 641.646
422.851 647.405
423.333 645.765
423.815 638.571
424.297 635.666
424.780 643.301
425.262 645.622
425.744 632.321
426.226 618.060
426.708 619.794
427.190 639.698
427.672 658.617
428.154 654.935
428.636 630.480
429.119 609.232
429.601 592.650
430.083 579.233
430.565 573.745
431.047 570.361
431.529 554.435
432.011 501.274
432.493 458.398
432.975 489.961
433.458 572.638
433.940 606.210
434.422 545.416
434.904 448.098
435.386 410.709
435.868 459.879
436.350 484.272
436.832 451.241
437.315 412.874
437.797 410.890
438.279 439.341
438.761 465.255
439.243 465.744
439.725 446.710
440.207 438.111
440.689 452.965
441.172 456.753
441.654 433.871
442.136 406.033
442.618 396.036
443.100 405.734
443.582 410.871
444.064 380.222
444.546 321.753
445.028 290.486
445.510 299.602
445.993 309.728
446.475 292.753
446.957 259.671
447.439 229.849
447.921 205.019
448.403 213.753
448.885 223.861
449.367 227.374
449.850 227.622
450.332 224.906
450.814 224.706
451.296 236.542
451.778 267.370
452.260 278.466
452.742 245.726
453.224 217.822
453.707 228.725
454.189 262.237
454.671 281.465
455.153 266.038
455.635 230.269
456.117 206.303
456.599 204.930
457.081 206.327
457.563 209.201
458.046 229.385
458.528 254.662
459.010 281.006
459.492 291.302
459.974 264.883
460.456 218.749
460.938 216.525
461.420 241.065
461.902 251.491
462.385 240.323
462.867 217.611
463.349 208.493
463.831 221.646
464.313 227.071
464.795 207.582
465.277 218.938
465.759 234.175
466.241 235.163
466.724 224.843
467.206 202.913
467.688 229.201
468.170 241.606
468.652 210.007
469.134 212.887
469.616 215.584
470.098 207.487
470.581 204.468
471.063 217.567
471.545 225.967
472.027 215.535
472.509 210.526
472.991 208.834
473.473 240.425
473.955 283.457
474.438 276.413
474.920 237.894
475.402 200.655
475.884 244.992
476.366 267.433
476.848 222.687
477.330 258.308
477.812 301.265
478.294 283.983
478.777 245.059
479.259 232.104
479.741 251.142
480.223 266.263
480.705 267.727
481.187 276.334
481.669 305.374
482.151 345.938
482.634 383.303
483.116 410.773
483.598 432.454
484.080 451.859
484.562 466.848
485.044 495.538
485.526 549.422
486.008 606.798
486.490 647.699
486.973 678.262
487.455 720.538
487.937 795.075
488.419 874.188
488.901 926.952
489.383 958.110
489.865 989.170
490.347 1028.39
490.829 1070.75
491.312 1110.94
491.794 1151.07
492.276 1181.25
492.758 1189.95
493.240 1199.60
493.722 1226.76
494.204 1265.34
494.686 1298.48
495.168 1315.93
495.651 1327.40
496.133 1355.91
496.615 1406.38
497.097 1458.44
497.579 1514.06
498.061 1564.62
498.543 1604.79
499.026 1635.26
499.508 1659.39
499.990 1665.88
500.472 1675.01
500.954 1719.77
501.436 1794.30
501.918 1857.78
502.400 1891.25
502.882 1908.44
503.365 1933.15
503.847 1965.45
504.329 2006.31
504.811 2059.93
505.293 2118.56
505.775 2185.17
506.257 2251.93
506.739 2305.00
507.221 2335.36
507.704 2349.19
508.186 2357.33
508.668 2354.38
509.150 2364.68
509.632 2407.53
510.114 2450.91
510.596 2474.40
511.078 2479.71
511.560 2480.11
512.043 2479.25
512.525 2477.62
513.007 2477.35
513.489 2479.18
513.971 2479.65
514.453 2476.35
514.935 2470.97
515.417 2467.26
515.899 2469.90
516.382 2460.01
516.864 2421.80
517.346 2386.52
517.828 2373.82
518.310 2381.29
518.792 2398.27
519.274 2418.79
519.756 2439.97
520.239 2449.70
520.721 2440.59
521.203 2466.98
521.685 2563.91
522.167 2670.46
522.649 2726.55
523.131 2746.76
523.613 2801.14
524.096 2943.09
524.578 3102.91
525.060 3216.53
525.542 3300.09
526.024 3406.83
526.506 3557.51
526.988 3719.19
527.470 3844.85
527.953 3927.47
528.435 4008.08
528.917 4087.18
529.399 4163.77
529.881 4256.97
530.363 4340.37
530.845 4378.86
531.327 4359.28
531.809 4290.04
532.292 4190.59
532.774 4058.82
533.256 3844.19
533.738 3505.76
534.220 3153.79
534.702 2882.28
535.184 2668.82
535.666 2441.72
536.148 2164.50
536.631 1905.29
537.113 1698.87
537.595 1530.04
538.077 1380.08
538.559 1243.52
539.041 1122.30
539.523 1018.64
540.005 933.134
540.487 853.464
540.970 787.531
541.452 717.615
541.934 626.656
542.416 537.755
542.898 477.200
543.380 450.733
543.862 432.724
544.344 404.201
544.826 369.824
545.309 341.918
545.791 321.630
546.273 296.439
546.755 253.188
547.237 203.546
547.719 213.127
548.201 233.000
548.683 256.473
549.166 226.948
549.648 212.894
550.130 232.578
550.612 230.877
551.094 217.815
551.576 202.397
552.058 223.819
552.540 227.879
553.023 210.695
553.505 206.022
553.987 223.367
554.469 232.190
554.951 223.131
555.433 202.005
555.915 229.021
556.397 257.098
556.880 282.399
557.362 301.361
557.844 315.021
558.326 326.276
558.808 336.253
559.290 343.409
559.772 345.158
560.254 339.818
560.736 336.901
561.219 335.844
561.701 337.706
562.183 347.841
562.665 359.056
563.147 361.331
563.629 351.542
564.111 334.989
564.593 309.804
565.075 281.750
565.558 275.216
566.040 295.583
566.522 307.742
567.004 284.074
567.486 234.367
567.968 201.990
568.450 203.630
568.932 207.734
569.414 220.827
569.897 228.053
570.379 214.918
570.861 217.034
571.343 258.287
571.825 306.267
572.307 351.709
572.789 362.875
573.271 332.220
573.753 314.021
574.236 327.735
574.718 351.855
575.200 366.305
575.682 371.834
576.164 374.954
576.646 370.815
577.128 370.497
577.610 379.360
578.093 397.712
578.575 431.295
579.057 480.961
579.539 527.146
580.021 541.163
580.503 518.924
580.985 518.193
581.467 563.567
581.950 594.925
582.432 568.033
582.914 530.117
583.396 545.690
583.878 631.153
584.360 709.759
584.842 720.972
585.324 700.284
585.807 704.206
586.289 734.854
586.771 770.214
587.253 799.823
587.735 821.486
588.217 827.166
588.699 790.044
589.181 787.673
589.663 852.212
590.146 917.263
590.628 949.761
591.110 954.902
591.592 946.731
592.074 926.761
592.556 911.282
593.038 931.984
593.520 978.403
594.002 993.229
594.485 962.253
594.967 919.200
595.449 886.461
595.931 864.795
596.413 862.074
596.895 898.336
597.377 924.881
597.859 917.733
598.341 907.170
598.824 929.702
599.306 981.104
599.788 1021.07
600.270 1016.75
600.752 983.905
601.234 958.161
601.716 938.786
602.198 939.487
602.680 976.312
603.163 1017.68
603.645 1025.61
604.127 1001.68
604.609 976.027
605.091 939.370
605.573 914.804
606.055 924.471
606.537 950.870
607.020 964.499
607.502 957.863
607.984 949.828
608.466 964.795
608.948 1000.13
609.430 1025.36
609.912 1040.15
610.394 1049.04
610.877 1048.57
611.359 1039.87
611.841 1026.89
612.323 1011.40
612.805 996.299
613.287 976.548
613.769 963.010
614.251 967.330
614.734 985.819
615.216 1008.75
615.698 1031.35
616.180 1049.26
616.662 1052.26
617.144 1037.76
617.626 1037.56
618.108 1060.17
618.590 1082.46
619.073 1097.81
619.555 1105.29
620.037 1102.83
620.519 1089.88
621.001 1069.56
621.483 1035.62
621.965 998.627
622.447 968.712
622.929 947.211
623.412 936.246
623.894 937.426
624.376 942.203
624.858 932.173
625.340 901.635
625.822 879.582
626.304 880.037
626.786 872.599
627.268 833.031
627.751 779.731
628.233 743.577
628.715 732.055
629.197 734.511
629.679 757.302
630.161 784.523
630.643 795.492
631.125 788.446
631.607 766.138
632.090 728.513
632.572 682.379
633.054 644.275
633.536 612.869
634.018 593.055
634.500 582.916
634.982 587.257
635.464 628.369
635.947 681.925
636.429 694.445
636.911 636.457
637.393 575.976
637.875 566.929
638.357 580.046
638.839 562.036
639.321 512.022
639.804 475.263
640.286 484.458
640.768 521.627
641.250 531.134
641.732 501.992
642.214 473.787
642.696 448.428
643.178 425.915
643.661 405.690
644.143 388.399
644.625 374.723
645.107 362.356
645.589 359.849
646.071 392.276
646.553 430.686
647.035 419.052
647.517 357.248
648.000 296.959
648.482 273.997
648.964 279.717
649.446 286.593
649.928 292.549
650.410 305.659
650.892 344.815
651.374 371.768
651.856 353.798
652.339 308.978
652.821 280.845
653.303 281.363
653.785 297.520
654.267 336.476
654.749 378.673
655.231 392.777
655.713 378.371
656.195 358.990
656.678 350.029
657.160 348.793
657.642 347.836
658.124 348.066
658.606 345.479
659.088 340.695
659.570 331.574
660.052 312.645
660.534 288.824
661.017 273.285
661.499 274.521
661.981 272.396
662.463 255.324
662.945 231.307
663.427 206.047
663.909 217.582
664.391 232.480
664.874 233.648
665.356 227.117
665.838 225.543
666.320 228.723
666.802 240.836
667.284 275.518
667.766 297.088
668.248 273.334
668.731 221.588
669.213 224.354
669.695 268.164
670.177 292.074
670.659 278.979
671.141 252.350
671.623 224.121
672.105 202.748
672.588 205.025
673.070 240.041
673.552 282.695
674.034 291.859
674.516 270.633
674.998 269.736
675.480 297.123
675.962 324.920
676.444 343.340
676.927 351.195
677.409 338.775
677.891 287.877
678.373 258.611
678.855 283.256
679.337 310.990
679.819 305.016
680.301 279.223
680.783 263.787
681.266 270.146
681.748 287.588
682.230 311.447
682.712 335.709
683.194 337.371
683.676 313.941
684.158 294.527
684.640 292.670
685.122 303.324
685.605 320.285
686.087 354.205
686.569 373.076
687.051 364.057
687.533 348.762
688.015 319.965
688.497 293.328
688.979 298.098
689.461 341.529
689.944 383.967
690.426 392.355
690.908 384.955
691.390 387.822
691.872 400.742
692.354 422.201
692.836 452.127
693.318 477.463
693.801 477.582
694.283 450.412
694.765 432.879
695.247 427.209
695.729 427.404
696.211 436.598
696.693 447.326
697.175 453.729
697.657 455.502
698.140 454.607
698.622 457.225
699.104 452.285
699.586 421.865
700.068 383.025
700.550 362.990
701.032 365.813
701.515 381.256
701.997 406.084
702.479 433.092
702.961 427.820
703.443 382.685
703.925 349.443
704.407 336.553
704.889 341.998
705.371 372.486
705.854 417.100
706.336 441.440
706.818 428.594
707.300 417.293
707.782 416.904
708.264 421.590
708.746 431.588
709.228 441.955
709.710 438.396
710.193 410.465
710.675 381.959
711.157 389.670
711.639 425.170
712.121 454.285
712.603 474.047
713.085 469.834
713.567 427.059
714.049 363.688
714.532 323.451
715.014 314.887
715.496 308.465
715.978 301.635
716.460 299.645
716.942 299.217
717.424 307.088
717.906 341.652
718.388 408.435
718.871 454.293
719.353 433.719
719.835 387.625
720.317 351.990
720.799 330.549
721.281 332.203
721.763 358.572
722.245 387.207
722.728 391.404
723.210 373.621
723.692 357.406
724.174 343.377
724.656 326.771
725.138 300.869
725.620 275.979
726.102 267.748
726.584 276.199
727.067 284.482
727.549 299.594
728.031 299.813
728.513 264.744
728.995 220.289
729.477 213.705
729.959 232.631
730.442 230.033
730.924 206.029
731.406 245.619
731.888 236.590
732.370 207.287
732.852 224.566
733.334 205.826
733.816 213.879
734.298 208.994
734.781 205.773
735.263 214.721
735.745 304.996
736.227 346.963
736.709 296.984
737.191 248.713
737.673 245.143
738.155 261.906
738.638 260.723
739.120 233.379
739.602 215.303
740.084 228.041
740.566 250.764
741.048 275.434
741.530 293.549
742.012 289.391
742.494 259.074
742.977 212.316
743.459 250.740
743.941 319.190
744.423 348.146
744.905 336.578
745.387 300.355
745.869 233.771
746.351 230.979
746.833 262.357
747.316 262.555
747.798 257.611
748.280 246.611
748.762 231.264
749.244 204.844
749.726 219.619
750.208 243.191
750.690 256.625
751.172 232.305
751.655 256.898
752.137 330.098
752.619 309.457
753.101 246.428
753.583 213.037
754.065 210.947
754.547 214.961
755.029 213.256
755.511 207.736
755.994 201.629
756.476 204.969
756.958 218.105
757.440 242.443
757.922 255.469
758.404 243.775
758.886 221.918
759.369 211.723
759.851 216.225
760.333 201.371
760.815 279.385
761.297 320.328
761.779 244.113
762.261 249.973
762.743 264.764
763.225 203.857
763.708 262.934
764.190 304.988
764.672 332.168
765.154 359.152
765.636 376.547
766.118 358.680
766.600 307.641
767.082 251.492
767.565 204.416
768.047 220.494
768.529 219.043
769.011 332.932
769.493 390.391
769.975 368.717
770.457 340.500
770.939 333.004
771.421 342.855
771.904 371.406
772.386 427.084
772.868 452.873
773.350 423.631
773.832 391.836
774.314 366.592
774.796 353.889
775.278 363.475
775.760 393.211
776.243 426.258
776.725 461.320
777.207 485.037
777.689 476.785
778.171 450.369
778.653 431.900
779.135 425.258
779.617 425.012
780.099 428.270
780.582 431.395
781.064 421.029
781.546 395.232
782.028 403.932
782.510 465.918
782.992 504.330
783.474 464.482
783.956 396.270
784.438 390.395
784.921 469.084
785.403 511.260
785.885 476.588
786.367 454.758
786.849 490.707
787.331 536.326
787.813 544.223
788.295 514.557
788.778 480.670
789.260 449.877
789.742 425.219
790.224 416.156
790.706 411.297
791.188 382.100
791.670 336.484
792.152 327.756
792.635 391.408
793.117 473.824
793.599 468.256
794.081 386.623
794.563 353.371
795.045 379.826
795.527 413.629
796.009 434.113
796.492 444.199
796.974 446.461
797.456 438.617
797.938 439.602
798.420 464.719
798.902 475.129
799.384 445.207
799.866 412.391
800.348 408.768
800.831 429.527
801.313 444.359
801.795 440.713
802.277 440.377
802.759 460.512
803.241 487.330
803.723 512.740
804.205 531.658
804.687 531.598
805.170 507.185
805.652 488.426
806.134 516.707
806.616 571.713
807.098 602.500
807.580 610.629
808.062 629.156
808.544 670.748
809.026 716.453
809.509 743.371
809.991 750.877
810.473 749.238
810.955 729.885
811.437 732.545
811.919 770.148
812.401 822.641
812.883 883.854
813.365 947.717
813.848 990.111
814.330 1002.37
814.812 1010.73
815.294 1010.06
815.776 1012.88
816.258 1031.73
816.740 1057.76
817.222 1075.47
817.705 1081.69
818.187 1090.15
818.669 1118.22
819.151 1141.51
819.633 1129.27
820.115 1098.86
820.597 1080.19
821.079 1084.17
821.562 1114.19
822.044 1180.37
822.526 1254.45
823.008 1279.23
823.490 1262.85
823.972 1254.01
824.454 1257.37
824.936 1279.11
825.419 1325.97
825.901 1380.69
826.383 1415.30
826.865 1428.00
827.347 1431.47
827.829 1418.59
828.311 1410.41
828.793 1405.41
829.275 1414.35
829.757 1458.55
830.240 1530.45
830.722 1581.17
831.204 1590.39
831.686 1601.94
832.168 1634.54
832.650 1662.43
833.132 1661.55
833.614 1643.84
834.096 1634.64
834.579 1641.53
835.061 1654.48
835.543 1677.09
836.025 1694.32
836.507 1682.51
836.989 1654.75
837.471 1646.04
837.953 1660.49
838.435 1660.75
838.918 1610.72
839.400 1538.94
839.882 1508.49
840.364 1512.32
840.846 1499.75
841.328 1463.55
841.810 1438.72
842.292 1447.79
842.775 1474.13
843.257 1488.63
843.739 1493.50
844.221 1465.64
844.703 1390.29
845.185 1315.53
845.667 1254.12
846.149 1201.78
846.631 1153.81
847.114 1110.33
847.596 1073.04
848.078 1044.32
848.560 1017.81
849.042 989.998
849.524 966.391
850.006 963.234
850.489 963.129
850.971 926.156
851.453 837.115
851.935 764.217
852.417 748.791
852.899 753.592
853.381 763.734
853.863 767.674
854.345 744.315
854.828 694.682
855.310 645.125
855.792 610.342
856.274 589.998
856.756 587.654
857.238 598.592
857.720 605.004
858.202 608.810
858.684 645.512
859.167 736.100
859.649 826.625
860.131 819.904
860.613 728.990
861.095 719.889
861.577 801.688
862.059 885.129
862.541 949.658
863.023 989.435
863.506 992.065
863.988 972.609
864.470 1000.55
864.952 1104.02
865.434 1177.52
865.916 1190.84
866.398 1218.35
866.880 1309.91
867.362 1419.56
867.845 1479.99
868.327 1482.52
868.809 1519.75
869.291 1633.11
869.773 1743.52
870.255 1824.95
870.737 1894.23
871.219 1955.68
871.702 2013.94
872.184 2091.10
872.666 2199.30
873.148 2309.63
873.630 2399.71
874.112 2489.65
874.594 2613.63
875.076 2749.42
875.558 2841.55
876.041 2882.10
876.523 2930.66
877.005 3045.28
877.487 3182.35
877.969 3296.06
878.451 3376.77
878.933 3384.67
879.416 3323.04
879.898 3252.35
880.380 3207.30
880.862 3167.58
881.344 3102.87
881.826 3014.40
882.308 2899.32
882.790 2755.82
883.272 2655.32
883.755 2626.28
884.237 2618.67
884.719 2587.15
885.201 2534.60
885.683 2469.76
886.165 2375.95
886.647 2329.34
887.129 2354.86
887.612 2390.17
888.094 2404.87
888.576 2410.22
889.058 2422.40
889.540 2439.65
890.022 2474.02
890.504 2555.19
890.986 2612.43
891.468 2628.60
891.951 2620.24
892.433 2587.14
892.915 2540.52
893.397 2511.62
893.879 2518.01
894.361 2506.77
894.843 2453.15
895.325 2387.79
895.807 2331.51
896.290 2273.98
896.772 2199.50
897.254 2106.96
897.736 2006.61
898.218 1897.71
898.700 1792.20
899.182 1718.02
899.664 1640.15
900.146 1488.04
900.629 1293.96
901.111 1166.25
901.593 1143.03
902.075 1136.48
902.557 1060.98
903.039 949.973
903.521 841.197
904.003 745.896
904.485 706.424
904.968 723.473
905.450 748.060
905.932 750.193
906.414 730.330
906.896 684.063
907.378 615.391
907.860 540.359
908.343 460.695
908.825 409.703
909.307 399.770
909.789 409.980
910.271 421.703
910.753 433.141
911.235 439.357
911.717 442.492
912.199 420.435
912.682 363.545
913.164 307.463
913.646 267.906
914.128 244.180
914.610 238.521
915.092 253.512
915.574 249.574
916.056 217.457
916.539 213.734
917.021 240.822
917.503 262.436
917.985 275.307
918.467 282.229
918.949 292.076
919.431 309.973
919.913 317.291
920.395 296.773
920.878 286.973
921.360 319.203
921.842 352.869
922.324 336.029
922.806 280.553
923.288 260.865
923.770 329.057
924.252 364.334
924.734 319.480
925.217 250.506
925.699 236.768
926.181 310.953
926.663 321.887
927.145 266.479
927.627 212.471
928.109 227.422
928.591 238.785
929.073 211.906
929.556 274.586
930.038 298.664
930.520 289.832
931.002 270.875
931.484 249.092
931.966 235.828
932.448 243.695
932.930 259.814
933.412 275.248
933.895 288.580
934.377 294.957
934.859 297.023
935.341 307.518
935.823 334.508
936.305 362.158
936.787 375.393
937.269 376.621
937.752 367.455
938.234 349.900
938.716 325.482
939.198 296.422
939.680 274.877
940.162 270.721
940.644 275.436
941.126 270.631
941.609 262.928
942.091 277.438
942.573 313.225
943.055 355.205
943.537 397.668
944.019 432.627
944.501 451.645
944.983 457.432
945.466 454.895
945.948 445.162
946.430 443.486
946.912 451.732
947.394 453.258
947.876 439.219
948.358 419.025
948.840 401.078
949.322 388.756
949.805 420.799
950.287 503.647
950.769 552.227
951.251 550.133
951.733 517.357
952.215 456.004
952.697 396.832
953.179 401.090
953.661 472.385
954.144 548.789
954.626 644.270
955.108 689.131
955.590 652.322
956.072 596.504
956.554 566.662
957.036 557.244
957.518 552.102
958.000 549.602
958.483 563.199
958.965 609.213
959.447 632.188
959.929 599.984
960.411 562.041
960.893 564.992
961.375 599.887
961.857 626.801
962.339 644.324
962.822 657.508
963.304 671.611
963.786 670.998
964.268 628.662
964.750 588.090
965.232 614.527
965.714 697.115
966.196 712.606
966.679 571.783
967.161 503.203
967.643 576.123
968.125 646.170
968.607 631.445
969.089 594.086
969.571 629.381
970.053 736.152
970.536 772.488
971.018 654.023
971.500 575.025
971.982 589.242
972.464 619.313
972.946 622.928
973.428 615.678
973.910 630.021
974.393 668.674
974.875 676.250
975.357 610.842
975.839 560.662
976.321 546.744
976.803 554.818
977.285 588.770
977.767 632.477
978.249 657.088
978.732 656.297
979.214 661.098
979.696 692.029
980.178 715.666
980.660 724.896
981.142 719.242
981.624 689.338
982.106 644.736
982.588 600.371
983.071 556.035
983.553 541.045
984.035 586.031
984.517 629.176
984.999 649.338
985.481 650.330
985.963 619.953
986.445 576.779
986.927 568.752
987.410 612.078
987.892 634.506
988.374 591.609
988.856 543.328
989.338 534.885
989.820 525.568
990.302 447.771
990.784 333.826
991.266 289.357
991.749 353.881
992.231 426.607
992.713 477.260
993.195 512.207
993.677 522.215
994.159 527.227
994.641 553.742
995.123 595.383
995.606 623.236
996.088 627.154
996.570 624.238
997.052 616.125
997.534 609.432
998.016 603.031
998.498 603.787
998.980 618.791
999.463 647.658
999.945 690.820
1000.43 757.285
1000.91 802.828
1001.39 794.586
1001.87 775.756
1002.35 763.185
1002.84 756.494
1003.32 766.875
1003.80 784.644
1004.28 762.195
1004.77 661.027
1005.25 596.563
1005.73 665.166
1006.21 742.519
1006.69 743.184
1007.18 706.004
1007.66 676.281
1008.14 659.482
1008.62 649.508
1009.10 652.813
1009.59 635.529
1010.07 540.402
1010.55 468.256
1011.03 510.639
1011.52 591.963
1012.00 609.500
1012.48 573.375
1012.96 574.830
1013.44 664.535
1013.93 734.098
1014.41 738.180
1014.89 708.586
1015.37 631.125
1015.85 554.477
1016.34 551.035
1016.82 602.264
1017.30 609.984
1017.78 523.451
1018.27 465.287
1018.75 523.185
1019.23 577.213
1019.71 536.680
1020.19 473.543
1020.68 480.572
1021.16 542.484
1021.64 570.648
1022.12 531.063
1022.60 499.258
1023.09 498.830
1023.57 511.539
1024.05 541.672
1024.53 570.105
1025.02 578.777
1025.50 569.297
1025.98 546.975
1026.46 498.504
1026.94 484.727
1027.43 548.777
1027.91 614.217
1028.39 655.855
1028.87 677.940
1029.35 679.838
1029.84 667.131
1030.32 652.773
1030.80 634.779
1031.28 631.273
1031.76 662.031
1032.25 683.543
1032.73 672.049
1033.21 658.254
1033.69 667.182
1034.18 693.215
1034.66 724.654
1035.14 771.613
1035.62 785.648
1036.10 735.361
1036.59 687.771
1037.07 654.346
1037.55 633.096
1038.03 628.560
1038.51 634.092
1039.00 631.768
1039.48 615.895
1039.96 613.553
1040.44 644.945
1040.93 657.185
1041.41 625.018
1041.89 592.447
1042.37 594.703
1042.85 608.801
1043.33 587.629
1043.82 524.467
1044.30 489.728
1044.78 490.275
1045.26 508.539
1045.75 563.025
1046.23 594.555
1046.71 562.086
1047.19 497.832
1047.67 448.557
1048.16 414.416
1048.64 395.332
1049.12 401.557
1049.60 383.402
1050.08 324.148
1050.57 275.467
1051.05 262.631
1051.53 267.908
1052.01 271.430
1052.49 271.807
1052.98 288.754
1053.46 288.201
1053.94 305.631
1054.42 349.074
1054.91 370.965
1055.39 348.656
1055.87 316.330
1056.35 310.799
1056.83 323.453
1057.32 332.190
1057.80 335.920
1058.28 293.848
1058.76 204.533
1059.24 242.004
1059.73 215.873
1060.21 218.922
1060.69 207.465
1061.17 224.510
1061.66 227.926
1062.14 207.979
1062.62 204.793
1063.10 209.041
1063.58 207.418
1064.07 201.840
1064.55 204.828
1065.03 227.297
1065.51 255.648
1065.99 285.748
1066.48 303.725
1066.96 267.346
1067.44 200.221
1067.92 232.854
1068.41 226.988
1068.89 227.834
1069.37 256.980
1069.85 271.867
1070.33 213.512
1070.82 266.641
1071.30 318.488
1071.78 340.113
1072.26 315.258
1072.74 262.146
1073.23 231.721
1073.71 238.951
1074.19 245.260
1074.67 206.307
1075.16 220.578
1075.64 214.164
1076.12 276.848
1076.60 353.664
1077.08 423.748
1077.56 455.320
1078.05 445.395
1078.53 418.014
1079.01 361.992
1079.49 318.152
1079.98 302.469
1080.46 304.027
1080.94 322.791
1081.42 354.594
1081.90 407.277
1082.39 471.525
1082.87 490.560
1083.35 422.426
1083.83 374.402
1084.31 369.094
1084.80 361.658
1085.28 357.381
1085.76 354.744
1086.24 362.293
1086.73 382.297
1087.21 392.166
1087.69 399.252
1088.17 371.121
1088.65 262.029
1089.14 208.465
1089.62 220.545
1090.10 242.625
1090.58 231.758
1091.06 205.764
1091.55 208.000
1092.03 234.768
1092.51 236.992
1092.99 202.309
1093.47 204.836
1093.96 243.260
1094.44 301.018
1094.92 375.322
1095.40 422.203
1095.89 385.795
1096.37 307.771
1096.85 311.477
1097.33 377.514
1097.81 433.717
1098.30 474.313
1098.78 487.230
1099.26 467.018
1099.74 406.975
1100.22 363.666
1100.71 330.477
1101.19 321.910
1101.67 323.994
1102.15 299.771
1102.64 282.764
1103.12 310.215
1103.60 355.469
1104.08 394.184
1104.56 398.641
1105.05 377.293
1105.53 316.449
1106.01 268.066
1106.49 299.031
1106.97 348.637
1107.46 306.773
1107.94 206.922
1108.42 201.141
1108.90 336.766
1109.39 344.512
1109.87 200.000
