	
153.1970	0.0000
153.6800	7.6580
154.1620	7.6380
154.6440	0.7310
155.1260	1.7090
155.6080	0.6450
156.0900	8.2350
156.5720	25.0520
157.0540	42.9430
157.5360	58.0080
158.0180	70.0500
158.5010	79.4310
158.9830	84.9880
159.4650	87.2600
159.9470	95.2530
160.4290	118.4840
160.9110	140.1770
161.3930	145.3520
161.8750	134.5280
162.3580	122.8870
162.8400	122.9330
163.3220	134.1690
163.8040	141.0380
164.2860	139.5950
164.7680	135.8790
165.2500	135.3470
165.7320	138.3120
166.2140	140.8940
166.6970	139.5270
167.1790	134.5890
167.6610	130.2640
168.1430	128.3040
168.6250	126.3040
169.1070	120.3790
169.5890	109.9090
170.0710	101.5430
170.5530	101.4320
171.0360	108.5310
171.5180	116.6190
172.0000	126.6770
172.4820	136.3710
172.9640	143.0640
173.4460	146.6150
173.9280	147.8150
174.4110	145.5870
174.8930	140.9510
175.3750	138.3840
175.8570	141.3910
176.3390	145.9870
176.8210	145.2970
177.3030	137.4890
177.7850	131.4810
178.2670	137.7280
178.7490	152.7840
179.2320	165.4070
179.7140	171.7750
180.1960	174.6000
180.6780	177.6470
181.1600	181.5800
181.6420	185.3540
182.1240	188.8910
182.6070	192.1690
183.0890	193.9880
183.5710	192.3490
184.0530	189.2400
184.5350	188.9760
185.0170	192.0710
185.4990	196.4140
185.9810	202.3970
186.4630	213.1150
186.9450	216.0820
187.4280	210.8190
187.9100	202.3480
188.3920	193.1530
188.8740	180.7300
189.3560	171.9430
189.8380	176.9910
190.3200	188.9820
190.8020	194.6270
191.2850	184.0790
191.7670	166.7300
192.2490	160.3600
192.7310	168.8570
193.2130	181.1980
193.6950	185.5240
194.1770	181.1100
194.6590	176.8070
195.1410	176.7690
195.6240	178.9790
196.1060	182.3840
196.5880	188.3590
197.0700	190.7150
197.5520	182.1320
198.0340	166.8260
198.5160	153.8800
198.9980	147.1900
199.4800	139.1810
199.9630	130.3300
200.4450	120.5460
200.9270	112.7940
201.4090	110.5030
201.8910	111.1500
202.3730	109.4900
202.8550	102.4790
203.3370	92.9920
203.8200	84.6080
204.3020	77.6220
204.7840	71.3480
205.2660	64.5800
205.7480	58.1820
206.2300	54.2690
206.7120	58.0140
207.1940	61.9750
207.6760	53.8130
208.1590	31.2160
208.6410	11.0240
209.1230	4.8120
209.6050	8.2280
210.0870	14.2730
210.5690	25.0830
211.0510	35.5570
211.5330	38.0030
212.0160	31.6540
212.4980	24.9520
212.9800	13.2670
213.4620	7.3440
213.9440	10.9110
214.4260	48.8490
214.9080	69.7300
215.3900	74.4710
215.8720	14.7080
216.3550	38.2460
216.8370	28.4030
217.3190	17.1930
217.8010	52.4590
218.2830	2.0860
218.7650	36.6120
219.2470	21.3210
219.7290	14.7100
220.2120	4.9530
220.6940	10.5830
221.1760	25.8360
221.6580	29.2280
222.1400	13.2300
222.6220	3.1610
223.1040	4.7420
223.5860	6.3680
224.0680	15.4400
224.5510	16.1580
225.0330	11.2440
225.5150	6.3760
225.9970	0.4490
226.4790	3.1560
226.9610	0.5200
227.4430	6.5800
227.9250	11.0220
228.4080	9.2740
228.8900	4.7270
229.3720	3.7820
229.8540	7.5410
230.3360	11.0590
230.8180	13.0010
231.3000	13.2030
231.7820	10.2630
232.2640	11.9160
232.7470	12.5310
233.2290	11.8740
233.7110	16.3340
234.1930	16.1910
234.6750	18.7200
235.1570	17.6900
235.6390	16.9900
236.1210	15.6800
236.6040	10.8890
237.0860	12.5440
237.5680	22.1510
238.0500	27.6730
238.5320	23.0420
239.0140	14.6310
239.4960	9.9300
239.9780	10.5180
240.4600	13.4700
240.9430	15.9010
241.4250	17.9180
241.9070	18.4080
242.3890	18.1310
242.8710	15.7850
243.3530	16.5380
243.8350	15.8870
244.3170	18.6300
244.7990	15.2210
245.2820	21.0630
245.7640	19.7060
246.2460	24.8590
246.7280	25.0620
247.2100	20.4030
247.6920	12.4200
248.1740	5.6960
248.6560	5.1950
249.1390	11.1220
249.6210	14.6950
250.1030	14.5020
250.5850	13.8050
251.0670	14.5530
251.5490	16.1360
252.0310	16.3880
252.5130	15.1160
252.9950	12.7190
253.4780	13.1830
253.9600	20.2340
254.4420	25.9230
254.9240	27.3220
255.4060	26.1860
255.8880	24.9100
256.3700	24.6490
256.8520	25.4330
257.3350	27.4280
257.8170	30.7660
258.2990	35.3700
258.7810	43.4140
259.2630	51.9480
259.7450	57.2880
260.2270	58.6150
260.7090	57.8630
261.1910	59.4130
261.6740	62.4200
262.1560	67.3670
262.6380	80.2340
263.1200	91.9570
263.6020	93.1750
264.0840	82.3610
264.5660	67.7490
265.0480	61.7490
265.5300	69.0170
266.0130	73.6310
266.4950	75.5580
266.9770	75.1350
267.4590	70.1520
267.9410	61.9220
268.4230	56.1510
268.9050	60.2130
269.3880	76.1830
269.8700	87.0580
270.3520	90.3170
270.8340	90.1250
271.3160	85.0040
271.7980	77.2190
272.2800	71.9580
272.7620	74.1360
273.2440	82.7010
273.7270	87.5670
274.2090	86.3930
274.6910	84.6710
275.1730	84.7910
275.6550	85.8290
276.1370	85.4410
276.6190	81.7060
277.1010	75.5840
277.5830	77.4110
278.0660	91.6540
278.5480	103.2020
279.0300	104.6550
279.5120	100.3410
279.9940	94.1990
280.4760	86.7290
280.9580	78.5330
281.4400	68.9980
281.9220	57.1780
282.4050	50.4110
282.8870	55.1480
283.3690	63.7090
283.8510	67.6950
284.3330	65.6710
284.8150	62.9510
285.2970	64.8010
285.7790	69.6460
286.2620	69.7780
286.7440	62.4630
287.2260	50.7560
287.7080	35.5130
288.1900	16.1580
288.6720	4.8910
289.1540	12.6480
289.6360	30.2660
290.1180	41.4640
290.6010	43.0440
291.0830	39.6080
291.5650	34.7060
292.0470	28.6670
292.5290	22.8660
293.0110	16.9180
293.4930	11.0050
293.9750	8.4610
294.4580	5.0420
294.9400	4.5480
295.4220	3.3030
295.9040	2.2410
296.3860	2.9100
296.8680	2.6610
297.3500	4.3510
297.8320	4.1740
298.3150	4.7830
298.7970	6.4030
299.2790	9.3440
299.7610	12.9850
300.2430	15.0280
300.7250	13.6410
301.2070	12.8400
301.6890	13.1640
302.1710	13.4690
302.6540	13.6680
303.1360	14.3580
303.6180	13.8110
304.1000	10.0640
304.5820	1.9620
305.0640	7.2140
305.5460	0.1210
306.0280	8.5500
306.5100	12.3430
306.9930	10.5050
307.4750	5.3790
307.9570	1.8730
308.4390	12.4350
308.9210	15.6490
309.4030	0.0420
309.8850	12.3710
310.3670	11.0570
310.8490	0.5790
311.3320	7.9210
311.8140	6.6290
312.2960	2.1950
312.7780	8.6370
313.2600	12.4230
313.7420	14.0370
314.2240	13.9490
314.7070	12.0380
315.1890	7.1330
315.6710	2.2620
316.1530	11.3070
316.6350	10.9360
317.1170	0.6720
317.5990	7.5770
318.0810	2.2720
318.5630	13.7070
319.0460	10.4970
319.5280	10.1460
320.0100	29.1710
320.4920	29.4410
320.9740	16.1400
321.4560	10.3580
321.9380	18.0610
322.4200	29.8430
322.9020	37.6680
323.3850	41.8420
323.8670	41.5580
324.3490	30.6230
324.8310	18.1310
325.3130	16.0740
325.7950	25.3060
326.2770	36.9880
326.7590	45.0570
327.2410	49.7640
327.7240	55.1040
328.2060	66.5650
328.6880	73.3250
329.1700	63.8160
329.6520	45.0600
330.1340	36.0590
330.6160	47.0980
331.0980	70.3980
331.5810	83.0020
332.0630	74.1210
332.5450	68.5470
333.0270	69.5640
333.5090	73.7490
333.9910	78.0950
334.4730	81.7030
334.9550	84.8870
335.4380	87.8610
335.9200	90.0270
336.4020	93.9540
336.8840	99.6230
337.3660	106.8240
337.8480	117.4450
338.3300	129.8170
338.8120	139.4360
339.2940	141.7890
339.7760	138.1730
340.2590	139.6680
340.7410	148.3180
341.2230	159.5560
341.7050	176.5210
342.1870	193.5240
342.6690	201.6720
343.1510	195.6250
343.6340	186.0170
344.1160	190.5150
344.5980	211.4230
345.0800	230.9090
345.5620	244.6760
346.0440	254.5800
346.5260	262.1660
347.0080	267.7060
347.4900	271.2670
347.9730	271.2980
348.4550	269.3640
348.9370	270.2460
349.4190	275.0910
349.9010	281.5540
350.3830	287.6250
350.8650	293.4290
351.3470	299.8270
351.8290	307.5680
352.3120	315.3750
352.7940	323.3370
353.2760	331.2550
353.7580	336.4270
354.2400	336.0060
354.7220	331.4580
355.2040	330.0850
355.6860	340.1090
356.1680	342.8230
356.6510	327.4560
357.1330	304.3830
357.6150	287.2400
358.0970	280.4700
358.5790	280.6620
359.0610	282.9760
359.5430	290.0640
360.0250	292.8060
360.5080	288.6800
360.9900	283.0080
361.4720	278.9470
361.9540	276.3060
362.4360	272.8760
362.9180	266.4820
363.4000	258.0510
363.8820	250.8810
364.3650	246.1020
364.8470	241.0020
365.3290	237.3650
365.8110	232.0600
366.2930	219.2130
366.7750	195.7360
367.2570	171.0710
367.7390	156.6760
368.2210	153.3150
368.7030	152.2420
369.1860	153.8640
369.6680	154.4460
370.1500	150.2140
370.6320	140.7400
371.1140	129.8710
371.5960	118.5970
372.0780	107.4880
372.5600	96.7130
373.0430	85.8120
373.5250	78.7610
374.0070	80.5010
374.4890	90.3130
374.9710	96.5150
375.4530	96.9180
375.9350	94.2830
376.4170	88.1290
376.9000	80.3590
377.3820	74.2410
377.8640	70.9220
378.3460	69.2430
378.8280	66.2850
379.3100	59.6230
379.7920	55.0750
380.2740	55.4520
380.7560	56.2010
381.2390	52.0210
381.7210	43.0460
382.2030	35.3620
382.6850	36.6270
383.1670	48.2460
383.6490	51.3210
384.1310	34.3000
384.6130	20.5430
385.0950	17.2290
385.5780	21.6580
386.0600	29.6360
386.5420	40.2470
387.0240	50.6960
387.5060	55.4540
387.9880	53.7860
388.4700	49.9470
388.9520	42.5600
389.4350	35.2650
389.9170	31.9000
390.3990	33.0330
390.8810	35.8330
391.3630	35.3660
391.8450	32.2420
392.3270	32.3810
392.8090	38.0200
393.2920	43.6510
393.7740	44.5210
394.2560	40.9230
394.7380	37.5000
395.2200	32.6120
395.7020	29.6830
396.1840	33.3680
396.6660	40.6110
397.1480	42.7700
397.6300	35.3320
398.1130	23.6010
398.5950	19.8100
399.0770	32.2180
399.5590	40.2260
400.0410	43.6550
400.5230	42.9090
401.0050	35.6460
401.4870	23.4110
401.9700	12.6720
402.4520	9.6340
402.9340	14.0510
403.4160	17.3520
403.8980	19.0930
404.3800	20.2140
404.8620	20.5510
405.3440	20.6650
405.8270	21.8500
406.3090	25.1350
406.7910	27.3330
407.2730	21.2780
407.7550	6.8940
408.2370	2.6700
408.7190	19.1140
409.2010	39.5940
409.6830	46.0580
410.1660	39.4210
410.6480	32.7670
411.1300	29.4190
411.6120	28.5840
412.0940	30.7920
412.5760	36.2480
413.0580	41.3450
413.5400	42.7020
414.0220	40.7360
414.5050	40.3670
414.9870	40.2180
415.4690	43.5440
415.9510	55.1500
416.4330	68.7230
416.9150	76.7910
417.3970	77.6120
417.8790	74.3300
418.3620	70.1060
418.8440	64.5390
419.3260	62.3280
419.8080	68.5900
420.2900	73.2470
420.7720	71.5500
421.2540	65.6780
421.7360	60.4690
422.2190	58.0590
422.7010	57.4780
423.1830	55.4760
423.6650	50.9460
424.1470	51.8980
424.6290	66.5700
425.1110	83.2780
425.5930	88.6020
426.0750	81.3990
426.5570	75.3760
427.0400	78.2050
427.5220	86.0640
428.0040	94.0800
428.4860	101.7030
428.9680	106.2370
429.4500	104.7310
429.9320	97.9330
430.4140	93.8990
430.8970	93.8230
431.3790	94.7590
431.8610	97.0080
432.3430	99.3220
432.8250	99.0190
433.3070	95.4680
433.7890	92.3390
434.2710	96.2890
434.7540	111.9590
435.2360	118.1720
435.7180	105.5570
436.2000	92.5590
436.6820	84.5120
437.1640	81.7620
437.6460	84.2080
438.1280	93.3610
438.6100	105.1070
439.0930	111.4950
439.5750	112.2100
440.0570	109.8000
440.5390	103.6770
441.0210	95.7350
441.5030	87.2410
441.9850	77.9520
442.4670	71.8830
442.9490	74.4510
443.4320	79.5860
443.9140	77.6100
444.3960	67.9580
444.8780	59.2130
445.3600	58.6890
445.8420	64.4970
446.3240	61.2720
446.8060	45.3790
447.2890	26.4460
447.7710	3.5110
448.2530	30.7270
448.7350	35.9000
449.2170	15.7970
449.6990	12.4020
450.1810	27.6280
450.6630	28.4130
451.1460	27.7180
451.6280	24.2190
452.1100	20.7050
452.5920	17.9740
453.0740	15.9770
453.5560	14.4100
454.0380	12.8950
454.5200	12.4020
455.0020	14.9420
455.4840	20.2730
455.9670	24.7570
456.4490	27.9690
456.9310	29.2240
457.4130	26.5990
457.8950	20.2600
458.3770	15.0950
458.8590	11.4650
459.3410	9.8500
459.8240	11.6270
460.3060	15.9720
460.7880	20.1310
461.2700	22.6280
461.7520	23.6800
462.2340	24.0000
462.7160	25.3500
463.1980	22.9970
463.6810	11.5740
464.1630	0.6700
464.6450	1.4280
465.1270	4.4370
465.6090	10.3310
466.0910	9.6020
466.5730	3.7160
467.0550	0.9870
467.5380	4.7300
468.0200	6.6210
468.5020	2.8790
468.9840	1.3070
469.4660	1.5210
469.9480	14.2560
470.4300	24.2760
470.9120	21.8950
471.3940	12.6070
471.8760	6.2310
472.3590	4.2460
472.8410	3.9300
473.3230	3.1240
473.8050	1.8810
474.2870	1.6350
474.7690	6.2030
475.2510	7.0760
475.7330	12.6870
476.2160	13.3680
476.6980	21.9290
477.1800	25.0230
477.6620	23.5810
478.1440	16.4440
478.6260	2.0630
479.1080	2.5500
479.5900	10.2120
480.0730	23.0230
480.5550	27.2540
481.0370	26.6730
481.5190	28.2540
482.0010	35.8270
482.4830	42.5380
482.9650	39.3510
483.4470	29.0580
483.9290	23.5760
484.4120	26.4200
484.8940	32.9280
485.3760	38.4580
485.8580	42.8910
486.3400	46.7290
486.8220	50.6850
487.3040	53.3100
487.7860	53.6360
488.2680	52.1390
488.7510	49.9390
489.2330	47.5170
489.7150	44.0180
490.1970	36.2450
490.6790	19.8710
491.1610	13.7350
491.6430	31.9350
492.1250	48.2030
492.6080	45.8210
493.0900	32.2310
493.5720	27.0080
494.0540	43.0900
494.5360	66.4990
495.0180	78.6700
495.5000	80.5420
495.9820	81.3860
496.4650	83.6930
496.9470	86.7860
497.4290	90.3730
497.9110	94.9190
498.3930	96.4840
498.8750	90.0300
499.3570	84.6240
499.8390	88.8440
500.3210	98.9080
500.8030	104.1540
501.2860	98.9410
501.7680	88.8700
502.2500	86.7000
502.7320	95.3390
503.2140	104.2020
503.6960	113.6490
504.1780	122.2900
504.6600	129.1940
505.1430	134.6040
505.6250	139.1690
506.1070	141.8230
506.5890	143.7980
507.0710	147.8030
507.5530	153.1480
508.0350	152.8440
508.5170	142.3000
509.0000	129.7460
509.4820	127.6990
509.9640	137.8050
510.4460	148.5290
510.9280	164.5110
511.4100	175.7890
511.8920	170.7320
512.3740	155.8930
512.8560	148.0410
513.3390	156.0270
513.8210	172.7070
514.3030	182.8440
514.7850	184.7070
515.2670	185.4000
515.7490	181.9230
516.2310	180.7640
516.7130	187.6690
517.1950	200.0040
517.6780	209.4870
518.1600	212.8040
518.6420	211.2650
519.1240	202.7770
519.6060	189.3290
520.0880	183.0460
520.5700	188.3700
521.0520	201.2030
521.5340	217.9540
522.0170	241.5460
522.4990	254.9220
522.9810	251.2840
523.4630	244.4140
523.9450	238.9310
524.4270	235.8470
524.9090	236.2290
525.3910	240.5490
525.8740	246.7610
526.3560	251.0820
526.8380	252.7510
527.3200	257.5940
527.8020	266.8100
528.2840	277.4060
528.7660	291.3510
529.2480	306.1950
529.7310	314.5110
530.2130	311.0260
530.6950	304.1510
531.1770	299.2990
531.6590	296.3860
532.1410	295.8500
532.6230	297.7040
533.1050	299.1290
533.5880	296.6530
534.0700	289.0210
534.5520	285.5780
535.0340	290.5450
535.5160	294.3410
535.9980	291.9520
536.4800	287.9300
536.9620	288.5070
537.4440	295.7820
537.9270	304.7140
538.4090	311.9060
538.8910	316.7700
539.3730	312.5990
539.8550	295.7010
540.3370	279.6710
540.8190	274.0390
541.3010	275.1340
541.7830	273.7310
542.2660	268.2900
542.7480	262.5710
543.2300	258.7320
543.7120	254.9900
544.1940	247.4970
544.6760	237.5650
545.1580	231.7890
545.6400	235.9870
546.1220	248.1190
546.6050	254.7570
547.0870	255.7210
547.5690	252.5470
548.0510	239.5040
548.5330	227.0390
549.0150	225.3100
549.4970	234.5780
549.9790	242.9280
550.4610	241.1890
550.9440	235.6670
551.4260	237.1470
551.9080	245.1780
552.3900	250.1930
552.8720	247.5280
553.3540	239.6090
553.8360	230.5000
554.3180	221.1740
554.8010	212.9980
555.2830	204.3780
555.7650	199.3970
556.2470	203.6070
556.7290	212.5490
557.2110	216.7920
557.6930	211.3240
558.1750	201.6590
558.6570	197.9080
559.1400	200.9380
559.6220	201.1720
560.1040	195.9950
560.5860	190.0200
561.0680	188.2770
561.5500	188.7780
562.0320	185.7850
562.5150	176.1530
562.9970	163.5460
563.4790	146.9660
563.9610	131.0010
564.4430	123.6600
564.9250	126.5000
565.4070	132.7370
565.8890	137.1890
566.3710	139.8360
566.8540	136.7510
567.3360	121.1150
567.8180	110.7200
568.3000	113.9140
568.7820	121.0440
569.2640	123.1150
569.7460	118.9750
570.2280	114.0390
570.7100	112.1650
571.1930	111.3490
571.6750	108.8590
572.1570	104.4910
572.6390	97.1550
573.1210	85.3400
573.6030	72.3780
574.0850	64.8570
574.5670	64.1240
575.0490	66.5510
575.5320	78.3040
576.0140	87.0610
576.4960	83.9990
576.9780	73.4440
577.4600	64.7770
577.9420	62.5830
578.4240	63.6120
578.9060	64.8330
579.3880	65.9270
579.8710	61.8410
580.3530	49.2410
580.8350	39.1440
581.3170	42.7440
581.7990	57.1360
582.2810	63.2540
582.7630	54.6870
583.2450	45.8640
583.7280	40.9560
584.2100	37.8540
584.6920	34.0470
585.1740	29.3830
585.6560	25.6570
586.1380	24.3550
586.6200	25.1500
587.1020	27.2610
587.5840	31.8750
588.0670	33.6030
588.5490	29.1700
589.0310	22.7720
589.5130	18.4600
589.9950	16.1670
590.4770	13.7370
590.9590	9.4210
591.4420	5.6970
591.9240	4.4990
592.4060	5.4610
592.8880	7.8150
593.3700	11.2680
593.8520	15.3350
594.3340	19.8330
594.8160	25.2550
595.2980	26.6360
595.7810	19.9800
596.2630	14.7770
596.7450	14.7190
597.2270	17.3810
597.7090	20.0980
598.1910	22.4070
598.6730	24.3010
599.1550	26.8530
599.6380	28.4990
600.1200	26.9850
600.6020	22.1870
601.0840	13.6960
601.5660	0.3560
602.0480	14.1390
602.5300	20.4950
603.0120	15.1310
603.4940	8.8210
603.9770	0.7720
604.4590	8.8990
604.9410	14.4720
605.4230	16.6710
605.9050	12.9360
606.3870	0.2890
606.8690	11.1040
607.3510	7.3880
607.8330	6.2140
608.3160	12.8590
608.7980	9.8490
609.2800	2.5390
609.7620	7.1130
610.2440	17.2600
610.7260	17.8570
611.2080	7.3900
611.6900	20.0510
612.1720	6.2380
612.6550	11.3260
613.1370	14.7870
613.6190	6.0750
614.1010	1.3810
614.5830	1.1340
615.0650	7.0510
615.5470	4.7830
616.0290	4.6400
616.5110	11.3110
616.9940	12.8830
617.4760	11.6450
617.9580	9.5100
618.4400	6.4680
618.9220	2.3760
619.4040	8.5400
619.8860	13.1360
620.3690	0.8880
620.8510	14.4160
621.3330	16.8050
621.8150	6.2930
622.2970	2.9010
622.7790	1.8840
623.2610	14.0780
623.7430	16.4330
624.2250	8.5960
624.7080	3.8730
625.1900	7.1120
625.6720	13.3530
626.1540	17.5110
626.6360	19.4770
627.1180	18.8820
627.6000	12.7330
628.0820	7.4230
628.5650	5.1820
629.0470	5.2070
629.5290	6.4810
630.0110	8.7260
630.4930	12.1340
630.9750	17.8480
631.4570	24.6850
631.9390	28.7880
632.4210	30.3540
632.9040	26.7330
633.3860	13.2030
633.8680	1.0700
634.3500	1.4060
634.8320	14.2870
635.3140	24.2100
635.7960	22.7560
636.2780	19.6670
636.7600	18.0860
637.2430	18.3460
637.7250	20.5840
638.2070	24.8140
638.6890	30.7920
639.1710	39.6180
639.6530	50.1570
640.1350	56.0550
640.6170	56.2020
641.0990	59.0630
641.5820	70.6100
642.0640	83.7580
642.5460	86.8670
643.0280	78.5350
643.5100	69.8970
643.9920	57.7230
644.4740	49.7670
644.9560	50.7760
645.4380	58.2610
645.9210	69.3520
646.4030	82.7820
646.8850	95.8440
647.3670	106.1210
647.8490	113.6560
648.3310	118.1830
648.8130	119.5510
649.2950	118.7460
649.7780	115.0330
650.2600	110.7160
650.7420	108.6800
651.2240	107.6130
651.7060	114.6650
652.1880	142.5150
652.6700	165.5750
653.1520	165.5300
653.6350	154.8270
654.1170	153.3090
654.5990	166.4920
655.0810	183.3160
655.5630	191.9860
656.0450	195.0270
656.5270	202.4310
657.0090	214.7540
657.4920	225.5210
657.9740	231.6690
658.4560	235.3720
658.9380	239.2390
659.4200	241.3240
659.9020	249.9440
660.3840	277.4280
660.8660	299.4480
661.3480	301.5310
661.8310	294.2620
662.3130	290.6680
662.7950	294.2060
663.2770	301.7530
663.7590	312.3690
664.2410	324.3200
664.7230	333.6030
665.2050	341.1740
665.6870	347.5940
666.1700	351.2140
666.6520	356.2210
667.1340	369.5420
667.6160	393.4250
668.0980	411.9760
668.5800	427.7030
669.0620	438.0980
669.5440	439.4790
670.0260	434.2440
670.5090	420.0550
670.9910	398.9810
671.4730	386.1390
671.9550	397.5800
672.4370	419.1320
672.9190	430.3100
673.4010	432.7250
673.8830	434.8040
674.3650	439.2330
674.8480	440.3220
675.3300	429.0520
675.8120	403.8020
676.2940	392.6220
676.7760	407.8940
677.2580	419.1980
677.7400	421.2130
678.2220	417.6330
678.7050	408.4360
679.1870	394.4530
679.6690	382.9030
680.1510	377.1510
680.6330	375.1230
681.1150	376.7900
681.5970	379.5290
682.0790	376.0760
682.5620	364.9610
683.0440	354.3440
683.5260	353.4820
684.0080	360.2360
684.4900	355.6670
684.9720	334.2860
685.4540	315.7100
685.9360	303.5940
686.4190	296.5950
686.9010	296.6980
687.3830	301.9170
687.8650	300.8520
688.3470	283.5760
688.8290	267.8480
689.3110	264.1450
689.7930	266.2030
690.2750	266.8750
690.7580	264.5470
691.2400	260.7080
691.7220	256.0330
692.2040	251.0500
692.6860	247.6130
693.1680	245.8240
693.6500	240.6710
694.1320	230.1660
694.6140	218.8970
695.0970	208.9460
695.5790	200.4440
696.0610	195.0200
696.5430	197.0840
697.0250	195.6690
697.5070	182.9560
697.9890	171.2620
698.4710	174.8710
698.9530	187.4800
699.4360	190.2720
699.9180	173.2620
700.4000	149.6620
700.8820	133.7990
701.3640	124.7400
701.8460	120.0430
702.3280	119.4700
702.8100	120.4580
703.2920	122.1680
703.7750	123.2530
704.2570	120.1030
704.7390	109.8950
705.2210	102.2960
705.7030	100.5060
706.1850	97.6810
706.6670	89.4260
707.1490	79.2770
707.6320	72.4280
708.1140	70.1350
708.5960	69.5600
709.0780	71.2120
709.5600	72.2080
710.0420	68.7350
710.5240	61.5320
711.0060	52.4580
711.4890	42.2870
711.9710	34.3310
712.4530	33.8530
712.9350	40.6530
713.4170	44.2390
713.8990	44.1040
714.3810	41.8780
714.8630	35.5990
715.3460	29.6250
715.8280	30.4740
716.3100	37.8960
716.7920	41.1360
717.2740	32.3490
717.7560	26.3610
718.2380	33.9190
718.7200	45.3360
719.2020	48.2670
719.6850	41.9450
720.1670	34.4690
720.6490	31.5230
721.1310	31.0250
721.6130	29.2250
722.0950	26.2990
722.5770	23.5940
723.0590	21.3270
723.5410	19.5220
724.0240	18.2580
724.5060	17.4500
724.9880	16.6600
725.4700	16.1530
725.9520	15.2100
726.4340	13.2040
726.9160	11.3770
727.3980	10.7230
727.8800	10.6690
728.3630	10.0470
728.8450	8.5260
729.3270	6.4210
729.8090	1.6170
730.2910	2.2120
730.7730	2.4980
731.2550	12.9670
731.7370	17.2790
732.2190	10.0110
732.7020	0.6710
733.1840	1.3780
733.6660	7.9400
734.1480	8.8370
734.6300	2.4670
735.1120	9.3020
735.5940	2.9760
736.0760	8.7880
736.5590	15.7080
737.0410	17.7890
737.5230	16.9730
738.0050	8.0620
738.4870	2.6130
738.9690	7.8540
739.4510	16.6750
739.9330	22.0190
740.4160	22.8600
740.8980	21.0820
741.3800	16.3510
741.8620	11.5970
742.3440	12.2070
742.8260	16.0130
743.3080	15.4420
743.7900	9.4060
744.2730	3.0740
744.7550	0.1590
745.2370	0.1930
745.7190	6.6360
746.2010	6.2580
746.6830	5.2950
747.1650	9.3420
747.6470	6.4530
748.1290	1.5850
748.6120	14.2270
749.0940	24.4550
749.5760	27.4040
750.0580	26.0400
750.5400	18.6030
751.0220	9.5880
751.5040	1.8110
751.9860	11.1670
752.4680	8.4700
752.9510	8.3320
753.4330	24.8110
753.9150	23.7240
754.3970	13.3090
754.8790	14.9940
755.3610	27.6550
755.8430	34.1750
756.3250	28.6860
756.8070	19.1380
757.2900	14.9910
757.7720	15.8740
758.2540	13.6510
758.7360	3.5230
759.2180	0.8630
759.7000	10.0990
760.1820	20.5480
760.6640	16.5890
761.1460	4.2540
761.6290	2.6850
762.1110	22.9400
762.5930	39.7300
763.0750	38.1330
763.5570	31.0630
764.0390	32.2660
764.5210	39.0680
765.0030	40.4000
765.4860	31.2410
765.9680	19.0940
766.4500	12.1910
766.9320	10.0920
767.4140	11.6640
767.8960	16.8760
768.3780	23.3800
768.8600	31.2050
769.3430	36.5670
769.8250	32.9560
770.3070	19.1970
770.7890	15.7940
771.2710	31.8170
771.7530	42.5070
772.2350	40.5590
772.7170	35.0210
773.2000	32.1800
773.6820	31.6360
774.1640	30.2410
774.6460	26.7010
775.1280	22.8510
775.6100	19.2500
776.0920	16.2470
776.5740	13.6180
777.0560	11.8970
777.5390	10.0730
778.0210	6.9660
778.5030	14.0150
778.9850	24.2120
779.4670	29.9300
779.9490	31.3670
780.4310	15.7760
780.9130	22.1070
781.3950	19.6380
781.8780	16.8150
782.3600	26.2450
782.8420	13.1460
783.3240	22.4520
783.8060	22.7880
784.2880	27.1630
784.7700	22.6780
785.2520	20.9260
785.7340	14.6080
786.2170	22.8010
786.6990	26.4790
787.1810	17.5600
787.6630	11.1730
788.1450	14.7600
788.6270	21.2730
789.1090	25.8670
789.5910	27.5240
790.0730	24.8160
790.5560	16.6330
791.0380	9.0410
791.5200	10.7340
792.0020	16.7620
792.4840	13.7790
792.9660	3.1490
793.4480	0.7960
793.9300	13.0440
794.4130	28.4700
794.8950	32.4710
795.3770	25.7730
795.8590	21.3870
796.3410	19.6000
796.8230	19.3170
797.3050	21.1350
797.7870	23.2510
798.2690	24.4050
798.7520	24.5250
799.2340	23.4530
799.7160	21.7920
800.1980	18.0440
800.6800	8.7440
801.1620	0.4250
801.6440	0.4150
802.1270	2.1940
802.6090	2.4080
803.0910	18.4150
803.5730	26.4030
804.0550	31.2090
804.5370	35.2780
805.0190	37.4060
805.5010	31.9720
805.9830	23.0520
806.4660	14.7790
806.9480	10.6630
807.4300	12.0410
807.9120	16.9140
808.3940	16.2640
808.8760	10.1140
809.3580	10.8200
809.8400	22.1370
810.3220	29.9640
810.8050	22.0400
811.2870	4.1970
811.7690	3.8680
812.2510	4.0120
812.7330	7.3010
813.2150	0.2520
813.6970	4.8330
814.1790	1.8360
814.6610	12.5880
815.1440	18.5060
815.6260	18.7080
816.1080	17.5890
816.5900	15.2490
817.0720	13.0910
817.5540	11.9590
818.0360	11.3850
818.5180	10.5650
819.0000	9.6730
819.4830	10.0940
819.9650	13.3750
820.4470	16.1010
820.9290	13.0240
821.4110	6.8380
821.8930	2.6720
822.3750	1.2520
822.8570	3.8930
823.3400	11.4470
823.8220	19.6820
824.3040	22.1030
824.7860	18.9650
825.2680	16.1470
825.7500	14.0490
826.2320	9.6160
826.7140	9.6800
827.1960	8.3840
827.6790	12.4470
828.1610	11.6600
828.6430	20.1510
829.1250	15.7190
829.6070	30.0750
830.0890	37.1390
830.5710	37.8960
831.0540	26.4220
831.5360	10.7920
832.0180	6.6670
832.5000	19.0310
832.9820	29.8100
833.4640	32.1920
833.9460	30.9700
834.4280	28.3940
834.9110	24.8290
835.3930	19.6310
835.8750	13.2870
836.3570	8.6280
836.8390	7.7570
837.3210	9.3060
837.8030	12.9050
838.2850	17.2210
838.7670	18.7100
839.2500	17.1460
839.7320	14.1710
840.2140	10.4800
840.6960	7.9190
841.1780	10.5360
841.6600	18.2190
842.1420	22.9400
842.6240	23.9330
843.1060	27.2350
843.5890	36.7460
844.0710	44.8490
844.5530	41.5650
845.0350	27.7410
845.5170	21.1210
845.9990	25.8490
846.4810	30.4600
846.9630	34.6580
847.4450	37.5360
847.9280	38.2150
848.4100	37.3140
848.8920	35.9710
849.3740	34.1680
849.8560	32.4630
850.3380	31.7110
850.8200	30.2940
851.3020	25.1400
851.7840	20.0600
852.2670	20.5220
852.7490	26.6160
853.2310	33.0070
853.7130	37.5850
854.1950	40.1700
854.6770	39.3320
855.1590	37.0500
855.6410	36.9060
856.1240	38.6230
856.6060	39.0570
857.0880	36.6200
857.5700	34.0710
858.0520	35.9530
858.5340	40.7350
859.0160	42.5340
859.4980	41.4630
859.9810	38.5660
860.4630	33.4300
860.9450	28.5000
861.4270	27.4920
861.9090	31.5140
862.3910	37.2530
862.8730	47.3140
863.3550	42.5460
863.8380	10.3780
864.3200	12.5570
864.8020	0.5730
865.2840	30.0560
865.7660	37.1150
866.2480	13.2070
866.7300	3.9440
867.2120	22.7000
867.6940	38.1300
868.1770	41.2100
868.6590	39.6550
869.1410	38.9780
869.6230	39.0550
870.1050	39.9290
870.5870	42.1180
871.0690	42.2730
871.5510	38.1770
872.0330	33.3360
872.5160	28.0010
872.9980	23.7620
873.4800	23.4140
873.9620	27.5870
874.4440	34.0190
874.9260	44.6550
875.4080	53.6960
875.8900	53.3130
876.3720	47.6140
876.8550	44.4860
877.3370	44.4800
877.8190	42.5490
878.3010	35.3740
878.7830	28.1390
879.2650	29.7640
879.7470	37.4760
880.2290	42.2050
880.7110	43.8420
881.1940	43.8370
881.6760	42.5600
882.1580	39.9900
882.6400	35.8500
883.1220	30.6370
883.6040	26.8740
884.0860	24.5310
884.5680	23.4980
885.0510	23.8320
885.5330	24.8620
886.0150	27.6150
886.4970	29.6650
886.9790	24.5820
887.4610	8.7330
887.9430	1.1820
888.4250	6.9610
888.9070	12.8430
889.3900	15.3970
889.8720	16.8650
890.3540	18.6070
890.8360	20.8520
891.3180	25.3370
891.8000	36.5760
892.2820	42.8800
892.7650	38.6450
893.2470	31.5360
893.7290	22.4210
894.2110	14.5720
894.6930	12.5480
895.1750	17.2590
895.6570	24.3240
896.1390	36.7680
896.6210	44.5520
897.1040	38.4390
897.5860	27.4630
898.0680	18.1790
898.5500	13.2470
899.0320	17.7070
899.5140	34.1980
899.9960	50.4410
900.4780	56.5470
900.9600	56.5760
901.4430	54.5880
901.9250	50.9630
902.4070	44.8450
902.8890	36.8550
903.3710	31.5320
903.8530	32.9140
904.3350	36.5550
904.8170	31.5280
905.2990	36.6500
905.7820	24.6360
906.2640	38.9140
906.7460	48.3230
907.2280	46.1450
907.7100	37.9280
908.1920	29.0250
908.6740	20.2520
909.1560	15.0070
909.6380	12.8120
910.1210	13.3690
910.6030	16.9530
911.0850	22.5780
911.5670	30.6030
912.0490	37.8490
912.5310	37.0480
913.0130	26.8460
913.4950	21.9070
913.9780	24.5030
914.4600	24.4460
914.9420	15.5470
915.4240	9.1970
915.9060	18.5530
916.3880	38.6960
916.8700	46.3400
917.3520	31.0450
917.8340	23.6930
918.3170	31.7010
918.7990	38.2940
919.2810	35.8230
919.7630	29.5500
920.2450	24.2480
920.7270	20.1410
921.2090	19.6730
921.6920	28.4900
922.1740	32.0970
922.6560	25.1480
923.1380	18.5770
923.6200	20.5320
924.1020	26.7950
924.5840	28.4680
925.0660	24.0290
925.5480	20.2960
926.0310	19.4400
926.5130	19.9320
926.9950	22.4840
927.4770	24.9340
927.9590	24.0080
928.4410	20.9750
928.9230	20.1110
929.4050	23.1710
929.8880	27.2130
930.3700	31.0430
930.8520	34.4900
931.3340	39.5000
931.8160	43.0670
932.2980	38.2610
932.7800	25.9520
933.2620	16.3040
933.7440	15.4280
934.2270	18.1360
934.7090	20.6210
935.1910	22.4370
935.6730	21.9960
936.1550	20.3540
936.6370	21.2930
937.1190	25.5460
937.6010	28.5000
938.0830	25.3700
938.5660	19.9180
939.0480	18.5570
939.5300	19.8700
940.0120	19.7160
940.4940	18.1950
940.9760	17.7180
941.4580	19.7040
941.9400	21.9810
942.4220	21.2020
942.9050	18.9640
943.3870	22.2110
943.8690	29.5260
944.3510	29.5330
944.8330	20.4780
945.3150	12.4460
945.7970	11.6380
946.2790	14.9020
946.7610	16.8430
947.2440	17.5060
947.7260	18.3190
948.2080	19.4220
948.6900	14.3550
949.1720	0.1450
949.6540	9.2210
950.1360	1.1060
950.6190	16.3870
951.1010	21.0300
951.5830	11.3220
952.0650	2.5810
952.5470	5.8050
953.0290	8.1910
953.5110	1.4780
953.9930	8.8180
954.4750	18.4890
954.9580	26.3540
955.4400	25.6620
955.9220	13.0070
956.4040	4.3960
956.8860	0.7780
957.3680	1.3190
957.8500	7.4360
958.3320	15.0340
958.8150	19.2690
959.2970	20.2100
959.7790	19.1200
960.2610	16.0100
960.7430	10.6010
961.2250	12.6330
961.7070	8.3310
962.1890	12.3720
962.6710	11.9370
963.1540	6.1530
963.6360	5.4760
964.1180	15.9670
964.6000	31.1960
965.0820	35.6950
965.5640	17.3370
966.0460	1.1890
966.5280	6.0680
967.0100	2.4650
967.4930	0.1110
967.9750	1.2710
968.4570	3.3080
968.9390	9.4650
969.4210	12.1240
969.9030	5.8190
970.3850	0.7220
970.8670	2.0240
971.3490	1.2270
971.8320	8.4440
972.3140	22.7810
972.7960	28.3630
973.2780	15.3680
973.7600	3.6610
974.2420	0.8060
974.7240	1.2210
975.2060	0.4140
975.6880	3.6800
976.1710	8.5860
976.6530	17.2620
977.1350	20.8310
977.6170	10.9160
978.0990	3.5340
978.5810	10.4930
979.0630	19.4350
979.5450	15.2900
980.0280	1.4620
980.5100	4.9290
980.9920	2.2590
981.4740	10.0980
981.9560	14.7200
982.4380	19.5260
982.9200	31.4200
983.4020	40.9960
983.8850	32.4730
984.3670	9.9800
984.8490	1.2180
985.3310	11.4050
985.8130	23.2700
986.2950	26.3510
986.7770	25.6290
987.2590	23.1260
987.7420	19.2500
988.2240	12.1130
988.7060	3.1460
989.1880	0.7070
989.6700	12.4410
990.1520	21.2560
990.6340	16.5390
991.1160	10.4850
991.5980	12.7860
992.0810	18.4280
992.5630	19.8090
993.0450	16.1840
993.5270	11.2680
994.0090	3.4710
994.4910	0.2400
994.9730	5.6840
995.4550	14.4530
995.9370	25.7270
996.4200	33.9300
996.9020	27.6330
997.3840	7.7330
997.8660	5.6210
998.3480	0.1400
998.8300	6.5760
999.3120	3.9950
999.7940	1.6100
1000.2760	10.8720
1000.7590	23.7400
1001.2410	25.3010
1001.7230	14.3090
1002.2050	5.6010
1002.6870	7.4080
1003.1690	9.4760
1003.6510	4.7160
1004.1330	0.3730
1004.6160	3.2040
1005.0980	10.2320
1005.5800	16.3900
1006.0620	20.7230
1006.5440	24.3730
1007.0260	29.4920
1007.5080	30.9360
1007.9900	25.1730
1008.4720	17.9400
1008.9550	12.7710
1009.4370	10.0950
1009.9190	10.8120
1010.4010	14.1910
1010.8830	16.1580
1011.3650	14.7460
1011.8470	12.9810
1012.3290	10.5760
1012.8120	9.8250
1013.2940	15.3470
1013.7760	22.4540
1014.2580	22.7800
1014.7400	15.5570
1015.2220	8.9310
1015.7040	4.5330
1016.1860	3.3260
1016.6680	9.1630
1017.1510	14.8960
1017.6330	14.2110
1018.1150	10.3490
1018.5970	10.9460
1019.0790	15.9030
1019.5610	10.8890
1020.0430	17.8120
1020.5250	21.4880
1021.0080	22.4280
1021.4900	21.7300
1021.9720	16.2870
1022.4540	14.8080
1022.9360	11.9360
1023.4180	8.0250
1023.9000	7.2540
1024.3820	16.3040
1024.8640	23.4650
1025.3470	24.7950
1025.8290	23.5800
1026.3110	18.7210
1026.7930	14.4410
1027.2750	17.9720
1027.7570	28.6850
1028.2390	34.6730
1028.7210	29.7610
1029.2030	26.0890
1029.6860	24.9040
1030.1680	8.6870
1030.6500	18.9740
1031.1320	24.9080
1031.6140	26.7230
1032.0960	12.0460
1032.5780	18.6090
1033.0600	16.7050
1033.5420	14.4530
1034.0250	24.0620
1034.5070	11.8220
1034.9890	7.2460
1035.4710	10.1340
1035.9530	14.8130
1036.4350	20.8370
1036.9170	26.2420
1037.3990	32.4140
1037.8820	35.2540
1038.3640	30.5070
1038.8460	27.6780
1039.3280	33.1560
1039.8100	38.2410
1040.2920	32.2210
1040.7740	18.6790
1041.2560	13.9780
1041.7390	23.7710
1042.2210	28.1360
1042.7030	22.4060
1043.1850	19.4030
1043.6670	24.9160
1044.1490	31.3710
1044.6310	32.2610
1045.1130	29.2480
1045.5950	27.1220
1046.0780	25.0750
1046.5600	28.0230
1047.0420	40.1190
1047.5240	46.1010
1048.0060	39.6460
1048.4880	31.8220
1048.9700	30.6560
1049.4520	34.0070
1049.9340	37.7470
1050.4170	42.3840
1050.8990	39.8870
1051.3810	27.0630
1051.8630	23.1420
1052.3450	34.6440
1052.8270	44.5030
1053.3090	41.4290
1053.7910	32.0830
1054.2740	27.9410
1054.7560	28.6310
1055.2380	27.6400
1055.7200	24.5280
1056.2020	24.9610
1056.6840	29.7230
1057.1660	36.8870
1057.6480	45.9370
1058.1300	53.0610
1058.6130	52.1040
1059.0950	45.6830
1059.5770	45.3610
1060.0590	50.1930
1060.5410	51.3140
1061.0230	47.9620
1061.5050	44.0300
1061.9870	41.1350
1062.4690	41.2790
1062.9520	47.4440
1063.4340	56.3370
1063.9160	61.6980
1064.3980	63.6200
1064.8800	60.9500
1065.3620	54.9240
1065.8440	50.6380
1066.3260	48.8190
1066.8090	51.4650
1067.2910	60.9480
1067.7730	71.6130
1068.2550	76.5260
1068.7370	76.7400
1069.2190	71.4330
1069.7010	63.6980
1070.1830	61.8720
1070.6660	66.1660
1071.1480	67.4120
1071.6300	59.5570
1072.1120	52.7670
1072.5940	59.7820
1073.0760	69.0560
1073.5580	67.8810
1074.0400	60.9740
1074.5220	54.6530
1075.0050	50.5390
1075.4870	48.6620
1075.9690	48.9070
1076.4510	51.9020
1076.9330	61.9910
1077.4150	70.5500
1077.8970	44.7980
1078.3790	36.5220
1078.8620	44.1090
1079.3440	54.1390
1079.8260	59.6540
1080.3080	60.8860
1080.7900	45.0660
1081.2720	51.2590
1081.7540	48.6310
1082.2360	45.6450
1082.7190	51.3470
1083.2010	62.6210
1083.6830	76.0770
1084.1650	68.9180
1084.6470	40.9020
1085.1290	27.9600
1085.6110	46.1840
1086.0930	56.7920
1086.5750	53.8390
1087.0570	49.5240
1087.5400	46.1550
1088.0220	45.9570
1088.5040	52.8520
1088.9860	64.5310
1089.4680	70.2370
1089.9500	68.5540
1090.4320	65.8150
1090.9140	61.7720
1091.3970	57.0020
1091.8790	51.1520
1092.3610	48.2370
1092.8430	52.0740
1093.3250	59.0570
1093.8070	60.0510
1094.2890	55.4960
1094.7710	56.0080
1095.2540	61.4270
1095.7360	56.2440
1096.2180	38.3020
1096.7000	24.9140
1097.1820	25.2020
1097.6640	30.9490
1098.1460	32.4160
1098.6280	31.1270
1099.1100	30.7790
1099.5930	31.3110
1100.0750	33.4420
1100.5570	36.3970
1101.0390	36.2290
1101.5210	31.9290
1102.0030	27.0500
1102.4850	23.8640
1102.9670	22.6690
1103.4490	24.7990
1103.9320	28.6440
1104.4140	33.6050
1104.8960	37.6730
1105.3780	34.5860
1105.8600	25.7350
1106.3420	21.3790
1106.8240	26.9440
1107.3060	32.2140
1107.7890	30.9290
1108.2710	27.1800
1108.7530	21.4760
1109.2350	16.7100
1109.7170	16.3590
1110.1990	19.1570
1110.6810	22.5460
1111.1630	26.5070
1111.6460	27.9250
1112.1280	25.0180
1112.6100	21.0290
1113.0920	14.3100
1113.5740	9.5780
1114.0560	10.8220
1114.5380	14.1920
1115.0200	17.4700
1115.5020	20.3980
1115.9840	19.5660
1116.4670	12.3860
1116.9490	7.9570
1117.4310	6.9230
1117.9130	7.7120
1118.3950	10.4820
1118.8770	13.2020
1119.3590	13.8950
1119.8410	14.0020
1120.3240	17.8080
1120.8060	24.6210
1121.2880	27.3550
1121.7700	25.9670
1122.2520	16.6850
1122.7340	0.8650
1123.2160	9.3990
1123.6980	0.2640
1124.1810	13.8010
1124.6630	13.1710
1125.1450	5.6750
1125.6270	7.8380
1126.1090	16.0340
1126.5910	22.5880
1127.0730	26.4520
1127.5550	26.6220
1128.0370	23.3330
1128.5200	19.4820
1129.0020	16.3780
1129.4840	15.0910
1129.9660	19.4940
1130.4480	23.1490
1130.9300	18.3280
1131.4120	9.6520
1131.8940	2.0850
1132.3760	2.8380
1132.8590	2.5520
1133.3410	4.6760
1133.8230	8.0270
1134.3050	0.8650
1134.7870	7.5760
1135.2690	5.3000
1135.7510	1.2770
1136.2330	0.0460
1136.7160	0.3510
1137.1980	0.1440
1137.6800	0.6110
1138.1620	2.1700
1138.6440	5.7820
1139.1260	6.8920
1139.6080	3.8380
1140.0900	2.4970
1140.5730	5.5160
1141.0550	8.5290
1141.5370	7.9090
1142.0190	5.1160
1142.5010	2.9600
1142.9830	1.5160
1143.4650	2.4720
1143.9470	5.5360
1144.4290	5.0240
1144.9110	0.5980
1145.3940	0.0320
1145.8760	6.7750
1146.3580	15.2670
1146.8400	20.9910
1147.3220	23.2720
1147.8040	20.0870
1148.2860	13.2910
1148.7680	2.7880
1149.2510	7.4740
1149.7330	7.0650
1150.2150	3.1390
1150.6970	9.4240
1151.1790	5.2220
1151.6610	0.5070
1152.1430	6.0860
1152.6250	7.2900
1153.1080	3.2190
1153.5900	14.9670
1154.0720	16.7650
1154.5540	13.0690
1155.0360	15.2490
1155.5180	24.8090
1156.0000	28.0530
1156.4820	17.4210
1156.9640	11.0320
1157.4470	11.7070
1157.9290	13.2400
1158.4110	14.2330
1158.8930	13.2940
1159.3750	8.1310
1159.8570	1.3720
1160.3390	1.0910
1160.8210	0.4210
1161.3030	1.3690
1161.7860	2.7850
1162.2680	1.3330
1162.7500	5.0870
1163.2320	9.5550
1163.7140	12.6390
1164.1960	13.9330
1164.6780	12.5220
1165.1600	12.6620
1165.6430	8.8800
1166.1250	8.1900
1166.6070	3.9280
1167.0890	1.3310
1167.5710	1.0460
1168.0530	4.9610
1168.5350	11.7710
1169.0170	17.9940
1169.5000	20.9370
1169.9820	18.1760
1170.4640	12.9860
1170.9460	0.8130
1171.4280	6.9080
1171.9100	5.0230
1172.3920	25.3900
1172.8740	32.8840
1173.3560	26.5010
1173.8390	20.8760
1174.3210	15.1450
1174.8030	12.6840
1175.2850	15.4360
1175.7670	16.9270
1176.2490	15.2490
1176.7310	11.1300
1177.2130	3.7780
1177.6950	1.8860
1178.1780	5.9890
1178.6600	4.4210
1179.1420	7.0600
1179.6240	15.2610
1180.1060	14.0700
1180.5880	22.7980
1181.0700	28.4510
1181.5520	27.6820
1182.0350	22.3520
1182.5170	12.4350
1182.9990	4.4780
1183.4810	8.2320
1183.9630	14.6250
1184.4450	13.4790
1184.9270	8.8700
1185.4090	6.4870
1185.8910	6.4160
1186.3740	5.8540
1186.8560	3.9190
1187.3380	6.8290
1187.8200	24.1400
1188.3020	34.2210
1188.7840	25.7860
1189.2660	18.6390
1189.7480	24.7920
1190.2300	30.1510
1190.7130	18.5030
1191.1950	23.4410
1191.6770	21.4770
1192.1590	16.1490
1192.6410	19.7820
1193.1230	7.8580
1193.6050	5.1790
1194.0870	15.2150
1194.5700	22.1160
1195.0520	19.0090
1195.5340	13.9980
1196.0160	14.6400
1196.4980	17.9520
1196.9800	21.0030
1197.4620	22.5950
1197.9440	19.4860
1198.4270	14.2510
1198.9090	10.3870
1199.3910	9.2410
1199.8730	14.2540
1200.3550	27.4080
1200.8370	33.3520
1201.3190	19.0650
1201.8010	7.0590
1202.2830	6.1430
1202.7660	7.4540
1203.2480	5.6320
1203.7300	4.0180
1204.2120	6.4450
1204.6940	11.5880
1205.1760	14.3760
1205.6580	13.9850
1206.1400	19.9950
1206.6220	33.7150
1207.1050	36.9980
1207.5870	27.3570
1208.0690	19.2040
1208.5510	18.3530
1209.0330	20.2060
1209.5150	20.8440
1209.9970	19.5800
1210.4790	13.6030
1210.9620	7.8890
1211.4440	12.0190
1211.9260	6.8300
1212.4080	6.1870
1212.8900	6.2650
1213.3720	2.6100
1213.8540	6.8870
1214.3360	3.9750
1214.8180	16.6930
1215.3010	30.1890
1215.7830	20.1920
1216.2650	13.3000
1216.7470	30.2260
1217.2290	47.1110
1217.7110	39.7120
1218.1930	17.3490
1218.6750	4.4990
1219.1570	1.7520
1219.6400	4.6050
1220.1220	13.0190
1220.6040	13.0200
1221.0860	3.0470
1221.5680	1.5110
1222.0500	13.5500
1222.5320	23.0970
1223.0140	16.4410
1223.4970	5.2430
1223.9790	2.4970
1224.4610	4.6880
1224.9430	7.5100
1225.4250	10.3350
1225.9070	12.9960
1226.3890	15.1070
1226.8710	15.5600
1227.3540	14.4130
1227.8360	13.7160
1228.3180	16.8140
1228.8000	15.5890
1229.2820	2.6730
1229.7640	3.0970
1230.2460	7.6880
1230.7280	18.8990
1231.2100	18.2050
1231.6930	25.4960
1232.1750	28.1910
1232.6570	28.6390
1233.1390	32.2040
1233.6210	29.7570
1234.1030	30.6700
1234.5850	34.3670
1235.0670	34.8400
1235.5490	30.7800
1236.0320	23.0150
1236.5140	11.2770
1236.9960	4.4630
1237.4780	16.8070
1237.9600	27.3690
1238.4420	16.4770
1238.9240	3.3020
1239.4060	5.7070
1239.8890	14.8770
1240.3710	15.0890
1240.8530	8.5590
1241.3350	13.3590
1241.8170	34.1080
1242.2990	39.7550
1242.7810	29.2550
1243.2630	23.6040
1243.7450	27.1910
1244.2280	27.6320
1244.7100	19.1060
1245.1920	11.4290
1245.6740	14.1520
1246.1560	20.0090
1246.6380	14.3780
1247.1200	6.1080
1247.6020	15.1030
1248.0840	30.4260
1248.5670	31.1540
1249.0490	20.7570
1249.5310	14.1610
1250.0130	13.7820
1250.4950	15.0640
1250.9770	15.3300
1251.4590	16.6910
1251.9410	23.6880
1252.4240	25.3520
1252.9060	15.4960
1253.3880	5.2040
1253.8700	0.8850
1254.3520	1.3720
1254.8340	5.6040
1255.3160	12.1810
1255.7980	13.8310
1256.2810	12.0090
1256.7630	15.8930
1257.2450	16.1660
1257.7270	16.3060
1258.2090	20.0270
1258.6910	17.4650
1259.1730	21.0390
1259.6550	23.4120
1260.1370	18.4390
1260.6200	13.0620
1261.1020	9.5970
1261.5840	8.4110
1262.0660	11.0000
1262.5480	14.8610
1263.0300	18.4670
1263.5120	20.8020
1263.9940	19.6820
1264.4760	15.1690
1264.9590	9.5310
1265.4410	2.3470
1265.9230	2.9530
1266.4050	11.6230
1266.8870	17.7160
1267.3690	18.2590
1267.8510	13.9560
1268.3330	5.1560
1268.8160	0.1380
1269.2980	8.1170
1269.7800	0.0000
	
	
	
