1999.8	38.6612
1999.12	53.7215
1998.45	48.1183
1997.78	55.4294
1997.1	57.8327
1996.43	57.8327
1995.75	40.864
1995.08	50.4999
1994.4	56.5195
1993.73	41.6162
1993.05	39.8866
1992.38	41.2567
1991.7	51.9247
1991.03	52.2615
1990.35	47.4323
1989.68	48.0264
1989	36.4811
1988.33	48.4417
1987.65	41.0283
1986.98	40.0726
1986.3	46.3505
1985.63	46.428
1984.95	50.6383
1984.28	56.9152
1983.6	56.9152
1982.93	55.9595
1982.25	58.3617
1981.58	51.9815
1980.9	58.0001
1980.23	49.2952
1979.55	49.8893
1978.88	41.9592
1978.2	35.3197
1977.53	28.6813
1976.85	30.5659
1976.18	35.8095
1975.5	42.8602
1974.83	31.8305
1974.15	33.9734
1973.48	37.1496
1972.8	37.7426
1972.13	41.1771
1971.45	41.1771
1970.78	42.0285
1970.1	41.5883
1969.43	55.6133
1968.75	57.7563
1968.08	51.6334
1967.4	55.3261
1966.73	54.8849
1966.05	71.493
1965.38	52.4548
1964.7	41.423
1964.03	47.1812
1963.35	53.457
1962.68	37.2591
1962	53.8662
1961.33	51.6168
1960.65	68.9998
1959.98	51.5104
1959.3	51.5104
1958.63	61.4015
1957.95	60.4426
1957.28	52.5106
1956.6	47.9365
1955.93	52.1448
1955.25	49.1205
1954.58	50.7448
1953.9	48.4954
1953.23	49.3448
1952.55	54.8446
1951.88	53.1109
1951.2	54.4768
1950.53	55.0678
1949.85	58.2429
1949.18	55.9925
1948.5	56.0669
1947.83	56.0669
1947.15	47.3589
1946.48	53.116
1945.8	61.4552
1945.13	52.7472
1944.45	49.7219
1943.78	44.6301
1943.1	52.9693
1942.43	50.7189
1941.75	55.9584
1941.08	50.3501
1940.4	39.8329
1939.73	46.8805
1939.05	49.2786
1938.38	60.4602
1937.7	51.7511
1937.03	51.7511
1936.35	61.8985
1935.68	65.3298
1935	60.4953
1934.33	54.3683
1933.65	56.2498
1932.98	54.2567
1932.3	48.1307
1931.63	56.2105
1930.95	53.4425
1930.28	42.666
1929.6	49.9709
1928.93	43.8449
1928.25	53.2163
1927.58	56.9049
1926.9	47.9365
1926.23	47.9365
1925.55	50.0752
1924.88	36.9739
1924.2	38.3378
1923.53	52.1004
1922.85	39.5157
1922.18	42.946
1921.5	39.1427
1920.83	31.4658
1920.15	33.6046
1919.48	36.7756
1918.8	37.1062
1918.13	39.7605
1917.45	38.7986
1916.78	34.4797
1916.1	33.5178
1915.43	33.5178
1914.76	43.4047
1914.08	43.476
1913.41	28.3072
1912.73	39.4857
1912.06	36.9739
1911.38	34.4611
1910.71	33.7575
1910.03	29.4376
1909.36	44.4896
1908.68	43.2694
1908.01	40.7566
1907.33	42.3777
1906.66	36.2486
1905.98	37.3521
1905.31	37.3521
1904.63	32.2573
1903.96	38.0103
1903.28	29.5564
1902.61	41.7671
1901.93	41.8373
1901.26	39.0662
1900.58	34.487
1899.91	36.3643
1899.23	43.9255
1898.56	35.4716
1897.88	38.8988
1897.21	33.803
1896.53	34.1305
1895.86	31.6177
1895.18	31.6177
1894.51	29.1038
1893.83	37.9555
1893.16	39.5746
1892.48	38.6116
1891.81	31.1899
1891.13	35.3921
1890.46	44.2437
1889.78	51.0279
1889.11	50.3222
1888.43	49.0999
1887.76	42.1948
1887.08	37.3025
1886.41	37.5835
1885.73	17.7972
1885.06	27.6873
1884.38	16.7197
1883.71	27.2585
1883.03	25.5299
1882.36	24.0142
1881.68	30.1763
1881.01	38.1363
1880.33	37.9586
1879.66	42.9501
1878.98	34.5768
1878.31	46.7183
1877.63	35.9831
1876.96	43.7364
1876.28	43.7364
1875.61	41.4106
1874.93	46.7276
1874.26	37.6424
1873.58	41.3062
1872.91	41.267
1872.23	45.7274
1871.56	39.8391
1870.88	49.5524
1870.21	45.1633
1869.53	44.5516
1868.86	36.9719
1868.18	30.6289
1867.51	39.0848
1866.83	33.0611
1866.16	34.8558
1865.48	31.1393
1864.81	31.1393
1864.13	32.2108
1863.46	22.703
1862.78	26.402
1862.11	35.7754
1861.43	32.0124
1860.76	30.788
1860.08	31.4358
1859.41	28.4746
1858.73	23.7156
1858.06	25.439
1857.38	27.4455
1856.71	31.5505
1856.03	36.3395
1855.36	32.0733
1854.68	36.5627
1854.01	36.5627
1853.33	35.9056
1852.66	27.617
1851.98	36.6071
1851.31	33.3318
1850.63	41.5873
1849.96	34.6781
1849.28	34.4518
1848.61	30.9182
1847.93	36.8985
1847.26	31.3687
1846.58	41.4199
1845.91	31.8336
1845.23	42.884
1844.56	42.7982
1843.88	45.342
1843.21	45.342
1842.53	49.135
1841.86	42.8003
1841.18	48.9759
1840.51	52.8836
1839.83	40.9343
1839.16	48.6411
1838.48	54.608
1837.81	51.0124
1837.13	45.527
1836.46	53.4942
1835.78	47.4467
1835.11	52.0291
1834.43	50.2116
1833.76	52.2832
1833.08	52.2832
1832.41	51.8131
1831.74	48.7145
1831.06	52.027
1830.39	52.8226
1829.71	50.2736
1829.04	41.2422
1828.36	51.6209
1827.69	51.0744
1827.01	55.977
1826.34	52.6542
1825.66	53.7494
1824.99	54.5316
1824.31	55.9543
1823.64	60.0242
1822.96	60.0242
1822.29	51.1002
1821.61	47.9964
1820.94	44.9711
1820.26	42.9016
1819.59	38.2107
1818.91	53.674
1818.24	55.0068
1817.56	41.7629
1816.89	43.3665
1816.21	44.5464
1815.54	48.0047
1814.86	42.5554
1814.19	41.5129
1813.51	41.5129
1812.84	48.7279
1812.16	43.7002
1811.49	46.5137
1810.81	39.7037
1810.14	50.0732
1809.46	47.6162
1808.79	50.2602
1808.11	52.1293
1807.44	46.2492
1806.76	47.3434
1806.09	50.7623
1805.41	58.0559
1804.74	43.134
1804.06	43.134
1803.39	48.3611
1802.71	55.6536
1802.04	59.8475
1801.36	58.8742
1800.69	49.3778
1800.01	44.7882
1799.34	48.9811
1798.66	46.9745
1797.99	49.1019
1797.31	50.4534
1796.64	52.5798
1795.96	55.4811
1795.29	57.3492
1794.61	57.3492
1793.94	42.4263
1793.26	59.7927
1792.59	49.2621
1791.91	53.7132
1791.24	52.9972
1790.56	50.4741
1789.89	51.5662
1789.21	57.0506
1788.54	47.5521
1787.86	45.5445
1787.19	55.9367
1786.51	55.2207
1785.84	55.2207
1785.16	44.4307
1784.49	53.272
1783.81	51.5228
1783.14	54.4231
1782.46	47.766
1781.79	49.8913
1781.11	48.4004
1780.44	43.8087
1779.76	48.2588
1779.09	53.2256
1778.41	40.1098
1777.74	54.1172
1777.06	48.234
1776.39	48.234
1775.71	48.8095
1775.04	37.5019
1774.36	57.1911
1773.69	44.8502
1773.01	53.9488
1772.34	53.7494
1771.66	49.416
1770.99	54.3817
1770.31	45.6561
1769.64	54.2381
1768.96	44.4803
1768.29	44.4803
1767.61	45.0548
1766.94	46.6625
1766.26	57.5682
1765.59	55.043
1764.91	56.133
1764.24	54.6411
1763.56	53.6647
1762.89	46.7483
1762.21	46.0302
1761.54	43.7622
1760.86	48.7269
1760.19	49.5586
1759.51	49.5586
1758.84	54.0067
1758.16	60.2629
1757.49	60.578
1756.81	53.9188
1756.14	56.5587
1755.46	41.3755
1754.79	52.7978
1754.11	50.5288
1753.44	47.486
1752.76	66.1398
1752.09	46.8237
1751.41	46.8237
1750.74	42.7466
1750.06	53.394
1749.39	48.5419
1748.71	51.1808
1748.04	53.5624
1747.37	58.0094
1746.69	42.8251
1746.02	56.0545
1745.34	50.9442
1744.67	61.5905
1743.99	47.1812
1743.32	47.1812
1742.64	51.1105
1741.97	51.9412
1741.29	47.3475
1740.62	56.7024
1739.94	45.9082
1739.27	55.0048
1738.59	46.0188
1737.92	42.2
1737.24	52.587
1736.57	56.5164
1735.89	50.6311
1735.22	50.6311
1734.54	49.136
1733.87	52.2905
1733.19	53.1202
1732.52	47.4922
1731.84	45.9971
1731.17	47.86
1730.49	53.5975
1729.82	58.0435
1729.14	44.6663
1728.47	47.3031
1727.79	53.0406
1727.12	53.0406
1726.44	48.9625
1725.77	47.7247
1725.09	43.3882
1724.42	47.0582
1723.74	44.7882
1723.07	47.9416
1722.39	41.2794
1721.72	49.8572
1721.04	48.1039
1720.37	56.4234
1719.69	56.4234
1719.02	55.7022
1718.34	46.4569
1717.67	46.7689
1716.99	55.6051
1716.32	50.4927
1715.64	43.0545
1714.97	45.6913
1714.29	42.6453
1713.62	44.2478
1712.94	52.3091
1712.27	49.5214
1711.59	49.5214
1710.92	50.6073
1710.24	54.794
1709.57	55.105
1708.89	50.2499
1708.22	55.4697
1707.54	42.3488
1706.87	50.9256
1706.19	49.6868
1705.52	50.2561
1704.84	49.2755
1704.17	49.2755
1703.49	53.9777
1702.82	47.3145
1702.14	50.2085
1701.47	48.7114
1700.79	41.0149
1700.12	54.7568
1699.44	54.8095
1698.77	53.5696
1698.09	44.065
1697.42	43.0844
1696.74	43.0844
1696.07	41.8446
1695.39	42.4128
1694.72	47.3734
1694.04	44.5836
1693.37	51.6096
1692.69	39.7791
1692.02	50.4224
1691.34	45.0496
1690.67	46.1345
1689.99	50.5774
1689.32	50.5774
1688.64	46.4961
1687.97	48.0976
1687.29	45.8235
1686.62	50.0081
1685.94	46.9601
1685.27	50.628
1684.59	56.878
1683.92	56.6714
1683.24	56.2054
1682.57	56.2054
1681.89	58.0652
1681.22	53.9829
1680.54	46.802
1679.87	53.052
1679.19	44.0619
1678.52	47.7298
1677.84	42.0977
1677.17	42.6649
1676.49	48.14
1675.82	41.2164
1675.14	41.2164
1674.47	53.1491
1673.79	41.3176
1673.12	40.5933
1672.44	54.8508
1671.77	35.2701
1671.09	48.7517
1670.42	42.0863
1669.74	48.8529
1669.07	46.3195
1668.39	46.3195
1667.72	46.6284
1667.04	44.0949
1666.37	40.7876
1665.69	47.0365
1665.02	55.6113
1664.35	54.3693
1663.67	46.6697
1663	42.0708
1662.32	47.8032
1661.65	41.9117
1660.97	41.9117
1660.3	52.0353
1659.62	50.0184
1658.95	51.3595
1658.27	52.7007
1657.6	48.3591
1656.92	43.7591
1656.25	53.1067
1655.57	57.2892
1654.9	50.3645
1654.22	50.3645
1653.55	48.3477
1652.87	40.1304
1652.2	51.5455
1651.52	57.0185
1650.85	50.8688
1650.17	51.6922
1649.5	52.0001
1648.82	51.5321
1648.15	52.0973
1647.47	52.0973
1646.8	52.1469
1646.12	48.5791
1645.45	54.3104
1644.77	48.6763
1644.1	47.9499
1643.42	51.6147
1642.75	41.331
1642.07	58.6862
1641.4	48.9191
1640.72	48.9191
1640.05	44.0598
1639.37	60.64
1638.7	61.7207
1638.02	41.6214
1637.35	47.3527
1636.67	62.1237
1636	55.7146
1635.32	56.0215
1634.65	56.0215
1633.97	62.2683
1633.3	56.1165
1632.62	58.7481
1631.95	52.5963
1631.27	66.0768
1630.6	55.2755
1629.92	54.5481
1629.25	53.8207
1628.57	52.3184
1627.9	52.3184
1627.22	60.1161
1626.55	58.6138
1625.87	57.6281
1625.2	56.6424
1624.52	43.5163
1623.85	61.1277
1623.17	55.7508
1622.5	44.9494
1621.82	55.0709
1621.15	55.0709
1620.47	54.3435
1619.8	62.1392
1619.12	57.5372
1618.45	52.9352
1617.77	46.2657
1617.1	54.3208
1616.42	54.3673
1615.75	52.6066
1615.07	52.6066
1614.4	53.9447
1613.72	58.3824
1613.05	56.1052
1612.37	57.9598
1611.7	54.1317
1611.02	52.37
1610.35	55.5162
1609.67	56.3387
1609	58.4516
1608.32	58.4516
1607.65	54.6235
1606.97	61.1277
1606.3	54.4582
1605.62	50.3718
1604.95	62.041
1604.27	61.8292
1603.6	59.0344
1602.92	66.3134
1602.25	66.3134
1601.57	62.4853
1600.9	57.623
1600.22	59.2193
1599.55	55.9068
1598.87	50.7871
1598.2	45.1509
1597.52	42.355
1596.85	48.0832
1596.17	48.0832
1595.5	40.8971
1594.82	38.1012
1594.15	39.6975
1593.47	42.326
1592.8	41.5966
1592.12	45
1591.45	46.3381
1590.77	47.4168
1590.1	47.4168
1589.42	40.7462
1588.75	40.5334
1588.07	56.0773
1587.4	49.4067
1586.72	48.1607
1586.05	42.2651
1585.37	43.0855
1584.7	55.012
1584.02	55.012
1583.35	53.7659
1582.67	66.985
1582	59.2813
1581.33	61.9098
1580.65	53.4301
1579.98	48.3095
1579.3	36.2135
1578.63	46.5912
1577.95	46.5912
1577.28	41.9871
1576.6	47.456
1575.93	41.0428
1575.25	44.9628
1574.58	41.6493
1573.9	30.8459
1573.23	35.0232
1572.55	32.2263
1571.88	32.2263
1571.2	32.0124
1570.53	32.0578
1569.85	29.5192
1569.18	46.0953
1568.5	47.9478
1567.83	31.4606
1567.15	44.4204
1566.48	44.7231
1565.8	44.7231
1565.13	40.118
1564.45	35.7713
1563.78	36.5906
1563.1	34.8269
1562.43	45.9785
1561.75	32.591
1561.08	36.2507
1560.4	46.3691
1559.73	46.3691
1559.05	39.4392
1558.38	35.3497
1557.7	40.0436
1557.03	36.7301
1556.35	40.1315
1555.68	42.5007
1555	47.4519
1554.33	47.4519
1553.65	41.5553
1552.98	39.0156
1552.3	32.344
1551.63	30.0627
1550.95	29.8478
1550.28	34.2834
1549.6	22.1864
1548.93	33.8536
1548.25	33.8536
1547.58	31.3149
1546.9	37.816
1546.23	35.5346
1545.55	40.2276
1544.88	35.8797
1544.2	37.9896
1543.53	45.7822
1542.85	45.7822
1542.18	48.9253
1541.5	32.437
1540.83	40.7462
1540.15	38.9815
1539.48	35.9252
1538.8	43.9761
1538.13	31.3625
1537.45	32.1808
1536.78	32.1808
1536.1	44.6229
1535.43	35.1079
1534.75	42.6422
1534.08	45.527
1533.4	37.5629
1532.73	35.0222
1532.05	38.9402
1531.38	38.9402
1530.7	39.7574
1530.03	30.2435
1529.35	34.6781
1528.68	30.5876
1528	30.631
1527.33	33.5147
1526.65	22.9665
1525.98	22.9665
1525.3	29.7258
1524.63	34.1594
1523.95	30.5865
1523.28	38.3781
1522.6	44.3615
1521.93	44.4049
1521.25	48.3219
1520.58	38.5486
1519.9	38.5486
1519.23	43.2405
1518.55	35.2753
1517.88	36.6092
1517.2	38.2024
1516.53	34.3702
1515.85	34.9292
1515.18	33.4217
1514.5	33.4217
1513.83	30.6227
1513.15	35.5729
1512.48	25.0247
1511.8	45.2149
1511.13	35.1833
1510.45	45.8163
1509.78	39.9166
1509.1	39.9166
1508.43	43.0586
1507.75	44.6508
1507.08	44.1766
1506.4	32.0785
1505.73	42.7114
1505.05	44.3026
1504.38	40.4704
1503.7	40.4704
1503.03	34.5717
1502.35	31.5133
1501.68	34.9137
1501	40.1222
1500.33	47.9127
1499.65	39.4309
1498.98	40.5055
1498.31	40.5055
1497.63	39.5146
1496.96	35.4231
1496.28	37.5319
1495.61	38.0898
1494.93	35.2908
1494.26	41.7898
1493.58	29.4334
1492.91	29.4334
1492.23	41.3569
1491.56	39.5901
1490.88	38.0826
1490.21	36.5741
1489.53	36.3571
1488.86	40.0157
1488.18	35.1493
1487.51	35.1493
1486.83	39.8401
1486.16	37.815
1485.48	46.3804
1484.81	29.3745
1484.13	45.4309
1483.46	49.3468
1482.78	49.3468
1482.11	41.8973
1481.43	47.8796
1480.76	43.0131
1480.08	39.6965
1479.41	39.9961
1478.73	38.2293
1478.06	45.2449
1477.38	45.2449
1476.71	41.4116
1476.03	38.3533
1475.36	46.6604
1474.68	35.5946
1474.01	45.9682
1473.33	47.0427
1472.66	53.2834
1471.98	53.2834
1471.31	44.284
1470.63	46.9084
1469.96	44.6239
1469.28	48.0233
1468.61	44.7066
1467.93	49.3974
1467.26	41.6896
1466.58	41.6896
1465.91	44.8296
1465.23	10
1464.56	39.7461
1463.88	48.0532
1463.21	38.2779
1462.53	52.7844
1461.86	52.7844
1461.18	45.5931
1460.51	46.15
1459.83	39.992
1459.16	42.357
1458.48	51.9557
1457.81	43.4729
1457.13	44.8048
1456.46	44.8048
1455.78	51.8204
1455.11	47.4694
1454.43	43.6362
1453.76	50.3924
1453.08	52.5002
1452.41	42.4666
1451.73	42.4666
1451.06	57.748
1450.38	46.4228
1449.71	53.6967
1449.03	52.9621
1448.36	54.0356
1447.68	49.944
1447.01	52.3091
1446.33	52.3091
1445.66	49.7673
1444.98	53.4239
1444.31	48.5564
1443.63	34.1326
1442.96	46.8299
1442.28	57.7191
1441.61	57.7191
1440.93	50.2695
1440.26	51.8596
1439.58	59.1325
1438.91	51.1653
1438.23	45.2656
1437.56	58.2212
1436.88	57.4866
1436.21	57.4866
1435.53	46.1614
1434.86	43.3613
1434.18	46.7596
1433.51	41.8921
1432.83	48.9067
1432.16	51.0134
1431.48	51.0134
1430.81	44.0794
1430.13	50.0618
1429.46	55.2682
1428.78	52.4672
1428.11	44.2416
1427.43	37.3077
1426.76	37.3077
1426.08	50.005
1425.41	54.1782
1424.73	51.8937
1424.06	50.1259
1423.38	50.9421
1422.71	57.9567
1422.03	60.3218
1421.36	60.3218
1420.68	66.5614
1420.01	61.4356
1419.33	55.0182
1418.66	65.9074
1417.98	65.4311
1417.31	66.5046
1416.63	66.5046
1415.96	58.0208
1415.29	68.3933
1414.61	65.8505
1413.94	73.8984
1413.26	73.1637
1412.59	70.621
1411.91	70.621
1411.24	87.4512
1410.56	80.0006
1409.89	79.266
1409.21	80.3385
1408.54	87.0947
1407.86	91.0096
1407.19	91.0096
1406.51	95.4411
1405.84	92.8983
1405.16	97.5882
1404.49	100.728
1403.81	121.165
1403.14	143.679
1402.46	143.679
1401.79	138.813
1401.11	153.836
1400.44	168.859
1399.76	178.974
1399.09	185.473
1398.41	203.854
1397.74	190.464
1397.06	190.464
1396.39	193.336
1395.71	188.728
1395.04	190.061
1394.36	164.272
1393.69	154.239
1393.01	143.948
1392.34	143.948
1391.66	129.266
1390.99	123.366
1390.31	111.267
1389.64	107.432
1388.96	94.2984
1388.29	83.4898
1387.61	83.4898
1386.94	91.5376
1386.26	81.7622
1385.59	74.5699
1384.91	63.7603
1384.24	75.1661
1383.56	73.9149
1382.89	73.9149
1382.21	70.0806
1381.54	69.6043
1380.86	66.0272
1380.19	68.6506
1379.51	71.0156
1378.84	70.0227
1378.16	70.0227
1377.49	79.362
1376.81	75.2684
1376.14	68.5927
1375.46	69.4079
1374.79	72.5479
1374.11	72.5479
1373.44	71.0384
1372.76	67.7197
1372.09	65.6935
1371.41	63.409
1370.74	56.2167
1370.06	54.1906
1369.39	54.1906
1368.71	58.8804
1368.04	55.5617
1367.36	63.0929
1366.69	59.7752
1366.01	50.5164
1365.34	55.7229
1364.66	55.7229
1363.99	68.9358
1363.31	51.4112
1362.64	55.5844
1361.96	60.2742
1361.29	59.2813
1360.61	56.7385
1359.94	56.7385
1359.26	45.154
1358.59	48.294
1357.91	56.8584
1357.24	63.098
1356.56	61.8468
1355.89	63.1786
1355.21	63.1786
1354.54	60.3775
1353.86	71.0074
1353.19	66.3982
1352.51	72.8961
1351.84	77.0693
1351.16	77.0693
1350.49	72.2018
1349.81	65.5261
1349.14	73.0573
1348.46	76.7139
1347.79	88.8936
1347.11	85.3176
1346.44	85.3176
1345.76	89.4908
1345.09	97.5386
1344.41	107.653
1343.74	125.515
1343.06	127.881
1342.39	142.378
1341.71	142.378
1341.04	162.05
1340.36	171.132
1339.69	199.329
1339.01	205.311
1338.34	236.608
1337.66	236.608
1336.99	265.838
1336.31	307.208
1335.64	374.151
1334.96	430.503
1334.29	509.576
1333.61	605.707
1332.94	605.707
1332.26	755.308
1331.59	895.868
1330.92	1123.94
1330.24	1343.81
1329.57	1630.53
1328.89	1947.53
1328.22	1947.53
1327.54	2216.48
1326.87	2428.6
1326.19	2623.15
1325.52	2660.87
1324.84	2616.75
1324.17	2616.75
1323.49	2467.03
1322.82	2261.63
1322.14	2016.03
1321.47	1757.83
1320.79	1520.7
1320.12	1311.58
1319.44	1311.58
1318.77	1142.64
1318.09	987.226
1317.42	851.398
1316.74	753.014
1316.07	675.305
1315.39	675.305
1314.72	607.67
1314.04	540.81
1313.37	479.891
1312.69	431.371
1312.02	382.334
1311.34	354.22
1310.67	354.22
1309.99	306.991
1309.32	273.194
1308.64	246.113
1307.97	229.365
1307.29	210.023
1306.62	210.023
1305.94	209.806
1305.27	180.917
1304.59	186.641
1303.92	157.752
1303.24	146.428
1302.57	136.395
1301.89	136.395
1301.22	121.455
1300.54	110.389
1299.87	107.85
1299.19	109.441
1298.52	110.513
1297.84	110.513
1297.17	97.8992
1296.49	99.231
1295.82	80.6742
1295.14	88.9804
1294.47	82.3057
1293.79	82.3057
1293.12	76.1467
1292.44	75.1547
1291.77	63.3129
1291.09	72.9116
1290.42	73.2102
1289.74	70.9268
1289.07	70.9268
1288.39	63.4762
1287.72	68.942
1287.04	64.591
1286.37	51.4587
1285.69	65.4486
1285.02	65.4486
1284.34	57.2231
1283.67	56.7478
1282.99	57.3058
1282.32	58.121
1281.64	59.7121
1280.97	59.7121
1280.29	62.5948
1279.62	52.3039
1278.94	57.7687
1278.27	59.8764
1277.59	50.6187
1276.92	63.3171
1276.24	63.3171
1275.57	62.0669
1274.89	65.7235
1274.22	61.6319
1273.54	61.9315
1272.87	69.2054
1272.19	69.2054
1271.52	69.2468
1270.84	76.5207
1270.17	69.846
1269.49	77.8949
1268.82	86.202
1268.14	86.202
1267.47	90.6345
1266.79	87.8345
1266.12	94.3335
1265.44	93.5999
1264.77	101.649
1264.09	101.649
1263.42	111.763
1262.74	127.303
1262.07	147.75
1261.39	172.072
1260.72	207.76
1260.04	207.76
1259.37	227.691
1258.69	262.604
1258.02	269.103
1257.34	290.325
1256.67	317.747
1255.99	314.43
1255.32	314.43
1254.64	292.516
1253.97	278.092
1253.29	257.727
1252.62	237.362
1251.94	227.329
1251.27	227.329
1250.59	214.197
1249.92	185.566
1249.24	162.36
1248.57	154.911
1247.9	149.011
1247.22	149.011
1246.55	141.303
1245.87	127.912
1245.2	114.005
1244.52	118.179
1243.85	113.571
1243.17	113.571
1242.5	106.905
1241.82	97.3898
1241.15	93.2992
1240.47	84.8165
1239.8	89.5083
1239.12	89.5083
1238.45	87.9998
1237.77	94.4998
1237.1	84.7266
1236.42	95.6168
1235.75	82.7438
1235.07	82.7438
1234.4	84.0777
1233.72	78.4373
1233.05	80.0285
1232.37	83.9454
1231.7	68.2311
1231.02	68.2311
1230.35	72.1481
1229.67	77.6149
1229	69.1321
1228.32	65.2998
1227.65	61.9842
1226.97	61.9842
1226.3	64.093
1225.62	58.711
1224.95	67.794
1224.27	58.7957
1223.6	59.8713
1222.92	59.8713
1222.25	59.9136
1221.57	56.3397
1220.9	53.799
1220.22	65.7235
1219.55	54.6586
1218.87	54.6586
1218.2	55.7353
1217.52	54.7444
1216.85	53.4952
1216.17	63.8698
1215.5	55.9047
1214.82	55.9047
1214.15	57.7563
1213.47	54.9572
1212.8	60.1657
1212.12	61.2413
1211.45	53.7938
1210.77	53.7938
1210.1	54.8694
1209.42	67.3115
1208.75	62.9627
1208.07	59.3887
1207.4	54.5243
1206.72	54.5243
1206.05	44.4927
1205.37	55.9016
1204.7	55.169
1204.02	63.2199
1203.35	63.2199
1202.67	59.1294
1202	58.1396
1201.32	55.3416
1200.65	53.8341
1199.97	64.4681
1199.3	64.4681
1198.62	56.504
1197.95	57.8379
1197.27	59.1728
1196.6	60.766
1195.92	57.4504
1195.25	57.4504
1194.57	55.6857
1193.9	52.1128
1193.22	54.9975
1192.55	59.6904
1191.87	58.184
1191.2	58.184
1190.52	50.7365
1189.85	56.4616
1189.17	62.1878
1188.5	54.7403
1187.82	44.968
1187.15	44.968
1186.47	58.185
1185.8	52.5457
1185.12	56.4647
1184.45	52.3752
1183.77	51.3854
1183.1	51.3854
1182.42	62.2776
1181.75	52.5054
1181.07	50.999
1180.4	61.6329
1179.72	61.6329
1179.05	51.3451
1178.37	53.7132
1177.7	52.7234
1177.02	55.0926
1176.35	65.4682
1175.67	65.4682
1175	59.5706
1174.32	53.1574
1173.65	60.175
1172.97	59.1852
1172.3	63.3625
1171.62	63.3625
1170.95	57.2066
1170.27	66.8083
1169.6	67.885
1168.92	58.8887
1168.25	58.8887
1167.57	59.9663
1166.9	73.7
1166.22	75.8109
1165.55	75.8553
1164.88	73.8322
1164.2	73.8322
1163.53	81.6258
1162.85	77.2791
1162.18	77.5808
1161.5	82.2747
1160.83	80.511
1160.15	80.511
1159.48	75.6476
1158.8	72.334
1158.13	73.4107
1157.45	76.5548
1156.78	76.5548
1156.1	68.0751
1155.43	69.9277
1154.75	67.1307
1154.08	71.308
1153.4	76.002
1152.73	76.002
1152.05	70.622
1151.38	68.0834
1150.7	59.6037
1150.03	64.8152
1149.35	64.3431
1148.68	64.3431
1148	65.9373
1147.33	65.2068
1146.65	67.576
1145.98	65.0374
1145.3	65.0374
1144.63	67.1493
1143.95	64.869
1143.28	57.4225
1142.6	66.767
1141.93	69.9111
1141.25	69.9111
1140.58	63.4979
1139.9	70.5176
1139.23	61.0047
1138.55	77.3235
1137.88	77.3235
1137.2	65.7441
1136.53	75.3469
1135.85	72.0334
1135.18	82.1528
1134.5	87.88
1133.83	87.88
1133.15	82.2427
1132.48	87.4543
1131.8	90.5984
1131.13	95.5517
1130.45	96.1137
1129.78	96.1137
1129.1	96.1582
1128.43	92.5873
1127.75	82.0422
1127.08	95.5196
1126.4	95.5196
1125.73	88.0742
1125.05	91.4766
1124.38	96.9465
1123.7	97.7669
1123.03	98.329
1122.35	98.329
1121.68	90.6253
1121	91.1873
1120.33	97.6905
1119.65	86.1121
1118.98	86.1121
1118.3	90.0322
1117.63	82.3284
1116.95	86.7651
1116.28	78.0282
1115.6	93.3147
1114.93	93.3147
1114.25	80.9615
1113.58	84.6232
1112.9	89.0599
1112.23	93.7549
1111.55	93.7549
1110.88	94.318
1110.2	87.9058
1109.53	94.9255
1108.85	100.655
1108.18	100.655
1107.5	115.937
1106.83	104.104
1106.15	117.063
1105.48	121.496
1104.8	116.898
1104.13	116.898
1103.45	133.471
1102.78	138.947
1102.1	126.848
1101.43	127.406
1100.75	127.406
1100.08	126.424
1099.4	123.108
1098.73	134.783
1098.05	123.717
1097.38	118.603
1096.7	118.603
1096.03	111.412
1095.35	112.755
1094.68	106.861
1094	96.8205
1093.33	91.0933
1092.65	91.3898
1091.98	91.3898
1091.3	86.1968
1090.63	80.2909
1089.95	80.1752
1089.28	84.3443
1088.6	84.3443
1087.93	73.4437
1087.25	79.517
1086.58	72.0427
1085.9	72.1863
1085.23	64.5394
1084.55	64.5394
1083.88	72.5686
1083.2	67.1762
1082.53	66.5666
1081.86	68.8004
1081.18	63.1931
1080.51	63.1931
1079.83	59.9632
1079.16	57.5
1078.48	55.2817
1077.81	55.4842
1077.13	55.4842
1076.46	59.584
1075.78	60.6203
1075.11	53.7825
1074.43	60.7361
1073.76	56.1692
1073.08	56.1692
1072.41	54.5946
1071.73	56.9514
1071.06	49.695
1070.38	51.592
1069.71	53.8889
1069.03	53.8889
1068.36	41.2463
1067.68	49.1443
1067.01	44.9525
1066.33	47.0396
1065.66	47.0396
1064.98	48.4241
1064.31	42.7879
1063.63	46.6542
1062.96	48.1627
1062.28	43.2477
1061.61	43.2477
1060.93	45.9103
1060.26	45.7295
1059.58	50.5526
1058.91	47.1543
1058.23	47.1543
1057.56	45.6799
1056.88	52.9424
1056.21	46.5922
1055.53	51.4432
1054.86	51.2903
1054.18	51.2903
1053.51	50.5846
1052.83	53.052
1052.16	53.0117
1051.48	56.4347
1050.81	56.4347
1050.13	50.937
1049.46	40.1635
1048.78	56.8832
1048.11	57.2634
1047.43	58.0786
1046.76	58.0786
1046.08	52.1024
1045.41	51.217
1044.73	54.5667
1044.06	53.9188
1043.38	53.9188
1042.71	56.6145
1042.03	52.4723
1041.36	51.1074
1040.68	51.8193
1040.01	48.3415
1039.33	48.3415
1038.66	48.2072
1037.98	48.0026
1037.31	41.2009
1036.63	46.0467
1035.96	46.0467
1035.28	46.0891
1034.61	49.3758
1033.93	41.7226
1033.26	41.0862
1032.58	47.0107
1031.91	47.0107
1031.23	39.6541
1030.56	44.8089
1029.88	44.6322
1029.21	46.2916
1028.53	46.2916
1027.86	45.4309
1027.18	53.1388
1026.51	45.6355
1025.83	44.4865
1025.16	45.4381
1024.48	45.4381
1023.81	47.984
1023.13	45.6954
1022.46	46.2544
1021.78	47.1791
1021.11	47.1791
1020.43	47.1481
1019.76	41.3951
1019.08	42.8313
1018.41	40.6223
1017.73	40.6223
1017.06	41.8084
1016.38	34.458
1015.71	40.6305
1015.03	36.3437
1014.36	38.251
1013.68	38.251
1013.01	42.3457
1012.33	36.0471
1011.66	36.0626
1010.98	33.9321
1010.31	33.9321
1009.63	43.7653
1008.96	38.4773
1008.28	38.5723
1007.61	36.3664
1006.93	39.7719
1006.26	39.7719
1005.58	33.8784
1004.91	34.9591
1004.23	31.907
1003.56	36.3457
1002.88	36.3457
1002.21	38.718
1001.53	36.9574
1000.86	29.514
1000.18	33.6945
999.51	33.6945
998.835	35.5501
998.16	31.7231
997.485	35.3869
996.81	27.6852
996.135	27.6852
995.46	33.1572
994.785	32.4298
994.11	40.7431
993.435	38.7242
992.76	38.2551
992.085	38.2551
991.41	38.0444
990.735	31.3759
990.061	33.7482
989.386	41.8032
988.711	41.8032
988.036	34.8765
987.361	34.924
986.686	33.68
986.011	31.1445
985.336	31.1445
984.661	38.6829
983.986	38.9887
983.311	39.5529
982.636	35.7258
981.961	35.7258
981.286	36.2899
980.611	41.2453
979.936	38.4514
979.261	38.499
978.586	41.9055
977.911	41.9055
977.236	45.8276
976.561	33.7348
975.886	33.524
975.211	38.996
974.536	38.996
973.861	38.2686
973.187	40.6409
972.512	36.2972
971.837	40.4776
971.162	40.4776
970.487	37.1671
969.812	41.6059
969.137	35.9707
968.462	39.1179
967.787	39.1179
967.112	33.2243
966.437	37.6631
965.762	33.5777
965.087	37.7581
964.412	37.7581
963.737	41.6803
963.062	38.3698
962.387	40.4838
961.712	37.9483
961.037	43.9368
960.362	43.9368
959.687	39.3349
959.012	41.1905
958.337	34.5221
957.662	38.9608
956.988	38.9608
956.313	34.6171
955.638	50.6797
954.963	40.1366
954.288	41.4757
953.613	41.4757
952.938	45.9144
952.263	40.0209
951.588	37.4854
950.913	33.4
950.238	33.4
949.563	40.1635
948.888	45.3761
948.213	38.1911
947.538	39.2718
946.863	39.2718
946.188	47.5852
945.513	40.1418
944.838	31.9235
944.163	30.4202
943.488	30.4202
942.813	34.8589
942.138	31.8068
941.463	35.4706
940.788	31.6435
940.114	31.6435
939.439	38.6643
938.764	42.5864
938.089	35.4014
937.414	38.0309
936.739	38.0309
936.064	38.0784
935.389	50.2664
934.714	35.8477
934.039	35.8952
933.364	35.8952
932.689	38.7841
932.014	36.5059
931.339	33.712
930.664	43.8325
929.989	43.8325
929.314	35.8725
928.639	37.7282
927.964	35.4499
927.289	36.789
926.614	36.789
925.939	43.5515
925.264	39.9817
924.589	38.7376
923.914	38.2675
923.24	38.2675
922.565	40.6398
921.89	39.6531
921.215	28.3341
920.54	40.7803
919.865	40.7803
919.19	40.0519
918.515	39.5818
917.84	35.4954
917.165	40.709
916.49	40.709
915.815	42.0471
915.14	41.0603
914.465	35.4241
913.79	44.253
913.115	44.253
912.44	35.7754
911.765	39.1799
911.09	44.3925
910.415	35.6566
909.74	35.6566
909.065	33.8949
908.39	39.1075
907.715	37.0876
907.041	36.6175
906.366	36.6175
905.691	44.1549
905.016	38.5186
904.341	39.8566
903.666	32.1529
902.991	32.1529
902.316	36.8489
901.641	40.2534
900.966	44.4328
900.291	41.6369
899.616	41.6369
898.941	35.2257
898.266	45.8617
897.591	33.2512
896.916	34.5882
896.241	34.5882
895.566	41.8673
894.891	38.0382
894.216	35.7599
893.541	35.0304
892.866	35.0304
892.191	40.242
891.516	44.937
890.841	35.4262
890.167	43.2208
889.492	43.2208
888.817	30.8676
888.142	40.987
887.467	34.5748
886.792	40.0447
886.117	40.0447
885.442	39.8318
884.767	33.9362
884.092	41.4726
883.417	46.4259
882.742	46.4259
882.067	37.9472
881.392	39.7998
880.717	34.4208
880.042	34.4208
879.367	35.4995
878.692	38.3853
878.017	37.1392
877.342	36.1515
876.667	36.1515
875.992	40.0705
875.317	37.7902
874.642	38.8689
873.967	42.5296
873.293	42.5296
872.618	43.8666
871.943	41.0696
871.268	43.9554
870.593	38.0588
869.918	38.0588
869.243	36.5534
868.568	53.3878
867.893	36.384
867.218	44.1776
866.543	44.1776
865.868	33.1148
865.193	46.0746
864.518	46.8939
863.843	44.3543
863.168	44.3543
862.493	38.9743
861.818	42.1173
861.143	48.6194
860.468	48.6194
859.793	52.7957
859.118	46.6408
858.443	52.1086
857.768	57.0609
857.093	57.0609
856.419	64.3369
855.744	66.9633
855.069	67.265
854.394	77.899
853.719	77.899
853.044	74.8427
852.369	74.3695
851.694	81.9038
851.019	84.5302
850.344	84.5302
849.669	104.462
848.994	120.256
848.319	138.896
847.644	138.896
846.969	153.66
846.294	194.008
845.619	239.511
844.944	304.646
844.269	304.646
843.594	393.545
842.919	502.075
842.244	611.38
841.569	763.305
840.894	763.305
840.22	860.47
839.545	927.165
838.87	974.476
838.195	966.768
837.52	966.768
836.845	931.163
836.17	866.111
835.495	780.912
834.82	780.912
834.145	661.357
833.47	586.231
832.795	540.035
832.12	538.785
831.445	538.785
830.77	532.369
830.095	568.831
829.42	635.516
828.745	741.463
828.07	741.463
827.395	906.562
826.72	1190.17
826.045	1699.35
825.37	1699.35
824.695	2134.34
824.02	2374.35
823.346	2464.04
822.671	2370.32
821.996	2370.32
821.321	2303.47
820.646	2095.8
819.971	1682.61
819.296	1113.3
818.621	1113.3
817.946	655.416
817.271	386.56
816.596	279.404
815.921	279.404
815.246	192.654
814.571	164.799
813.896	136.416
813.221	126.641
812.546	126.641
811.871	118.417
811.196	106.321
810.521	97.8361
809.846	95.5506
809.171	95.5506
808.496	83.4485
807.821	84.0043
807.146	73.453
806.472	73.453
805.797	63.159
805.122	62.164
804.447	59.8785
803.772	55.7838
803.097	55.7838
802.422	51.1725
801.747	62.5763
801.072	54.0904
800.397	52.5777
799.722	52.5777
799.047	49.7746
798.372	49.8128
797.697	48.8168
797.022	48.8168
796.347	41.3631
795.672	55.0905
794.997	47.1212
794.322	58.5229
793.647	58.5229
792.972	55.977
792.297	57.5641
791.622	52.6934
790.947	52.6934
790.273	42.139
789.598	48.3746
788.923	44.5371
788.248	51.8059
787.573	51.8059
786.898	49.7756
786.223	48.0036
785.548	50.8812
784.873	50.8812
784.198	48.0749
783.523	49.4026
782.848	48.1462
782.173	50.5061
781.498	50.5061
780.823	53.9002
780.148	54.452
779.473	50.8708
778.798	49.8717
778.123	49.8717
777.448	49.6485
776.773	46.3246
776.098	48.6845
775.423	48.6845
774.748	54.4014
774.073	45.1364
773.399	42.5874
772.724	42.8799
772.049	42.8799
771.374	47.0469
770.699	42.4304
770.024	45.3059
769.349	45.3059
768.674	49.2135
767.999	52.088
767.324	52.121
766.649	53.1873
765.974	53.1873
765.299	51.1539
764.624	52.9941
763.949	45.0197
763.274	45.0197
762.599	57.7087
761.924	46.117
761.249	49.2487
760.574	44.8895
759.899	44.8895
759.224	49.8293
758.549	44.9525
757.874	49.6341
757.199	49.6341
756.525	49.1484
755.85	45.3048
755.175	49.2104
754.5	44.3336
753.825	44.3336
753.15	37.9069
752.475	53.177
751.8	52.6903
751.125	52.6903
750.45	52.7213
749.775	56.1093
749.1	58.9796
748.425	50.7437
747.75	50.7437
747.075	50.5154
746.4	46.6697
745.725	55.9977
745.05	55.9977
744.375	54.9934
743.7	50.1145
743.025	51.9516
742.35	44.2303
741.675	44.2303
741	58.2078
740.326	39.8959
739.651	47.9313
738.976	47.9313
738.301	42.7931
737.626	52.6356
736.951	48.2723
736.276	48.2723
735.601	47.0076
734.926	52.9755
734.251	49.1278
733.576	53.2875
732.901	53.2875
732.226	38.3316
731.551	49.2073
730.876	48.7166
730.201	48.7166
729.526	47.9675
728.851	44.6353
728.176	44.6601
727.501	46.2358
726.826	46.2358
726.151	53.7515
725.476	51.9681
724.801	52.5095
724.126	52.5095
723.452	48.4014
722.777	48.4252
722.102	47.1584
721.427	47.4405
720.752	47.4405
720.077	54.6969
719.402	51.8793
718.727	47.7691
718.052	47.7691
717.377	47.0169
716.702	50.6559
716.027	49.6454
715.352	49.6454
714.677	50.4431
714.002	46.5912
713.327	54.3621
712.652	53.3506
711.977	53.3506
711.302	51.0475
710.627	50.036
709.952	54.4479
709.277	54.4479
708.602	52.1438
707.927	51.3895
707.252	52.1851
706.578	52.1851
705.903	48.0728
705.228	57.1332
704.553	59.4776
703.878	48.1317
703.203	48.1317
702.528	50.4761
701.853	42.7466
701.178	55.6805
700.503	55.6805
699.828	51.8245
699.153	52.1014
698.478	50.8274
697.803	50.8274
697.128	57.562
696.453	53.9633
695.778	55.789
695.103	50.1228
694.428	50.1228
693.753	52.7234
693.078	52.9982
692.403	54.5646
691.728	54.5646
691.053	49.1567
690.379	47.1058
689.704	53.5799
689.029	53.5799
688.354	42.4883
687.679	46.119
687.004	56.2085
686.329	49.2487
685.654	49.2487
684.979	47.7133
684.304	46.1779
683.629	52.3917
682.954	52.3917
682.279	48.5306
681.604	50.8688
680.929	51.1405
680.254	51.1405
679.579	43.662
678.904	52.1996
678.229	42.3963
677.554	55.323
676.879	55.323
676.204	49.6526
675.529	52.5054
674.854	46.5757
674.179	46.5757
673.505	49.1701
672.83	51.5052
672.155	42.9914
671.48	42.9914
670.805	41.1936
670.13	46.6284
669.455	47.6709
668.78	47.6709
668.105	44.8388
667.43	48.4644
666.755	50.2819
666.08	46.6739
665.405	46.6739
664.73	46.9404
664.055	47.4653
663.38	51.3471
662.705	51.3471
662.03	53.6791
661.355	43.3541
660.68	51.6271
660.005	51.6271
659.33	41.5594
658.655	42.0822
657.98	45.963
657.305	45.963
656.631	48.5512
655.956	49.073
655.281	47.27
654.606	50.8905
653.931	50.8905
653.256	52.4455
652.581	61.4903
651.906	50.1279
651.231	50.1279
650.556	40.3154
649.881	51.684
649.206	46.2626
648.531	46.2626
647.856	47.8156
647.181	49.8841
646.506	47.8187
645.831	47.8187
645.156	48.0791
644.481	55.571
643.806	49.3726
643.131	60.4798
642.456	60.4798
641.781	52.7317
641.106	51.6974
640.431	48.0811
639.757	48.0811
639.082	50.4048
638.407	51.437
637.732	49.1112
637.057	49.1112
636.382	58.9248
635.707	54.7899
635.032	55.5627
634.357	55.5627
633.682	60.4674
633.007	54.265
632.332	66.4013
631.657	66.4013
630.982	65.6232
630.307	57.6116
629.632	59.4146
628.957	58.8928
628.282	58.8928
627.607	54.7547
626.932	59.3991
626.257	57.0681
625.582	57.0681
624.907	53.9622
624.232	60.671
623.558	53.9488
622.883	53.9488
622.208	51.0992
621.533	53.9333
620.858	49.0172
620.183	49.0172
619.508	54.1751
618.833	66.8228
618.158	57.5145
617.483	57.5145
616.808	58.5384
616.133	58.5281
615.458	59.0344
614.783	59.0344
614.108	59.2813
613.433	67.794
612.758	60.5501
612.083	60.5501
611.408	59.147
610.733	66.1151
610.058	66.1151
609.383	61.5327
608.708	61.5327
608.033	69.0101
607.358	66.9303
606.684	63.0412
606.009	63.0412
605.334	65.6098
604.659	55.0037
603.984	64.2873
603.309	64.2873
602.634	64.5301
601.959	65.8051
601.284	64.7543
600.609	64.7543
599.934	66.0293
599.259	63.687
598.584	61.0853
597.909	61.0853
597.234	56.9348
596.559	58.9817
595.884	58.1881
595.209	58.1881
594.534	54.5522
593.859	64.6055
593.184	59.677
592.509	59.677
591.834	51.3905
591.159	65.0591
590.484	62.196
589.81	62.196
589.135	61.6567
588.46	70.6747
587.785	69.877
587.11	69.877
586.435	69.3367
585.76	61.822
585.085	65.9301
584.41	63.0639
583.735	63.0639
583.06	62.5215
582.385	61.979
581.71	59.6285
581.035	59.6285
580.36	70.1922
579.685	60.8663
579.01	66.2628
578.335	66.2628
577.66	71.9176
576.985	63.3646
576.31	57.6529
575.635	57.6529
574.96	64.7016
574.285	64.7016
573.611	64.7016
572.936	64.7016
572.261	63.3863
571.586	62.071
570.911	62.7281
570.236	62.7281
569.561	62.7281
568.886	66.674
568.211	66.674
567.536	66.674
566.861	67.9893
566.186	67.9893
565.511	64.0434
564.836	64.0434
564.161	63.3863
563.486	55.4945
562.811	55.3519
562.136	55.3519
561.461	60.2226
560.786	59.4104
560.111	61.698
559.436	61.698
558.761	67.5998
558.086	76.8606
557.411	64.1643
556.737	64.1643
556.062	63.0908
555.387	58.401
554.712	60.6854
554.037	60.6854
553.362	67.8767
552.687	64.218
552.012	61.5926
551.337	61.5926
550.662	56.6414
549.987	57.6312
549.312	67.4035
548.637	67.4035
547.962	52.3773
547.287	58.2729
546.612	53.8362
545.937	53.8362
545.262	45.0073
544.587	55.8096
543.912	56.2787
543.237	56.2787
542.562	54.4231
541.887	58.2491
541.212	57.4256
540.537	57.4256
539.863	58.6676
539.188	48.544
538.513	64.7667
537.838	64.7667
537.163	50.2499
536.488	48.1317
535.813	50.1465
535.138	50.1465
534.463	57.0681
533.788	47.7154
533.113	45.0786
532.438	45.0786
531.763	49.9316
531.088	46.0023
530.413	43.6217
529.738	43.6217
529.063	49.2476
528.388	45.0579
527.713	48.3591
527.038	48.3591
526.363	49.85
525.688	49.2755
525.013	48.1824
524.338	48.1824
523.664	53.2886
522.989	43.9296
522.314	49.5514
521.639	49.5514
520.964	42.7734
520.289	48.9108
519.614	42.3901
518.939	42.3901
518.264	53.6926
517.589	53.3702
516.914	50.2054
516.239	50.2054
515.564	53.4983
514.889	47.7495
514.214	63.6983
513.539	63.6983
512.864	51.7491
512.189	54.2639
511.514	50.8378
510.839	50.8378
510.164	55.6764
509.489	51.2149
508.814	45.2036
508.139	45.2036
507.464	59.8568
506.79	46.3525
506.115	45.5053
505.44	45.5053
504.765	38.717
504.09	46.1335
503.415	46.1335
502.74	41.9272
502.065	41.8518
501.39	47.2008
500.715	47.2008
500.04	42.4748
499.365	44.9814
498.69	52.1365
498.015	52.1365
497.34	40.4342
496.665	50.1713
495.99	45.9589
495.315	45.9589
494.64	41.7454
493.965	50.4462
493.29	48.0398
492.615	48.0398
491.94	46.4083
491.265	47.0996
490.59	52.4403
489.916	52.4403
489.241	50.2902
488.566	49.6878
487.891	53.9932
487.216	53.9932
486.541	50.0318
485.866	45.2955
485.191	49.8572
484.516	49.8572
483.841	47.4436
483.166	45.8049
482.491	47.7804
481.816	47.7804
481.141	54.1482
480.466	51.7315
479.791	39.7574
479.116	39.7574
478.441	48.7052
477.766	49.6444
477.091	49.6444
476.416	53.425
475.741	48.4211
475.066	42.3849
474.391	42.3849
473.717	38.9298
473.042	48.1317
472.367	42.6091
471.692	42.6091
471.017	51.2924
470.342	42.4097
469.667	44.376
468.992	44.376
468.317	42.9832
467.642	38.2324
466.967	42.5203
466.292	42.5203
465.617	46.0333
464.942	45.9289
464.267	45.8235
463.592	45.8235
462.917	43.91
462.242	45.3534
461.567	40.8547
460.892	40.8547
460.217	38.1632
459.542	37.2787
458.867	37.2787
458.192	35.1028
457.517	31.8925
456.843	44.438
456.168	44.438
455.493	39.6769
454.818	39.8215
454.143	34.5417
453.468	34.5417
452.793	45.0176
452.118	37.412
451.443	46.5943
450.768	46.5943
450.093	49.0606
449.418	44.2933
448.743	43.1413
448.068	43.1413
447.393	44.5712
446.718	50.3914
446.043	42.7796
445.368	42.7796
444.693	45.7574
444.018	51.5755
443.343	51.5755
442.668	41.8942
441.993	45.6448
441.318	46.8102
440.643	46.8102
439.969	46.1676
439.294	46.0405
438.619	42.8127
437.944	42.8127
437.269	48.8829
436.594	44.8781
435.919	49.1391
435.244	49.1391
434.569	48.232
433.894	41.642
433.219	51.841
432.544	51.841
431.869	43.6992
431.194	39.9486
430.519	39.9486
429.844	52.2109
429.169	38.3833
428.494	44.4452
427.819	44.4452
427.144	27.0002
426.469	39.5177
425.794	42.2186
425.119	42.2186
424.444	43.6269
423.77	44.7758
423.095	39.4661
422.42	39.4661
421.745	42.9387
421.07	45.6344
420.395	40.8392
419.72	40.8392
419.045	37.5928
418.37	36.4119
417.695	36.4119
417.02	31.0969
416.345	33.0136
415.67	39.0621
414.995	39.0621
414.32	37.3604
413.645	44.6983
412.97	35.2453
412.295	35.2453
411.62	34.8331
410.945	34.4188
410.27	36.8458
409.595	36.8458
408.92	31.2633
408.245	34.9798
407.57	34.9798
406.896	32.2376
406.221	35.4344
405.546	33.4651
404.871	33.4651
404.196	41.0521
403.521	37.2725
402.846	38.6581
402.171	38.6581
401.496	37.2012
400.821	37.2932
400.146	43.8418
399.471	43.8418
398.796	46.5147
398.121	43.2456
397.446	43.2456
396.771	46.6914
396.096	44.7118
395.421	42.9894
394.746	42.9894
394.071	57.281
393.396	51.1653
392.721	52.0229
392.046	52.0229
391.371	45.3885
390.696	46.244
390.022	56.1393
389.347	56.1393
388.672	46.4021
387.997	51.1291
387.322	51.1291
386.647	48.3642
385.972	48.698
385.297	54.9717
384.622	54.9717
383.947	48.0708
383.272	54.3425
382.597	51.0547
381.922	51.0547
381.247	44.9256
380.572	49.1278
379.897	49.1278
379.222	41.4457
378.547	45.9041
377.872	41.3197
377.197	41.3197
376.522	46.5509
375.847	52.0384
375.172	56.7499
374.497	56.7499
373.822	43.1216
373.148	51.1891
372.473	42.4655
371.798	42.4655
371.123	56.7303
370.448	53.9457
369.773	53.9457
369.098	54.5171
368.423	52.5054
367.748	60.5666
367.073	60.5666
366.398	55.7105
365.723	59.3774
365.048	50.3862
364.373	50.3862
363.698	51.9857
363.023	62.1072
362.348	62.1072
361.673	54.4034
360.998	58.3235
360.323	60.1761
359.648	60.1761
358.973	72.6171
358.298	71.8836
357.623	88.7148
356.949	88.7148
356.274	90.3039
355.599	103.515
354.924	103.515
354.249	98.6441
353.574	111.329
352.899	121.444
352.224	121.444
351.549	118.376
350.874	114.274
350.199	115.855
349.524	115.855
348.849	113.819
348.174	107.134
347.499	107.134
346.824	99.1535
346.149	110.028
345.474	114.697
344.799	114.697
344.124	110.069
343.449	124.038
342.774	123.552
342.099	123.552
341.424	135.445
340.749	138.048
340.075	138.048
339.4	142.46
338.725	139.371
338.05	143.008
337.375	143.008
336.7	128.811
336.025	140.445
335.35	126.765
334.675	126.765
334	122.901
333.325	135.569
332.65	135.569
331.975	129.896
331.3	127.83
330.625	124.224
329.95	124.224
329.275	131.973
328.6	138.947
327.925	138.947
327.25	133.006
326.575	151.088
325.9	155.737
325.225	155.737
324.55	161.151
323.875	174.067
323.201	193.946
322.526	193.946
321.851	206.603
321.176	220.799
320.501	220.799
319.826	267.026
319.151	282.514
318.476	327.955
317.801	327.955
317.126	372.89
316.451	446.229
315.776	528.102
315.101	528.102
314.426	646.385
313.751	779.134
313.076	779.134
312.401	998.674
311.726	1278.82
311.051	1659.57
310.376	1659.57
309.701	2132.27
309.026	2640.1
308.351	2640.1
307.676	3149.17
307.002	3429.69
306.327	3666.2
305.652	3666.2
304.977	3800
304.302	3759.91
303.627	3453.25
302.952	3453.25
302.277	3101.95
301.602	2672.65
300.927	2672.65
300.252	2320.73
299.577	2022.64
298.902	1708.44
298.227	1708.44
297.552	1483.71
296.877	1289.36
296.202	1289.36
295.527	1110.1
294.852	1009.1
294.177	892.035
293.502	892.035
292.827	862.278
292.152	831.23
291.477	831.23
290.802	789.074
290.128	794.178
289.453	776.562
288.778	776.562
288.103	765.134
287.428	814.15
286.753	823.646
286.078	823.646
285.403	847.348
284.728	913.144
284.053	913.144
283.378	979.208
282.703	1056.58
282.028	1131.38
281.353	1131.38
280.678	1263.84
280.003	1364.79
279.328	1364.79
278.653	1493.63
277.978	1607.18
277.303	1681.78
276.628	1681.78
275.953	1739.02
275.278	1728.59
274.603	1728.59
273.928	1654.09
273.254	1593.34
272.579	1491.25
271.904	1491.25
271.229	1379.25
270.554	1244.62
269.879	1112.58
269.204	1112.58
268.529	1021.83
267.854	910.664
267.179	910.664
266.504	837.212
265.829	749.543
265.154	699.08
264.479	699.08
263.804	623.293
263.129	549.055
262.454	549.055
261.779	486.442
261.104	445.526
260.429	382.644
259.754	382.644
259.079	353.869
258.404	310.876
257.729	310.876
257.055	288.031
256.38	252.788
255.705	236.918
255.03	236.918
254.355	203.999
253.68	193.801
253.005	193.801
252.33	180.504
251.655	162.825
250.98	153.402
250.305	153.402
249.63	135.445
248.955	135.837
248.28	135.837
247.605	126.662
246.93	115.431
246.255	117.105
245.58	117.105
244.905	115.937
244.23	100.82
243.555	100.82
242.88	93.7074
242.205	102.609
241.53	105.307
240.855	105.307
240.181	98.4478
239.506	100.627
238.831	100.627
238.156	90.4062
237.481	82.7655
236.806	97.8547
236.131	97.8547
235.456	94.8605
234.781	89.5404
234.106	89.5404
233.431	93.7745
232.756	88.4503
232.081	83.3823
231.406	83.3823
230.731	88.9029
230.056	97.522
229.381	97.522
228.706	94.5143
228.031	97.9632
227.356	96.2439
226.681	96.2439
226.006	107.696
225.331	100.033
224.656	100.033
223.981	119.998
223.307	102.78
222.632	110.864
221.957	110.864
221.282	109.911
220.607	100.688
219.932	100.688
219.257	101.279
218.582	98.7671
217.907	98.579
217.232	98.579
216.557	101.747
215.882	102.329
215.207	102.329
214.532	101.876
213.857	94.7065
213.182	101.224
212.507	101.224
211.832	92.4995
211.157	99.2723
210.482	99.2723
209.807	89.7687
209.132	83.1054
208.457	96.587
207.782	96.587
207.108	96.1189
206.433	101.073
205.758	101.073
205.083	102.926
204.408	112.776
203.733	118.241
203.058	118.241
202.383	131.715
201.708	130.454
201.033	130.454
200.358	136.695
199.683	143.958
199.008	143.958
198.333	143.731
197.658	163.9
196.983	178.912
196.308	178.912
195.633	185.132
194.958	217.183
194.283	217.183
193.608	233.477
192.933	249.513
192.258	267.357
191.583	267.357
190.908	319.803
190.234	360.626
189.559	360.626
188.884	409.198
188.209	465.519
187.534	533.195
186.859	533.195
186.184	622.828
185.509	719.176
184.834	719.176
184.159	805.192
183.484	893.275
182.809	976.956
182.134	976.956
181.459	1038.69
180.784	1050.48
180.109	1050.48
179.434	1025.49
178.759	985.697
178.084	985.697
177.409	889.845
176.734	813.117
176.059	693.242
175.384	693.242
174.709	584.206
174.034	487.32
173.36	487.32
172.685	418.58
172.01	339.249
171.335	320.103
170.66	320.103
169.985	279.776
169.31	219.291
168.635	219.291
167.96	191.352
167.285	166.255
166.61	166.255
165.935	142.192
165.26	137.501
164.585	124.017
163.91	124.017
163.235	95.5599
162.56	89.0496
161.885	89.0496
161.21	80.729
160.535	76.281
159.86	57.2479
159.185	57.2479
158.51	57.282
157.835	57.2479
157.16	57.2479
156.486	59.0147
155.811	59.8682
155.136	59.8682
154.461	60.7381
153.786	61.4356
153.111	66.206
152.436	66.206
151.761	70.2769
151.086	70.3988
150.411	70.3988
149.736	72.8837
149.061	81.8542
148.386	91.1243
147.711	91.1243
147.036	80.1142
146.361	106.76
145.686	106.76
145.011	106.76
144.336	80.7011
143.661	80.7011
142.986	79.8218
142.311	52.0363
141.636	52.8422
140.961	52.8422
140.287	52.0363
139.612	52.5664
138.937	52.5664
138.262	80.7011
137.587	80.7011
136.912	67.6711
136.237	67.6711
135.562	68.4057
134.887	98.9427
134.212	98.9427
133.537	98.7175
132.862	98.6803
132.187	98.6803
131.512	98.6999
130.837	93.7301
130.162	88.5185
129.487	88.5185
128.812	88.5185
128.137	54.6421
127.462	54.6421
126.787	60.1792
126.112	62.0255
125.437	62.0255
124.762	87.8676
124.087	98.9427
123.413	98.9427
122.738	98.9427
122.063	70.2769
121.388	70.2769
120.713	70.2769
120.038	85.9127
119.363	85.9127
118.688	85.9127
118.013	44.2179
117.338	44.2179
116.663	67.6711
115.988	67.6711
115.313	67.6711
114.638	52.0363
113.963	52.0363
113.288	52.0363
112.613	88.5185
111.938	88.5185
111.263	83.4009
110.588	81.4285
109.913	80.3333
109.238	80.3333
108.563	59.8537
107.888	59.9849
107.213	59.9849
106.539	78.0953
105.864	77.9383
105.189	77.9383
104.514	70.2769
103.839	70.2769
103.164	70.2924
102.489	70.2924
101.814	65.0653
101.139	70.2769
100.464	70.2924
99.7889	70.2924
99.114	65.0653
