125.39	52.9
126.065	83.0307
126.74	113.132
127.415	142.873
128.09	171.231
128.765	197.759
129.44	221.371
130.115	241.734
130.79	258.019
131.464	270.347
132.139	278.456
132.814	283.078
133.489	284.435
134.164	283.629
134.839	280.979
135.514	277.428
136.189	272.891
136.864	267.888
137.539	261.856
138.214	255.08
138.889	246.996
139.564	238.194
140.239	228.645
140.914	219.599
141.589	211.6
142.263	206.274
142.938	204.145
143.613	206.468
144.288	213.014
144.963	224.111
145.638	238.55
146.313	255.877
146.988	274.417
147.663	293.657
148.338	312.176
149.013	330.027
149.688	346.416
150.363	361.988
151.038	376.277
151.713	390.036
152.388	402.662
153.063	414.63
153.737	425.018
154.412	434.145
155.087	441.067
155.762	446.367
156.437	449.494
157.112	451.498
157.787	452.208
158.462	452.929
159.137	453.48
159.812	454.943
160.487	456.713
161.162	459.438
161.837	462.024
162.512	464.854
163.187	466.699
163.862	467.982
164.537	467.664
165.211	466.434
165.886	463.466
166.561	459.65
167.236	454.233
167.911	448.148
168.586	440.611
169.261	432.544
169.936	423.152
170.611	413.432
171.286	402.587
171.961	391.669
172.636	379.839
173.311	368.104
173.986	355.511
174.661	342.949
175.336	329.423
176.011	315.812
176.685	301.215
177.36	286.746
178.035	271.714
178.71	257.499
179.385	243.521
180.06	231.173
180.735	219.722
181.41	210.307
182.085	201.82
182.76	195.068
183.435	188.652
184.11	183.258
184.785	177.484
185.46	172.177
186.135	166.149
186.81	160.504
187.485	154.224
188.159	148.534
188.834	142.395
189.509	136.973
190.184	131.101
190.859	125.875
191.534	120.083
192.209	114.898
192.884	109.212
193.559	104.369
194.234	99.3925
194.909	95.73
195.584	92.3803
196.259	90.716
196.934	89.55
197.609	90.0705
198.284	90.8761
198.959	93.0259
199.633	95.0209
200.308	97.9296
200.983	100.282
201.658	103.239
202.333	105.389
203.008	107.969
203.683	109.578
204.358	111.483
205.033	112.272
205.708	113.243
206.383	113.001
207.058	112.925
207.733	111.679
208.408	110.744
209.083	108.834
209.758	107.495
210.432	105.441
211.107	104.233
211.782	102.542
212.457	101.918
213.132	100.98
213.807	101.257
214.482	101.298
215.157	102.576
215.832	103.528
216.507	105.528
217.182	106.876
217.857	108.874
218.532	109.757
219.207	110.881
219.882	110.589
220.557	110.447
221.232	109.013
221.906	108.099
222.581	106.405
223.256	105.811
223.931	104.918
224.606	105.422
225.281	105.619
225.956	106.919
226.631	107.347
227.306	108.197
227.981	107.498
228.656	106.739
229.331	104.223
230.006	101.806
230.681	98.0907
231.356	95.1693
232.031	91.6944
232.706	89.6835
233.38	87.5433
234.055	87.0016
234.73	86.1377
235.405	86.4589
236.08	85.9034
236.755	86.0147
237.43	84.8571
238.105	84.2179
238.78	82.3894
239.455	81.3897
240.13	79.6248
240.805	79.1626
241.48	78.3262
242.155	79.0735
242.83	79.5506
243.505	81.5816
244.18	83.1812
244.854	86.1345
245.529	88.4284
246.204	91.8958
246.879	94.5566
247.554	98.3155
248.229	101.223
248.904	105.242
249.579	108.427
250.254	112.774
250.929	116.322
251.604	121.064
252.279	124.971
252.954	129.984
253.629	133.957
254.304	138.746
254.979	142.1
255.654	145.861
256.328	147.811
257.003	149.954
257.678	150.287
258.353	151.124
259.028	150.741
259.703	151.705
260.378	152.383
261.053	155.306
261.728	158.593
262.403	164.413
263.078	170.403
263.753	178.287
264.428	185.31
265.103	193.009
265.778	198.614
266.453	203.885
267.128	206.405
267.802	208.413
268.477	207.923
269.152	207.559
269.827	205.533
270.502	204.53
271.177	202.623
271.852	202.281
272.527	201.277
273.202	201.829
273.877	201.493
274.552	202.41
275.227	202.121
275.902	202.873
276.577	202.313
277.252	202.834
277.927	202.157
278.601	202.733
279.276	202.25
279.951	203.12
280.626	202.942
281.301	204.08
281.976	204.074
282.651	205.303
283.326	205.304
284.001	206.498
284.676	206.424
285.351	207.51
286.026	207.221
286.701	207.927
287.376	206.981
288.051	206.682
288.726	204.323
289.401	202.244
290.075	197.817
290.75	193.568
291.425	187.069
292.1	181.099
292.775	173.406
293.45	166.915
294.125	159.38
294.8	153.652
295.475	147.274
296.15	142.855
296.825	137.639
297.5	134.009
298.175	129.027
298.85	125.047
299.525	119.189
300.2	114.009
300.875	106.862
301.549	100.594
302.224	92.782
302.899	86.461
303.574	79.2527
304.249	74.1687
304.924	68.6819
305.599	65.6311
306.274	62.2559
306.949	61.2118
307.624	59.5571
308.299	59.8624
308.974	59.1225
309.649	59.9302
310.324	59.309
310.999	59.9398
311.674	58.9062
312.349	58.9953
313.023	57.3522
313.698	56.8561
314.373	54.6957
315.048	53.8169
315.723	51.4202
316.398	50.4736
317.073	48.1457
317.748	47.3931
318.423	45.326
319.098	44.8786
319.773	43.1158
320.448	42.9462
321.123	41.4197
321.798	41.4621
322.473	40.1053
323.148	40.2749
323.823	38.9498
324.497	39.077
325.172	37.6248
325.847	37.5506
326.522	35.8545
327.197	35.6213
327.872	33.9252
328.547	34.01
329.222	33.0242
329.897	34.275
330.572	34.8792
331.247	38.017
331.922	40.6035
332.597	45.5963
333.272	49.6192
333.947	55.4483
334.622	59.5486
335.297	64.6909
335.971	67.4025
336.646	70.643
337.321	71.1487
337.996	72.1377
338.671	70.5476
339.346	69.7865
340.021	66.8799
340.696	65.3089
341.371	62.0863
342.046	60.6818
342.721	58.0401
343.396	57.578
344.071	56.1236
344.746	56.9822
345.421	56.801
346.096	58.7112
346.77	59.1447
347.445	61.0793
348.12	60.8111
348.795	61.3136
349.47	58.9528
350.145	56.9144
350.82	51.8315
351.495	47.2436
352.17	40.1053
352.845	34.2326
353.52	26.7487
354.195	21.5651
354.87	15.7136
355.545	12.9363
356.22	10
356.895	10.3604
357.57	10.4452
358.244	13.4875
358.919	15.6924
359.594	20.1976
360.269	23.2082
360.944	27.9678
361.619	30.7981
362.294	35.1655
362.969	37.5718
363.644	41.6317
364.319	43.9098
364.994	48.08
365.669	50.6135
366.344	55.0614
367.019	57.7518
367.694	62.1521
368.369	64.5361
369.044	68.4392
369.718	70.2444
370.393	73.68
371.068	75.2871
371.743	78.9315
372.418	81.1629
373.093	85.7858
373.768	89.1641
374.443	94.9096
375.118	99.1741
375.793	105.469
376.468	109.914
377.143	116.133
377.818	120.382
378.493	126.458
379.168	130.681
379.843	136.826
380.518	141.022
381.192	146.791
381.867	149.956
382.542	153.856
383.217	154.274
383.892	154.778
384.567	151.569
385.242	148.818
385.917	143.314
386.592	139.727
387.267	135.057
387.942	133.889
388.617	132.785
389.292	135.695
389.967	138.416
390.642	144.259
391.317	148.58
391.992	154.602
392.666	157.887
393.341	162.153
394.016	163.537
394.691	166.324
395.366	167.002
396.041	169.986
396.716	171.588
397.391	175.878
398.066	178.699
398.741	183.72
399.416	186.485
400.091	190.6
400.766	191.704
401.441	193.676
402.116	192.45
402.791	192.205
403.465	189.047
404.14	187.24
404.815	182.831
405.49	179.994
406.165	174.644
406.84	170.903
407.515	164.667
408.19	160.146
408.865	153.335
409.54	148.597
410.215	142.014
410.89	138.015
411.565	132.651
412.24	130.297
412.915	126.864
413.59	126.594
414.265	125.225
414.939	126.855
415.614	127.052
416.289	129.804
416.964	130.562
417.639	133.284
418.314	133.429
418.989	135.078
419.664	133.858
420.339	134.115
421.014	131.737
421.689	131.338
422.364	128.961
423.039	129.312
423.714	128.366
424.389	130.689
425.064	132.011
425.739	136.665
426.413	140.136
427.088	146.603
427.763	151.416
428.438	158.702
429.113	163.746
429.788	170.636
430.463	174.578
431.138	179.615
431.813	180.901
432.488	182.554
433.163	179.881
433.838	177.314
434.513	170.56
435.188	164.521
435.863	155.308
436.538	148.137
437.213	139.193
437.887	133.578
438.562	127.111
439.237	124.424
439.912	120.794
440.587	120.408
441.262	118.216
441.937	118.317
442.612	115.739
443.287	114.849
443.962	110.986
444.637	108.868
445.312	104.083
445.987	101.531
446.662	96.8484
447.337	94.9329
448.012	91.3383
448.687	90.8962
449.361	89.0581
450.036	90.5782
450.711	90.7786
451.386	94.2884
452.061	96.2357
452.736	101.074
453.411	103.748
454.086	108.639
454.761	110.699
455.436	114.483
456.111	115.205
456.786	117.787
457.461	117.768
458.136	120.338
458.811	121.112
459.486	125.212
460.161	127.988
460.835	134.233
461.51	138.934
462.185	146.655
462.86	152.292
463.535	160.558
464.21	166.642
464.885	175.683
465.56	183.263
466.235	194.831
466.91	206.046
467.585	222.23
468.26	238.675
468.935	260.234
469.61	281.668
470.285	307.427
470.96	332.052
471.634	360.005
472.309	386.061
472.984	415.128
473.659	442.445
474.334	473.377
475.009	503.376
475.684	537.828
476.359	571.866
477.034	610.324
477.709	647.585
478.384	687.697
479.059	724.29
479.734	760.851
480.409	790.733
481.084	817.478
481.759	834.757
482.434	846.767
483.108	847.923
483.783	843.28
484.458	828.026
485.133	807.927
485.808	778.691
486.483	746.445
487.158	707.149
487.833	667.068
488.508	622.239
489.183	579.011
489.858	533.418
490.533	491.843
491.208	450.173
491.883	414.577
492.558	380.549
493.233	353.688
493.908	328.819
494.582	310.883
495.257	294.028
495.932	282.739
496.607	270.909
497.282	263.064
497.957	253.341
498.632	246.721
499.307	237.869
499.982	232.282
500.657	224.981
501.332	221.673
502.007	217.362
502.682	217.598
503.357	217.093
504.032	221.109
504.707	224.072
505.382	231.061
506.056	236.371
506.731	245.053
507.406	251.369
508.081	260.361
508.756	266.266
509.431	274.099
510.106	278.053
510.781	283.226
511.456	283.947
512.131	285.612
512.806	282.866
513.481	281.53
514.156	276.601
514.831	274.131
515.506	269.202
516.181	267.75
516.856	264.495
517.53	264.983
518.205	263.488
518.88	265.216
519.555	264.23
520.23	265.715
520.905	263.912
521.58	264.273
522.255	261.284
522.93	260.658
523.605	256.937
524.28	255.803
524.955	251.603
525.63	249.806
526.305	244.589
526.98	241.375
527.655	234.424
528.33	229.429
529.004	220.976
529.679	215.115
530.354	206.667
531.029	201.775
531.704	195.117
532.379	192.552
533.054	188.337
533.729	187.933
534.404	185.266
535.079	185.668
535.754	183.106
536.429	183.151
537.104	180.066
537.779	179.755
538.454	176.699
539.129	176.9
539.803	174.748
540.478	176.073
541.153	175.021
541.828	177.247
542.503	176.794
543.178	179.374
543.853	179.168
544.528	182.101
545.203	182.499
545.878	186.347
546.553	187.842
547.228	192.72
547.903	194.805
548.578	199.492
549.253	200.348
549.928	202.745
550.603	200.434
551.277	199.232
551.952	193.448
552.627	189.503
553.302	182.168
553.977	178.13
554.652	172.106
555.327	170.473
556.002	167.399
556.677	168.655
557.352	167.827
558.027	170.307
558.702	169.536
559.377	171.073
560.052	168.726
560.727	168.597
561.402	165.024
562.077	164.56
562.751	161.774
563.426	163.24
564.101	163.282
564.776	168.09
565.451	171.481
566.126	179.174
566.801	184.588
567.476	193.227
568.151	198.443
568.826	205.872
569.501	209.099
570.176	214.094
570.851	214.755
571.526	217.356
572.201	215.989
572.876	217.053
573.551	214.649
574.225	215.139
574.9	212.512
575.575	213.035
576.25	210.584
576.925	211.376
577.6	209.248
578.275	210.447
578.95	208.838
579.625	210.729
580.3	210.014
580.975	213.031
581.65	213.635
582.325	218.112
583	220.208
583.675	226.103
584.35	229.405
585.025	236.204
585.699	240.025
586.374	246.952
587.049	250.525
587.724	256.927
588.399	259.799
589.074	265.503
589.749	267.803
590.424	273.198
591.099	275.552
591.774	281.414
592.449	284.636
593.124	291.728
593.799	296.413
594.474	305.063
595.149	311.243
595.824	321.197
596.499	328.342
597.173	338.847
597.848	346.119
598.523	356.412
599.198	363.26
599.873	373.108
600.548	379.722
601.223	389.824
601.898	397.33
602.573	409.075
603.248	418.976
603.923	433.732
604.598	446.929
605.273	464.907
605.948	480.797
606.623	500.493
607.298	516.744
607.972	535.21
608.647	548.609
609.322	562.76
609.997	570.668
610.672	578.629
611.347	580.092
612.022	581.799
612.697	577.537
613.372	574.262
614.047	565.792
614.722	559.018
615.397	547.612
616.072	538.326
616.747	524.736
617.422	513.627
618.097	498.681
618.772	486.893
619.446	472.169
620.121	461.749
620.796	449.643
621.471	443.102
622.146	436.021
622.821	435.385
623.496	434.717
624.171	440.59
624.846	446.039
625.521	457.265
626.196	466.9
626.871	480.861
627.546	491.568
628.221	504.829
628.896	513.055
629.571	522.171
630.246	524.811
630.92	527.249
631.595	522.51
632.27	517.348
632.945	505.253
633.62	493.401
634.295	475.582
634.97	459.204
635.645	438.12
636.32	419.718
636.995	397.722
637.67	379.383
638.345	358.288
639.02	341.571
639.695	322.692
640.37	308.71
641.045	292.989
641.72	282.484
642.394	270.41
643.069	263.552
643.744	254.954
644.419	251.285
645.094	245.474
645.769	244.175
646.444	240.316
647.119	240.602
647.794	237.986
648.469	239.196
649.144	237.147
649.819	238.532
650.494	236.21
651.169	236.884
651.844	233.473
652.519	232.848
653.194	228.132
653.868	226.447
654.543	221.099
655.218	219.313
655.893	214.333
656.568	213.206
657.243	208.876
657.918	208.095
658.593	203.565
659.268	201.973
659.943	196.126
660.618	193.025
661.293	185.888
661.968	182.164
662.643	175.392
663.318	173.175
663.993	168.941
664.668	169.98
665.342	169.245
666.017	173.544
666.692	175.407
667.367	181.424
668.042	184.096
668.717	190.186
669.392	192.45
670.067	197.925
670.742	199.519
671.417	204.299
672.092	205.031
672.767	208.593
673.442	207.573
674.117	208.833
674.792	205.151
675.467	203.845
676.141	198.308
676.816	196.551
677.491	192.539
678.166	194.622
678.841	196.716
679.516	206.754
680.191	217.876
680.866	237.065
681.541	256.46
682.216	282.251
682.891	306.06
683.566	333.918
684.241	357.652
684.916	383.835
685.591	404.92
686.266	428.124
686.941	446.452
687.615	467.473
688.29	484.327
688.965	504.585
689.64	521.249
690.315	541.718
690.99	558.796
691.665	579.742
692.34	597.201
693.015	618.296
693.69	635.458
694.365	655.578
695.04	670.863
695.715	687.941
696.39	698.838
697.065	710.159
697.74	714.039
698.415	717.421
699.089	712.884
699.764	707.944
700.439	695.711
701.114	684.22
701.789	666.91
702.464	651.931
703.139	632.659
703.814	617.066
704.489	598.208
705.164	583.717
705.839	566.322
706.514	553.464
707.189	537.775
707.864	526.687
708.539	512.874
709.214	503.906
709.889	492.543
710.563	486.426
711.238	478.306
711.913	475.773
712.588	471.459
713.263	472.773
713.938	472.148
714.613	476.78
715.288	478.868
715.963	485.409
716.638	488.377
717.313	494.62
717.988	495.999
718.663	499.359
719.338	496.666
720.013	494.981
720.688	486.607
721.363	479.091
722.037	465.236
722.712	453.088
723.387	435.852
724.062	421.827
724.737	404.241
725.412	391.213
726.087	375.599
726.762	365.041
727.437	351.875
728.112	343.352
728.787	331.596
729.462	323.869
730.137	312.537
730.812	305.244
731.487	294.781
732.162	289.163
732.836	281.297
733.511	279.113
734.186	275.138
734.861	276.75
735.536	275.817
736.211	279.198
736.886	278.424
737.561	280.343
738.236	276.834
738.911	275.35
739.586	268.513
740.261	264.517
740.936	256.513
741.611	252.946
742.286	246.847
742.961	246.245
743.636	243.534
744.31	246.083
744.985	245.706
745.66	249.443
746.335	249.057
747.01	251.82
747.685	249.907
748.36	251.091
749.035	247.976
749.71	248.631
750.385	245.734
751.06	247.251
751.735	245.598
752.41	248.446
753.085	247.934
753.76	251.574
754.435	251.458
755.11	255.193
755.784	255.035
756.459	258.792
757.134	258.909
757.809	263.329
758.484	264.517
759.159	270.432
759.834	273.453
760.509	281.467
761.184	286.756
761.859	297.081
762.534	304.586
763.209	316.915
763.884	326.042
764.559	339.472
765.234	349.055
765.909	362.221
766.584	370.839
767.258	382.415
767.933	388.934
768.608	398.072
769.283	401.941
769.958	408.28
770.633	409.192
771.308	412.372
771.983	409.785
772.658	409.064
773.333	402.206
774.008	396.959
774.683	385.584
775.358	376.203
776.033	361.437
776.708	349.723
777.383	333.875
778.058	322.363
778.732	307.809
779.407	298.364
780.082	286.279
780.757	279.357
781.432	269.573
782.107	264.665
782.782	256.662
783.457	253.486
784.132	247.368
784.807	246.43
785.482	242.997
786.157	245.135
786.832	244.98
787.507	250.342
788.182	253.064
788.857	260.732
789.532	265.078
790.206	273.739
790.881	278.594
791.556	287.562
792.231	292.852
792.906	302.678
793.581	309.484
794.256	321.674
794.931	331.713
795.606	347.942
796.281	362.645
796.956	383.941
797.631	403.828
798.306	430.064
798.981	454.318
799.656	484.009
800.331	510.532
801.005	541.114
801.68	567.064
802.355	595.696
803.03	618.476
803.705	643.006
804.38	661.111
805.055	680.754
805.73	694.047
806.405	709.195
807.08	718.396
807.755	729.844
808.43	735.664
809.105	743.89
809.78	746.434
810.455	751.172
811.13	749.837
811.805	750.165
812.479	743.784
813.154	738.399
813.829	725.646
814.504	713.371
815.179	693.432
815.854	674.001
816.529	647.394
817.204	622.282
817.879	591.434
818.554	563.894
819.229	532.591
819.904	506.504
820.579	478.275
821.254	456.353
821.929	432.703
822.604	415.128
823.279	395.019
823.953	379.818
824.628	360.779
825.303	345.493
825.978	325.586
826.653	309.102
827.328	288.177
828.003	271.312
828.678	250.921
829.353	235.66
830.028	217.926
830.703	206.236
831.378	192.75
832.053	185.722
832.728	177.034
833.403	174.694
834.078	170.35
834.753	171.826
835.427	170.623
836.102	174.479
836.777	174.856
837.452	179.537
838.127	180.083
838.802	184.435
839.477	184.318
840.152	187.833
840.827	186.811
841.502	189.403
842.177	187.416
842.852	188.949
843.527	185.747
844.202	185.898
844.877	181.205
845.552	179.904
846.227	174.005
846.901	171.985
847.576	166.057
848.251	164.823
848.926	160.488
849.601	161.532
850.276	159.92
850.951	163.839
851.626	164.957
852.301	171.229
852.976	174.162
853.651	181.663
854.326	185.268
855.001	192.971
855.676	196.409
856.351	203.681
857.026	206.508
857.701	213.078
858.375	215.2
859.05	221.181
859.725	222.954
860.4	228.954
861.075	231.197
861.75	238.129
862.425	241.658
863.1	250.025
863.775	254.849
864.45	264.071
865.125	269.085
865.8	277.757
866.475	281.573
867.15	288.707
867.825	291.092
868.5	297.41
869.174	300.018
869.849	307.83
870.524	313.183
871.199	324.695
871.874	334.151
872.549	349.511
873.224	361.882
873.899	378.673
874.574	390.694
875.249	405.344
875.924	413.697
876.599	423.619
877.274	426.714
877.949	431.399
878.624	429.693
879.299	430.276
879.974	425.209
880.648	423.078
881.323	415.743
881.998	411.534
882.673	402.11
883.348	395.655
884.023	383.772
884.698	374.719
885.373	360.207
886.048	348.705
886.723	332.158
887.398	319.257
888.073	302.159
888.748	289.65
889.423	273.94
890.098	263.7
890.773	250.873
891.448	243.798
892.122	234.001
892.797	229.43
893.472	221.302
894.147	217.425
894.822	209.084
895.497	204.369
896.172	194.996
896.847	189.567
897.522	180.257
898.197	175.978
898.872	168.98
899.547	168.009
900.222	164.927
900.897	167.967
901.572	168.473
902.247	174.274
902.922	176.495
903.596	182.982
904.271	185.082
904.946	190.999
905.621	192.462
906.296	197.998
906.971	199.521
907.646	205.586
908.321	207.99
908.996	215.095
909.671	218.486
910.346	226.361
911.021	230.215
911.696	238.235
912.371	241.946
913.046	249.563
913.721	252.588
914.396	259.153
915.07	260.648
915.745	265.078
916.42	263.764
917.095	264.75
917.77	259.545
918.445	256.535
919.12	247.606
919.795	241.556
920.47	230.602
921.145	223.7
921.82	213.032
922.495	207.343
923.17	198.464
923.845	194.738
924.52	187.63
925.195	185.224
925.87	178.877
926.544	176.713
927.219	170.235
927.894	167.775
928.569	161.02
929.244	158.429
929.919	151.728
930.594	149.331
931.269	142.868
931.944	140.65
932.619	134.236
933.294	131.931
933.969	125.357
934.644	122.948
935.319	116.479
935.994	114.529
936.669	108.971
937.343	108.408
938.018	104.652
938.693	106.165
939.368	104.555
940.043	108.057
940.718	108.06
941.393	112.631
942.068	113.066
942.743	117.438
943.418	117.148
944.093	120.455
944.768	118.987
945.443	121.23
946.118	118.99
946.793	120.83
947.468	118.52
948.143	120.483
948.817	118.27
949.492	120.071
950.167	117.261
950.842	117.968
951.517	113.653
952.192	112.682
952.867	106.851
953.542	104.88
954.217	98.8582
954.892	97.6487
955.567	93.2856
956.242	94.3923
956.917	92.6188
957.592	96.1551
958.267	96.2813
958.942	100.961
959.617	101.45
960.291	105.887
960.966	105.836
961.641	109.792
962.316	109.611
962.991	113.933
963.666	114.574
964.341	119.959
965.016	121.588
965.691	127.563
966.366	129.165
967.041	134.447
967.716	134.832
968.391	138.681
969.066	137.813
969.741	140.961
970.416	140.211
971.091	144.387
971.765	145.475
972.44	152.052
973.115	155.773
973.79	164.888
974.465	170.798
975.14	181.606
975.815	188.675
976.49	200.132
977.165	207.383
977.84	218.569
978.515	225.05
979.19	234.881
979.865	239.35
980.54	246.5
981.215	247.736
981.89	251.363
982.565	249.177
983.239	249.936
983.914	245.851
984.589	245.955
985.264	242.508
985.939	244.329
986.614	243.243
987.289	247.489
987.964	248.304
988.639	253.473
989.314	254.021
989.989	257.817
990.664	256.301
991.339	257.923
992.014	254.797
992.689	255.973
993.364	253.942
994.038	257.838
994.713	259.905
995.388	268.757
996.063	275.965
996.738	289.47
997.413	300.304
998.088	316.098
998.763	327.907
999.438	343.66
1000.11	354.896
1000.79	370.097
1001.46	381.259
1002.14	397.139
1002.81	409.679
1003.49	427.276
1004.16	441.3
1004.84	459.406
1005.51	472.285
1006.19	487.073
1006.86	494.249
1007.54	501.161
1008.21	498.818
1008.89	495.458
1009.56	483.119
1010.24	471.045
1010.91	452.113
1011.59	436.085
1012.26	416.008
1012.94	401.368
1013.61	384.683
1014.29	374.729
1014.96	363.26
1015.64	358.384
1016.31	351.409
1016.99	350.232
1017.66	346.204
1018.34	347.444
1019.01	345.599
1019.69	349.129
1020.36	349.914
1021.04	356.529
1021.71	360.853
1022.39	371.306
1023.06	379.574
1023.74	393.821
1024.41	405.481
1025.09	422.537
1025.76	436.297
1026.44	454.667
1027.11	468.967
1027.79	487.179
1028.46	500.705
1029.14	517.666
1029.81	529.676
1030.49	545.026
1031.16	555.509
1031.84	569.576
1032.51	579.138
1033.19	592.706
1033.86	602.183
1034.53	616.049
1035.21	626.13
1035.88	640.832
1036.56	651.952
1037.23	667.811
1037.91	680.181
1038.58	697.343
1039.26	710.965
1039.93	729.145
1040.61	743.318
1041.28	761.296
1041.96	774.207
1042.63	789.62
1043.31	798.546
1043.98	808.553
1044.66	810.853
1045.33	813.376
1046.01	807.758
1046.68	802.373
1047.36	789.27
1048.03	777.069
1048.71	757.978
1049.38	740.636
1050.06	717.166
1050.73	696.156
1051.41	669.697
1052.08	646.408
1052.76	618.508
1053.43	594.742
1054.11	567.467
1054.78	545.471
1055.46	520.963
1056.13	502.475
1056.81	481.858
1057.48	467.187
1058.16	449.94
1058.83	437.919
1059.51	422.548
1060.18	411.757
1060.86	397.213
1061.53	387.227
1062.21	373.818
1062.88	365.539
1063.56	354.546
1064.23	349.331
1064.91	341.868
1065.58	340.395
1066.26	336.642
1066.93	338.614
1067.61	337.935
1068.28	342.568
1068.96	344.168
1069.63	350.794
1070.31	354.143
1070.98	362.285
1071.66	366.928
1072.33	376.076
1073.01	381.44
1073.68	391.022
1074.36	396.588
1075.03	406.255
1075.71	411.948
1076.38	421.912
1077.06	428.188
1077.73	439.085
1078.41	446.632
1079.08	459.109
1079.76	468.48
1080.43	482.971
1081.11	494.567
1081.78	511.507
1082.46	525.796
1083.13	545.683
1083.81	563.152
1084.48	586.304
1085.16	606.89
1085.83	632.713
1086.51	655.196
1087.18	681.846
1087.86	703.841
1088.53	728.519
1089.21	747.091
1089.88	766.988
1090.56	779.624
1091.23	792.726
1091.9	798.037
1092.58	803.634
1093.25	801.609
1093.93	800.422
1094.6	792.493
1095.28	786.567
1095.95	775.341
1096.63	767.656
1097.3	756.229
1097.98	749.773
1098.65	740.763
1099.33	737.572
1100	732.325
1100.68	733.12
1101.35	731.901
1102.03	736.735
1102.7	739.724
1103.38	749.18
1104.05	757.48
1104.73	773.19
1105.4	788.868
1106.08	813.1
1106.75	838.34
1107.43	872.95
1108.1	909.13
1108.78	954.966
1109.45	1002.48
1110.13	1059.62
1110.8	1118.33
1111.48	1186.5
1112.15	1255.92
1112.83	1334.47
1113.5	1413.66
1114.18	1501.01
1114.85	1587.72
1115.53	1680.68
1116.2	1771.1
1116.88	1865.45
1117.55	1954.49
1118.23	2044.7
1118.9	2126.43
1119.58	2206.04
1120.25	2273.67
1120.93	2335.47
1121.6	2381.8
1122.28	2419
1122.95	2437.98
1123.63	2445.82
1124.3	2434.69
1124.98	2412.86
1125.65	2373.53
1126.33	2326.25
1127	2265.19
1127.68	2200.32
1128.35	2126.01
1129.03	2052.33
1129.7	1973.36
1130.38	1898.63
1131.05	1821.99
1131.73	1752.55
1132.4	1683.76
1133.08	1624.5
1133.75	1567.79
1134.43	1521.89
1135.1	1479.17
1135.78	1447.16
1136.45	1417.58
1137.13	1397.23
1137.8	1377.19
1138.48	1364.26
1139.15	1349.42
1139.83	1339.45
1140.5	1325.99
1141.18	1316.24
1141.85	1302.14
1142.53	1291.22
1143.2	1275.53
1143.88	1262.71
1144.55	1244.79
1145.23	1229.21
1145.9	1208.01
1146.58	1188.89
1147.25	1164.06
1147.92	1141.47
1148.6	1113.6
1149.27	1088.56
1149.95	1058.9
1150.62	1032.69
1151.3	1002.33
1151.97	975.658
1152.65	944.959
1153.32	917.97
1154	886.996
1154.67	859.954
1155.35	829.383
1156.02	803.454
1156.7	774.917
1157.37	752.052
1158.05	727.629
1158.72	709.841
1159.4	691.354
1160.07	680.234
1160.75	669.167
1161.42	666.337
1162.1	664.694
1162.77	672.793
1163.45	683.955
1164.12	706.947
1164.8	735.145
1165.47	777.048
1166.15	825.429
1166.82	887.855
1167.5	955.899
1168.17	1035.76
1168.85	1117.67
1169.52	1206.58
1170.2	1291.65
1170.87	1377.19
1171.55	1452.03
1172.22	1520.72
1172.9	1572.56
1173.57	1612.73
1174.25	1631.92
1174.92	1636.9
1175.6	1619.84
1176.27	1588.99
1176.95	1538.21
1177.62	1477.26
1178.3	1401.04
1178.97	1320.06
1179.65	1229.74
1180.32	1140.47
1181	1047.12
1181.67	959.397
1182.35	871.413
1183.02	791.931
1183.7	714.262
1184.37	646.482
1185.05	581.438
1185.72	526.846
1186.4	475.285
1187.07	434.251
1187.75	396.047
1188.42	367.85
1189.1	341.592
1189.77	324.081
1190.45	307.024
1191.12	297.113
1191.8	286.173
1192.47	281.191
1193.15	274.417
1193.82	273.336
1194.5	270.622
1195.17	274.025
1195.85	276.315
1196.52	285.092
1197.2	292.883
1197.87	306.929
1198.55	319.512
1199.22	337.734
1199.9	353.931
1200.57	375.408
1201.25	394.828
1201.92	419.824
1202.6	443.261
1203.27	472.826
1203.95	501.235
1204.62	535.846
1205.29	568.94
1205.97	607.43
1206.64	643.292
1207.32	683.213
1207.99	719.159
1208.67	757.914
1209.34	791.656
1210.02	827.337
1210.69	857.262
1211.37	888.353
1212.04	912.85
1212.72	937.528
1213.39	954.531
1214.07	970.623
1214.74	978.107
1215.42	984.054
1216.09	981.181
1216.77	977.047
1217.44	964.803
1218.12	952.348
1218.79	933.012
1219.47	914.695
1220.14	890.611
1220.82	868.456
1221.49	841.266
1222.17	816.556
1222.84	787.299
1223.52	760.988
1224.19	730.682
1224.87	703.916
1225.54	673.768
1226.22	647.733
1226.89	618.784
1227.57	594.222
1228.24	566.862
1228.92	543.807
1229.59	517.761
1230.27	495.765
1230.94	470.515
1231.62	449.07
1232.29	424.223
1232.97	403.075
1233.64	378.471
1234.32	357.589
1234.99	333.335
1235.67	312.982
1236.34	289.576
1237.02	270.495
1237.69	248.967
1238.37	232.47
1239.04	214.273
1239.72	201.79
1240.39	188.127
1241.07	180.418
1241.74	171.448
1242.42	168.004
1243.09	162.601
1243.77	161.837
1244.44	158.2
1245.12	158.377
1245.79	155.086
1246.47	155.285
1247.14	151.998
1247.82	152.42
1248.49	149.748
1249.17	151.218
1249.84	149.987
1250.52	153.157
1251.19	153.738
1251.87	158.671
1252.54	160.877
1253.22	167.249
1253.89	170.753
1254.57	178.354
1255.24	183.139
1255.92	192.148
1256.59	198.524
1257.27	209.268
1257.94	217.437
1258.62	229.862
1259.29	239.422
1259.97	252.752
1260.64	262.598
1261.31	275.509
1261.99	284.255
1262.66	295.459
1263.34	302.063
1264.01	310.841
1264.69	314.911
1265.36	321.187
1266.04	322.862
1266.71	326.847
1267.39	326.349
1268.06	328.204
1268.74	325.575
1269.41	325.289
1270.09	320.508
1270.76	318.081
1271.44	311.286
1272.11	307.014
1272.79	298.608
1273.46	292.989
1274.14	283.491
1274.81	277.004
1275.49	266.817
1276.16	259.768
1276.84	249.178
1277.51	241.868
1278.19	231.214
1278.86	224.098
1279.54	213.957
1280.21	207.684
1280.89	198.726
1281.56	193.924
1282.24	186.665
1282.91	183.691
1283.59	178.32
1284.26	177.209
1284.94	173.633
1285.61	174.199
1286.29	172.162
1286.96	174.084
1287.64	173.201
1288.31	176.027
1288.99	175.794
1289.66	179.019
1290.34	179.003
1291.01	182.355
1291.69	182.535
1292.36	186.293
1293.04	187.236
1293.71	192.182
1294.39	194.757
1295.06	201.679
1295.74	206.441
1296.41	215.572
1297.09	222.423
1297.76	233.428
1298.44	241.966
1299.11	254.583
1299.79	264.866
1300.46	279.59
1301.14	292.544
1301.81	310.523
1302.49	327.24
1303.16	349.235
1303.84	369.832
1304.51	395.082
1305.19	417.863
1305.86	443.844
1306.54	465.766
1307.21	489.331
1307.89	507.553
1308.56	526.57
1309.24	539.948
1309.91	554.386
1310.59	563.99
1311.26	575.862
1311.94	584.406
1312.61	596.883
1313.29	607.801
1313.96	624.423
1314.64	641.267
1315.31	665.553
1315.99	691.715
1316.66	726.823
1317.34	765.08
1318.01	813.132
1318.68	864.693
1319.36	925.772
1320.03	989.428
1320.71	1061.08
1321.38	1133.29
1322.06	1211.19
1322.73	1287.41
1323.41	1367.33
1324.08	1444.19
1324.76	1523.8
1325.43	1600.01
1326.11	1679.41
1326.78	1756.37
1327.46	1837.46
1328.13	1916.97
1328.81	2001.24
1329.48	2084.03
1330.16	2171.06
1330.83	2255.55
1331.51	2342.89
1332.18	2425.79
1332.86	2509.32
1333.53	2586.6
1334.21	2662.71
1334.88	2730.87
1335.56	2796.91
1336.23	2854.26
1336.91	2908.96
1337.58	2955.07
1338.26	2998.42
1338.93	3033.3
1339.61	3065.52
1340.28	3088.95
1340.96	3109.52
1341.63	3120.86
1342.31	3128.7
1342.98	3126.9
1343.66	3121.28
1344.33	3106.02
1345.01	3087.26
1345.68	3059.69
1346.36	3029.8
1347.03	2992.28
1347.71	2953.8
1348.38	2908.96
1349.06	2863.9
1349.73	2812.92
1350.41	2761.93
1351.08	2704.79
1351.76	2647.44
1352.43	2583.95
1353.11	2520.66
1353.78	2451.87
1354.46	2384.34
1355.13	2312.89
1355.81	2244.31
1356.48	2173.07
1357.16	2105.87
1357.83	2036.75
1358.51	1971.56
1359.18	1904.25
1359.86	1840.22
1360.53	1773.12
1361.21	1708.77
1361.88	1641.14
1362.56	1576.16
1363.23	1508.43
1363.91	1444.19
1364.58	1378.15
1365.26	1316.56
1365.93	1254.02
1366.61	1196.42
1367.28	1138.16
1367.96	1085.04
1368.63	1031.26
1369.31	982.548
1369.98	933.161
1370.66	888.84
1371.33	843.895
1372.01	804.058
1372.68	763.607
1373.36	728.148
1374.03	691.852
1374.7	660.199
1375.38	627.306
1376.05	598.643
1376.73	568.431
1377.4	542.269
1378.08	514.592
1378.75	491.144
1379.43	466.487
1380.1	446.431
1380.78	425.474
1381.45	409.255
1382.13	392.061
1382.8	379.245
1383.48	364.903
1384.15	354.186
1384.83	341.19
1385.5	331.162
1386.18	318.441
1386.85	308.593
1387.53	296.339
1388.2	287.573
1388.88	277.227
1389.55	271.216
1390.23	264.368
1390.9	262.269
1391.58	259.354
1392.25	260.764
1392.93	260.584
1393.6	263.722
1394.28	264.294
1394.95	267.432
1395.63	267.633
1396.3	270.485
1396.98	270.972
1397.65	274.99
1398.33	277.629
1399	284.689
1399.68	290.997
1400.35	301.904
1401.03	311.826
1401.7	325.777
1402.38	338.084
1403.05	353.815
1403.73	367.606
1404.4	384.927
1405.08	400.828
1405.75	421.032
1406.43	440.632
1407.1	465.056
1407.78	488.811
1408.45	516.521
1409.13	541.792
1409.8	568.421
1410.48	589.452
1411.15	608.448
1411.83	618.731
1412.5	624.487
1413.18	620.077
1413.85	610.865
1414.53	592.431
1415.2	571.188
1415.88	543.489
1416.55	516.097
1417.23	485.377
1417.9	457.752
1418.58	429.004
1419.25	404.845
1419.93	380.443
1420.6	360.938
1421.28	341.147
1421.95	325.999
1422.63	310.311
1423.3	299.064
1423.98	287.191
1424.65	279.76
1425.33	271.767
1426	268.216
1426.68	264.061
1427.35	264.199
1428.03	263.478
1428.7	266.679
1429.38	268.598
1430.05	273.94
1430.73	277.46
1431.4	283.841
1432.07	287.859
1432.75	294.187
1433.42	297.717
1434.1	303.251
1434.77	305.89
1435.45	310.671
1436.12	312.95
1436.8	317.932
1437.47	321.102
1438.15	327.674
1438.82	333.027
1439.5	342.133
1440.17	350.147
1440.85	361.776
1441.52	371.973
1442.2	385.341
1442.87	396.853
1443.55	411.163
1444.22	423.428
1444.9	438.417
1445.57	451.403
1446.25	467.176
1446.92	481.041
1447.6	497.748
1448.27	512.588
1448.95	530.344
1449.62	546.425
1450.3	565.76
1450.97	583.972
1451.65	606.127
1452.32	627.932
1453	654.422
1453.67	681.22
1454.35	713.127
1455.02	745.554
1455.7	783.059
1456.37	820.945
1457.05	863.728
1457.72	906.766
1458.4	954.637
1459.07	1002.83
1459.75	1055.92
1460.42	1109.33
1461.1	1167.48
1461.77	1225.5
1462.45	1287.62
1463.12	1348.78
1463.8	1412.92
1464.47	1475.03
1465.15	1538.85
1465.82	1599.59
1466.5	1660.97
1467.17	1718.21
1467.85	1775.03
1468.52	1826.33
1469.2	1875.84
1469.87	1918.66
1470.55	1958.31
1471.22	1990.11
1471.9	2017.99
1472.57	2037.39
1473.25	2052.76
1473.92	2059.75
1474.6	2062.62
1475.27	2057.1
1475.95	2047.46
1476.62	2029.23
1477.3	2006.75
1477.97	1975.69
1478.65	1940.82
1479.32	1898.63
1480	1854.42
1480.67	1805.56
1481.35	1757.85
1482.02	1708.77
1482.7	1664.25
1483.37	1621.43
1484.05	1585.49
1484.72	1553.05
1485.4	1528.78
1486.07	1508.85
1486.75	1497.61
1487.42	1491.57
1488.09	1495.18
1488.77	1505.35
1489.44	1526.87
1490.12	1556.87
1490.79	1600.33
1491.47	1654.08
1492.14	1722.66
1492.82	1802.06
1493.49	1896.3
1494.17	2000.07
1494.84	2116.04
1495.52	2237.63
1496.19	2366
1496.87	2493.21
1497.54	2619.25
1498.22	2735.53
1498.89	2841.86
1499.57	2930.16
1500.24	3001.39
1500.92	3049.31
1501.59	3077.19
1502.27	3081.32
1502.94	3067.11
1503.62	3032.98
1504.29	2985.49
1504.97	2923.9
1505.64	2854.68
1506.32	2776.45
1506.99	2694.93
1507.67	2607.59
1508.34	2519.07
1509.02	2426.21
1509.69	2333.14
1510.37	2236.57
1511.04	2140.95
1511.72	2042.9
1512.39	1947.18
1513.07	1850.61
1513.74	1757.85
1514.42	1665.52
1515.09	1577.86
1515.77	1491.04
1516.44	1408.99
1517.12	1327.48
1517.79	1250.09
1518.47	1172.96
1519.14	1099.59
1519.82	1026.43
1520.49	957.553
1521.17	889.763
1521.84	827.453
1522.52	767.667
1523.19	714.771
1523.87	665.627
1524.54	624.169
1525.22	586.76
1525.89	556.718
1526.57	529.825
1527.24	508.931
1527.92	489.553
1528.59	474.416
1529.27	459.173
1529.94	446.823
1530.62	433.435
1531.29	422.4
1531.97	410.209
1532.64	400.584
1533.32	390.227
1533.99	382.924
1534.67	375.418
1535.34	371.337
1536.02	367.246
1536.69	366.546
1537.37	365.549
1538.04	367.405
1538.72	368.263
1539.39	371.147
1540.07	372.228
1540.74	374.613
1541.42	374.729
1542.09	375.959
1542.77	375.09
1543.44	375.832
1544.12	375.228
1544.79	377.03
1545.46	378.259
1546.14	382.447
1546.81	386.295
1547.49	392.973
1548.16	398.888
1548.84	406.965
1549.51	413.485
1550.19	421.403
1550.86	427.159
1551.54	433.869
1552.21	438.258
1552.89	443.601
1553.56	446.823
1554.24	451.297
1554.91	454.01
1555.59	458.335
1556.26	461.261
1556.94	466.042
1557.61	469.593
1558.29	475.01
1558.96	479.048
1559.64	484.635
1560.31	488.419
1560.99	493.274
1561.66	495.924
1562.34	499.423
1563.01	500.779
1563.69	503.313
1564.36	504.331
1565.04	507.309
1565.71	509.578
1566.39	514.454
1567.06	519.065
1567.74	526.432
1568.41	533.461
1569.09	543.033
1569.76	552.128
1570.44	563.788
1571.11	575.258
1571.79	589.77
1572.46	604.717
1573.14	623.342
1573.81	642.868
1574.49	666.263
1575.16	690.57
1575.84	718.608
1576.51	747.484
1577.19	780.207
1577.86	814.256
1578.54	853.021
1579.21	894.278
1579.89	941.514
1580.56	992.481
1581.24	1050.43
1581.91	1112.93
1582.59	1183.16
1583.26	1258.79
1583.94	1343.69
1584.61	1436.24
1585.29	1540.86
1585.96	1656.73
1586.64	1788.49
1587.31	1934.99
1587.99	2100.04
1588.66	2280.99
1589.34	2479.85
1590.01	2692.28
1590.69	2918.71
1591.36	3153.61
1592.04	3396.26
1592.71	3640.18
1593.39	3883.67
1594.06	4119.1
1594.74	4342.88
1595.41	4545.56
1596.09	4721.63
1596.76	4860.39
1597.44	4956.33
1598.11	5000
1598.79	4989.08
1599.46	4919.12
1600.14	4794.14
1600.81	4616.16
1601.49	4395.67
1602.16	4139.77
1602.83	3862.04
1603.51	3570.74
1604.18	3278.38
1604.86	2990.47
1605.53	2715.39
1606.21	2454.94
1606.88	2213.67
1607.56	1990.11
1608.23	1786.79
1608.91	1601.18
1609.58	1435.18
1610.26	1285.82
1610.93	1154.91
1611.61	1038.93
1612.28	939.044
1612.96	851.378
1613.63	776.518
1614.31	710.414
1614.98	653.776
1615.66	603.021
1616.33	559.485
1617.01	520.252
1617.68	487.168
1618.36	457.636
1619.03	433.477
1619.71	411.969
1620.38	394.658
1621.06	378.662
1621.73	365.528
1622.41	352.564
1623.08	341.667
1623.76	330.589
1624.43	321.547
1625.11	312.526
1625.78	305.742
1626.46	299.053
1627.13	294.378
1627.81	289.332
1628.48	285.633
1629.16	280.916
1629.83	277.025
1630.51	271.863
1631.18	267.559
1631.86	262.28
1632.53	258.315
1633.21	253.855
1633.88	251.062
1634.56	248.014
1635.23	246.691
1635.91	245.07
1636.58	245.042
1637.26	244.585
1637.93	245.56
1638.61	245.94
1639.28	247.5
1639.96	248.128
1640.63	249.48
1641.31	249.414
1641.98	249.611
1642.66	248.12
1643.33	246.875
1644.01	244.287
1644.68	242.592
1645.36	240.445
1646.03	240.123
1646.71	240.161
1647.38	242.494
1648.06	245.244
1648.73	249.86
1649.41	254.085
1650.08	259.089
1650.76	262.587
1651.43	265.842
1652.11	266.859
1652.78	267.22
1653.46	265.322
1654.13	263.086
1654.81	259.142
1655.48	255.602
1656.16	251.224
1656.83	248.109
1657.51	245.063
1658.18	244.107
1658.85	243.944
1659.53	246.39
1660.2	249.899
1660.88	255.92
1661.55	262.587
1662.23	270.994
1662.9	279.029
1663.58	287.668
1664.25	294.898
1664.93	301.915
1665.6	307.099
1666.28	312.017
1666.95	315.462
1667.63	319.257
1668.3	322.268
1668.98	326.211
1669.65	329.741
1670.33	334.215
1671	337.999
1671.68	342.218
1672.35	345.218
1673.03	348.186
1673.7	349.755
1674.38	351.419
1675.05	352.119
1675.73	353.571
1676.4	354.801
1677.08	357.366
1677.75	360.016
1678.43	363.949
1679.1	367.532
1679.78	371.645
1680.45	374.549
1681.13	377.125
1681.8	377.846
1682.48	377.92
1683.15	376.245
1683.83	374.316
1684.5	371.295
1685.18	368.751
1685.85	365.783
1686.53	363.737
1687.2	361.458
1687.88	360.005
1688.55	358.023
1689.23	356.433
1689.9	353.953
1690.58	351.61
1691.25	348.313
1691.93	345.281
1692.6	341.635
1693.28	338.635
1693.95	335.391
1694.63	333.059
1695.3	330.61
1695.98	328.957
1696.65	326.921
1697.33	325.268
1698	322.755
1698.68	320.19
1699.35	316.406
1700.03	312.314
1700.7	306.94
1701.38	301.3
1702.05	294.601
1702.73	287.922
1703.4	280.555
1704.08	273.612
1704.75	266.372
1705.43	259.905
1706.1	253.455
1706.78	247.95
1707.45	242.556
1708.13	238.074
1708.8	233.578
1709.48	229.768
1710.15	225.693
1710.83	222.024
1711.5	217.876
1712.18	213.98
1712.85	209.575
1713.53	205.486
1714.2	201.069
1714.88	197.196
1715.55	193.27
1716.22	190.118
1716.9	187.102
1717.57	184.929
1718.25	182.872
1718.92	181.518
1719.6	180.077
1720.27	179.068
1720.95	177.717
1721.62	176.563
1722.3	174.924
1722.97	173.409
1723.65	171.459
1724.32	169.742
1725	167.779
1725.67	166.239
1726.35	164.644
1727.02	163.591
1727.7	162.55
1728.37	162.022
1729.05	161.432
1729.72	161.22
1730.4	160.824
1731.07	160.684
1731.75	160.296
1732.42	160.121
1733.1	159.703
1733.77	159.486
1734.45	159.009
1735.12	158.647
1735.8	157.909
1736.47	157.113
1737.15	155.795
1737.82	154.307
1738.5	152.314
1739.17	150.29
1739.85	148.07
1740.52	146.229
1741.2	144.679
1741.87	143.946
1742.55	143.849
1743.22	144.705
1743.9	146.13
1744.57	148.211
1745.25	150.439
1745.92	152.826
1746.6	154.934
1747.27	156.898
1747.95	158.497
1748.62	160.039
1749.3	161.463
1749.97	163.106
1750.65	164.869
1751.32	166.907
1752	168.935
1752.67	170.882
1753.35	172.342
1754.02	173.189
1754.7	173.131
1755.37	172.237
1756.05	170.518
1756.72	168.325
1757.4	165.942
1758.07	163.838
1758.75	162.322
1759.42	161.704
1760.1	162.06
1760.77	163.365
1761.45	165.399
1762.12	167.857
1762.8	170.382
1763.47	172.611
1764.15	174.293
1764.82	175.222
1765.5	175.402
1766.17	174.854
1766.85	173.819
1767.52	172.453
1768.2	171.096
1768.87	169.874
1769.55	169.066
1770.22	168.64
1770.9	168.73
1771.57	169.12
1772.24	169.829
1772.92	170.541
1773.59	171.276
1774.27	171.748
1774.94	172.1
1775.62	172.146
1776.29	172.178
1776.97	172.073
1777.64	172.167
1778.32	172.277
1778.99	172.659
1779.67	172.979
1780.34	173.389
1781.02	173.457
1781.69	173.349
1782.37	172.691
1783.04	171.825
1783.72	170.55
1784.39	169.412
1785.07	168.319
1785.74	167.873
1786.42	167.895
1787.09	168.838
1787.77	170.269
1788.44	172.426
1789.12	174.647
1789.79	177.065
1790.47	178.972
1791.14	180.594
1791.82	181.343
1792.49	181.643
1793.17	181.064
1793.84	180.19
1794.52	178.672
1795.19	177.17
1795.87	175.339
1796.54	173.872
1797.22	172.407
1797.89	171.658
1798.57	171.225
1799.24	171.791
1799.92	172.834
1800.59	174.902
1801.27	177.25
1801.94	180.231
1802.62	182.897
1803.29	185.508
1803.97	187.088
1804.64	188.034
1805.32	187.578
1805.99	186.436
1806.67	184.132
1807.34	181.67
1808.02	178.719
1808.69	176.33
1809.37	174.048
1810.04	172.73
1810.72	171.624
1811.39	171.333
1812.07	170.872
1812.74	170.754
1813.42	169.974
1814.09	169.187
1814.77	167.567
1815.44	166.017
1816.12	163.905
1816.79	162.303
1817.47	160.62
1818.14	159.906
1818.82	159.42
1819.49	160.043
1820.17	160.799
1820.84	162.393
1821.52	163.686
1822.19	165.338
1822.87	166.201
1823.54	167.047
1824.22	166.857
1824.89	166.591
1825.57	165.368
1826.24	164.286
1826.92	162.508
1827.59	161.146
1828.27	159.288
1828.94	157.975
1829.61	156.17
1830.29	154.855
1830.96	152.932
1831.64	151.407
1832.31	149.206
1832.99	147.432
1833.66	145.066
1834.34	143.289
1835.01	141.082
1835.69	139.619
1836.36	137.797
1837.04	136.715
1837.71	135.154
1838.39	134.158
1839.06	132.444
1839.74	131.077
1840.41	128.798
1841.09	126.767
1841.76	123.792
1842.44	121.137
1843.11	117.664
1843.79	114.709
1844.46	111.14
1845.14	108.322
1845.81	105.104
1846.49	102.862
1847.16	100.404
1847.84	99.0872
1848.51	97.6381
1849.19	97.3402
1849.86	96.7646
1850.54	97.0593
1851.21	96.6215
1851.89	96.4901
1852.56	94.988
1853.24	93.2188
1853.91	89.6507
1854.59	85.6935
1855.26	80.1569
1855.94	74.8609
1856.61	68.931
1857.29	64.4078
1857.96	60.4072
1858.64	58.7737
1859.31	58.1843
1859.99	59.9419
1860.66	62.1075
1861.34	65.4986
1862.01	67.8593
1862.69	70.0229
1863.36	70.0229
1864.04	69.2893
1864.71	66.5693
1865.39	64.0474
1866.06	61.0242
1866.74	59.9726
1867.41	60.0648
1868.09	63.3075
1868.76	68.082
1869.44	75.5171
1870.11	83.1282
1870.79	91.4485
1871.46	97.7155
1872.14	102.627
1872.81	103.904
1873.49	103.016
1874.16	98.4978
1874.84	92.5881
1875.51	84.3441
1876.19	76.2697
1876.86	67.3643
1877.54	59.8878
1878.21	52.4336
1878.89	46.8779
1879.56	41.4727
1880.24	37.911
1880.91	34.3492
1881.59	32.5259
1882.26	30.6179
1882.94	30.4165
1883.61	30.0666
1884.29	31.3069
1884.96	32.1549
1885.63	34.3068
1886.31	35.6955
1886.98	38.0594
1887.66	39.3844
1888.33	41.5045
1889.01	42.4798
1889.68	44.1748
1890.36	44.6094
1891.03	45.5761
1891.71	44.9846
1892.38	44.6147
1893.06	42.4268
1893.73	40.3915
1894.41	36.7449
1895.08	33.798
1895.76	30.0666
1896.43	28.0738
1897.11	26.2929
1897.78	27.0243
1898.46	28.3176
1899.13	31.9853
1899.81	35.5471
1900.48	40.4233
1901.16	43.8896
1901.83	47.4715
1902.51	48.7065
1903.18	49.5693
1903.86	48.1118
1904.53	46.8132
1905.21	44.0582
1905.88	42.5116
1906.56	40.4869
1907.23	40.4657
1907.91	40.4445
1908.58	42.5434
1909.26	44.409
1909.93	47.9475
1910.61	50.6145
1911.28	54.259
1911.96	56.3388
1912.63	58.8013
1913.31	59.2115
1913.98	59.7034
1914.66	58.0253
1915.33	56.5518
1916.01	53.2487
1916.68	50.7248
1917.36	47.0931
1918.03	45.0652
1918.71	42.713
1919.38	42.6282
1920.06	42.607
1920.73	44.9751
1921.41	47.2076
1922.08	51.3629
1922.76	54.7233
1923.43	59.3027
1924.11	62.4171
1924.78	66.2375
1925.46	68.2484
1926.13	70.8338
1926.81	71.6172
1927.48	73.1023
1928.16	72.9401
1928.83	73.6557
1929.51	72.8659
1930.18	73.1023
1930.86	71.9681
1931.53	72.0338
1932.21	70.9091
1932.88	71.1889
1933.56	70.4416
1934.23	71.2101
1934.91	70.9345
1935.58	72.0571
1936.26	71.8843
1936.93	72.8055
1937.61	72.1059
1938.28	72.2575
1938.96	70.6547
1939.63	69.9487
1940.31	67.6781
1940.98	66.6392
1941.66	64.4184
1942.33	63.8322
1943	62.3842
1943.68	62.804
1944.35	62.4563
1945.03	63.9711
1945.7	64.605
1946.38	66.9466
1947.05	68.1964
1947.73	70.9409
1948.4	72.3539
1949.08	75.0295
1949.75	76.1234
1950.43	78.2647
1951.1	78.6336
1951.78	79.9513
1952.45	79.4827
1953.13	80.0848
1953.8	79.1128
1954.48	79.5103
1955.15	78.6252
1955.83	79.3598
1956.5	78.9283
1957.18	80.0997
1957.85	79.9258
1958.53	81.094
1959.2	80.6159
1959.88	81.2678
1960.55	80.1898
1961.23	80.371
1961.9	79.1244
1962.58	79.5972
1963.25	79.1297
1963.93	80.8184
1964.6	81.8191
1965.28	85.0066
1965.95	87.2603
1966.63	91.2535
1967.3	93.7085
1967.98	97.284
1968.65	98.7681
1969.33	101.006
1970	100.987
1970.68	101.796
1971.35	100.592
1972.03	100.605
1972.7	99.0257
1973.38	99.0851
1974.05	97.8904
1974.73	98.5932
1975.4	98.1777
1976.08	99.7094
1976.75	100.067
1977.43	102.249
1978.1	103.052
1978.78	105.44
1979.45	106.157
1980.13	108.179
1980.8	108.262
1981.48	109.469
1982.15	108.64
1982.83	108.977
1983.5	107.422
1984.18	107.291
1984.85	105.557
1985.53	105.549
1986.2	104.168
1986.88	104.659
1987.55	103.796
1988.23	104.743
1988.9	104.19
1989.58	105.308
1990.25	104.802
1990.93	105.927
1991.6	105.452
1992.28	106.713
1992.95	106.492
1993.63	108.118
1994.3	108.293
1994.98	110.269
1995.65	110.631
1996.33	112.571
1997	112.623
1997.68	114.018
1998.35	113.351
1999.03	113.988
1999.7	112.639
