398.139984 0.000000
397.434960 0.000000
396.729937 0.000000
396.024913 0.000000
395.319889 0.000000
394.614865 1.671314
393.909841 2.961048
393.204818 3.220524
392.499794 3.525787
391.794770 4.281311
391.089746 1.587364
390.384723 4.685783
389.679699 4.617100
388.974675 5.861050
388.269651 6.929470
387.564628 11.668678
386.859604 16.346832
386.154580 20.811302
385.449556 21.292095
384.744532 18.987358
384.039509 22.085777
383.334485 25.283409
382.629461 24.352356
381.924437 30.869720
381.219414 37.394714
380.514390 43.667877
379.809366 48.964188
379.104342 57.191021
378.399318 60.800755
377.694295 71.416275
376.989271 76.231812
376.284247 85.763657
375.579223 98.867043
374.874200 116.038116
374.169176 125.043381
373.464152 140.169159
372.759128 152.593353
372.054104 166.246231
371.349081 178.807800
370.644057 196.787796
369.939033 223.498306
369.234009 248.392548
368.528986 262.526184
367.823962 285.764313
367.118938 311.711731
366.413914 344.260345
365.708891 357.218750
365.003867 379.609985
364.298843 394.468506
363.593819 425.780853
362.888795 438.350098
362.183772 467.647644
361.478748 482.834503
360.773724 499.341675
360.068700 481.979950
359.363677 489.702911
358.658653 485.597198
357.953629 485.971130
357.248605 474.554321
356.543581 482.170593
355.838558 507.240326
355.133534 550.366211
354.428510 569.842041
353.723486 609.533936
353.018463 643.387634
352.313439 661.650024
351.608415 637.709900
350.903391 616.486267
350.198367 604.237610
349.493344 603.886597
348.788320 598.346130
348.083296 625.697571
347.378272 656.208679
346.673249 700.899109
345.968225 742.132690
345.263201 810.557373
344.558177 876.165894
343.853153 943.552612
343.148130 1005.566956
342.443106 1107.097290
341.738082 1195.928955
341.033058 1310.326538
340.328035 1392.678711
339.623011 1581.064331
338.917987 1812.278076
338.212963 2136.413818
337.507940 2492.114746
336.802916 3036.199463
336.097892 3618.458496
335.392868 4246.192871
334.687844 4557.241699
333.982821 4636.625000
333.277797 4369.526855
332.572773 3929.521729
331.867749 3298.558105
331.162726 2837.206299
330.457702 2430.000488
329.752678 2158.377686
329.047654 1921.981934
328.342630 1787.154663
327.637607 1633.668579
326.932583 1557.184937
326.227559 1470.032227
325.522535 1441.383301
324.817512 1403.149292
324.112488 1442.985962
323.407464 1477.068604
322.702440 1592.374146
321.997416 1717.615723
321.292393 1878.130737
320.587369 1915.502930
319.882345 1946.906616
319.177321 1938.839722
318.472298 1960.032959
317.767274 1909.374756
317.062250 1872.834717
316.357226 1763.481567
315.652203 1688.425171
314.947179 1562.244751
314.242155 1475.099731
313.537131 1327.680542
312.832107 1211.024170
312.127084 1084.317261
311.422060 1001.713074
310.717036 918.589783
310.012012 848.966919
309.306989 760.387451
308.601965 721.718140
307.896941 662.573364
307.191917 633.855835
306.486893 591.103638
305.781870 587.142883
305.076846 559.379150
304.371822 538.979980
303.666798 521.366333
302.961775 519.847717
302.256751 511.712433
301.551727 529.974915
300.846703 531.745300
300.141679 558.547363
299.436656 566.155945
298.731632 564.118408
298.026608 534.446838
297.321584 522.053223
296.616561 502.401947
295.911537 488.321655
295.206513 460.466339
294.501489 455.544067
293.796465 427.452148
293.091442 408.854034
292.386418 381.731445
291.681394 355.661957
290.976370 319.824066
290.271347 309.323029
289.566323 284.421173
288.861299 266.273315
288.156275 249.087006
287.451252 248.453583
286.746228 236.647552
286.041204 227.993317
285.336180 217.698349
284.631156 220.773819
283.926133 208.815170
283.221109 209.036514
282.516085 203.205963
281.811061 204.968842
281.106038 205.136749
280.401014 210.562805
279.695990 202.099380
278.990966 197.459381
278.285942 181.967316
277.580919 175.915466
276.875895 169.840729
276.170871 161.331543
275.465847 150.059662
274.760824 144.259659
274.055800 135.323090
273.350776 130.187042
272.645752 119.373093
271.940728 107.208389
271.235705 98.683899
270.530681 91.472061
269.825657 83.245216
269.120633 80.436813
268.415610 74.354439
267.710586 69.294708
267.005562 59.656021
266.300538 53.306553
265.595515 45.766560
264.890491 42.614712
264.185467 40.287090
263.480443 43.110775
262.775419 40.302353
262.070396 38.692089
261.365372 37.707607
260.660348 38.554714
259.955324 38.890511
259.250301 40.142086
258.545277 37.387089
257.840253 36.341553
257.135229 37.348927
256.430205 38.722610
255.725182 39.340775
255.020158 41.729443
254.315134 41.775242
253.610110 38.997349
252.905087 35.898926
252.200063 29.320511
251.495039 31.205509
250.790015 36.692608
250.084991 30.266827
249.379968 25.168938
248.674944 26.512096
247.969920 27.038666
247.264896 25.809994
246.559873 24.665253
245.854849 24.268410
245.149825 24.825516
244.444801 19.277359
243.739778 18.781303
243.034754 17.445778
242.329730 16.728413
241.624706 16.522362
240.919682 15.186836
240.214659 13.080521
239.509635 11.622887
238.804611 15.408154
238.099587 19.315517
237.394564 19.071304
236.689540 23.261044
235.984516 23.665512
235.279492 21.070778
234.574468 24.001305
233.869445 29.076302
233.164421 34.716034
232.459397 38.310505
231.754373 39.088932
231.049350 39.646034
230.344326 36.425507
229.639302 37.387089
228.934278 36.646816
228.229254 31.190247
227.524231 25.313938
226.819207 22.299461
226.114183 22.436829
225.409159 18.277622
224.704136 15.011307
223.999112 16.186569
223.294088 16.781834
222.589064 17.140514
221.884040 18.926304
221.179017 18.598145
220.473993 20.307621
219.768969 19.025517
219.063945 17.117619
218.358922 16.751305
217.653898 15.911835
216.948874 16.308678
216.243850 16.575783
215.538827 18.170776
214.833803 19.613144
214.128779 21.139465
213.423755 21.971302
212.718731 21.734726
212.013708 21.734726
211.308684 23.673145
210.603660 23.787621
209.898636 29.900513
209.193613 35.929447
208.488589 37.669456
207.783565 35.357090
207.078541 35.937088
206.373517 34.258133
205.668494 38.859997
204.963470 40.470245
204.258446 43.843395
203.553422 45.873394
202.848399 51.589447
202.143375 52.573925
201.438351 58.931023
200.733327 62.243126
200.028303 61.945507
199.323280 66.043655
198.618256 75.789185
197.913232 80.352859
197.208208 87.931007
196.503185 91.342323
195.798161 97.195755
195.093137 109.780220
194.388113 122.792061
193.683090 132.560486
192.978066 158.210205
192.273042 176.831223
191.568018 205.373322
190.862994 235.975967
190.157971 277.262787
189.452947 329.218567
188.747923 400.108215
188.042899 461.817139
187.337876 562.149353
186.632852 652.911865
185.927828 742.598083
185.222804 817.502075
184.517780 904.112671
183.812757 920.757324
183.107733 952.245056
182.402709 937.493286
181.697685 943.522217
180.992662 951.214783
180.287638 983.786377
179.582614 969.019409
178.877590 974.842163
178.172566 948.123901
177.467543 930.609924
176.762519 886.766052
176.057495 882.164307
175.352471 851.348022
174.647448 872.556213
173.942424 846.929382
173.237400 826.736206
172.532376 833.902222
171.827353 884.865906
171.122329 930.716553
170.417305 1041.901123
169.712281 1166.486450
169.007257 1350.590332
168.302234 1481.617188
167.597210 1724.781738
166.892186 1934.772217
166.187162 2236.158203
165.482139 2518.824463
164.777115 2946.444336
164.072091 3212.901123
163.367067 3206.819824
162.662043 2775.703613
161.957020 2243.996582
161.251996 1678.595825
160.546972 1248.647949
159.841948 928.633057
159.136925 747.123718
158.431901 645.600891
157.726877 581.755005
157.021853 528.318665
156.316829 503.760315
155.611806 495.823517
154.906782 501.302917
154.201758 481.117462
153.496734 476.248474
152.791711 462.130066
152.086687 456.833771
151.381663 424.552246
150.676639 410.998566
149.971615 386.531769
149.266592 387.325317
148.561568 365.147919
147.856544 361.080353
147.151520 348.930939
146.446497 350.800598
145.741473 341.131439
145.036449 341.917450
144.331425 345.481384
143.626402 356.211395
142.921378 368.795959
142.216354 403.374542
141.511330 429.192169
140.806306 469.837921
140.101283 502.005066
139.396259 549.244507
138.691235 586.318665
137.986211 617.562378
137.281188 638.617920
136.576164 669.556274
135.871140 717.535828
135.166116 826.347046
134.461092 944.148010
133.756069 1160.388916
133.051045 1439.712036
132.346021 1831.990356
131.640997 2204.502441
130.935974 2707.263184
130.230950 3080.134521
129.525926 3362.677979
128.820902 3348.453369
128.115878 3292.261475
127.410855 3008.290771
126.705831 2723.228760
126.000807 2314.061523
125.295783 2025.702759
124.590760 1795.060913
123.885736 1636.934937
123.180712 1506.228760
122.475688 1494.773926
121.770665 1521.095337
121.065641 1648.397705
120.360617 1792.771606
119.655593 2092.967529
118.950569 2571.047607
118.245546 3185.122314
117.540522 3628.028076
116.835498 3836.477051
116.130474 3541.897949
115.425451 3034.528564
114.720427 2365.552002
114.015403 1813.308350
113.310379 1375.935059
112.605355 1109.989746
111.900332 874.204834
111.195308 747.192322
110.490284 657.300110
109.785260 609.465210
109.080237 570.475525
108.375213 560.325562
107.670189 548.733093
106.965165 553.067871
106.260141 569.140015
105.555118 604.336853
104.850094 622.362671
104.145070 654.537354
103.440046 648.722046
102.735023 656.208679
102.029999 646.814209
101.324975 632.764465
100.619951 587.967041
99.914927 569.506226
99.209904 550.824158
98.504880 557.593445
97.799856 558.791626
97.094832 594.415771
96.389809 610.434448
95.684785 623.728699
94.979761 563.004150
94.274737 492.373993
93.569714 407.037720
92.864690 329.195709
92.159666 262.205658
91.454642 228.687805
90.749618 196.978592
90.044595 181.829987
89.339571 170.695450
88.634547 165.040466
87.929523 161.995468
87.224500 177.029663
86.519476 185.256485
85.814452 208.830429
85.109428 231.473328
84.404404 261.747772
83.699381 278.254944
82.994357 302.301971
82.289333 309.094055
81.584309 310.116699
80.879286 292.396210
80.174262 292.396210
79.469238 263.098602
78.764214 234.373322
78.059190 206.853867
77.354167 186.172302
76.649143 164.697021
75.944119 151.204422
75.239095 140.298874
74.534072 148.647827
73.829048 158.927551
73.124024 181.463623
72.419000 201.313354
71.713977 226.199997
71.008953 260.374084
70.303929 324.196960
69.598905 407.884918
68.893881 511.384216
68.188858 560.287354
67.483834 544.291687
66.778810 449.324188
66.073786 363.110321
65.368763 289.168030
64.663739 242.485687
63.958715 194.544144
63.253691 160.835480
62.548667 132.697845
61.843644 112.695465
61.138620 93.158630
60.433596 84.306023
59.728572 79.406540
59.023549 83.481796
58.318525 81.062599
57.613501 78.536560
56.908477 76.086807
56.203453 72.309174
55.498430 66.036026
54.793406 61.976025
54.088382 57.587872
53.383358 56.794189
52.678335 53.611820
51.973311 53.802605
51.268287 53.092869
50.563263 54.535233
49.858240 49.887604
49.153216 53.695755
48.448192 58.503654
47.743168 64.708130
47.038144 72.873901
46.333121 83.809998
45.628097 89.594696
44.923073 107.551804
44.218049 114.862854
43.513026 127.401535
42.808002 132.751251
42.102978 127.042839
41.397954 117.831512
40.692930 118.754990
39.987907 117.984161
39.282883 111.596527
38.577859 99.920227
37.872835 93.151009
37.167812 84.939423
36.462788 86.694687
35.757764 82.237854
35.052740 78.093895
34.347716 73.957581
33.642693 70.912590
32.937669 63.670235
32.232645 59.694187
31.527621 54.321556
30.822598 55.016026
30.117574 53.314182
29.412550 51.192604
28.707526 45.217083
28.002502 45.148399
27.297479 46.682350
26.592455 47.422607
25.887431 36.646816
25.182407 29.808933
24.477384 23.779999
23.772360 24.504997
