1791.351101 2.139669
1790.868753 0.000000
1790.386404 6.478341
1789.904056 6.724170
1789.421707 15.299100
1788.939359 17.133734
1788.457010 26.644272
1787.974662 28.705805
1787.492313 37.743778
1787.009965 38.716167
1786.527616 46.169426
1786.045268 45.225250
1785.562919 50.599041
1785.080571 47.591297
1784.598222 51.070892
1784.115874 46.472847
1783.633525 48.756516
1783.151177 43.416531
1782.668828 45.418644
1782.186480 40.238358
1781.704131 42.774101
1781.221782 38.423279
1780.739434 41.974621
1780.257085 38.722435
1779.774737 43.341644
1779.292388 41.038795
1778.810040 46.404865
1778.327691 44.598324
1777.845343 50.173683
1777.362994 48.294632
1776.880646 53.527855
1776.398297 51.086094
1775.915949 55.584000
1775.433600 52.306450
1774.951252 55.928589
1774.468903 51.808392
1773.986555 54.667988
1773.504206 49.919800
1773.021858 52.309029
1772.539509 47.270493
1772.057161 49.539883
1771.574812 44.549076
1771.092464 46.998276
1770.610115 42.297569
1770.127767 45.103092
1769.645418 40.797375
1769.163070 43.994713
1768.680721 40.059875
1768.198373 43.577400
1767.716024 39.911091
1767.233676 43.630245
1766.751327 40.113930
1766.268979 43.929123
1765.786630 40.476433
1765.304282 44.326817
1764.821933 40.902939
1764.339585 44.773308
1763.857236 41.378326
1763.374887 45.274303
1762.892539 41.907307
1762.410190 45.813721
1761.927842 42.439644
1761.445493 46.294907
1760.963145 42.824123
1760.480796 46.513283
1759.998448 42.811844
1759.516099 46.191185
1759.033751 42.117619
1758.551402 45.058056
1758.069054 40.508751
1757.586705 42.944489
1757.104357 37.896828
1756.622008 39.853657
1756.139660 34.385586
1755.657311 35.988869
1755.174963 30.265793
1754.692614 31.712795
1754.210266 25.951084
1753.727917 27.461988
1753.245569 21.875420
1752.763220 23.642641
1752.280872 18.390759
1751.798523 20.535480
1751.316175 15.695464
1750.833826 18.250435
1750.351478 13.814806
1749.869129 16.736935
1749.386781 12.636236
1748.904432 15.839920
1748.422084 11.981896
1747.939735 15.378421
1747.457387 11.686749
1746.975038 15.217917
1746.492690 11.656189
1746.010341 15.306131
1745.527992 11.877491
1745.045644 15.662474
1744.563295 12.388984
1744.080947 16.330521
1743.598598 13.224299
1743.116250 17.315861
1742.633901 14.347975
1742.151553 18.534447
1741.669204 15.622164
1741.186856 19.798077
1740.704507 16.818653
1740.222159 20.849579
1739.739810 17.667702
1739.257462 21.428667
1738.775113 17.941128
1738.292765 21.358831
1737.810416 17.529037
1737.328068 20.609978
1736.845719 16.489353
1736.363371 19.326458
1735.881022 15.045402
1735.398674 17.796600
1734.916325 13.529764
1734.433977 16.375355
1733.951628 12.293211
1733.469280 15.381568
1732.986931 11.600480
1732.504583 15.004970
1732.022234 11.550511
1731.539886 15.247206
1731.057537 12.046654
1730.575189 15.918703
1730.092840 12.820690
1729.610492 16.692646
1729.128143 13.510924
1728.645795 17.199013
1728.163446 13.765552
1727.681097 17.128658
1727.198749 13.339758
1726.716400 16.319351
1726.234052 12.164209
1725.751703 14.797336
1725.269355 10.358045
1724.787006 12.765250
1724.304658 8.194398
1723.822309 10.547922
1723.339961 6.025501
1722.857612 8.503935
1722.375264 4.194893
1721.892915 6.940598
1721.410567 2.958919
1720.928218 6.050511
1720.445870 2.437758
1719.963521 5.880455
1719.481173 2.607088
1718.998824 6.339550
1718.516476 3.320089
1718.034127 7.238341
1717.551779 4.355508
1717.069430 8.337207
1716.587082 5.469571
1716.104733 9.397589
1715.622385 6.437790
1715.140036 10.216852
1714.657688 7.084110
1714.175339 10.649030
1713.692991 7.293021
1713.210642 10.609193
1712.728294 7.011455
1712.245945 10.075123
1711.763597 6.246489
1711.281248 9.083626
1710.798900 5.065081
1710.316551 7.730586
1709.834202 3.592900
1709.351854 6.172347
1708.869505 2.014153
1708.387157 4.619295
1707.904808 0.561016
1707.422460 3.316885
1706.940111 -0.513091
1706.457763 2.518411
1705.975414 -0.967815
1705.493066 2.440793
1705.010717 -0.619530
1704.528369 2.889969
1704.046020 -0.047765
1703.563672 3.708591
1703.081323 1.009199
1702.598975 5.142631
1702.116626 2.786988
1701.634278 7.194224
1701.151929 5.065145
1700.669581 9.624052
1700.187232 7.601479
1699.704884 12.201464
1699.222535 10.192867
1698.740187 14.763249
1698.257838 12.726943
1697.775490 17.257652
1697.293141 15.213992
1696.810793 19.753796
1696.328444 17.776052
1695.846096 22.417053
1695.363747 20.608498
1694.881399 25.457508
1694.399050 23.918606
1693.916702 29.061104
1693.434353 27.855301
1692.952005 33.325951
1692.469656 32.457462
1691.987307 38.226974
1691.504959 37.632103
1691.022610 43.607697
1690.540262 43.169628
1690.057913 49.214619
1689.575565 48.788147
1689.093216 54.758400
1688.610868 54.208542
1688.128519 59.986385
1687.646171 59.221897
1687.163822 64.751175
1686.681474 63.753502
1686.199125 69.054993
1685.716777 67.886978
1685.234428 73.062309
1684.752080 71.860535
1684.269731 77.076149
1683.787383 76.030441
1683.305034 81.490753
1682.822686 80.810951
1682.340337 86.723892
1681.857989 86.607536
1681.375640 93.151672
1680.893292 93.753799
1680.410943 101.055382
1679.928595 102.470001
1679.446246 110.589455
1678.963898 112.841728
1678.481549 121.769501
1677.999201 124.819679
1677.516852 134.488174
1677.034504 138.244354
1676.552155 148.542175
1676.069807 152.878494
1675.587458 163.670868
1675.105110 168.448914
1674.622761 179.597855
1674.140412 184.685501
1673.658064 196.069092
1673.175715 201.357956
1672.693367 212.884659
1672.211018 218.303497
1671.728670 229.924377
1671.246321 235.447037
1670.763973 247.159485
1670.281624 252.807770
1669.799276 264.655762
1669.316927 270.495361
1668.834579 282.563293
1668.352230 288.693817
1667.869882 301.093475
1667.387533 307.631226
1666.905185 320.479950
1666.422836 327.540070
1665.940488 340.940979
1665.458139 348.610382
1664.975791 362.629944
1664.493442 370.947266
1664.011094 385.593353
1663.528745 394.534760
1663.046397 409.747375
1662.564048 419.216461
1662.081700 434.866669
1661.599351 444.705261
1661.117003 460.606476
1660.634654 470.609039
1660.152306 486.546509
1659.669957 496.494843
1659.187609 512.256653
1658.705260 521.955139
1658.222912 537.372498
1657.740563 546.688354
1657.258215 561.670715
1656.775866 570.562256
1656.293517 585.121887
1655.811169 593.656372
1655.328820 607.912964
1654.846472 616.261108
1654.364123 630.430481
1653.881775 638.842285
1653.399426 653.199402
1652.917078 661.963562
1652.434729 676.793274
1651.952381 686.178650
1651.470032 701.723694
1650.987684 711.932190
1650.505335 728.340637
1650.022987 739.460327
1649.540638 756.754761
1649.058290 768.740723
1648.575941 786.809998
1648.093593 799.488647
1647.611244 818.105713
1647.128896 831.205566
1646.646547 850.068481
1646.164199 863.273682
1645.681850 882.064758
1645.199502 895.070435
1644.717153 913.511963
1644.234805 926.079346
1643.752456 943.979004
1643.270108 955.970581
1642.787759 973.247742
1642.305411 984.636719
1641.823062 1001.317505
1641.340714 1012.173462
1640.858365 1028.360229
1640.376017 1038.811035
1639.893668 1054.643433
1639.411320 1064.828979
1638.928971 1080.435913
1638.446622 1090.464722
1637.964274 1105.929321
1637.481925 1115.854980
1636.999577 1131.199707
1636.517228 1141.015137
1636.034880 1156.209473
1635.552531 1165.866699
1635.070183 1180.850952
1634.587834 1190.289795
1634.105486 1205.010376
1633.623137 1214.192871
1633.140789 1228.633911
1632.658440 1237.567383
1632.176092 1251.760498
1631.693743 1260.497925
1631.211395 1274.516479
1630.729046 1283.145630
1630.246698 1297.077759
1629.764349 1305.679688
1629.282001 1319.590942
1628.799652 1328.206909
1628.317304 1342.106445
1627.834955 1350.708862
1627.352607 1364.530884
1626.870258 1373.016235
1626.387910 1386.624634
1625.905561 1394.830078
1625.423213 1408.048950
1624.940864 1415.798340
1624.458516 1428.460693
1623.976167 1435.610107
1623.493819 1447.605835
1623.011470 1454.090820
1622.529122 1465.406616
1622.046773 1471.267700
1621.564425 1481.999146
1621.082076 1487.378052
1620.599728 1497.702881
1620.117379 1502.804443
1619.635030 1512.939087
1619.152682 1517.975586
1618.670333 1528.113403
1618.187985 1533.240967
1617.705636 1543.488159
1617.223288 1548.758545
1616.740939 1559.105591
1616.258591 1564.445313
1615.776242 1574.759766
1615.293894 1579.987427
1614.811545 1590.050537
1614.329197 1594.923462
1613.846848 1604.487305
1613.364500 1608.773560
1612.882151 1617.636230
1612.399803 1621.175415
1611.917454 1629.234619
1611.435106 1631.990601
1610.952757 1639.274902
1610.470409 1641.342651
1609.988060 1648.006470
1609.505712 1649.585571
1609.023363 1655.861816
1608.541015 1657.201904
1608.058666 1663.336792
1607.576318 1664.665161
1607.093969 1670.848999
1606.611621 1672.302856
1606.129272 1678.614624
1605.646924 1680.209106
1605.164575 1686.594971
1604.682227 1688.213989
1604.199878 1694.503174
1603.717530 1695.932861
1603.235181 1701.884033
1602.752833 1702.871948
1602.270484 1708.238037
1601.788135 1708.554199
1601.305787 1713.139893
1600.823438 1712.635742
1600.341090 1716.342163
1599.858741 1714.972656
1599.376393 1717.806885
1598.894044 1715.627808
1598.411696 1717.686035
1597.929347 1714.819580
1597.446999 1716.240112
1596.964650 1712.831055
1596.482302 1713.748779
1595.999953 1709.910767
1595.517605 1710.412354
1595.035256 1706.199219
1594.552908 1706.303589
1594.070559 1701.702271
1593.588211 1701.369019
1593.105862 1696.316772
1592.623514 1695.469238
1592.141165 1689.888550
1591.658817 1688.457397
1591.176468 1682.296875
1590.694120 1680.256592
1590.211771 1673.520264
1589.729423 1670.907959
1589.247074 1663.666992
1588.764726 1660.584106
1588.282377 1652.961792
1587.800029 1649.547485
1587.317680 1641.690552
1586.835332 1638.085938
1586.352983 1630.121094
1585.870635 1626.427979
1585.388286 1618.424927
1584.905938 1614.677246
1584.423589 1606.631226
1583.941240 1602.785522
1583.458892 1594.617676
1582.976543 1590.564941
1582.494195 1582.146729
1582.011846 1577.750854
1581.529498 1568.945435
1581.047149 1564.081421
1580.564801 1554.788208
1580.082452 1549.386841
1579.600104 1539.575195
1579.117755 1533.650635
1578.635407 1523.382568
1578.153058 1517.042114
1577.670710 1506.465820
1577.188361 1499.894653
1576.706013 1489.226440
1576.223664 1482.660278
1575.741316 1472.143677
1575.258967 1465.826904
1574.776619 1455.697876
1574.294270 1449.847046
1573.811922 1440.295654
1573.329573 1435.068359
1572.847225 1426.214355
1572.364876 1421.693481
1571.882528 1413.583740
1571.400179 1409.774780
1570.917831 1402.378052
1570.435482 1399.222046
1569.953134 1392.453613
1569.470785 1389.843872
1568.988437 1383.581055
1568.506088 1381.385376
1568.023740 1375.492310
1567.541391 1373.573486
1567.059043 1367.916870
1566.576694 1366.151489
1566.094345 1360.620239
1565.611997 1358.910400
1565.129648 1353.424561
1564.647300 1351.710327
1564.164951 1346.228271
1563.682603 1344.489746
1563.200254 1339.014893
1562.717906 1337.274902
1562.235557 1331.849365
1561.753209 1330.170898
1561.270860 1324.874390
1560.788512 1323.350586
1560.306163 1318.287231
1559.823815 1317.028076
1559.341466 1312.308838
1558.859118 1311.422852
1558.376769 1307.150146
1557.894421 1306.727905
1557.412072 1302.974731
1556.929724 1303.068237
1556.447375 1299.865601
1555.965027 1300.483154
1555.482678 1297.814209
1555.000330 1298.914429
1554.517981 1296.717651
1554.035633 1298.222534
1553.553284 1296.405029
1553.070936 1298.210449
1552.588587 1296.666382
1552.106239 1298.671387
1551.623890 1297.304810
1551.141542 1299.424561
1550.659193 1298.168579
1550.176845 1300.355103
1549.694496 1299.184326
1549.212148 1301.435913
1548.729799 1300.368408
1548.247450 1302.723022
1547.765102 1301.815552
1547.282753 1304.343384
1546.800405 1303.675049
1546.318056 1306.459473
1545.835708 1306.113159
1545.353359 1309.232544
1544.871011 1309.276611
1544.388662 1312.785400
1543.906314 1313.259155
1543.423965 1317.177856
1542.941617 1318.081543
1542.459268 1322.391968
1541.976920 1323.689209
1541.494571 1328.338013
1541.012223 1329.959595
1540.529874 1334.866333
1540.047526 1336.725952
1539.565177 1341.797119
1539.082829 1343.798706
1538.600480 1348.942261
1538.118132 1350.998657
1537.635783 1356.135132
1537.153435 1358.176392
1536.671086 1363.245972
1536.188738 1365.224976
1535.706389 1370.192627
1535.224041 1372.086914
1534.741692 1376.942505
1534.259344 1378.749023
1533.776995 1383.496216
1533.294647 1385.226807
1532.812298 1389.880127
1532.329950 1391.549072
1531.847601 1396.122803
1531.365253 1397.739014
1530.882904 1402.235962
1530.400555 1403.798706
1529.918207 1408.209106
1529.435858 1409.698975
1528.953510 1413.998413
1528.471161 1415.383911
1527.988813 1419.534790
1527.506464 1420.776001
1527.024116 1424.737427
1526.541767 1425.793457
1526.059419 1429.528198
1525.577070 1430.369019
1525.094722 1433.854004
1524.612373 1434.465210
1524.130025 1437.695435
1523.647676 1438.081543
1523.165328 1441.070557
1522.682979 1441.252808
1522.200631 1444.027954
1521.718282 1444.038208
1521.235934 1446.632324
1520.753585 1446.499634
1520.271237 1448.937866
1519.788888 1448.681396
1519.306540 1450.973877
1518.824191 1450.595947
1518.341843 1452.737061
1517.859494 1452.221313
1517.377146 1454.188232
1516.894797 1453.509521
1516.412449 1455.275757
1515.930100 1454.410767
1515.447752 1455.960571
1514.965403 1454.903076
1514.483055 1456.242676
1514.000706 1455.015259
1513.518358 1456.184570
1513.036009 1454.845703
1512.553660 1455.919189
1512.071312 1454.554932
1511.588963 1455.629272
1511.106615 1454.342896
1510.624266 1455.521118
1510.141918 1454.409668
1509.659569 1455.778564
1509.177221 1454.911377
1508.694872 1456.518921
1508.212524 1455.922485
1507.730175 1457.768188
1507.247827 1457.413818
1506.765478 1459.447388
1506.283130 1459.265259
1505.800781 1461.398071
1505.318433 1461.290161
1504.836084 1463.421753
1504.353736 1463.289917
1503.871387 1465.334106
1503.389039 1465.108521
1502.906690 1467.015503
1502.424342 1466.670654
1501.941993 1468.441528
1501.459645 1468.005615
1500.977296 1469.689209
1500.494948 1469.226685
1500.012599 1470.900635
1499.530251 1470.492065
1499.047902 1472.231079
1498.565554 1471.937744
1498.083205 1473.780762
1497.600857 1473.612183
1497.118508 1475.535278
1496.636160 1475.431030
1496.153811 1477.333740
1495.671463 1477.158203
1495.189114 1478.875610
1494.706765 1478.439819
1494.224417 1479.767822
1493.742068 1478.863403
1493.259720 1479.604004
1492.777371 1478.053711
1492.295023 1478.061279
1491.812674 1475.763428
1491.330326 1474.987671
1490.847977 1471.948120
1490.365629 1470.453247
1489.883280 1466.796143
1489.400932 1464.763794
1488.918583 1460.718628
1488.436235 1458.417969
1487.953886 1454.281982
1487.471538 1452.024048
1486.989189 1448.110352
1486.506841 1446.196289
1486.024492 1442.778320
1485.542144 1441.443359
1485.059795 1438.710815
1484.577447 1438.091064
1484.095098 1436.123779
1483.612750 1436.244751
1483.130401 1435.015747
1482.648053 1435.800903
1482.165704 1435.192871
1481.683356 1436.497070
1481.201007 1436.348999
1480.718659 1438.006714
1480.236310 1438.156494
1479.753962 1440.020874
1479.271613 1440.346313
1478.789265 1442.323486
1478.306916 1442.765503
1477.824568 1444.833252
1477.342219 1445.403198
1476.859870 1447.602417
1476.377522 1448.364746
1475.895173 1450.775879
1475.412825 1451.818726
1474.930476 1454.529419
1474.448128 1455.931885
1473.965779 1459.003540
1473.483431 1460.801147
1473.001082 1464.240601
1472.518734 1466.410156
1472.036385 1470.162109
1471.554037 1472.615845
1471.071688 1476.564697
1470.589340 1479.164795
1470.106991 1483.155884
1469.624643 1485.738037
1469.142294 1489.604004
1468.659946 1492.004150
1468.177597 1495.591187
1467.695249 1497.670166
1467.212900 1500.858398
1466.730552 1502.518555
1466.248203 1505.234131
1465.765855 1506.424927
1465.283506 1508.638062
1464.801158 1509.348267
1464.318809 1511.064453
1463.836461 1511.313599
1463.354112 1512.562134
1462.871764 1512.384155
1462.389415 1513.203369
1461.907067 1512.641357
1461.424718 1513.074707
1460.942370 1512.171753
1460.460021 1512.264526
1459.977673 1511.067871
1459.495324 1510.869751
1459.012975 1509.434204
1458.530627 1509.006958
1458.048278 1507.401733
1457.565930 1506.822998
1457.083581 1505.132446
1456.601233 1504.494141
1456.118884 1502.816895
1455.636536 1502.220947
1455.154187 1500.661499
1454.671839 1500.212036
1454.189490 1498.870361
1453.707142 1498.660767
1453.224793 1497.621216
1452.742445 1497.725342
1452.260096 1497.048950
1451.777748 1497.514160
1451.295399 1497.234009
1450.813051 1498.080078
1450.330702 1498.203003
1449.848354 1499.423828
1449.366005 1499.933838
1448.883657 1501.502930
1448.401308 1502.363159
1447.918960 1504.236938
1447.436611 1505.396484
1446.954263 1507.516602
1446.471914 1508.909790
1445.989566 1511.202637
1445.507217 1512.749146
1445.024869 1515.127197
1444.542520 1516.732788
1444.060172 1519.097534
1443.577823 1520.658447
1443.095475 1522.905396
1442.613126 1524.320068
1442.130778 1526.353638
1441.648429 1527.540039
1441.166081 1529.294067
1440.683732 1530.205322
1440.201383 1531.662231
1439.719035 1532.311523
1439.236686 1533.515991
1438.754338 1533.983521
1438.271989 1535.049683
1437.789641 1535.481201
1437.307292 1536.583374
1436.824944 1537.172729
1436.342595 1538.517456
1435.860247 1539.475830
1435.377898 1541.265869
1434.895550 1542.776733
1434.413201 1545.165649
1433.930853 1547.343872
1433.448504 1550.401611
1432.966156 1553.260986
1432.483807 1556.941040
1432.001459 1560.378296
1431.519110 1564.519531
1431.036762 1568.320068
1430.554413 1572.663574
1430.072065 1576.530273
1429.589716 1580.754150
1429.107368 1584.352295
1428.625019 1588.120850
1428.142671 1591.129150
1427.660322 1594.145142
1427.177974 1596.297119
1426.695625 1598.334106
1426.213277 1599.452271
1425.730928 1600.380127
1425.248580 1600.379395
1424.766231 1600.162231
1424.283883 1599.047485
1423.801534 1597.721802
1423.319186 1595.557739
1422.836837 1593.207153
1422.354488 1590.087524
1421.872140 1586.810547
1421.389791 1582.830811
1420.907443 1578.715576
1420.425094 1573.955566
1419.942746 1569.073730
1419.460397 1563.595581
1418.978049 1558.002319
1418.495700 1551.858154
1418.013352 1545.606079
1417.531003 1538.857056
1417.048655 1532.018555
1416.566306 1524.748901
1416.083958 1517.423950
1415.601609 1509.749023
1415.119261 1502.068726
1414.636912 1494.132324
1414.154564 1486.246582
1413.672215 1478.200562
1413.189867 1470.258667
1412.707518 1462.240479
1412.225170 1454.360474
1411.742821 1446.463257
1411.260473 1438.709351
1410.778124 1430.967773
1410.295776 1423.343384
1409.813427 1415.727417
1409.331079 1408.172852
1408.848730 1400.602173
1408.366382 1393.024658
1407.884033 1385.399414
1407.401685 1377.701294
1406.919336 1369.937744
1406.436988 1362.058105
1405.954639 1354.125732
1405.472291 1346.071655
1404.989942 1338.016113
1404.507593 1329.874512
1404.025245 1321.824951
1403.542896 1313.759521
1403.060548 1305.907471
1402.578199 1298.131592
1402.095851 1290.698120
1401.613502 1283.428223
1401.131154 1276.613525
1400.648805 1270.022461
1400.166457 1263.962891
1399.684108 1258.138062
1399.201760 1252.867188
1398.719411 1247.787720
1398.237063 1243.226318
1397.754714 1238.760498
1397.272366 1234.732910
1396.790017 1230.669922
1396.307669 1226.941895
1395.825320 1223.037598
1395.342972 1219.371338
1394.860623 1215.411865
1394.378275 1211.631592
1393.895926 1207.490112
1393.413578 1203.527832
1392.931229 1199.202393
1392.448881 1195.126831
1391.966532 1190.757324
1391.484184 1186.772705
1391.001835 1182.619995
1390.519487 1179.030273
1390.037138 1175.426392
1389.554790 1172.574829
1389.072441 1169.854858
1388.590093 1168.051758
1388.107744 1166.482666
1387.625396 1165.933472
1387.143047 1165.647949
1386.660698 1166.405029
1386.178350 1167.368530
1385.696001 1169.308472
1385.213653 1171.314941
1384.731304 1174.159424
1384.248956 1176.868652
1383.766607 1180.230713
1383.284259 1183.231689
1382.801910 1186.693848
1382.319562 1189.582275
1381.837213 1192.774780
1381.354865 1195.232788
1380.872516 1197.901611
1380.390168 1199.750488
1379.907819 1201.799805
1379.425471 1203.026733
1378.943122 1204.524170
1378.460774 1205.269287
1377.978425 1206.412842
1377.496077 1206.919678
1377.013728 1207.983643
1376.531380 1208.534912
1376.049031 1209.794189
1375.566683 1210.641357
1375.084334 1212.308350
1374.601986 1213.615234
1374.119637 1215.795654
1373.637289 1217.608398
1373.154940 1220.290771
1372.672592 1222.546997
1372.190243 1225.626099
1371.707895 1228.188110
1371.225546 1231.510864
1370.743198 1234.226685
1370.260849 1237.654053
1369.778501 1240.412598
1369.296152 1243.874146
1368.813803 1246.651245
1368.331455 1250.176025
1367.849106 1253.054932
1367.366758 1256.773193
1366.884409 1259.925415
1366.402061 1264.039551
1365.919712 1267.681885
1365.437364 1272.409180
1364.955015 1276.744385
1364.472667 1282.254639
1363.990318 1287.408813
1363.507970 1293.770508
1363.025621 1299.744507
1362.543273 1306.890137
1362.060924 1313.549316
1361.578576 1321.280151
1361.096227 1328.368530
1360.613879 1336.383423
1360.131530 1343.572021
1359.649182 1351.530029
1359.166833 1358.480835
1358.684485 1366.064941
1358.202136 1372.498901
1357.719788 1379.479980
1357.237439 1385.227905
1356.755091 1391.501587
1356.272742 1396.527954
1355.790394 1402.127197
1355.308045 1406.525757
1354.825697 1411.598511
1354.343348 1415.559814
1353.861000 1420.322266
1353.378651 1424.079712
1352.896303 1428.766724
1352.413954 1432.538330
1351.931606 1437.342285
1351.449257 1441.285034
1350.966908 1446.317871
1350.484560 1450.494629
1350.002211 1455.768799
1349.519863 1460.140259
1349.037514 1465.567749
1348.555166 1470.005615
1348.072817 1475.421631
1347.590469 1479.732422
1347.108120 1484.925415
1346.625772 1488.888550
1346.143423 1493.635986
1345.661075 1497.034180
1345.178726 1501.132324
1344.696378 1503.782471
1344.214029 1507.073242
1343.731681 1508.846069
1343.249332 1511.231079
1342.766984 1512.061768
1342.284635 1513.512207
1341.802287 1513.407349
1341.319938 1513.967285
1340.837590 1513.008057
1340.355241 1512.790527
1339.872893 1511.125122
1339.390544 1510.311401
1338.908196 1508.145996
1338.425847 1506.967773
1337.943499 1504.555664
1337.461150 1503.275146
1336.978802 1500.885620
1336.496453 1499.772461
1336.014105 1497.661987
1335.531756 1496.955322
1335.049408 1495.338135
1334.567059 1495.215698
1334.084711 1494.229004
1333.602362 1494.783813
1333.120013 1494.471436
1332.637665 1495.697632
1332.155316 1496.008301
1331.672968 1497.809814
1331.190619 1498.610107
1330.708271 1500.826904
1330.225922 1501.937622
1329.743574 1504.383179
1329.261225 1505.623169
1328.778877 1508.131348
1328.296528 1509.359863
1327.814180 1511.824829
1327.331831 1512.976563
1326.849483 1515.375610
1326.367134 1516.472290
1325.884786 1518.868408
1325.402437 1520.009644
1324.920089 1522.531494
1324.437740 1523.864258
1323.955392 1526.664917
1323.473043 1528.337646
1322.990695 1531.549683
1322.508346 1533.668945
1322.025998 1537.364624
1321.543649 1539.959717
1321.061301 1544.123291
1320.578952 1547.135132
1320.096604 1551.662842
1319.614255 1554.951782
1319.131907 1559.678101
1318.649558 1563.059448
1318.167210 1567.791748
1317.684861 1571.078247
1317.202513 1575.648315
1316.720164 1578.701172
1316.237816 1583.003906
1315.755467 1585.760376
1315.273118 1589.779541
1314.790770 1592.266235
1314.308421 1596.069824
1313.826073 1598.392456
1313.343724 1602.112183
1312.861376 1604.417725
1312.379027 1608.204346
1311.896679 1610.635864
1311.414330 1614.614868
1310.931982 1617.268066
1310.449633 1621.495483
1309.967285 1624.383423
1309.484936 1628.826782
1309.002588 1631.869629
1308.520239 1636.404297
1308.037891 1639.440552
1307.555542 1643.877686
1307.073194 1646.697998
1306.590845 1650.818970
1306.108497 1653.211914
1305.626148 1656.819946
1305.143800 1658.612549
1304.661451 1661.569458
1304.179103 1662.665771
1303.696754 1664.920776
1303.214406 1665.316162
1302.732057 1666.910278
1302.249709 1666.689697
1301.767360 1667.744141
1301.285012 1667.057861
1300.802663 1667.744751
1300.320315 1666.777344
1299.837966 1667.285156
1299.355618 1666.222046
1298.873269 1666.726685
1298.390921 1665.724365
1297.908572 1666.360840
1297.426223 1665.534546
1296.943875 1666.395996
1296.461526 1665.816650
1295.979178 1666.953369
1295.496829 1666.657349
1295.014481 1668.097046
1294.532132 1668.107788
1294.049784 1669.871582
1293.567435 1670.213379
1293.085087 1672.334473
1292.602738 1673.051025
1292.120390 1675.585083
1291.638041 1676.744019
1291.155693 1679.768188
1290.673344 1681.455444
1290.190996 1685.062744
1289.708647 1687.375000
1289.226299 1691.659912
1288.743950 1694.684814
1288.261602 1699.726440
1287.779253 1703.531006
1287.296905 1709.377197
1286.814556 1713.990601
1286.332208 1720.651978
1285.849859 1726.059570
1285.367511 1733.496948
1284.885162 1739.638306
1284.402814 1747.769409
1283.920465 1754.541138
1283.438117 1763.241699
1282.955768 1770.502075
1282.473420 1779.614502
1281.991071 1787.193970
1281.508723 1796.539673
1281.026374 1804.251953
1280.544026 1813.640259
1280.061677 1821.291504
1279.579328 1830.529541
1279.096980 1837.934937
1278.614631 1846.843384
1278.132283 1853.833008
1277.649934 1862.257568
1277.167586 1868.690918
1276.685237 1876.509277
1276.202889 1882.283691
1275.720540 1889.410156
1275.238192 1894.462769
1274.755843 1900.856201
1274.273495 1905.159546
1273.791146 1910.807373
1273.308798 1914.365479
1272.826449 1919.279419
1272.344101 1922.107056
1271.861752 1926.304199
1271.379404 1928.414429
1270.897055 1931.898438
1270.414707 1933.283936
1269.932358 1936.032959
1269.450010 1936.656128
1268.967661 1938.615112
1268.485313 1938.403076
1268.002964 1939.483154
1267.520616 1938.335327
1267.038267 1938.427246
1266.555919 1936.229004
1266.073570 1935.218140
1265.591222 1931.860962
1265.108873 1929.650391
1264.626525 1925.053955
1264.144176 1921.583252
1263.661828 1915.710083
1263.179479 1910.968384
1262.697131 1903.836670
1262.214782 1897.866211
1261.732434 1889.543213
1261.250085 1882.437378
1260.767736 1873.036621
1260.285388 1864.923828
1259.803039 1854.583740
1259.320691 1845.610596
1258.838342 1834.483765
1258.355994 1824.802734
1257.873645 1813.039795
1257.391297 1802.798584
1256.908948 1790.542480
1256.426600 1779.879639
1255.944251 1767.267578
1255.461903 1756.318237
1254.979554 1743.484985
1254.497206 1732.389282
1254.014857 1719.479492
1253.532509 1708.386719
1253.050160 1695.558105
1252.567812 1684.632446
1252.085463 1672.054565
1251.603115 1661.468628
1251.120766 1649.312866
1250.638418 1639.232422
1250.156069 1627.655151
1249.673721 1618.222168
1249.191372 1607.345093
1248.709024 1598.656006
1248.226675 1588.545898
1247.744327 1580.634521
1247.261978 1571.292725
1246.779630 1564.127563
1246.297281 1555.490845
1245.814933 1548.980225
1245.332584 1540.934570
1244.850236 1534.947144
1244.367887 1527.352051
1243.885539 1521.747681
1243.403190 1514.469604
1242.920841 1509.128418
1242.438493 1502.067993
1241.956144 1496.915527
1241.473796 1490.030273
1240.991447 1485.058838
1240.509099 1478.371338
1240.026750 1473.631958
1239.544402 1467.221924
1239.062053 1462.814819
1238.579705 1456.794189
1238.097356 1452.837036
1237.615008 1447.321289
1237.132659 1443.918213
1236.650311 1438.991699
1236.167962 1436.199097
1235.685614 1431.887695
1235.203265 1429.697266
1234.720917 1425.954224
1234.238568 1424.282104
1233.756220 1420.988525
1233.273871 1419.685181
1232.791523 1416.668823
1232.309174 1415.543823
1231.826826 1412.603027
1231.344477 1411.454102
1230.862129 1408.395630
1230.379780 1407.044067
1229.897432 1403.711060
1229.415083 1402.029541
1228.932735 1398.327393
1228.450386 1396.255493
1227.968038 1392.162109
1227.485689 1389.713623
1227.003341 1385.274658
1226.520992 1382.526733
1226.038644 1377.846069
1225.556295 1374.919678
1225.073946 1370.132080
1224.591598 1367.169800
1224.109249 1362.417236
1223.626901 1359.557739
1223.144552 1354.968628
1222.662204 1352.323730
1222.179855 1347.992065
1221.697507 1345.635498
1221.215158 1341.614136
1220.732810 1339.575928
1220.250461 1335.871826
1219.768113 1334.139404
1219.285764 1330.722046
1218.803416 1329.245728
1218.321067 1326.050171
1217.838719 1324.754517
1217.356370 1321.696533
1216.874022 1320.488525
1216.391673 1317.468018
1215.909325 1316.244629
1215.426976 1313.158203
1214.944628 1311.815063
1214.462279 1308.557983
1213.979931 1306.992432
1213.497582 1303.465942
1213.015234 1301.582886
1212.532885 1297.697266
1212.050537 1295.412598
1211.568188 1291.092163
1211.085840 1288.342529
1210.603491 1283.533325
1210.121143 1280.274048
1209.638794 1274.947998
1209.156446 1271.164795
1208.674097 1265.321899
1208.191749 1261.030762
1207.709400 1254.700562
1207.227051 1249.946045
1206.744703 1243.184326
1206.262354 1238.029541
1205.780006 1230.907104
1205.297657 1225.427856
1204.815309 1218.018677
1204.332960 1212.281250
1203.850612 1204.645630
1203.368263 1198.698730
1202.885915 1190.867676
1202.403566 1184.725098
1201.921218 1176.692383
1201.438869 1170.326172
1200.956521 1162.043823
1200.474172 1155.387939
1199.991824 1146.774658
1199.509475 1139.735718
1199.027127 1130.689941
1198.544778 1123.163330
1198.062430 1113.586304
1197.580081 1105.484131
1197.097733 1095.302246
1196.615384 1086.572632
1196.133036 1075.761719
1195.650687 1066.406860
1195.168339 1054.997314
1194.685990 1045.082031
1194.203642 1033.168579
1193.721293 1022.809998
1193.238945 1010.533203
1192.756596 999.888550
1192.274248 987.412964
1191.791899 976.649780
1191.309551 964.137207
1190.827202 953.404175
1190.344854 940.985474
1189.862505 930.386963
1189.380156 918.139221
1188.897808 907.723511
1188.415459 895.663940
1187.933111 885.420837
1187.450762 873.515381
1186.968414 863.390747
1186.486065 851.572144
1186.003717 841.494385
1185.521368 829.695129
1185.039020 819.607483
1184.556671 807.787903
1184.074323 797.673523
1183.591974 785.845886
1183.109626 775.748047
1182.627277 763.985657
1182.144929 754.005066
1181.662580 742.431702
1181.180232 732.711060
1180.697883 721.480408
1180.215535 712.173828
1179.733186 701.431885
1179.250838 692.668030
1178.768489 682.516968
1178.286141 674.362610
1177.803792 664.830444
1177.321444 657.271851
1176.839095 648.299866
1176.356747 641.236084
1175.874398 632.684509
1175.392050 625.942566
1174.909701 617.616516
1174.427353 610.987610
1173.945004 602.674622
1173.462656 595.954468
1172.980307 587.469238
1172.497959 580.500732
1172.015610 571.722351
1171.533261 564.427246
1171.050913 555.323120
1170.568564 547.716675
1170.086216 538.347046
1169.603867 530.527893
1169.121519 521.028809
1168.639170 513.161621
1168.156822 503.714294
1167.674473 495.990051
1167.192125 486.784363
1166.709776 479.381897
1166.227428 470.581940
1165.745079 463.643127
1165.262731 455.362122
1164.780382 448.971680
1164.298034 441.266357
1163.815685 435.452820
1163.333337 428.327972
1162.850988 423.077148
1162.368640 416.503479
1161.886291 411.779022
1161.403943 405.718567
1160.921594 401.482697
1160.439246 395.902679
1159.956897 392.129456
1159.474549 387.013733
1158.992200 383.695435
1158.509852 379.039703
1158.027503 376.173309
1157.545155 371.972076
1157.062806 369.545563
1156.580458 365.776367
1156.098109 363.749512
1155.615761 360.352020
1155.133412 358.644531
1154.651064 355.517090
1154.168715 354.006561
1153.686366 351.008698
1153.204018 349.541290
1152.721669 346.511688
1152.239321 344.924500
1151.756972 341.706451
1151.274624 339.855927
1150.792275 336.325348
1150.309927 334.113281
1149.827578 330.203308
1149.345230 327.594330
1148.862881 323.303925
1148.380533 320.333191
1147.898184 315.725861
1147.415836 312.483215
1146.933487 307.672394
1146.451139 304.284515
1145.968790 299.405212
1145.486442 296.006104
1145.004093 291.186798
1144.521745 287.894318
1144.039396 283.233704
1143.557048 280.126587
1143.074699 275.680206
1142.592351 272.791748
1142.110002 268.574341
1141.627654 265.900085
1141.145305 261.890594
1140.662957 259.400024
1140.180608 255.565338
1139.698260 253.224197
1139.215911 249.534103
1138.733563 247.321503
1138.251214 243.766098
1137.768866 241.685562
1137.286517 238.282028
1136.804169 236.362625
1136.321820 233.151901
1135.839471 231.442551
1135.357123 228.477005
1134.874774 227.030579
1134.392426 224.360443
1133.910077 223.218613
1133.427729 220.873108
1132.945380 220.052399
1132.463032 218.031464
1131.980683 217.512726
1131.498335 215.779846
1131.015986 215.509720
1130.533638 213.996475
1130.051289 213.892960
1129.568941 212.506668
1129.086592 212.468811
1128.604244 211.106018
1128.121895 211.031876
1127.639547 209.591888
1127.157198 209.386703
1126.674850 207.784592
1126.192501 207.375504
1125.710153 205.551147
1125.227804 204.892532
1124.745456 202.817596
1124.263107 201.897003
1123.780759 199.576294
1123.298410 198.415146
1122.816062 195.887039
1122.333713 194.540283
1121.851365 191.874573
1121.369016 190.425934
1120.886668 187.717407
1120.404319 186.270996
1119.921971 183.630814
1119.439622 182.301819
1118.957274 179.845413
1118.474925 178.745895
1117.992576 176.577988
1117.510228 175.800110
1117.027879 173.998642
1116.545531 173.602737
1116.063182 172.205261
1115.580834 172.203903
1115.098485 171.199036
1114.616137 171.554764
1114.133788 170.878311
1113.651440 171.503998
1113.169091 171.048340
1112.686743 171.818756
1112.204394 171.445282
1111.722046 172.212982
1111.239697 171.772827
1110.757349 172.392166
1110.275000 171.746353
1109.792652 172.091354
1109.310303 171.131393
1108.827955 171.112350
1108.345606 169.770279
1107.863258 169.342545
1107.380909 167.596786
1106.898561 166.760300
1106.416212 164.629852
1105.933864 163.420578
1105.451515 160.955276
1104.969167 159.433640
1104.486818 156.701080
1104.004470 154.937958
1103.522121 152.009308
1103.039773 150.073090
1102.557424 147.013260
1102.075076 144.964401
1101.592727 141.827652
1101.110379 139.713913
1100.628030 136.541489
1100.145681 134.398056
1099.663333 131.220764
1099.180984 129.074432
1098.698636 125.914825
1098.216287 123.785294
1097.733939 120.660629
1097.251590 118.561348
1096.769242 115.482323
1096.286893 113.421280
1095.804545 110.392738
1095.322196 108.371544
1094.839848 105.390808
1094.357499 103.402267
1093.875151 100.460320
1093.392802 98.493919
1092.910454 95.577843
1092.428105 93.619972
1091.945757 90.717468
1091.463408 88.758110
1090.981060 85.863663
1090.498711 83.903358
1090.016363 81.023041
1089.534014 79.074554
1089.051666 76.228401
1088.569317 74.317986
1088.086969 71.538727
1087.604620 69.703514
1087.122272 67.030655
1086.639923 65.311783
1086.157575 62.784668
1085.675226 61.217659
1085.192878 58.867672
1084.710529 57.477654
1084.228181 55.322464
1083.745832 54.118221
1083.263484 52.157848
1082.781135 51.131542
1082.298787 49.351555
1081.816438 48.482910
1081.334089 46.858139
1080.851741 46.119137
1080.369392 44.619095
1079.887044 43.978897
1079.404695 42.575050
1078.922347 42.005852
1078.439998 40.671997
1077.957650 40.151413
1077.475301 38.867290
1076.992953 38.376465
1076.510604 37.126759
1076.028256 36.652966
1075.545907 35.427650
1075.063559 34.966000
1074.581210 33.764610
1074.098862 33.319263
1073.616513 32.154724
1073.134165 31.749130
1072.651816 30.655334
1072.169468 30.336189
1071.687119 29.373173
1071.204771 29.213390
1070.722422 28.468184
1070.240074 28.565914
1069.757725 28.144142
1069.275377 28.609541
1068.793028 28.619839
1068.310680 29.553940
1067.828331 30.085217
1067.345983 31.556629
1066.863634 32.650146
1066.381286 34.669384
1065.898937 36.299728
1065.416589 38.801868
1064.934240 40.864727
1064.451892 43.707375
1063.969543 46.025906
1063.487194 49.002804
1063.004846 51.348808
1062.522497 54.220261
1062.040149 56.352139
1061.557800 58.884903
1061.075452 60.589512
1060.593103 62.600021
1060.110755 63.731369
1059.628406 65.118042
1059.146058 65.622887
1058.663709 66.381851
1058.181361 66.304634
1057.699012 66.524971
1057.216664 65.991920
1056.734315 65.827209
1056.251967 65.009979
1055.769618 64.638969
1055.287270 63.711540
1054.804921 63.292587
1054.322573 62.388638
1053.840224 62.023842
1053.357876 61.208443
1052.875527 60.922993
1052.393179 60.182507
1051.910830 59.927319
1051.428482 59.182869
1050.946133 58.856590
1050.463785 57.992989
1049.981436 57.476994
1049.499088 56.382610
1049.016739 55.580959
1048.534391 54.182083
1048.052042 53.049557
1047.569694 51.335251
1047.087345 49.895325
1046.604997 47.920952
1046.122648 46.258842
1045.640299 44.133801
1045.157951 42.374512
1044.675602 40.231354
1044.193254 38.507919
1043.710905 36.471420
1043.228557 34.891468
1042.746208 33.045639
1042.263860 31.665836
1041.781511 30.038239
1041.299163 28.855446
1040.816814 27.413849
1040.334466 26.371407
1039.852117 25.039606
1039.369769 24.047449
1038.887420 22.729050
1038.405072 21.692135
1037.922723 20.301678
1037.440375 19.148792
1036.958026 17.633549
1036.475678 16.335598
1035.993329 14.692171
1035.510981 13.273071
1035.028632 11.549769
1034.546284 10.079625
1034.063935 8.367044
1033.581587 6.950821
1033.099238 5.363431
1032.616890 4.121239
1032.134541 2.779919
1031.652193 1.828720
1031.169844 0.841846
1030.687496 0.279529
1030.205147 -0.267188
1029.722799 -0.369087
1029.240450 -0.419006
1028.758102 -0.394555
1028.275753 -0.296862
1027.793404 -0.160596
1027.311056 -0.152131
1026.828707 0.220872
1026.346359 0.669063
1025.864010 1.499555
1025.381662 2.387643
1024.899313 3.610184
1024.416965 4.861026
1023.934616 6.388225
1023.452268 7.903934
1022.969919 9.628120
1022.487571 11.293455
1022.005222 13.092793
1021.522874 14.782271
1021.040525 16.531525
1020.558177 18.121588
1020.075828 19.702368
1019.593480 21.084154
1019.111131 22.399261
1018.628783 23.489014
1018.146434 24.471329
1017.664086 25.220234
1017.181737 25.839247
1016.699389 26.234585
1016.217040 26.494177
1015.734692 26.556734
1015.252343 26.492321
1014.769995 26.268227
1014.287646 25.934975
1013.805298 25.485252
1013.322949 24.948595
1012.840601 24.341866
1012.358252 23.670177
1011.875904 22.973797
1011.393555 22.234192
1010.911207 21.513622
1010.428858 20.769112
1009.946509 20.087555
1009.464161 19.401367
1008.981812 18.820129
1008.499464 18.253527
1008.017115 17.833397
1007.534767 17.444721
1007.052418 17.241348
1006.570070 17.081665
1006.087721 17.139244
1005.605373 17.244164
1005.123024 17.586853
1004.640676 17.967400
1004.158327 18.592764
1003.675979 19.231068
1003.193630 20.105431
1002.711282 20.953674
1002.228933 22.015018
1001.746585 23.000189
1001.264236 24.168175
1000.781888 25.204573
1000.299539 26.392580
999.817191 27.396702
999.334842 28.526314
998.852494 29.428596
998.370145 30.441483
997.887797 31.195065
997.405448 32.057266
996.923100 32.640163
996.440751 33.338264
995.958403 33.744125
995.476054 34.276897
994.993706 34.505245
994.511357 34.870274
994.029009 34.915222
993.546660 35.098812
993.064312 34.937683
992.581963 34.910549
992.099614 34.508175
991.617266 34.230759
991.134917 33.546612
990.652569 32.981335
990.170220 31.986366
989.687872 31.117332
989.205523 29.812510
988.723175 28.662199
988.240826 27.093903
987.758478 25.733109
987.276129 23.997292
986.793781 22.544918
986.311432 20.780025
985.829084 19.388657
985.346735 17.754347
984.864387 16.583637
984.382038 15.231279
983.899690 14.417474
983.417341 13.460824
982.934993 13.087165
982.452644 12.576038
981.970296 12.655235
981.487947 12.562543
981.005599 13.031114
980.523250 13.259909
980.040902 13.991137
979.558553 14.392998
979.076205 15.223291
978.593856 15.627077
978.111508 16.388998
977.629159 16.638689
977.146811 17.192570
976.664462 17.173187
976.182114 17.433327
975.699765 17.088970
975.217417 17.030966
974.735068 16.368206
974.252719 16.026464
973.770371 15.102689
973.288022 14.551452
972.805674 13.453075
972.323325 12.784859
971.840977 11.603688
971.358628 10.904922
970.876280 9.718576
970.393931 9.053229
969.911583 7.911050
969.429234 7.315979
968.946886 6.240899
968.464537 5.726850
967.982189 4.722787
967.499840 4.288780
967.017492 3.352554
966.535143 2.997859
966.052795 2.134352
965.570446 1.869950
965.088098 1.097480
964.605749 0.948768
964.123401 0.298331
963.641052 0.300713
963.158704 -0.191066
962.676355 -0.004163
962.194007 -0.310179
961.711658 -0.041847
961.229310 -0.277930
960.746961 -0.011655
960.264613 -0.277864
959.782264 0.135836
959.299916 -0.026159
958.817567 0.464166
958.335219 0.327037
957.852870 0.810742
957.370522 0.617913
956.888173 1.021750
956.405824 0.712671
955.923476 0.994646
955.441127 0.550777
954.958779 0.719193
954.476430 0.177389
953.994082 0.298404
953.511733 -0.246604
953.029385 -0.053110
952.547036 -0.461199
952.064688 -0.130831
951.582339 -0.328311
951.099991 -0.067325
950.617642 -0.266316
950.135294 0.207378
949.652945 0.266270
949.170597 1.373964
948.688248 2.077841
948.205900 3.841265
947.723551 5.172306
947.241203 7.532624
946.758854 9.390971
946.276506 12.210967
945.794157 14.426701
945.311809 17.508877
944.829460 19.864716
944.347112 22.978834
943.864763 25.239183
943.382415 28.154779
942.900066 30.102592
942.417718 32.622654
941.935369 34.088978
941.453021 36.077759
940.970672 36.964958
940.488324 38.367764
940.005975 38.665077
939.523627 39.514145
939.041278 39.296776
938.558929 39.706593
938.076581 39.122494
937.594232 39.270569
937.111884 38.519684
936.629535 38.619614
936.147187 37.922665
935.664838 38.192238
935.182490 37.755989
934.700141 38.385159
934.217793 38.374416
933.735444 39.496460
933.253096 40.009605
932.770747 41.684116
932.288399 42.739708
931.806050 44.944946
931.323702 46.483166
930.841353 49.123177
930.359005 51.017082
929.876656 53.938808
929.394308 56.015537
928.911959 59.034889
928.429611 61.105972
927.947262 64.036903
927.464914 65.926048
926.982565 68.608154
926.500217 70.176262
926.017868 72.496529
925.535520 73.660286
925.053171 75.566444
924.570823 76.305122
924.088474 77.806961
923.606126 78.159119
923.123777 79.322060
922.641429 79.376099
922.159080 80.306091
921.676732 80.181137
921.194383 81.005135
920.712034 80.831802
920.229686 81.678970
919.747337 81.580055
919.264989 82.562950
918.782640 82.637337
918.300292 83.837234
917.817943 84.145500
917.335595 85.601929
916.853246 86.160889
916.370898 87.866318
915.888549 88.644966
915.406201 90.543961
914.923852 91.463928
914.441504 93.457375
913.959155 94.400269
913.476807 96.353859
912.994458 97.173187
912.512110 98.930977
912.029761 99.466331
911.547413 100.869095
911.065064 100.967888
910.582716 101.874535
910.100367 101.412254
909.618019 101.720215
909.135670 100.621437
908.653322 100.286545
908.170973 98.540756
907.688625 97.587440
907.206276 95.254944
906.723928 93.776932
906.241579 90.981995
905.759231 89.130898
905.276882 86.046135
904.794534 84.008484
904.312185 80.826767
903.829837 78.791771
903.347488 75.691811
902.865140 73.820084
902.382791 70.936150
901.900442 69.330521
901.418094 66.730011
900.935745 65.419258
900.453397 63.092636
899.971048 62.030895
899.488700 59.899311
899.006351 58.980831
898.524003 56.919746
898.041654 56.008339
897.559306 53.878624
897.076957 52.841911
896.594609 50.527119
896.112260 49.271618
895.629912 46.706303
895.147563 45.199070
894.665215 42.386162
894.182866 40.665268
893.700518 37.675552
893.218169 35.840866
892.735821 32.797176
892.253472 30.986618
891.771124 28.033951
891.288775 26.392067
890.806427 23.666664
890.324078 22.311846
889.841730 19.909412
889.359381 18.909786
888.877033 16.866684
888.394684 16.227631
887.912336 14.519454
887.429987 14.188705
886.947639 12.740269
886.465290 12.624825
885.982942 11.332355
885.500593 11.326002
885.018245 10.087217
884.535896 10.096704
884.053547 8.834691
883.571199 8.803366
883.088850 7.483210
882.606502 7.400341
882.124153 6.034742
881.641805 5.933774
881.159456 4.574243
880.677108 4.518650
880.194759 3.235503
879.712411 3.298038
879.230062 2.160368
878.747714 2.399143
878.265365 1.451380
877.783017 1.894216
877.300668 1.142709
876.818320 1.774480
876.335971 1.184800
875.853623 1.952278
875.371274 1.455829
874.888926 2.279183
874.406577 1.788557
873.924229 2.578921
873.441880 2.011111
872.959532 2.695729
872.477183 1.992877
871.994835 2.532681
871.512486 1.678184
871.030138 2.081725
870.547789 1.110252
870.065441 1.437589
869.583092 0.433120
869.100744 0.788501
868.618395 -0.128843
868.136047 0.387389
867.653698 -0.303912
867.171350 0.251090
866.689001 -0.342118
866.206652 0.128907
865.724304 -0.508965
865.241955 0.110084
864.759607 -0.369030
864.277258 0.754614
863.794910 0.757893
863.312561 2.332921
862.830213 2.733622
862.347864 4.645043
861.865516 5.302796
861.383167 7.391923
860.900819 8.135327
860.418470 10.224175
859.936122 10.877463
859.453773 12.800982
858.971425 13.215226
858.489076 14.846724
858.006728 14.924264
857.524379 16.198551
857.042031 15.908383
856.559682 16.826443
856.077334 16.201508
855.594985 16.826317
855.112637 15.952089
854.630288 16.386200
854.147940 15.374975
853.665591 15.732142
853.183243 14.694019
852.700894 15.072143
852.218546 14.086736
851.736197 14.544413
851.253849 13.647102
850.771500 14.193866
850.289152 13.370984
849.806803 13.974591
849.324455 13.179023
848.842106 13.783574
848.359757 12.956956
847.877409 13.509969
847.395060 12.612269
846.912712 13.091034
846.430363 12.122501
845.948015 12.551901
845.465666 11.564305
844.983318 12.020041
844.500969 11.110277
844.018621 11.706120
843.536272 10.996531
843.053924 11.857465
842.571575 11.467417
842.089227 12.698936
841.606878 12.714856
841.124530 14.378467
840.642181 14.833320
840.159833 16.932446
839.677484 17.803284
839.195136 20.291046
838.712787 21.512432
838.230439 24.313141
837.748090 25.806963
837.265742 28.850079
836.783393 30.561140
836.301045 33.813934
835.818696 35.739323
835.336348 39.230366
834.853999 41.431347
834.371651 45.252449
833.889302 47.846458
833.406954 52.133339
832.924605 55.263939
832.442257 60.156757
831.959908 63.947723
831.477560 69.542152
830.995211 74.051369
830.512862 80.356430
830.030514 85.537460
829.548165 92.448486
829.065817 98.138535
828.583468 105.436699
828.101120 111.368172
827.618771 118.747856
827.136423 124.588715
826.654074 131.706161
826.171726 137.115326
825.689377 143.645828
825.207029 148.329895
824.724680 154.021988
824.242332 157.779480
823.759983 162.487900
823.277635 165.232910
822.795286 168.927109
822.312938 170.680145
821.830589 173.425613
821.348241 174.286530
820.865892 176.206268
820.383544 176.308838
819.901195 177.536179
819.418847 177.005432
818.936498 177.648697
818.454150 176.569565
817.971801 176.688202
817.489453 175.096588
817.007104 174.705887
816.524756 172.602249
816.042407 171.694672
815.560059 169.073959
815.077710 167.656555
814.595362 164.544098
814.113013 162.669891
813.630665 159.152115
813.148316 156.942444
812.665967 153.177048
812.183619 150.821350
811.701270 147.025208
811.218922 144.759537
810.736573 141.176224
810.254225 139.241364
809.771876 136.096481
809.289528 134.690857
808.807179 132.146545
808.324831 131.385925
807.842482 129.505417
807.360134 129.397812
806.877785 128.133224
806.395437 128.578064
805.913088 127.781677
805.430740 128.590805
804.948391 128.045364
804.466043 128.983566
803.983694 128.445419
803.501346 129.273743
803.018997 128.520020
802.536649 129.037994
802.054300 127.898941
801.571952 127.972054
801.089603 126.351540
800.607255 125.922699
800.124906 123.799683
799.642558 122.881035
799.160209 120.296829
798.677861 118.952873
798.195512 115.988983
797.713164 114.312714
797.230815 111.068520
796.748467 109.161255
796.266118 105.737320
795.783770 103.695000
795.301421 100.181488
794.819072 98.089302
794.336724 94.565712
793.854375 92.497467
793.372027 89.033669
792.889678 87.055176
792.407330 83.713203
791.924981 81.883156
791.442633 78.717361
790.960284 77.084061
790.477936 74.135544
789.995587 72.729950
789.513239 70.018478
789.030890 68.846764
788.548542 66.362541
788.066193 65.398811
787.583845 63.099586
787.101496 62.285717
786.619148 60.098785
786.136799 59.350307
785.654451 57.183102
785.172102 56.402382
784.689754 54.158005
784.207405 53.251991
783.725057 50.845234
783.242708 49.741219
782.760360 47.114914
782.278011 45.773788
781.795663 42.906979
781.313314 41.327042
780.830966 38.237560
780.348617 36.453724
779.866269 33.192360
779.383920 31.268106
778.901572 27.909267
778.419223 25.927608
777.936875 22.560928
777.454526 20.615128
776.972177 17.336052
776.489829 15.523762
776.007480 12.430689
775.525132 10.851032
775.042783 8.043833
774.560435 6.796401
774.078086 4.373923
773.595738 3.555434
773.113389 1.611432
772.631041 1.310480
772.148692 -0.074210
771.666344 0.210985
771.183995 -0.560975
770.701647 0.109033
770.219298 -0.274687
769.736950 1.003699
769.254601 1.204650
768.772253 3.022297
768.289904 3.711264
767.807556 5.944649
767.325207 6.975616
766.842859 9.460423
766.360510 10.657147
765.878162 13.214438
765.395813 14.400620
764.913465 16.865824
764.431116 17.898653
763.948768 20.156326
763.466419 20.954245
762.984071 22.960182
762.501722 23.520039
762.019374 25.312035
761.537025 25.710732
761.054677 27.400177
760.572328 27.776871
760.089980 29.524878
759.607631 30.051926
759.125282 32.032806
758.642934 32.878651
758.160585 35.243755
757.678237 36.535660
757.195888 39.381451
756.713540 41.180336
756.231191 44.530769
755.748843 46.823296
755.266494 50.629471
754.784146 53.334824
754.301797 57.489613
753.819449 60.480801
753.337100 64.845749
752.854752 67.980988
752.372403 72.416214
751.890055 75.565521
751.407706 79.956055
750.925358 83.023071
750.443009 87.293190
749.960661 90.222961
749.478312 94.337769
748.995964 97.111282
748.513615 101.063713
748.031267 103.681908
747.548918 107.474861
747.066570 109.937523
746.584221 113.562019
746.101873 115.847832
745.619524 119.267258
745.137176 121.323029
744.654827 124.467255
744.172479 126.207367
743.690130 128.978699
743.207782 130.297684
742.725433 132.587570
742.243085 133.379120
741.760736 135.090363
741.278387 135.273041
740.796039 136.343338
740.313690 135.879730
739.831342 136.299850
739.348993 135.210724
738.866645 135.032684
738.384296 133.399063
737.901948 132.731964
737.419599 130.686920
736.937251 129.682678
736.454902 127.392235
735.972554 126.223900
735.490205 123.863098
735.007857 122.700829
734.525508 120.430107
734.043160 119.419098
733.560811 117.363731
733.078463 116.607849
732.596114 114.848557
732.113766 114.403641
731.631417 112.972488
731.149069 112.848846
730.666720 111.735687
730.184372 111.907448
729.702023 111.073837
729.219675 111.491447
728.737326 110.882607
728.254978 111.488419
727.772629 111.046814
727.290281 111.786079
726.807932 111.458923
726.325584 112.282158
725.843235 112.024345
725.360887 112.888809
724.878538 112.658043
724.396190 113.519783
723.913841 113.269218
723.431493 114.075256
722.949144 113.745026
722.466795 114.427551
721.984447 113.939835
721.502098 114.412514
721.019750 113.673073
720.537401 113.836182
720.055053 112.743706
719.572704 112.496658
719.090356 110.956345
718.608007 110.213608
718.125659 108.155487
717.643310 106.867561
717.160962 104.264694
716.678613 102.431129
716.196265 99.310844
715.713916 96.987984
715.231568 93.434639
714.749219 90.731308
714.266871 86.875687
713.784522 83.939690
713.302174 79.941185
712.819825 76.935570
712.337477 72.954842
711.855128 70.032196
711.372780 66.206985
710.890431 63.485489
710.408083 59.911682
709.925734 57.462833
709.443386 54.186111
708.961037 52.032440
708.478689 49.055752
707.996340 47.183773
707.513992 44.483124
707.031643 42.864525
706.549295 40.415112
706.066946 39.032806
705.584598 36.830662
705.102249 35.699524
704.619900 33.778099
704.137552 32.950390
703.655203 31.381281
703.172855 30.943161
702.690506 29.819796
702.208158 29.866798
701.725809 29.278751
701.243461 29.883564
700.761112 29.880249
700.278764 31.059996
699.796415 31.620335
699.314067 33.312027
698.831718 34.327152
698.349370 36.377937
697.867021 37.654518
697.384673 39.836124
696.902324 41.120251
696.419976 43.162636
695.937627 44.181076
695.455279 45.820904
694.972930 46.332741
694.490582 47.364056
694.008233 47.208138
693.525885 47.523651
693.043536 46.651600
692.561188 46.263939
692.078839 44.749344
691.596491 43.787415
691.114142 41.807877
690.631794 40.486820
690.149445 38.282398
689.667097 36.854362
689.184748 34.674332
688.702400 33.370792
688.220051 31.417055
687.737703 30.400555
687.255354 28.785143
686.773005 28.112862
686.290657 26.839230
685.808308 26.460842
685.325960 25.430099
684.843611 25.205992
684.361263 24.249653
683.878914 23.996000
683.396566 22.927837
682.914217 22.470009
682.431869 21.139877
681.949520 20.363888
681.467172 18.703838
680.984823 17.594574
680.502475 15.645441
680.020126 14.299126
679.537778 12.209356
679.055429 10.818992
678.573081 8.818295
678.090732 7.638129
677.608384 5.990441
677.126035 5.282152
676.643687 4.232048
676.161338 4.209520
675.678990 3.930408
675.196641 4.716691
674.714293 5.275172
674.231944 6.876637
673.749596 8.219756
673.267247 10.528194
672.784899 12.497488
672.302550 15.312984
671.820202 17.678263
671.337853 20.752968
670.855505 23.260548
670.373156 26.348186
669.890808 28.772461
669.408459 31.675959
668.926110 33.857101
668.443762 36.460487
667.961413 38.330288
667.479065 40.612663
666.996716 42.193314
666.514368 44.216351
666.032019 45.601704
665.549671 47.480885
665.067322 48.798569
664.584974 50.663116
664.102625 52.031769
663.620277 53.980938
663.137928 55.471916
662.655580 57.540749
662.173231 59.150776
661.690883 61.294250
661.208534 62.937458
660.726186 65.033775
660.243837 66.555901
659.761489 68.428062
659.279140 69.639351
658.796792 71.093735
658.314443 71.808647
657.832095 72.678520
657.349746 72.759377
656.867398 72.943451
656.385049 72.332626
655.902701 71.822067
655.420352 70.559570
654.938004 69.443016
654.455655 67.661949
653.973307 66.110596
653.490958 64.012543
653.008610 62.247803
652.526261 60.064274
652.043913 58.314835
651.561564 56.260712
651.079215 54.718502
650.596867 52.953407
650.114518 51.738056
649.632170 50.337181
649.149821 49.478279
648.667473 48.424503
648.185124 47.861965
647.702776 47.058395
647.220427 46.664753
646.738079 45.963234
646.255730 45.578339
645.773382 44.817219
645.291033 44.288231
644.808685 43.332008
644.326336 42.548870
643.843988 41.318165
643.361639 40.236408
642.879291 38.722725
642.396942 37.368713
641.914594 35.631386
641.432245 34.091282
640.949897 32.236427
640.467548 30.629456
639.985200 28.781704
639.502851 27.229042
639.020503 25.498707
638.538154 24.093012
638.055806 22.548882
637.573457 21.333357
637.091109 19.991863
636.608760 18.955063
636.126412 17.779007
635.644063 16.862968
635.161715 15.779947
634.679366 14.902462
634.197018 13.827986
633.714669 12.910156
633.232320 11.776963
632.749972 10.769794
632.267623 9.550694
631.785275 8.451377
631.302926 7.170509
630.820578 6.029940
630.338229 4.763142
629.855881 3.676924
629.373532 2.534896
628.891184 1.624207
628.408835 0.731112
627.926487 0.116323
627.444138 -0.416902
626.961790 -0.640319
626.479441 -0.821187
625.997093 -0.990405
625.514744 -1.152323
625.032396 -1.139565
624.550047 -1.358816
624.067699 -1.327236
623.585350 -1.196651
623.103002 -0.876603
622.620653 -0.499740
622.138305 -0.000005
621.655956 0.514308
621.173608 1.089414
620.691259 1.646209
620.208911 2.214944
619.726562 2.748941
619.244214 3.263729
618.761865 3.743513
618.279517 4.188652
617.797168 4.614160
617.314820 5.000705
616.832471 5.390073
616.350123 5.739913
615.867774 6.114388
615.385425 6.445429
614.903077 6.814701
614.420728 7.125257
613.938380 7.477195
613.456031 7.742463
612.973683 8.038409
612.491334 8.210195
612.008986 8.394316
611.526637 8.410965
611.044289 8.422495
610.561940 8.228695
610.079592 8.020902
609.597243 7.583365
609.114895 7.142663
608.632546 6.470523
608.150198 5.830593
607.667849 4.984289
607.185501 4.231339
606.703152 3.322527
606.220804 2.591464
605.738455 1.772664
605.256107 1.229331
604.773758 0.673714
604.291410 0.328135
603.809061 -0.164088
603.326713 -0.406808
602.844364 -0.653587
602.362016 -0.740889
601.879667 -0.708378
601.397319 -0.142382
600.914970 0.522741
600.432622 1.706314
599.950273 2.933908
599.467925 4.634090
598.985576 6.298078
598.503228 8.370086
598.020879 10.312593
597.538530 12.594096
597.056182 14.657230
596.573833 17.001127
596.091485 19.055878
595.609136 21.356798
595.126788 23.324398
594.644439 25.533459
594.162091 27.394829
593.679742 29.519806
593.197394 31.307238
592.715045 33.399006
592.232697 35.174850
591.750348 37.300827
591.268000 39.128120
590.785651 41.338764
590.303303 43.250027
589.820954 45.553627
589.338606 47.525955
588.856257 49.866623
588.373909 51.812527
587.891560 54.070671
587.409212 55.842911
586.926863 57.851746
586.444515 59.270718
585.962166 60.846622
585.479818 61.735077
584.997469 62.717911
584.515121 62.944221
584.032772 63.239567
583.550424 62.752399
583.068075 62.358490
582.585727 61.209953
582.103378 60.232319
581.621030 58.578587
581.138681 57.219543
580.656333 55.301613
580.173984 53.830750
579.691635 51.935261
579.209287 50.643566
578.726938 49.053963
578.244590 48.204758
577.762241 47.153458
577.279893 46.937649
576.797544 46.564934
576.315196 47.070267
575.832847 47.408279
575.350499 48.610317
574.868150 49.584568
574.385802 51.363426
573.903453 52.816147
573.421105 54.988289
572.938756 56.720051
572.456408 59.081581
571.974059 60.896820
571.491711 63.269325
571.009362 65.015717
570.527014 67.279472
570.044665 68.873734
569.562317 70.985710
569.079968 72.422806
568.597620 74.411957
568.115271 75.751221
567.632923 77.697838
567.150574 79.031158
566.668226 81.032730
566.185877 82.453629
565.703529 84.588493
565.221180 86.153419
564.738832 88.451447
564.256483 90.158440
563.774135 92.584190
563.291786 94.366570
562.809438 96.822815
562.327089 98.557152
561.844740 100.902283
561.362392 102.435555
560.880043 104.512558
560.397695 105.693565
559.915346 107.364517
559.432998 108.074608
558.950649 109.246246
558.468301 109.422310
557.985952 110.064331
557.503604 109.707886
557.021255 109.852127
556.538907 109.022484
556.056558 108.750938
555.574210 107.547226
555.091861 106.968948
554.609513 105.504616
554.127164 104.730476
553.644816 103.106491
553.162467 102.225471
552.680119 100.515419
552.197770 99.580132
551.715422 97.817413
551.233073 96.844307
550.750725 95.028122
550.268376 94.002449
549.786028 92.108826
549.303679 91.001106
548.821331 89.000565
548.338982 87.785378
547.856634 85.658569
547.374285 84.327904
546.891937 82.080681
546.409588 80.653778
545.927240 78.321274
545.444891 76.849205
544.962543 74.496132
544.480194 73.054749
543.997846 70.767700
543.515497 69.451744
543.033148 67.330101
542.550800 66.242889
542.068451 64.390030
541.586103 63.631916
541.103754 62.144295
540.621406 61.805527
540.139057 60.764629
539.656709 60.915867
539.174360 60.380959
538.692012 61.066574
538.209663 61.064613
537.727315 62.292950
537.244966 62.810810
536.762618 64.545425
536.280269 65.523354
535.797921 67.678642
535.315572 69.004013
534.833224 71.443161
534.350875 72.956734
533.868527 75.500465
533.386178 77.008469
532.903830 79.454147
532.421481 80.752037
531.939133 82.901054
531.456784 83.804367
530.974436 85.496109
530.492087 85.876503
530.009739 87.021492
529.527390 86.834671
529.045042 87.438133
528.562693 86.742104
528.080345 86.914085
527.597996 85.867630
527.115648 85.811195
526.633299 84.654083
526.150951 84.635124
525.668602 83.648621
525.186253 83.952919
524.703905 83.413628
524.221556 84.295486
523.739208 84.425934
523.256859 86.065788
522.774511 86.996452
522.292162 89.471313
521.809814 91.223404
521.327465 94.498772
520.845117 96.986931
520.362768 100.931946
519.880420 103.987488
519.398071 108.405785
518.915723 111.814857
518.433374 116.485321
517.951026 120.028862
517.468677 124.743271
516.986329 128.232224
516.503980 132.823883
516.021632 136.116638
515.539283 140.471786
515.056935 143.480438
514.574586 147.532501
514.092238 150.208099
513.609889 153.922134
513.127541 156.238678
512.645192 159.591125
512.162844 161.523849
511.680495 164.487015
511.198147 166.003906
510.715798 168.541107
510.233450 169.603378
509.751101 171.676971
509.268753 172.252426
508.786404 173.840652
508.304056 173.923538
507.821707 175.040863
507.339358 174.669373
506.857010 175.381317
506.374661 174.647141
505.892313 175.069839
505.409964 174.111603
504.927616 174.399277
504.445267 173.381363
503.962919 173.699402
503.480570 172.777924
502.998222 173.265686
502.515873 172.553970
502.033525 173.291489
501.551176 172.831894
501.068828 173.819595
500.586479 173.570114
500.104131 174.725220
499.621782 174.567444
499.139434 175.741745
498.657085 175.506699
498.174737 176.522308
497.692388 176.031509
497.210040 176.719833
496.727691 175.826996
496.245343 176.071930
495.762994 174.697021
495.280646 174.459885
494.798297 172.608627
494.315949 171.937988
493.833600 169.697800
493.351252 168.715042
492.868903 166.234100
492.386555 165.105774
491.904206 162.560547
491.421858 161.461990
490.939509 159.018372
490.457161 158.099045
489.974812 155.883804
489.492463 155.243851
489.010115 153.329285
488.527766 153.011993
488.045418 151.414139
487.563069 151.413681
487.080721 150.109680
486.598372 150.391525
486.116024 149.342056
485.633675 149.868164
485.151327 149.041962
484.668978 149.791901
484.186630 149.182999
483.704281 150.167007
483.221933 149.801910
482.739584 151.061447
482.257236 150.994583
481.774887 152.592804
481.292539 152.891418
480.810190 154.896301
480.327842 155.625320
479.845493 158.093658
479.363145 159.300095
478.880796 162.268173
478.398448 163.975815
477.916099 167.455597
477.433751 169.667664
476.951402 173.656311
476.469054 176.367020
475.986705 180.859619
475.504357 184.068954
475.022008 189.073990
474.539660 192.803467
474.057311 198.355591
473.574963 202.654266
473.092614 208.817551
472.610266 213.760590
472.127917 220.619659
471.645568 226.298752
471.163220 233.944748
470.680871 240.445923
470.198523 248.954773
469.716174 256.336761
469.233826 265.744934
468.751477 274.018616
468.269129 284.308197
467.786780 293.422943
467.304432 304.509155
466.822083 314.348297
466.339735 326.083679
465.857386 336.471466
465.375038 348.657074
464.892689 359.375854
464.410341 371.780914
463.927992 382.593170
463.445644 394.979858
462.963295 405.654236
462.480947 417.802490
461.998598 428.136292
461.516250 439.864227
461.033901 449.702209
460.551553 460.883423
460.069204 470.128448
459.586856 480.697845
459.104507 489.315887
458.622159 499.269073
458.139810 507.284821
457.657462 516.672668
457.175113 524.160583
456.692765 533.077332
456.210416 540.146240
455.728068 548.713501
455.245719 555.494263
454.763371 563.846375
454.281022 570.474670
453.798673 578.744385
453.316325 585.347961
452.833976 593.656189
452.351628 600.346375
451.869279 608.794556
451.386931 615.661865
450.904582 624.328125
450.422234 631.440186
449.939885 640.382019
449.457537 647.786011
448.975188 657.041199
448.492840 664.766479
448.010491 674.356689
447.528143 682.418030
447.045794 692.349304
446.563446 700.744690
446.081097 711.005127
445.598749 719.709961
445.116400 730.261841
444.634052 739.223267
444.151703 749.994934
443.669355 759.118835
443.187006 769.991333
442.704658 779.133118
442.222309 789.935547
441.739961 798.894714
441.257612 809.395447
440.775264 817.914856
440.292915 827.832275
439.810567 835.606750
439.328218 844.619324
438.845870 851.316101
438.363521 859.086243
437.881173 864.371765
437.398824 870.574097
436.916476 874.141968
436.434127 878.498718
435.951778 880.105103
435.469430 882.411194
434.987081 881.898132
434.504733 882.050415
434.022384 879.369019
433.540036 877.375122
433.057687 872.591431
432.575339 868.574219
432.092990 861.866028
431.610642 856.053345
431.128293 847.694946
430.645945 840.398499
430.163596 830.732971
429.681248 822.321777
429.198899 811.732727
428.716551 802.596741
428.234202 791.472900
427.751854 781.990906
427.269505 770.693298
426.787157 761.201721
426.304808 750.035645
425.822460 740.801025
425.340111 729.991760
424.857763 721.195557
424.375414 710.878906
423.893066 702.608398
423.410717 692.823730
422.928369 685.074646
422.446020 675.776001
421.963672 668.464417
421.481323 659.536194
420.998975 652.521606
420.516626 643.805481
420.034278 636.918091
419.551929 628.241821
419.069581 621.315613
418.587232 612.526672
418.104883 605.429199
417.622535 596.422485
417.140186 589.081238
416.657838 579.820007
416.175489 572.237183
415.693141 562.764709
415.210792 555.021912
414.728444 545.455444
414.246095 537.702820
413.763747 528.220459
413.281398 520.655945
412.799050 511.467682
412.316701 504.305145
411.834353 495.620361
411.352004 489.055542
410.869656 481.048401
410.387307 475.226807
409.904959 468.007263
409.422610 462.998657
408.940262 456.594116
408.457913 452.380707
407.975565 446.729523
407.493216 443.208679
407.010868 438.170258
406.528519 435.169891
406.046171 430.547363
405.563822 427.852936
405.081474 423.424255
404.599125 420.812683
404.116777 416.363495
403.634428 413.639648
403.152080 408.998260
402.669731 406.018219
402.187383 401.076172
401.705034 397.769684
401.222686 392.494629
400.740337 388.867310
400.257988 383.300995
399.775640 379.425598
399.293291 373.667206
398.810943 369.662628
398.328594 363.843262
397.846246 359.846649
397.363897 354.100861
396.881549 350.235596
396.399200 344.671021
395.916852 341.021240
395.434503 335.693115
394.952155 332.284912
394.469806 327.188110
393.987458 323.982849
393.505109 319.048859
393.022761 315.950897
392.540412 311.061676
392.058064 307.936798
391.575715 302.949554
391.093367 299.654144
390.611018 294.430450
390.128670 290.839752
389.646321 285.275757
389.163973 281.311737
388.681624 275.361572
388.199276 271.014526
387.716927 264.704468
387.234579 260.035400
386.752230 253.461929
386.269882 248.597580
385.787533 241.913101
385.305185 237.024567
384.822836 230.408966
384.340488 225.678986
383.858139 219.309784
383.375791 214.899536
382.893442 208.915787
382.411093 204.935562
381.928745 199.412445
381.446396 195.900452
380.964048 190.837891
380.481699 187.754761
379.999351 183.078400
379.517002 180.320099
379.034654 175.902664
378.552305 173.326340
378.069957 169.017944
377.587608 166.476776
377.105260 162.143723
376.622911 159.525604
376.140563 155.084808
375.658214 152.341446
375.175866 147.785019
374.693517 144.948898
374.211169 140.349579
373.728820 137.532288
373.246472 133.033020
372.764123 130.401031
372.281775 126.183586
371.799426 123.922203
371.317078 120.163986
370.834729 118.431831
370.352381 115.262543
369.870032 114.148087
369.387684 111.608376
368.905335 111.099792
368.422987 109.120415
367.940638 109.093033
367.458290 107.496658
366.975941 107.723946
366.493593 106.245056
366.011244 106.432930
365.528896 104.761536
365.046547 104.598602
364.564199 102.435905
364.081850 101.648544
363.599501 98.759560
363.117153 97.162933
362.634804 93.422668
362.152456 90.958961
361.670107 86.380371
361.187759 83.132072
360.705410 77.865990
360.223062 74.047806
359.740713 68.363838
359.258365 64.290833
358.776016 58.537609
358.293668 54.577518
357.811319 49.129517
357.328971 45.649956
356.846622 40.854481
356.364274 38.171337
355.881925 34.304024
355.399577 32.642853
354.917228 29.872904
354.434880 29.344090
353.952531 27.721859
353.470183 28.316200
352.987834 27.776535
352.505486 29.376047
352.023137 29.754429
351.540789 32.155624
351.058440 33.217201
350.576092 36.161362
350.093743 37.631512
349.611395 40.836506
349.129046 42.432449
348.646698 45.621346
348.164349 47.078888
347.682001 50.004070
347.199652 51.098335
346.717304 53.561310
346.234955 54.121483
345.752606 55.982838
345.270258 55.901806
344.787909 57.086433
344.305561 56.324615
343.823212 56.826576
343.340864 55.408909
342.858515 55.284451
342.376167 53.296623
341.893818 52.656693
341.411470 50.233227
340.929121 49.231571
340.446773 46.540665
339.964424 45.355995
339.482076 42.581909
338.999727 41.398006
338.517379 38.720081
338.035030 37.707352
337.552682 35.280891
337.070333 34.575714
336.587985 32.515362
336.105636 32.207100
335.623288 30.576401
335.140939 30.700890
334.658591 29.507145
334.176242 30.043987
333.693894 29.241722
333.211545 30.122055
332.729197 29.622965
332.246848 30.742741
331.764500 30.429533
331.282151 31.662712
330.799803 31.405624
330.317454 32.623394
329.835106 32.297703
329.352757 33.382401
328.870409 32.882973
328.388060 33.743378
327.905711 32.994930
327.423363 33.574299
326.941014 32.539902
326.458666 32.821754
325.976317 31.505680
325.493969 31.512798
325.011620 29.956732
324.529272 29.749603
324.046923 28.027704
323.564575 27.692005
323.082226 25.900768
322.599878 25.537880
322.117529 23.780350
321.635181 23.491053
321.152832 21.861286
320.670484 21.730070
320.188135 20.297905
319.705787 20.376175
319.223438 19.173809
318.741090 19.470982
318.258741 18.484144
317.776393 18.962532
317.294044 18.131258
316.811696 18.711056
316.329347 17.938679
315.846999 18.509720
315.364650 17.678902
314.882302 18.122791
314.399953 17.119854
313.917605 17.333441
313.435256 16.071518
312.952908 15.989237
312.470559 14.429278
311.988211 14.042035
311.505862 12.206229
311.023514 11.566392
310.541165 9.537241
310.058816 8.755497
309.576468 6.665571
309.094119 5.890968
308.611771 3.900361
308.129422 3.295161
307.647074 1.562734
307.164725 1.274245
306.682377 -0.071372
306.200028 0.062944
305.717680 -0.817050
305.235331 -0.532189
304.752983 -1.250000
304.270634 -0.507589
303.788286 -0.783794
303.305937 0.350537
302.823589 0.431738
302.341240 1.861603
301.858892 2.196939
301.376543 3.818272
300.894195 4.309903
300.411846 6.034980
299.929498 6.609742
299.447149 8.383861
298.964801 9.005177
298.482452 10.807493
298.000104 11.469246
297.517755 13.305223
297.035407 14.019130
296.553058 15.901067
296.070710 16.674423
295.588361 18.598457
295.106013 19.411974
294.623664 21.339657
294.141316 22.133886
293.658967 23.984573
293.176619 24.659508
292.694270 26.315647
292.211921 26.741680
291.729573 28.070213
291.247224 28.118805
290.764876 29.002909
290.282527 28.577930
289.800179 28.950132
289.317830 28.020256
288.835482 27.890442
288.353133 26.509838
287.870785 25.977192
287.388436 24.287840
286.906088 23.531685
286.423739 21.743639
285.941391 20.995693
285.459042 19.349186
284.976694 18.845520
284.494345 17.562172
284.011997 17.495319
283.529648 16.726040
283.047300 17.196692
282.564951 16.986008
282.082603 17.977411
281.600254 18.247257
281.117906 19.622967
280.635557 20.182671
280.153209 21.710022
279.670860 22.298441
279.188512 23.699177
278.706163 24.038450
278.223815 25.051155
277.741466 24.912033
277.259118 25.352566
276.776769 24.606693
276.294421 24.414017
275.812072 23.072380
275.329724 22.327211
274.847375 20.538464
274.365026 19.451956
273.882678 17.477844
273.400329 16.347878
272.917981 14.506701
272.435632 13.654873
271.953284 12.254553
271.470935 11.957352
270.988587 11.227961
270.506238 11.655887
270.023890 11.699414
269.541541 12.878440
269.059193 13.644258
268.576844 15.449778
268.094496 16.744099
267.612147 18.924040
267.129799 20.449287
266.647450 22.675797
266.165102 24.089138
265.682753 26.020115
265.200405 26.999741
264.718056 28.347496
264.235708 28.651888
263.753359 29.233074
263.271011 28.742910
262.788662 28.505402
262.306314 27.238167
261.823965 26.264759
261.341617 24.362911
260.859268 22.848150
260.376920 20.546097
259.894571 18.752497
259.412223 16.329411
258.929874 14.539166
258.447526 12.269858
257.965177 10.739350
257.482829 8.851115
257.000480 7.771320
256.518131 6.413908
256.035783 5.890205
255.553434 5.124773
255.071086 5.173671
254.588737 4.973363
254.106389 5.530715
253.624040 5.799279
253.141692 6.740114
252.659343 7.333111
252.176995 8.500082
251.694646 9.250732
251.212298 10.474801
250.729949 11.218616
250.247601 12.344327
249.765252 12.939887
249.282904 13.842728
248.800555 14.185114
248.318207 14.781437
247.835858 14.810163
247.353510 15.064261
246.871161 14.768281
246.388813 14.691783
245.906464 14.104054
245.424116 13.749937
244.941767 12.940712
244.459419 12.393450
243.977070 11.459286
243.494722 10.821630
243.012373 9.867721
242.530025 9.244439
242.047676 8.370303
241.565328 7.851665
241.082979 7.134909
240.600631 6.783905
240.118282 6.270823
239.635934 6.113208
239.153585 5.810269
238.671236 5.833991
238.188888 5.710496
237.706539 5.868555
237.224191 5.863987
236.741842 6.084211
236.259494 6.118919
235.777145 6.318635
235.294797 6.310161
234.812448 6.410756
234.330100 6.287719
233.847751 6.228981
233.365403 5.944048
232.883054 5.692654
232.400706 5.230658
231.918357 4.789046
231.436009 4.170465
230.953660 3.576144
230.471312 2.855145
229.988963 2.179495
229.506615 1.440399
229.024266 0.778482
228.541918 0.126881
228.059569 -0.410006
227.577221 -0.860039
227.094872 -1.243025
226.612524 -1.619389
226.130175 -2.037654
225.647827 -2.426866
225.165478 -2.620795
224.683130 -3.060087
224.200781 -3.311146
223.718433 -3.282755
223.236084 -3.099335
222.753736 -2.644706
222.271387 -2.095349
221.789039 -1.307620
221.306690 -0.507745
220.824341 0.478591
220.341993 1.380181
219.859644 2.408359
219.377296 3.253888
218.894947 4.170828
218.412599 4.818268
217.930250 5.500711
217.447902 5.850910
216.965553 6.227353
216.483205 6.240546
216.000856 6.305711
215.518508 6.009608
215.036159 5.822117
214.553811 5.302107
214.071462 4.969536
213.589114 4.349398
213.106765 4.002696
212.624417 3.413136
212.142068 3.175719
211.659720 2.724038
211.177371 2.682268
210.695023 2.067348
210.212674 1.809088
209.730326 1.312698
209.247977 1.253442
208.765629 0.902774
208.283280 0.968274
207.800932 0.674369
207.318583 0.768707
206.836235 0.436075
206.353886 0.470539
205.871538 0.025236
205.389189 -0.052727
204.906841 -0.639143
204.424492 -0.831669
203.942144 -1.535028
203.459795 -1.793382
202.977446 -2.543189
202.495098 -2.781430
202.012749 -3.482532
201.530401 -3.603556
201.048052 -4.165619
200.565704 -4.395559
200.083355 -5.062511
199.601007 -5.059451
199.118658 -5.514703
198.636310 -5.292586
198.153961 -5.575627
197.671613 -5.195370
197.189264 -5.382341
196.706916 -4.928749
196.224567 -5.108824
195.742219 -4.665242
195.259870 -4.907390
194.777522 -4.525666
194.295173 -4.857352
193.812825 -4.535536
193.330476 -4.928288
192.848128 -4.611963
192.365779 -4.986252
191.883431 -4.577338
191.401082 -4.825101
190.918734 -4.213092
190.436385 -4.229409
189.954037 -3.324219
189.471688 -3.042624
188.989340 -1.809032
188.506991 -1.231020
188.024643 0.291723
187.542294 1.088516
187.059946 2.784876
186.577597 3.650211
186.095249 5.343915
185.612900 6.084708
185.130552 7.574800
184.648203 7.993358
184.165854 9.095509
183.683506 9.031126
183.201157 9.618111
182.718809 8.984240
182.236460 9.015651
181.754112 7.820653
181.271763 7.354171
180.789415 5.701867
180.307066 4.882814
179.824718 2.952679
179.342369 1.986715
178.860021 0.000000
178.377672 -0.887106
