192.500000 0.000000
193.000000 0.002023
193.500000 0.000000
194.000000 0.044410
194.500000 0.085459
195.000000 0.123305
195.500000 0.158805
196.000000 0.192236
196.500000 0.224545
197.000000 0.256054
197.500000 0.287727
198.000000 0.319852
198.500000 0.353328
199.000000 0.388329
199.500000 0.425617
200.000000 0.465188
200.500000 0.507608
201.000000 0.552648
201.500000 0.600646
202.000000 0.651130
202.500000 0.704214
203.000000 0.759201
203.500000 0.816009
204.000000 0.873769
204.500000 0.932272
205.000000 0.990554
205.500000 1.048366
206.000000 1.104743
206.500000 1.159495
207.000000 1.211750
207.500000 1.261464
208.000000 1.307936
208.500000 1.351331
209.000000 1.391162
209.500000 1.427826
210.000000 1.461055
210.500000 1.491457
211.000000 1.518940
211.500000 1.544264
212.000000 1.567440
212.500000 1.589290
213.000000 1.609832
213.500000 1.629856
214.000000 1.649296
214.500000 1.668826
215.000000 1.688226
215.500000 1.708007
216.000000 1.727764
216.500000 1.747836
217.000000 1.767654
217.500000 1.787424
218.000000 1.806469
218.500000 1.824940
219.000000 1.842143
219.500000 1.858269
220.000000 1.872705
220.500000 1.885774
221.000000 1.897024
221.500000 1.906979
222.000000 1.915397
222.500000 1.923025
223.000000 1.929830
223.500000 1.936755
224.000000 1.943924
224.500000 1.952401
225.000000 1.962370
225.500000 1.974909
226.000000 1.990146
226.500000 2.009045
227.000000 2.031558
227.500000 2.058429
228.000000 2.089334
228.500000 2.124722
229.000000 2.163942
229.500000 2.207118
230.000000 2.253280
230.500000 2.302257
231.000000 2.352815
231.500000 2.404574
232.000000 2.456138
232.500000 2.507036
233.000000 2.555837
233.500000 2.602106
234.000000 2.644504
234.500000 2.682750
235.000000 2.715695
235.500000 2.743292
236.000000 2.764635
236.500000 2.779939
237.000000 2.788549
237.500000 2.790915
238.000000 2.786584
238.500000 2.776180
239.000000 2.759373
239.500000 2.736874
240.000000 2.708390
240.500000 2.674642
241.000000 2.635308
241.500000 2.591066
242.000000 2.541541
242.500000 2.487371
243.000000 2.428152
243.500000 2.364531
244.000000 2.296151
244.500000 2.223758
245.000000 2.147140
245.500000 2.067246
246.000000 1.984104
246.500000 1.898947
247.000000 1.812105
247.500000 1.725123
248.000000 1.638621
248.500000 1.554413
249.000000 1.473324
249.500000 1.397306
250.000000 1.327234
250.500000 1.265010
251.000000 1.211349
251.500000 1.167895
252.000000 1.134993
252.500000 1.113835
253.000000 1.104234
253.500000 1.106803
254.000000 1.120746
254.500000 1.146075
255.000000 1.181417
255.500000 1.226274
256.000000 1.278836
256.500000 1.338281
257.000000 1.402591
257.500000 1.470865
258.000000 1.541134
258.500000 1.612671
259.000000 1.683784
259.500000 1.754123
260.000000 1.822431
260.500000 1.888833
261.000000 1.952550
261.500000 2.014169
262.000000 2.073311
262.500000 2.130894
263.000000 2.186770
263.500000 2.241980
264.000000 2.296378
264.500000 2.350901
265.000000 2.405188
265.500000 2.459873
266.000000 2.514221
266.500000 2.568453
267.000000 2.621399
267.500000 2.672868
268.000000 2.721313
268.500000 2.766237
269.000000 2.805874
269.500000 2.839613
270.000000 2.865684
270.500000 2.883594
271.000000 2.891793
271.500000 2.890116
272.000000 2.877419
272.500000 2.854006
273.000000 2.819237
273.500000 2.773938
274.000000 2.717968
274.500000 2.652620
275.000000 2.578154
275.500000 2.496189
276.000000 2.407217
276.500000 2.312996
277.000000 2.214056
277.500000 2.112104
278.000000 2.007530
278.500000 1.901835
279.000000 1.795152
279.500000 1.688697
280.000000 1.582305
280.500000 1.476911
281.000000 1.372097
281.500000 1.268597
282.000000 1.165852
282.500000 1.064535
283.000000 0.964098
283.500000 0.865304
284.000000 0.767767
284.500000 0.672482
285.000000 0.579335
285.500000 0.489634
286.000000 0.403588
286.500000 0.322821
287.000000 0.247829
287.500000 0.180474
288.000000 0.121418
288.500000 0.072609
289.000000 0.034693
289.500000 0.009496
290.000000 -0.002565
290.500000 0.000000
291.000000 0.016275
291.500000 0.048122
292.000000 0.094920
292.500000 0.156997
293.000000 0.233062
293.500000 0.322777
294.000000 0.424214
294.500000 0.536453
295.000000 0.657058
295.500000 0.784706
296.000000 0.916672
296.500000 1.051472
297.000000 1.186346
297.500000 1.319913
298.000000 1.449633
298.500000 1.574455
299.000000 1.692258
299.500000 1.802478
300.000000 1.903519
300.500000 1.995358
301.000000 2.076928
301.500000 2.148697
302.000000 2.210033
302.500000 2.261769
303.000000 2.303550
303.500000 2.336405
304.000000 2.360088
304.500000 2.375667
305.000000 2.382871
305.500000 2.382703
306.000000 2.374807
306.500000 2.360098
307.000000 2.338151
307.500000 2.309855
308.000000 2.274806
308.500000 2.233972
309.000000 2.187090
309.500000 2.135326
310.000000 2.078651
310.500000 2.018499
311.000000 1.955111
311.500000 1.890171
312.000000 1.824129
312.500000 1.758810
313.000000 1.694716
313.500000 1.633625
314.000000 1.575880
314.500000 1.522992
315.000000 1.474929
315.500000 1.432743
316.000000 1.395878
316.500000 1.364826
317.000000 1.338466
317.500000 1.316756
318.000000 1.298104
318.500000 1.282092
319.000000 1.266870
319.500000 1.251899
320.000000 1.235352
320.500000 1.216854
321.000000 1.194877
321.500000 1.169459
322.000000 1.139566
322.500000 1.105782
323.000000 1.067634
323.500000 1.026243
324.000000 0.981611
324.500000 0.935245
325.000000 0.887413
325.500000 0.839758
326.000000 0.792545
326.500000 0.747278
327.000000 0.703963
327.500000 0.663744
328.000000 0.626201
328.500000 0.592017
329.000000 0.560311
329.500000 0.531347
330.000000 0.503892
330.500000 0.477954
331.000000 0.452159
331.500000 0.426499
332.000000 0.399711
332.500000 0.372005
333.000000 0.342434
333.500000 0.311592
334.000000 0.278952
334.500000 0.245534
335.000000 0.211203
335.500000 0.177316
336.000000 0.143989
336.500000 0.112726
337.000000 0.083683
337.500000 0.058292
338.000000 0.036536
338.500000 0.019594
339.000000 0.007137
339.500000 0.000000
340.000000 -0.004382
340.500000 -0.003588
341.000000 0.001460
341.500000 0.011112
342.000000 0.024364
342.500000 0.041575
343.000000 0.061843
343.500000 0.085708
344.000000 0.112504
344.500000 0.143034
345.000000 0.176893
345.500000 0.215117
346.000000 0.257469
346.500000 0.305063
347.000000 0.357640
347.500000 0.416176
348.000000 0.480162
348.500000 0.550219
349.000000 0.625404
349.500000 0.705852
350.000000 0.790115
350.500000 0.877841
351.000000 0.967159
351.500000 1.057387
352.000000 1.146453
352.500000 1.233624
353.000000 1.316938
353.500000 1.395940
354.000000 1.469101
354.500000 1.536528
355.000000 1.597360
355.500000 1.652431
356.000000 1.701627
356.500000 1.746503
357.000000 1.787591
357.500000 1.826977
358.000000 1.865582
358.500000 1.905710
359.000000 1.948322
359.500000 1.995578
360.000000 2.048134
360.500000 2.107699
361.000000 2.174367
361.500000 2.249218
362.000000 2.331687
362.500000 2.422210
363.000000 2.519636
363.500000 2.623905
364.000000 2.733493
364.500000 2.848093
365.000000 2.966081
365.500000 3.087185
366.000000 3.209936
366.500000 3.334313
367.000000 3.459164
367.500000 3.584815
368.000000 3.710461
368.500000 3.836734
369.000000 3.963071
369.500000 4.090257
370.000000 4.217782
370.500000 4.346375
371.000000 4.475377
371.500000 4.605276
372.000000 4.735112
372.500000 4.865033
373.000000 4.993739
373.500000 5.121060
374.000000 5.245436
374.500000 5.366514
375.000000 5.482652
375.500000 5.593519
376.000000 5.697609
376.500000 5.794827
377.000000 5.883987
377.500000 5.965383
378.000000 6.038254
378.500000 6.103320
379.000000 6.160232
379.500000 6.210068
380.000000 6.252767
380.500000 6.289601
381.000000 6.320609
381.500000 6.347062
382.000000 6.368909
382.500000 6.387251
383.000000 6.401816
383.500000 6.413451
384.000000 6.421630
384.500000 6.426970
385.000000 6.428767
385.500000 6.427527
386.000000 6.422524
386.500000 6.414324
387.000000 6.402357
387.500000 6.387418
388.000000 6.369234
388.500000 6.348932
389.000000 6.326587
389.500000 6.303657
390.000000 6.280506
390.500000 6.258813
391.000000 6.239079
391.500000 6.223010
392.000000 6.211030
392.500000 6.204657
393.000000 6.204032
393.500000 6.210300
394.000000 6.223171
394.500000 6.243319
395.000000 6.269977
395.500000 6.303356
396.000000 6.342277
396.500000 6.386597
397.000000 6.434869
397.500000 6.486775
398.000000 6.540786
398.500000 6.596591
399.000000 6.652758
399.500000 6.709132
400.000000 6.764493
400.500000 6.818926
401.000000 6.871464
401.500000 6.922435
402.000000 6.971099
402.500000 7.017978
403.000000 7.062499
403.500000 7.105310
404.000000 7.145947
404.500000 7.185144
405.000000 7.222526
405.500000 7.258925
406.000000 7.294094
406.500000 7.329025
407.000000 7.363684
407.500000 7.399321
408.000000 7.436204
408.500000 7.475922
409.000000 7.519103
409.500000 7.567689
410.000000 7.622643
410.500000 7.686178
411.000000 7.759449
411.500000 7.844749
412.000000 7.943189
412.500000 8.056862
413.000000 8.186528
413.500000 8.333776
414.000000 8.498717
414.500000 8.682161
415.000000 8.883352
415.500000 9.102160
416.000000 9.336879
416.500000 9.586439
417.000000 9.848268
417.500000 10.120529
418.000000 10.400026
418.500000 10.684468
419.000000 10.970394
419.500000 11.255443
420.000000 11.536283
420.500000 11.810861
421.000000 12.076324
421.500000 12.331221
422.000000 12.573400
422.500000 12.802165
423.000000 13.016138
423.500000 13.215363
424.000000 13.399149
424.500000 13.568134
425.000000 13.722116
425.500000 13.862091
426.000000 13.988093
426.500000 14.101235
427.000000 14.201565
427.500000 14.290115
428.000000 14.366806
428.500000 14.432500
429.000000 14.486950
429.500000 14.530869
430.000000 14.563904
430.500000 14.586718
431.000000 14.598980
431.500000 14.601429
432.000000 14.593882
432.500000 14.577260
433.000000 14.551596
433.500000 14.518021
434.000000 14.476758
434.500000 14.429081
435.000000 14.375285
435.500000 14.316625
436.000000 14.253283
436.500000 14.186294
437.000000 14.115533
437.500000 14.041634
438.000000 13.964017
438.500000 13.882823
439.000000 13.796982
439.500000 13.706169
440.000000 13.608924
440.500000 13.504624
441.000000 13.391646
441.500000 13.269341
442.000000 13.136224
442.500000 12.991940
443.000000 12.835455
443.500000 12.666985
444.000000 12.486178
444.500000 12.294000
445.000000 12.090875
445.500000 11.878520
446.000000 11.658061
446.500000 11.431807
447.000000 11.201340
447.500000 10.969254
448.000000 10.737239
448.500000 10.507797
449.000000 10.282346
449.500000 10.062931
450.000000 9.850376
450.500000 9.646011
451.000000 9.449877
451.500000 9.262487
452.000000 9.083091
452.500000 8.911464
453.000000 8.746226
453.500000 8.586654
454.000000 8.431031
454.500000 8.278464
455.000000 8.127250
455.500000 7.976661
456.000000 7.825321
456.500000 7.672944
457.000000 7.518683
457.500000 7.362824
458.000000 7.205110
458.500000 7.046372
459.000000 6.886842
459.500000 6.727735
460.000000 6.569548
460.500000 6.413624
461.000000 6.260460
461.500000 6.111256
462.000000 5.966253
462.500000 5.826298
463.000000 5.691216
463.500000 5.561397
464.000000 5.436213
464.500000 5.315624
465.000000 5.198641
465.500000 5.084939
466.000000 4.973356
466.500000 4.863492
467.000000 4.754235
467.500000 4.645334
468.000000 4.535923
468.500000 4.426066
469.000000 4.315267
469.500000 4.203970
470.000000 4.092064
470.500000 3.980335
471.000000 3.868966
471.500000 3.758957
472.000000 3.650623
472.500000 3.545002
473.000000 3.442361
473.500000 3.343605
474.000000 3.248809
474.500000 3.158629
475.000000 3.072879
475.500000 2.991940
476.000000 2.915386
476.500000 2.843391
477.000000 2.775392
477.500000 2.711492
478.000000 2.651145
478.500000 2.594548
479.000000 2.541327
479.500000 2.491912
480.000000 2.446217
480.500000 2.404978
481.000000 2.368431
481.500000 2.337607
482.000000 2.313003
482.500000 2.295845
483.000000 2.286754
483.500000 2.286979
484.000000 2.297076
484.500000 2.318117
485.000000 2.350396
485.500000 2.394623
486.000000 2.450660
486.500000 2.518716
487.000000 2.598120
487.500000 2.688519
488.000000 2.788682
488.500000 2.897709
489.000000 3.013869
489.500000 3.135806
490.000000 3.261405
490.500000 3.388999
491.000000 3.516258
491.500000 3.641380
492.000000 3.762002
492.500000 3.876374
493.000000 3.982288
493.500000 4.078225
494.000000 4.162297
494.500000 4.233377
495.000000 4.290040
495.500000 4.331671
496.000000 4.357416
496.500000 4.367259
497.000000 4.360974
497.500000 4.339174
498.000000 4.302267
498.500000 4.251471
499.000000 4.187770
499.500000 4.112896
500.000000 4.028291
500.500000 3.936054
501.000000 3.837909
501.500000 3.736132
502.000000 3.632521
502.500000 3.529310
503.000000 3.428163
503.500000 3.331068
504.000000 3.239367
504.500000 3.154644
505.000000 3.077791
505.500000 3.009896
506.000000 2.951346
506.500000 2.902723
507.000000 2.863935
507.500000 2.835111
508.000000 2.815768
508.500000 2.805691
509.000000 2.804116
509.500000 2.810601
510.000000 2.824215
510.500000 2.844377
511.000000 2.870059
511.500000 2.900595
512.000000 2.934878
512.500000 2.972148
513.000000 3.011199
513.500000 3.051137
514.000000 3.090610
514.500000 3.128553
515.000000 3.163445
515.500000 3.194052
516.000000 3.218721
516.500000 3.236121
517.000000 3.244586
517.500000 3.242851
518.000000 3.229436
518.500000 3.203378
519.000000 3.163631
519.500000 3.109791
520.000000 3.041499
520.500000 2.959130
521.000000 2.863190
521.500000 2.754957
522.000000 2.635853
522.500000 2.508028
523.000000 2.373707
523.500000 2.235716
524.000000 2.096811
524.500000 1.960151
525.000000 1.828627
525.500000 1.705309
526.000000 1.592787
526.500000 1.493610
527.000000 1.409675
527.500000 1.342676
528.000000 1.293550
528.500000 1.262954
529.000000 1.250782
529.500000 1.256671
530.000000 1.279579
530.500000 1.318317
531.000000 1.371179
531.500000 1.436474
532.000000 1.512186
532.500000 1.596496
533.000000 1.687440
533.500000 1.783399
534.000000 1.882741
534.500000 1.984262
535.000000 2.086811
535.500000 2.189664
536.000000 2.292144
536.500000 2.393938
537.000000 2.494708
537.500000 2.594383
538.000000 2.692773
538.500000 2.789846
539.000000 2.885375
539.500000 2.979212
540.000000 3.070980
540.500000 3.160355
541.000000 3.246805
541.500000 3.329881
542.000000 3.408998
542.500000 3.483727
543.000000 3.553599
543.500000 3.618383
544.000000 3.677904
544.500000 3.732283
545.000000 3.781746
545.500000 3.826827
546.000000 3.868157
546.500000 3.906613
547.000000 3.943100
547.500000 3.978654
548.000000 4.014217
548.500000 4.050711
549.000000 4.088833
549.500000 4.129112
550.000000 4.171741
550.500000 4.216648
551.000000 4.263369
551.500000 4.311144
552.000000 4.358857
552.500000 4.405147
553.000000 4.448404
553.500000 4.486900
554.000000 4.518828
554.500000 4.542430
555.000000 4.556057
555.500000 4.558277
556.000000 4.547933
556.500000 4.524208
557.000000 4.486670
557.500000 4.435276
558.000000 4.370389
558.500000 4.292726
559.000000 4.203351
559.500000 4.103568
560.000000 3.994907
560.500000 3.878976
561.000000 3.757455
561.500000 3.631939
562.000000 3.503957
562.500000 3.374815
563.000000 3.245666
563.500000 3.117368
564.000000 2.990608
564.500000 2.865775
565.000000 2.743140
565.500000 2.622740
566.000000 2.504596
566.500000 2.388601
567.000000 2.274751
567.500000 2.163016
568.000000 2.053581
568.500000 1.946671
569.000000 1.842789
569.500000 1.742490
570.000000 1.646606
570.500000 1.555971
571.000000 1.471634
571.500000 1.394545
572.000000 1.325762
572.500000 1.266120
573.000000 1.216447
573.500000 1.177224
574.000000 1.148841
574.500000 1.131252
575.000000 1.124281
575.500000 1.127291
576.000000 1.139540
576.500000 1.159861
577.000000 1.187065
577.500000 1.219628
578.000000 1.256127
578.500000 1.294921
579.000000 1.334605
579.500000 1.373670
580.000000 1.410962
580.500000 1.445304
581.000000 1.475948
581.500000 1.502158
582.000000 1.523650
582.500000 1.540128
583.000000 1.551724
583.500000 1.558493
584.000000 1.560854
584.500000 1.559065
585.000000 1.553677
585.500000 1.544995
586.000000 1.533561
586.500000 1.519613
587.000000 1.503607
587.500000 1.485674
588.000000 1.466181
588.500000 1.445194
589.000000 1.423069
589.500000 1.399910
590.000000 1.376182
590.500000 1.352159
591.000000 1.328541
591.500000 1.305873
592.000000 1.285170
592.500000 1.267289
593.000000 1.253552
593.500000 1.245075
594.000000 1.243376
594.500000 1.249674
595.000000 1.265490
595.500000 1.291913
596.000000 1.330209
596.500000 1.381073
597.000000 1.445259
597.500000 1.522828
598.000000 1.613813
598.500000 1.717480
599.000000 1.833039
599.500000 1.958917
600.000000 2.093532
600.500000 2.234571
601.000000 2.379819
601.500000 2.526454
602.000000 2.671904
602.500000 2.813150
603.000000 2.947609
603.500000 3.072417
604.000000 3.185323
604.500000 3.283945
605.000000 3.366652
605.500000 3.431784
606.000000 3.478518
606.500000 3.506035
607.000000 3.514372
607.500000 3.503539
608.000000 3.474354
608.500000 3.427523
609.000000 3.364468
609.500000 3.286373
610.000000 3.195028
610.500000 3.091853
611.000000 2.978765
611.500000 2.857201
612.000000 2.729012
612.500000 2.595498
613.000000 2.458335
613.500000 2.318616
614.000000 2.177824
614.500000 2.036863
615.000000 1.897069
615.500000 1.759239
616.000000 1.624651
616.500000 1.494080
617.000000 1.368828
617.500000 1.249708
618.000000 1.138072
618.500000 1.034761
619.000000 0.941129
619.500000 0.857950
620.000000 0.786446
620.500000 0.727163
621.000000 0.681003
621.500000 0.648086
622.000000 0.628798
622.500000 0.622654
623.000000 0.629380
623.500000 0.647786
624.000000 0.676892
624.500000 0.714823
625.000000 0.759985
625.500000 0.809977
626.000000 0.862812
626.500000 0.915842
627.000000 0.967012
627.500000 1.013778
628.000000 1.054376
628.500000 1.086715
629.000000 1.109645
629.500000 1.121801
630.000000 1.122851
630.500000 1.112293
631.000000 1.090665
631.500000 1.058288
632.000000 1.016452
632.500000 0.966107
633.000000 0.909038
633.500000 0.846520
634.000000 0.780500
634.500000 0.712246
635.000000 0.643552
635.500000 0.575392
636.000000 0.509178
636.500000 0.445436
637.000000 0.385113
637.500000 0.328280
638.000000 0.275492
638.500000 0.226511
639.000000 0.181700
639.500000 0.140742
640.000000 0.104061
640.500000 0.071513
641.000000 0.043798
641.500000 0.021114
642.000000 0.004545
642.500000 -0.005337
643.000000 -0.007120
643.500000 0.000000
644.000000 0.016124
644.500000 0.043428
645.000000 0.083216
645.500000 0.135832
646.000000 0.202003
646.500000 0.281332
647.000000 0.373687
647.500000 0.477722
648.000000 0.592329
648.500000 0.715202
649.000000 0.844361
649.500000 0.976754
650.000000 1.109842
650.500000 1.240229
651.000000 1.365286
651.500000 1.481781
652.000000 1.587514
652.500000 1.679911
653.000000 1.757649
653.500000 1.819186
654.000000 1.864344
654.500000 1.892770
655.000000 1.905465
655.500000 1.903174
656.000000 1.887868
656.500000 1.861076
657.000000 1.825347
657.500000 1.782543
658.000000 1.735310
658.500000 1.685369
659.000000 1.635018
659.500000 1.585452
660.000000 1.538318
660.500000 1.494077
661.000000 1.453624
661.500000 1.416689
662.000000 1.383522
662.500000 1.353322
663.000000 1.325958
663.500000 1.300411
664.000000 1.276504
664.500000 1.253327
665.000000 1.230961
665.500000 1.208850
666.000000 1.187505
666.500000 1.166824
667.000000 1.147755
667.500000 1.130568
668.000000 1.116497
668.500000 1.105963
669.000000 1.100222
669.500000 1.099563
670.000000 1.104977
670.500000 1.116363
671.000000 1.134232
671.500000 1.157944
672.000000 1.187458
672.500000 1.221603
673.000000 1.259880
673.500000 1.300759
674.000000 1.343519
674.500000 1.386557
675.000000 1.429247
675.500000 1.470234
676.000000 1.509291
676.500000 1.545575
677.000000 1.579462
677.500000 1.610754
678.000000 1.640480
678.500000 1.669045
679.000000 1.698004
679.500000 1.728162
680.000000 1.761333
680.500000 1.798408
681.000000 1.841114
681.500000 1.890086
682.000000 1.946640
682.500000 2.010859
683.000000 2.083417
683.500000 2.163687
684.000000 2.251615
684.500000 2.345861
685.000000 2.445722
685.500000 2.549296
686.000000 2.655443
686.500000 2.761962
687.000000 2.867567
687.500000 2.970057
688.000000 3.068294
688.500000 3.160353
689.000000 3.245483
689.500000 3.322223
690.000000 3.390348
690.500000 3.448946
691.000000 3.498344
691.500000 3.538157
692.000000 3.569203
692.500000 3.591530
693.000000 3.606328
693.500000 3.613949
694.000000 3.615830
694.500000 3.612506
695.000000 3.605553
695.500000 3.595598
696.000000 3.584284
696.500000 3.572280
697.000000 3.561256
697.500000 3.551887
698.000000 3.545844
698.500000 3.543780
699.000000 3.547324
699.500000 3.557056
700.000000 3.574496
700.500000 3.600065
701.000000 3.635077
701.500000 3.679686
702.000000 3.734887
702.500000 3.800456
703.000000 3.876964
703.500000 3.963724
704.000000 4.060823
704.500000 4.167079
705.000000 4.282099
705.500000 4.404243
706.000000 4.532707
706.500000 4.665504
707.000000 4.801553
707.500000 4.938668
708.000000 5.075658
708.500000 5.210305
709.000000 5.341472
709.500000 5.467059
710.000000 5.586109
710.500000 5.696747
711.000000 5.798274
711.500000 5.889087
712.000000 5.968774
712.500000 6.036012
713.000000 6.090662
713.500000 6.131663
714.000000 6.159134
714.500000 6.172263
715.000000 6.171422
715.500000 6.156063
716.000000 6.126841
716.500000 6.083514
717.000000 6.027082
717.500000 5.957675
718.000000 5.876697
718.500000 5.784708
719.000000 5.683561
719.500000 5.574256
720.000000 5.459069
720.500000 5.339382
721.000000 5.217790
721.500000 5.095907
722.000000 4.976456
722.500000 4.861054
723.000000 4.752301
723.500000 4.651548
724.000000 4.560998
724.500000 4.481476
725.000000 4.414552
725.500000 4.360332
726.000000 4.319610
726.500000 4.291687
727.000000 4.276563
727.500000 4.272785
728.000000 4.279670
728.500000 4.295187
729.000000 4.318198
729.500000 4.346354
730.000000 4.378351
730.500000 4.411814
731.000000 4.445561
731.500000 4.477460
732.000000 4.506674
732.500000 4.531495
733.000000 4.551561
733.500000 4.565657
734.000000 4.573907
734.500000 4.575544
735.000000 4.571085
735.500000 4.560083
736.000000 4.543291
736.500000 4.520411
737.000000 4.492263
737.500000 4.458534
738.000000 4.419974
738.500000 4.376152
739.000000 4.327669
739.500000 4.273944
740.000000 4.215442
740.500000 4.151468
741.000000 4.082419
741.500000 4.007584
742.000000 3.927396
742.500000 3.841232
743.000000 3.749665
743.500000 3.652246
744.000000 3.549750
744.500000 3.441937
745.000000 3.329788
745.500000 3.213246
746.000000 3.093444
746.500000 2.970432
747.000000 2.845399
747.500000 2.718399
748.000000 2.590571
748.500000 2.461875
749.000000 2.333319
749.500000 2.204707
750.000000 2.076885
750.500000 1.949497
751.000000 1.823251
751.500000 1.697686
752.000000 1.573453
752.500000 1.450082
753.000000 1.328270
753.500000 1.207650
754.000000 1.089070
754.500000 0.972351
755.000000 0.858558
755.500000 0.747741
756.000000 0.641183
756.500000 0.539133
757.000000 0.443033
757.500000 0.353234
758.000000 0.271215
758.500000 0.197289
759.000000 0.132822
759.500000 0.077933
760.000000 0.033727
760.500000 0.000000
761.000000 -0.021648
761.500000 -0.032679
762.000000 -0.032767
762.500000 -0.022905
763.000000 -0.003132
763.500000 0.025237
764.000000 0.061911
764.500000 0.105394
765.000000 0.155294
765.500000 0.210102
766.000000 0.269492
766.500000 0.332095
767.000000 0.397789
767.500000 0.465458
768.000000 0.535256
768.500000 0.606357
769.000000 0.679195
769.500000 0.753192
770.000000 0.828984
770.500000 0.906137
771.000000 0.985359
771.500000 1.066211
772.000000 1.149322
772.500000 1.234100
773.000000 1.320957
773.500000 1.409036
774.000000 1.498450
774.500000 1.588023
775.000000 1.677552
775.500000 1.765570
776.000000 1.851619
776.500000 1.934035
777.000000 2.012228
777.500000 2.084475
778.000000 2.150208
778.500000 2.207806
779.000000 2.256874
779.500000 2.296032
780.000000 2.325181
780.500000 2.343278
781.000000 2.350588
781.500000 2.346450
782.000000 2.331507
782.500000 2.305469
783.000000 2.269331
783.500000 2.223131
784.000000 2.168166
784.500000 2.104750
785.000000 2.034432
785.500000 1.957765
786.000000 1.876522
786.500000 1.791473
787.000000 1.704611
787.500000 1.616928
788.000000 1.530637
788.500000 1.446952
789.000000 1.368302
789.500000 1.296096
790.000000 1.232923
790.500000 1.180311
791.000000 1.140894
791.500000 1.116166
792.000000 1.108624
792.500000 1.119513
793.000000 1.150958
793.500000 1.203704
794.000000 1.279251
794.500000 1.377607
795.000000 1.499433
795.500000 1.643826
796.000000 1.810490
796.500000 1.997551
797.000000 2.203765
797.500000 2.426376
798.000000 2.663349
798.500000 2.911268
799.000000 3.167596
799.500000 3.428589
800.000000 3.691566
800.500000 3.952835
801.000000 4.209942
801.500000 4.459591
802.000000 4.699863
802.500000 4.928110
803.000000 5.143133
803.500000 5.343042
804.000000 5.527397
804.500000 5.695030
805.000000 5.846157
805.500000 5.980180
806.000000 6.097777
806.500000 6.198704
807.000000 6.283877
807.500000 6.353196
808.000000 6.407633
808.500000 6.447088
809.000000 6.472497
809.500000 6.483716
810.000000 6.481656
810.500000 6.466189
811.000000 6.438298
811.500000 6.397999
812.000000 6.346480
812.500000 6.284029
813.000000 6.212149
813.500000 6.131473
814.000000 6.043842
814.500000 5.950202
815.000000 5.852642
815.500000 5.752264
816.000000 5.651203
816.500000 5.550475
817.000000 5.451982
817.500000 5.356379
818.000000 5.265064
818.500000 5.178084
819.000000 5.096150
819.500000 5.018572
820.000000 4.945318
820.500000 4.874998
821.000000 4.806955
821.500000 4.739293
822.000000 4.670993
822.500000 4.599977
823.000000 4.525222
823.500000 4.444836
824.000000 4.358157
824.500000 4.263812
825.000000 4.161781
825.500000 4.051427
826.000000 3.933508
826.500000 3.808171
827.000000 3.676913
827.500000 3.540542
828.000000 3.401099
828.500000 3.259802
829.000000 3.118940
829.500000 2.979824
830.000000 2.844677
830.500000 2.714607
831.000000 2.591511
831.500000 2.476087
832.000000 2.369759
832.500000 2.272727
833.000000 2.185920
833.500000 2.109080
834.000000 2.042722
834.500000 1.986247
835.000000 1.939897
835.500000 1.902874
836.000000 1.875276
836.500000 1.856215
837.000000 1.845726
837.500000 1.842866
838.000000 1.847603
838.500000 1.858905
839.000000 1.876604
839.500000 1.899495
840.000000 1.927186
840.500000 1.958216
841.000000 1.991913
841.500000 2.026538
842.000000 2.061163
842.500000 2.093849
843.000000 2.123536
843.500000 2.148262
844.000000 2.167058
844.500000 2.178186
845.000000 2.181030
845.500000 2.174335
846.000000 2.158072
846.500000 2.131665
847.000000 2.095809
847.500000 2.050674
848.000000 1.997674
848.500000 1.937638
849.000000 1.872531
849.500000 1.803607
850.000000 1.733097
850.500000 1.662355
851.000000 1.593536
851.500000 1.527761
852.000000 1.466801
852.500000 1.411283
853.000000 1.362400
853.500000 1.320164
854.000000 1.285150
854.500000 1.256803
855.000000 1.235203
855.500000 1.219416
856.000000 1.209266
856.500000 1.203710
857.000000 1.202597
857.500000 1.205043
858.000000 1.211154
858.500000 1.220386
859.000000 1.233225
859.500000 1.249511
860.000000 1.270074
860.500000 1.295037
861.000000 1.325404
861.500000 1.361360
862.000000 1.403831
862.500000 1.452796
863.000000 1.508843
863.500000 1.571515
864.000000 1.640876
864.500000 1.715904
865.000000 1.796086
865.500000 1.879852
866.000000 1.966200
866.500000 2.053171
867.000000 2.139484
867.500000 2.223044
868.000000 2.302562
868.500000 2.376082
869.000000 2.442573
869.500000 2.500444
870.000000 2.549102
870.500000 2.587449
871.000000 2.615397
871.500000 2.632345
872.000000 2.638655
872.500000 2.634125
873.000000 2.619434
873.500000 2.594621
874.000000 2.560519
874.500000 2.517259
875.000000 2.465703
875.500000 2.405981
876.000000 2.338933
876.500000 2.264681
877.000000 2.184084
877.500000 2.097335
878.000000 2.005412
878.500000 1.908698
879.000000 1.808418
879.500000 1.705256
880.000000 1.600761
880.500000 1.495966
881.000000 1.392742
881.500000 1.292408
882.000000 1.197045
882.500000 1.108094
883.000000 1.027637
883.500000 0.956990
884.000000 0.897972
884.500000 0.851513
885.000000 0.818914
885.500000 0.800493
886.000000 0.796858
886.500000 0.807592
887.000000 0.832552
887.500000 0.870600
888.000000 0.920921
888.500000 0.981805
889.000000 1.051968
889.500000 1.129376
890.000000 1.212560
890.500000 1.299457
891.000000 1.388711
891.500000 1.478516
892.000000 1.567883
892.500000 1.655480
893.000000 1.740854
893.500000 1.823263
894.000000 1.902853
894.500000 1.979479
895.000000 2.053842
895.500000 2.126307
896.000000 2.198011
896.500000 2.269677
897.000000 2.342705
897.500000 2.417998
898.000000 2.497034
898.500000 2.580709
899.000000 2.670405
899.500000 2.766852
900.000000 2.871178
900.500000 2.983809
901.000000 3.105503
901.500000 3.236272
902.000000 3.376414
902.500000 3.525455
903.000000 3.683178
903.500000 3.848588
904.000000 4.020936
904.500000 4.198718
905.000000 4.380692
905.500000 4.564909
906.000000 4.749730
906.500000 4.932882
907.000000 5.112481
907.500000 5.286109
908.000000 5.451831
908.500000 5.607295
909.000000 5.750729
909.500000 5.880059
910.000000 5.993877
910.500000 6.090564
911.000000 6.169223
911.500000 6.228804
912.000000 6.268992
912.500000 6.289330
913.000000 6.290068
913.500000 6.271284
914.000000 6.233698
914.500000 6.177800
915.000000 6.104639
915.500000 6.014965
916.000000 5.910007
916.500000 5.790641
917.000000 5.658158
917.500000 5.513469
918.000000 5.357872
918.500000 5.192291
919.000000 5.018038
919.500000 4.836083
920.000000 4.647809
920.500000 4.454296
921.000000 4.257065
921.500000 4.057368
922.000000 3.856898
922.500000 3.657087
923.000000 3.459775
923.500000 3.266506
924.000000 3.079162
924.500000 2.899256
925.000000 2.728531
925.500000 2.568269
926.000000 2.419866
926.500000 2.284161
927.000000 2.162003
927.500000 2.053618
928.000000 1.959183
928.500000 1.878230
929.000000 1.810241
929.500000 1.754098
930.000000 1.708689
930.500000 1.672406
931.000000 1.643754
931.500000 1.620886
932.000000 1.602203
932.500000 1.585908
933.000000 1.570579
933.500000 1.554737
934.000000 1.537368
934.500000 1.517491
935.000000 1.494632
935.500000 1.468372
936.000000 1.438778
936.500000 1.405939
937.000000 1.370349
937.500000 1.332444
938.000000 1.292955
938.500000 1.252452
939.000000 1.211683
939.500000 1.171149
940.000000 1.131432
940.500000 1.092812
941.000000 1.055603
941.500000 1.019812
942.000000 0.985485
942.500000 0.952404
943.000000 0.920440
943.500000 0.889285
944.000000 0.858790
944.500000 0.828725
945.000000 0.799091
945.500000 0.769886
946.000000 0.741384
946.500000 0.713897
947.000000 0.688007
947.500000 0.664321
948.000000 0.643663
948.500000 0.626816
949.000000 0.614677
949.500000 0.608012
950.000000 0.607572
950.500000 0.613876
951.000000 0.627318
951.500000 0.647982
952.000000 0.675752
952.500000 0.710178
953.000000 0.750598
953.500000 0.796060
954.000000 0.845453
954.500000 0.897482
955.000000 0.950805
955.500000 1.004045
956.000000 1.055916
956.500000 1.105254
957.000000 1.151117
957.500000 1.192811
958.000000 1.229948
958.500000 1.262451
959.000000 1.290556
959.500000 1.314793
960.000000 1.335927
960.500000 1.354923
961.000000 1.372831
961.500000 1.390753
962.000000 1.409690
962.500000 1.430530
963.000000 1.453888
963.500000 1.480139
964.000000 1.509263
964.500000 1.540949
965.000000 1.574469
965.500000 1.608846
966.000000 1.642768
966.500000 1.674817
967.000000 1.703405
967.500000 1.727056
968.000000 1.744328
968.500000 1.754130
969.000000 1.755605
969.500000 1.748441
970.000000 1.732694
970.500000 1.709067
971.000000 1.678660
971.500000 1.643200
972.000000 1.604714
972.500000 1.565718
973.000000 1.528824
973.500000 1.496908
974.000000 1.472669
974.500000 1.458821
975.000000 1.457625
975.500000 1.471135
976.000000 1.500748
976.500000 1.547510
977.000000 1.611718
977.500000 1.693299
978.000000 1.791457
978.500000 1.905131
979.000000 2.032669
979.500000 2.172346
980.000000 2.322040
980.500000 2.479787
981.000000 2.643416
981.500000 2.811112
982.000000 2.980996
982.500000 3.151662
983.000000 3.321687
983.500000 3.490136
984.000000 3.656008
984.500000 3.818712
985.000000 3.977461
985.500000 4.131754
986.000000 4.280742
986.500000 4.423738
987.000000 4.559586
987.500000 4.687234
988.000000 4.805126
988.500000 4.911843
989.000000 5.005532
989.500000 5.084618
990.000000 5.147254
990.500000 5.192091
991.000000 5.217713
991.500000 5.223440
992.000000 5.208726
992.500000 5.173945
993.000000 5.119726
993.500000 5.047700
994.000000 4.959745
994.500000 4.858685
995.000000 4.747447
995.500000 4.629715
996.000000 4.509012
996.500000 4.389337
997.000000 4.274207
997.500000 4.167312
998.000000 4.071547
998.500000 3.989721
999.000000 3.923624
999.500000 3.874812
1000.000000 3.843718
1000.500000 3.830537
1001.000000 3.834383
1001.500000 3.854254
1002.000000 3.888225
1002.500000 3.934475
1003.000000 3.990482
1003.500000 4.054075
1004.000000 4.122601
1004.500000 4.193979
1005.000000 4.265805
1005.500000 4.336383
1006.000000 4.403764
1006.500000 4.466748
1007.000000 4.523855
1007.500000 4.574310
1008.000000 4.616967
1008.500000 4.651299
1009.000000 4.676298
1009.500000 4.691500
1010.000000 4.695882
1010.500000 4.688943
1011.000000 4.669617
1011.500000 4.637410
1012.000000 4.591337
1012.500000 4.531112
1013.000000 4.456080
1013.500000 4.366452
1014.000000 4.262207
1014.500000 4.144332
1015.000000 4.013683
1015.500000 3.872196
1016.000000 3.721682
1016.500000 3.565003
1017.000000 3.404783
1017.500000 3.244554
1018.000000 3.087392
1018.500000 2.937042
1019.000000 2.796511
1019.500000 2.669198
1020.000000 2.557467
1020.500000 2.463829
1021.000000 2.389522
1021.500000 2.335764
1022.000000 2.302381
1022.500000 2.289141
1023.000000 2.294435
1023.500000 2.316697
1024.000000 2.353132
1024.500000 2.401209
1025.000000 2.457405
1025.500000 2.518753
1026.000000 2.581567
1026.500000 2.643015
1027.000000 2.699800
1027.500000 2.749714
1028.000000 2.790266
1028.500000 2.820200
1029.000000 2.838050
1029.500000 2.843621
1030.000000 2.836473
1030.500000 2.817382
1031.000000 2.786755
1031.500000 2.746095
1032.000000 2.696374
1032.500000 2.639511
1033.000000 2.576730
1033.500000 2.510073
1034.000000 2.440757
1034.500000 2.370725
1035.000000 2.301015
1035.500000 2.233359
1036.000000 2.168548
1036.500000 2.108074
1037.000000 2.052493
1037.500000 2.003088
1038.000000 1.960221
1038.500000 1.925012
1039.000000 1.897660
1039.500000 1.879137
1040.000000 1.869472
1040.500000 1.869458
1041.000000 1.878901
1041.500000 1.898344
1042.000000 1.927290
1042.500000 1.965949
1043.000000 2.013450
1043.500000 2.069612
1044.000000 2.133159
1044.500000 2.203527
1045.000000 2.279074
1045.500000 2.358935
1046.000000 2.441226
1046.500000 2.524930
1047.000000 2.608101
1047.500000 2.689772
1048.000000 2.768134
1048.500000 2.842468
1049.000000 2.911286
1049.500000 2.974268
1050.000000 3.030363
1050.500000 3.079720
1051.000000 3.121750
1051.500000 3.157050
1052.000000 3.185418
1052.500000 3.207785
1053.000000 3.224192
1053.500000 3.235733
1054.000000 3.242505
1054.500000 3.245573
1055.000000 3.244911
1055.500000 3.241394
1056.000000 3.234735
1056.500000 3.225520
1057.000000 3.213136
1057.500000 3.197856
1058.000000 3.178761
1058.500000 3.155863
1059.000000 3.128026
1059.500000 3.095114
1060.000000 3.055903
1060.500000 3.010257
1061.000000 2.957014
1061.500000 2.896180
1062.000000 2.826792
1062.500000 2.749117
1063.000000 2.662494
1063.500000 2.567533
1064.000000 2.463927
1064.500000 2.352666
1065.000000 2.233812
1065.500000 2.108722
1066.000000 1.977799
1066.500000 1.842723
1067.000000 1.704177
1067.500000 1.564090
1068.000000 1.423339
1068.500000 1.284006
1069.000000 1.147056
1069.500000 1.014609
1070.000000 0.887593
1070.500000 0.768039
1071.000000 0.656707
1071.500000 0.555400
1072.000000 0.464575
1072.500000 0.385679
1073.000000 0.318746
1073.500000 0.264762
1074.000000 0.223248
1074.500000 0.194665
1075.000000 0.177989
1075.500000 0.173151
1076.000000 0.178615
1076.500000 0.193846
1077.000000 0.216897
1077.500000 0.246906
1078.000000 0.281671
1078.500000 0.320186
1079.000000 0.360197
1079.500000 0.400754
1080.000000 0.439753
1080.500000 0.476496
1081.000000 0.509197
1081.500000 0.537552
1082.000000 0.560208
1082.500000 0.577332
1083.000000 0.588040
1083.500000 0.592966
1084.000000 0.591659
1084.500000 0.585156
1085.000000 0.573345
1085.500000 0.557550
1086.000000 0.537880
1086.500000 0.515824
1087.000000 0.491586
1087.500000 0.466713
1088.000000 0.441409
1088.500000 0.417195
1089.000000 0.394217
1089.500000 0.373929
1090.000000 0.356386
1090.500000 0.342954
1091.000000 0.333586
1091.500000 0.329545
1092.000000 0.330664
1092.500000 0.338080
1093.000000 0.351467
1093.500000 0.371788
1094.000000 0.398506
1094.500000 0.432344
1095.000000 0.472483
1095.500000 0.519348
1096.000000 0.571789
1096.500000 0.629895
1097.000000 0.692179
1097.500000 0.758426
1098.000000 0.826870
1098.500000 0.897088
1099.000000 0.967181
1099.500000 1.036689
1100.000000 1.103778
1100.500000 1.168177
1101.000000 1.228344
1101.500000 1.284423
1102.000000 1.335377
1102.500000 1.381940
1103.000000 1.423715
1103.500000 1.462113
1104.000000 1.497399
1104.500000 1.531621
1105.000000 1.565598
1105.500000 1.601843
1106.000000 1.641509
1106.500000 1.687301
1107.000000 1.740398
1107.500000 1.803373
1108.000000 1.877103
1108.500000 1.963710
1109.000000 2.063475
1109.500000 2.177817
1110.000000 2.306212
1110.500000 2.449228
1111.000000 2.605451
1111.500000 2.774568
1112.000000 2.954309
1112.500000 3.143569
1113.000000 3.339360
1113.500000 3.539966
1114.000000 3.741889
1114.500000 3.943031
1115.000000 4.139631
1115.500000 4.329463
1116.000000 4.508755
1116.500000 4.675398
1117.000000 4.825845
1117.500000 4.958334
1118.000000 5.069763
1118.500000 5.158921
1119.000000 5.223342
1119.500000 5.262550
1120.000000 5.274884
1120.500000 5.260751
1121.000000 5.219425
1121.500000 5.152304
1122.000000 5.059670
1122.500000 4.943945
1123.000000 4.806417
1123.500000 4.650475
1124.000000 4.478299
1124.500000 4.294079
1125.000000 4.100663
1125.500000 3.902767
1126.000000 3.703579
1126.500000 3.507970
1127.000000 3.319077
1127.500000 3.141514
1128.000000 2.977951
1128.500000 2.832349
1129.000000 2.706542
1129.500000 2.603516
1130.000000 2.523996
1130.500000 2.469786
1131.000000 2.440374
1131.500000 2.436321
1132.000000 2.455890
1132.500000 2.498477
1133.000000 2.561261
1133.500000 2.642665
1134.000000 2.739012
1134.500000 2.848016
1135.000000 2.965421
1135.500000 3.088511
1136.000000 3.212739
1136.500000 3.335242
1137.000000 3.451447
1137.500000 3.558605
1138.000000 3.652377
1138.500000 3.730374
1139.000000 3.788733
1139.500000 3.825676
1140.000000 3.838070
1140.500000 3.825002
1141.000000 3.784326
1141.500000 3.716242
1142.000000 3.619832
1142.500000 3.496629
1143.000000 3.347116
1143.500000 3.174285
1144.000000 2.980080
1144.500000 2.768929
1145.000000 2.544119
1145.500000 2.311295
1146.000000 2.074766
1146.500000 1.840967
1147.000000 1.614712
1147.500000 1.402625
1148.000000 1.209368
1148.500000 1.041067
1149.000000 0.901535
1149.500000 0.795735
1150.000000 0.726027
1150.500000 0.695696
1151.000000 0.705249
1151.500000 0.756032
1152.000000 0.846591
1152.500000 0.976382
1153.000000 1.142196
1153.500000 1.341949
1154.000000 1.571150
1154.500000 1.826748
1155.000000 2.103612
1155.500000 2.398395
1156.000000 2.705991
1156.500000 3.023386
1157.000000 3.346054
1157.500000 3.671766
1158.000000 3.996916
1158.500000 4.320270
1159.000000 4.639214
1159.500000 4.953455
1160.000000 5.261211
1160.500000 5.562879
1161.000000 5.857188
1161.500000 6.144873
1162.000000 6.424823
1162.500000 6.697786
1163.000000 6.962538
1163.500000 7.219641
1164.000000 7.467650
1164.500000 7.706932
1165.000000 7.935901
1165.500000 8.154895
1166.000000 8.362429
1166.500000 8.559090
1167.000000 8.743798
1167.500000 8.917688
1168.000000 9.080339
1168.500000 9.233635
1169.000000 9.377925
1169.500000 9.515853
1170.000000 9.648456
1170.500000 9.778935
1171.000000 9.908715
1171.500000 10.041180
1172.000000 10.177694
1172.500000 10.321349
1173.000000 10.472972
1173.500000 10.634906
1174.000000 10.807045
1174.500000 10.990676
1175.000000 11.184560
1175.500000 11.388844
1176.000000 11.601207
1176.500000 11.820840
1177.000000 12.044641
1177.500000 12.271249
1178.000000 12.497267
1178.500000 12.721325
1179.000000 12.940289
1179.500000 13.153319
1180.000000 13.358045
1180.500000 13.554577
1181.000000 13.741623
1181.500000 13.920445
1182.000000 14.090895
1182.500000 14.255311
1183.000000 14.414485
1183.500000 14.571515
1184.000000 14.727714
1184.500000 14.886443
1185.000000 15.049001
1185.500000 15.218465
1186.000000 15.395590
1186.500000 15.582690
1187.000000 15.779574
1187.500000 15.987493
1188.000000 16.205118
1188.500000 16.432566
1189.000000 16.667437
1189.500000 16.908886
1190.000000 17.153715
1190.500000 17.400494
1191.000000 17.645655
1191.500000 17.887646
1192.000000 18.123014
1192.500000 18.350552
1193.000000 18.567345
1193.500000 18.772888
1194.000000 18.965094
1194.500000 19.144360
1195.000000 19.309526
1195.500000 19.461897
1196.000000 19.601160
1196.500000 19.729372
1197.000000 19.846846
1197.500000 19.956123
1198.000000 20.057850
1198.500000 20.154758
1199.000000 20.247538
1199.500000 20.338850
1200.000000 20.429209
1200.500000 20.521029
1201.000000 20.614525
1201.500000 20.711798
1202.000000 20.812746
1202.500000 20.919170
1203.000000 21.030703
1203.500000 21.148916
1204.000000 21.273252
1204.500000 21.405127
1205.000000 21.543844
1205.500000 21.690697
1206.000000 21.844858
1206.500000 22.007471
1207.000000 22.177523
1207.500000 22.355934
1208.000000 22.541418
1208.500000 22.734573
1209.000000 22.933752
1209.500000 23.139166
1210.000000 23.348763
1210.500000 23.562365
1211.000000 23.777561
1211.500000 23.993870
1212.000000 24.208660
1212.500000 24.421328
1213.000000 24.629225
1213.500000 24.831865
1214.000000 25.026833
1214.500000 25.213985
1215.000000 25.391363
1215.500000 25.559357
1216.000000 25.716585
1216.500000 25.864052
1217.000000 26.000973
1217.500000 26.128906
1218.000000 26.247559
1218.500000 26.358877
1219.000000 26.462845
1219.500000 26.561563
1220.000000 26.655035
1220.500000 26.745272
1221.000000 26.832079
1221.500000 26.917185
1222.000000 27.000059
1222.500000 27.082077
1223.000000 27.162359
1223.500000 27.241970
1224.000000 27.319798
1224.500000 27.396757
1225.000000 27.471691
1225.500000 27.545584
1226.000000 27.617447
1226.500000 27.688532
1227.000000 27.758190
1227.500000 27.828053
1228.000000 27.897875
1228.500000 27.969669
1229.000000 28.043512
1229.500000 28.121668
1230.000000 28.204353
1230.500000 28.293852
1231.000000 28.390274
1231.500000 28.495665
1232.000000 28.609785
1232.500000 28.734240
1233.000000 28.868282
1233.500000 29.012985
1234.000000 29.167076
1234.500000 29.331146
1235.000000 29.503531
1235.500000 29.684528
1236.000000 29.872324
1236.500000 30.067205
1237.000000 30.267490
1237.500000 30.473736
1238.000000 30.684641
1238.500000 30.901226
1239.000000 31.122690
1239.500000 31.350563
1240.000000 31.584507
1240.500000 31.826420
1241.000000 32.076210
1241.500000 32.335873
1242.000000 32.605232
1242.500000 32.886021
1243.000000 33.177624
1243.500000 33.481190
1244.000000 33.795395
1244.500000 34.120594
1245.000000 34.454651
1245.500000 34.797134
1246.000000 35.145218
1246.500000 35.497894
1247.000000 35.851959
1247.500000 36.206242
1248.000000 36.557606
1248.500000 36.905197
1249.000000 37.246418
1249.500000 37.581154
1250.000000 37.907707
1250.500000 38.226963
1251.000000 38.538265
1251.500000 38.843498
1252.000000 39.142895
1252.500000 39.439068
1253.000000 39.732738
1253.500000 40.026730
1254.000000 40.321671
1254.500000 40.619980
1255.000000 40.921581
1255.500000 41.227905
1256.000000 41.537666
1256.500000 41.850937
1257.000000 42.164997
1257.500000 42.478489
1258.000000 42.787361
1258.500000 43.089115
1259.000000 43.378822
1259.500000 43.653427
1260.000000 43.907837
1260.500000 44.139214
1261.000000 44.343082
1261.500000 44.517609
1262.000000 44.659653
1262.500000 44.768986
1263.000000 44.844250
1263.500000 44.887085
1264.000000 44.898010
1264.500000 44.880417
1265.000000 44.836380
1265.500000 44.770565
1266.000000 44.685966
1266.500000 44.587776
1267.000000 44.479107
1267.500000 44.364868
1268.000000 44.247520
1268.500000 44.130989
1269.000000 44.016510
1269.500000 43.906631
1270.000000 43.801132
1270.500000 43.701145
1271.000000 43.605164
1271.500000 43.513229
1272.000000 43.423023
1272.500000 43.334099
1273.000000 43.243988
1273.500000 43.152428
1274.000000 43.057446
1274.500000 42.959534
1275.000000 42.857666
1275.500000 42.753368
1276.000000 42.646675
1276.500000 42.540081
1277.000000 42.434399
1277.500000 42.332649
1278.000000 42.235863
1278.500000 42.146896
1279.000000 42.066246
1279.500000 41.995861
1280.000000 41.934998
1280.500000 41.884106
1281.000000 41.840744
1281.500000 41.803577
1282.000000 41.768414
1282.500000 41.732273
1283.000000 41.689583
1283.500000 41.636318
1284.000000 41.566261
1284.500000 41.475227
1285.000000 41.357346
1285.500000 41.209270
1286.000000 41.026459
1286.500000 40.807308
1287.000000 40.549362
1287.500000 40.253345
1288.000000 39.919266
1288.500000 39.550312
1289.000000 39.148853
1289.500000 38.720211
1290.000000 38.268555
1290.500000 37.800613
1291.000000 37.321503
1291.500000 36.838387
1292.000000 36.356342
1292.500000 35.882000
1293.000000 35.419495
1293.500000 34.974144
1294.000000 34.548496
1294.500000 34.146114
1295.000000 33.767704
1295.500000 33.415005
1296.000000 33.086998
1296.500000 32.783886
1297.000000 32.503361
1297.500000 32.244587
1298.000000 32.004543
1298.500000 31.781954
1299.000000 31.573627
1299.500000 31.378351
1300.000000 31.193165
1300.500000 31.017199
1301.000000 30.847889
1301.500000 30.684738
1302.000000 30.525492
1302.500000 30.369843
1303.000000 30.215580
1303.500000 30.062275
1304.000000 29.907442
1304.500000 29.750238
1305.000000 29.587669
1305.500000 29.418325
1306.000000 29.238657
1306.500000 29.046768
1307.000000 28.838772
1307.500000 28.612625
1308.000000 28.364550
1308.500000 28.092897
1309.000000 27.794609
1309.500000 27.469061
1310.000000 27.114538
1310.500000 26.732023
1311.000000 26.321627
1311.500000 25.886305
1312.000000 25.428213
1312.500000 24.952322
1313.000000 24.462698
1313.500000 23.966005
1314.000000 23.467714
1314.500000 22.975517
1315.000000 22.495495
1315.500000 22.035471
1316.000000 21.601173
1316.500000 21.199591
1317.000000 20.835155
1317.500000 20.513138
1318.000000 20.235922
1318.500000 20.006462
1319.000000 19.824659
1319.500000 19.690918
1320.000000 19.602640
1320.500000 19.557859
1321.000000 19.551851
1321.500000 19.580833
1322.000000 19.638649
1322.500000 19.720507
1323.000000 19.819693
1323.500000 19.931299
1324.000000 20.048931
1324.500000 20.168390
1325.000000 20.284327
1325.500000 20.393837
1326.000000 20.493071
1326.500000 20.580709
1327.000000 20.654510
1327.500000 20.714697
1328.000000 20.760448
1328.500000 20.793213
1329.000000 20.813175
1329.500000 20.822529
1330.000000 20.821955
1330.500000 20.813879
1331.000000 20.798998
1331.500000 20.779560
1332.000000 20.755939
1332.500000 20.729965
1333.000000 20.701550
1333.500000 20.672054
1334.000000 20.640987
1334.500000 20.609365
1335.000000 20.576462
1335.500000 20.543163
1336.000000 20.508722
1336.500000 20.474089
1337.000000 20.438648
1337.500000 20.403511
1338.000000 20.368233
1338.500000 20.334040
1339.000000 20.300539
1339.500000 20.268909
1340.000000 20.238598
1340.500000 20.210484
1341.000000 20.183613
1341.500000 20.158348
1342.000000 20.133156
1342.500000 20.107779
1343.000000 20.080074
1343.500000 20.049231
1344.000000 20.012663
1344.500000 19.969255
1345.000000 19.916311
1345.500000 19.852804
1346.000000 19.776358
1346.500000 19.686470
1347.000000 19.581501
1347.500000 19.461843
1348.000000 19.326881
1348.500000 19.178091
1349.000000 19.015963
1349.500000 18.843018
1350.000000 18.660686
1350.500000 18.472256
1351.000000 18.279722
1351.500000 18.086695
1352.000000 17.895247
1352.500000 17.708796
1353.000000 17.528999
1353.500000 17.358644
1354.000000 17.198601
1354.500000 17.050743
1355.000000 16.914984
1355.500000 16.792227
1356.000000 16.681484
1356.500000 16.582846
1357.000000 16.494656
1357.500000 16.416500
1358.000000 16.346397
1358.500000 16.283772
1359.000000 16.226648
1359.500000 16.174578
1360.000000 16.125818
1360.500000 16.080196
1361.000000 16.036282
1361.500000 15.994167
1362.000000 15.952643
1362.500000 15.911937
1363.000000 15.870879
1363.500000 15.829635
1364.000000 15.786893
1364.500000 15.742594
1365.000000 15.695177
1365.500000 15.644320
1366.000000 15.588242
1366.500000 15.526464
1367.000000 15.457168
1367.500000 15.379959
1368.000000 15.293262
1368.500000 15.197071
1369.000000 15.090352
1369.500000 14.973750
1370.000000 14.846989
1370.500000 14.711502
1371.000000 14.567815
1371.500000 14.418097
1372.000000 14.263516
1372.500000 14.106730
1373.000000 13.949217
1373.500000 13.793730
1374.000000 13.641638
1374.500000 13.495357
1375.000000 13.355740
1375.500000 13.224519
1376.000000 13.101760
1376.500000 12.988341
1377.000000 12.883489
1377.500000 12.787289
1378.000000 12.698304
1378.500000 12.616113
1379.000000 12.538982
1379.500000 12.466404
1380.000000 12.396800
1380.500000 12.330025
1381.000000 12.265064
1381.500000 12.202475
1382.000000 12.142054
1382.500000 12.085197
1383.000000 12.032529
1383.500000 11.986169
1384.000000 11.947334
1384.500000 11.918537
1385.000000 11.901175
1385.500000 11.897685
1386.000000 11.909156
1386.500000 11.937480
1387.000000 11.983019
1387.500000 12.046774
1388.000000 12.128140
1388.500000 12.227113
1389.000000 12.342132
1389.500000 12.472330
1390.000000 12.615461
1390.500000 12.770173
1391.000000 12.933991
1391.500000 13.105585
1392.000000 13.282781
1392.500000 13.464786
1393.000000 13.650187
1393.500000 13.839105
1394.000000 14.031165
1394.500000 14.227548
1395.000000 14.428918
1395.500000 14.637386
1396.000000 14.854394
1396.500000 15.082591
1397.000000 15.323714
1397.500000 15.580406
1398.000000 15.854109
1398.500000 16.146872
1399.000000 16.459288
1399.500000 16.792324
1400.000000 17.145336
1400.500000 17.517929
1401.000000 17.908075
1401.500000 18.314018
1402.000000 18.732492
1402.500000 19.160656
1403.000000 19.594389
1403.500000 20.030262
1404.000000 20.463869
1404.500000 20.891788
1405.000000 21.309946
1405.500000 21.715527
1406.000000 22.105330
1406.500000 22.477610
1407.000000 22.830416
1407.500000 23.163338
1408.000000 23.475807
1408.500000 23.768761
1409.000000 24.042913
1409.500000 24.300337
1410.000000 24.542719
1410.500000 24.772875
1411.000000 24.993029
1411.500000 25.206276
1412.000000 25.414892
1412.500000 25.621788
1413.000000 25.828863
1413.500000 26.038469
1414.000000 26.251823
1414.500000 26.470476
1415.000000 26.694803
1415.500000 26.925484
1416.000000 27.162046
1416.500000 27.404367
1417.000000 27.651257
1417.500000 27.901951
1418.000000 28.154753
1418.500000 28.408493
1419.000000 28.661194
1419.500000 28.911507
1420.000000 29.157400
1420.500000 29.397545
1421.000000 29.630022
1421.500000 29.853672
1422.000000 30.066807
1422.500000 30.268526
1423.000000 30.457441
1423.500000 30.632965
1424.000000 30.794054
1424.500000 30.940462
1425.000000 31.071518
1425.500000 31.187349
1426.000000 31.287693
1426.500000 31.373085
1427.000000 31.443708
1427.500000 31.500551
1428.000000 31.544279
1428.500000 31.576361
1429.000000 31.597965
1429.500000 31.611038
1430.000000 31.617224
1430.500000 31.618898
1431.000000 31.618101
1431.500000 31.617519
1432.000000 31.619442
1432.500000 31.626696
1433.000000 31.641613
1433.500000 31.666937
1434.000000 31.704809
1434.500000 31.757648
1435.000000 31.827166
1435.500000 31.915226
1436.000000 32.022903
1436.500000 32.151325
1437.000000 32.300793
1437.500000 32.471596
1438.000000 32.663181
1438.500000 32.874996
1439.000000 33.105671
1439.500000 33.353859
1440.000000 33.617489
1440.500000 33.894569
1441.000000 34.182487
1441.500000 34.478798
1442.000000 34.780540
1442.500000 35.085014
1443.000000 35.389133
1443.500000 35.690136
1444.000000 35.984985
1444.500000 36.271034
1445.000000 36.545456
1445.500000 36.805855
1446.000000 37.049717
1446.500000 37.275013
1447.000000 37.479630
1447.500000 37.661961
1448.000000 37.820374
1448.500000 37.953739
1449.000000 38.060944
1449.500000 38.141384
1450.000000 38.194519
1450.500000 38.220318
1451.000000 38.218838
1451.500000 38.190666
1452.000000 38.136505
1452.500000 38.057571
1453.000000 37.955235
1453.500000 37.831360
1454.000000 37.687969
1454.500000 37.527542
1455.000000 37.352711
1455.500000 37.166515
1456.000000 36.972092
1456.500000 36.772919
1457.000000 36.572514
1457.500000 36.374626
1458.000000 36.182961
1458.500000 36.001339
1459.000000 35.833447
1459.500000 35.682941
1460.000000 35.553242
1460.500000 35.447605
1461.000000 35.368954
1461.500000 35.319901
1462.000000 35.302643
1462.500000 35.318951
1463.000000 35.370094
1463.500000 35.456829
1464.000000 35.579357
1464.500000 35.737312
1465.000000 35.929741
1465.500000 36.155094
1466.000000 36.411278
1466.500000 36.695591
1467.000000 37.004852
1467.500000 37.335350
1468.000000 37.682987
1468.500000 38.043232
1469.000000 38.411331
1469.500000 38.782234
1470.000000 39.150867
1470.500000 39.512028
1471.000000 39.860714
1471.500000 40.191994
1472.000000 40.501366
1472.500000 40.784599
1473.000000 41.038101
1473.500000 41.258728
1474.000000 41.444176
1474.500000 41.592693
1475.000000 41.703499
1475.500000 41.776428
1476.000000 41.812325
1476.500000 41.812622
1477.000000 41.779728
1477.500000 41.716515
1478.000000 41.626705
1478.500000 41.514294
1479.000000 41.383923
1479.500000 41.240269
1480.000000 41.088402
1480.500000 40.933151
1481.000000 40.779510
1481.500000 40.631943
1482.000000 40.494858
1482.500000 40.371933
1483.000000 40.266609
1483.500000 40.181446
1484.000000 40.118698
1484.500000 40.079636
1485.000000 40.065254
1485.500000 40.075565
1486.000000 40.110374
1486.500000 40.168583
1487.000000 40.249027
1487.500000 40.349751
1488.000000 40.468887
1488.500000 40.603939
1489.000000 40.752644
1489.500000 40.912243
1490.000000 41.080372
1490.500000 41.254265
1491.000000 41.431683
1491.500000 41.610046
1492.000000 41.787407
1492.500000 41.961510
1493.000000 42.130779
1493.500000 42.293369
1494.000000 42.448147
1494.500000 42.593693
1495.000000 42.729340
1495.500000 42.854118
1496.000000 42.967823
1496.500000 43.069935
1497.000000 43.160694
1497.500000 43.240009
1498.000000 43.308544
1498.500000 43.366581
1499.000000 43.415161
1499.500000 43.454872
1500.000000 43.487045
1500.500000 43.512486
1501.000000 43.532688
1501.500000 43.548569
1502.000000 43.561676
1502.500000 43.572903
1503.000000 43.583736
1503.500000 43.594936
1504.000000 43.607838
1504.500000 43.623001
1505.000000 43.641560
1505.500000 43.663834
1506.000000 43.690742
1506.500000 43.722404
1507.000000 43.759556
1507.500000 43.802135
1508.000000 43.850765
1508.500000 43.905277
1509.000000 43.966221
1509.500000 44.033363
1510.000000 44.107224
1510.500000 44.187534
1511.000000 44.274796
1511.500000 44.368687
1512.000000 44.469669
1512.500000 44.577354
1513.000000 44.692127
1513.500000 44.813492
1514.000000 44.941750
1514.500000 45.076279
1515.000000 45.217289
1515.500000 45.364056
1516.000000 45.516724
1516.500000 45.674519
1517.000000 45.837570
1517.500000 46.005112
1518.000000 46.177322
1518.500000 46.353500
1519.000000 46.533905
1519.500000 46.717899
1520.000000 46.905819
1520.500000 47.097050
1521.000000 47.291912
1521.500000 47.489712
1522.000000 47.690632
1522.500000 47.893738
1523.000000 48.098919
1523.500000 48.304855
1524.000000 48.511017
1524.500000 48.715599
1525.000000 48.917583
1525.500000 49.114677
1526.000000 49.305450
1526.500000 49.487236
1527.000000 49.658356
1527.500000 49.816025
1528.000000 49.958618
1528.500000 50.083549
1529.000000 50.189583
1529.500000 50.274689
1530.000000 50.338356
1530.500000 50.379402
1531.000000 50.398277
1531.500000 50.394802
1532.000000 50.370483
1532.500000 50.326145
1533.000000 50.264244
1533.500000 50.186428
1534.000000 50.095840
1534.500000 49.994617
1535.000000 49.886211
1535.500000 49.772839
1536.000000 49.657829
1536.500000 49.543064
1537.000000 49.431389
1537.500000 49.324032
1538.000000 49.223076
1538.500000 49.128922
1539.000000 49.042801
1539.500000 48.964264
1540.000000 48.893764
1540.500000 48.830128
1541.000000 48.773232
1541.500000 48.721428
1542.000000 48.674271
1542.500000 48.629925
1543.000000 48.587902
1543.500000 48.546413
1544.000000 48.505142
1544.500000 48.462532
1545.000000 48.418564
1545.500000 48.371983
1546.000000 48.323097
1546.500000 48.270943
1547.000000 48.216110
1547.500000 48.157860
1548.000000 48.096985
1548.500000 48.032898
1549.000000 47.966518
1549.500000 47.897362
1550.000000 47.826458
1550.500000 47.753426
1551.000000 47.679440
1551.500000 47.604271
1552.000000 47.529316
1552.500000 47.454605
1553.000000 47.381836
1553.500000 47.311375
1554.000000 47.245308
1554.500000 47.184361
1555.000000 47.131016
1555.500000 47.086342
1556.000000 47.053123
1556.500000 47.032658
1557.000000 47.027885
1557.500000 47.040134
1558.000000 47.072285
1558.500000 47.125462
1559.000000 47.202255
1559.500000 47.303375
1560.000000 47.430901
1560.500000 47.584953
1561.000000 47.766972
1561.500000 47.976383
1562.000000 48.213955
1562.500000 48.478428
1563.000000 48.769939
1563.500000 49.086632
1564.000000 49.428146
1564.500000 49.792187
1565.000000 50.178055
1565.500000 50.583199
1566.000000 51.006756
1566.500000 51.446072
1567.000000 51.900257
1567.500000 52.366673
1568.000000 52.844494
1568.500000 53.331146
1569.000000 53.825912
1569.500000 54.326290
1570.000000 54.831654
1570.500000 55.339569
1571.000000 55.849472
1571.500000 56.358978
1572.000000 56.867592
1572.500000 57.372978
1573.000000 57.874737
1573.500000 58.370640
1574.000000 58.860443
1574.500000 59.342117
1575.000000 59.815674
1575.500000 60.279381
1576.000000 60.733612
1576.500000 61.177025
1577.000000 61.610439
1577.500000 62.032955
1578.000000 62.445858
1578.500000 62.848686
1579.000000 63.243149
1579.500000 63.629154
1580.000000 64.008728
1580.500000 64.382004
1581.000000 64.751190
1581.500000 65.116501
1582.000000 65.480156
1582.500000 65.842285
1583.000000 66.205002
1583.500000 66.568260
1584.000000 66.933952
1584.500000 67.301796
1585.000000 67.673462
1585.500000 68.048447
1586.000000 68.428230
1586.500000 68.812111
1587.000000 69.201439
1587.500000 69.595383
1588.000000 69.995201
1588.500000 70.399994
1589.000000 70.810944
1589.500000 71.227036
1590.000000 71.649353
1590.500000 72.076729
1591.000000 72.510048
1591.500000 72.947876
1592.000000 73.390785
1592.500000 73.836975
1593.000000 74.286613
1593.500000 74.737442
1594.000000 75.189163
1594.500000 75.639046
1595.000000 76.086349
1595.500000 76.527924
1596.000000 76.962708
1596.500000 77.387260
1597.000000 77.800354
1597.500000 78.198456
1598.000000 78.580376
1598.500000 78.942673
1599.000000 79.284370
1599.500000 79.602310
1600.000000 79.895844
1600.500000 80.162186
1601.000000 80.401093
1601.500000 80.610161
1602.000000 80.789543
1602.500000 80.937187
1603.000000 81.053589
1603.500000 81.136986
1604.000000 81.188148
1604.500000 81.205559
1605.000000 81.190224
1605.500000 81.140862
1606.000000 81.058746
1606.500000 80.942879
1607.000000 80.794846
1607.500000 80.614029
1608.000000 80.402443
1608.500000 80.159904
1609.000000 79.888939
1609.500000 79.589859
1610.000000 79.265694
1610.500000 78.917221
1611.000000 78.547897
1611.500000 78.158844
1612.000000 77.753761
1612.500000 77.333885
1613.000000 76.902939
1613.500000 76.462029
1614.000000 76.014641
1614.500000 75.561531
1615.000000 75.105743
1615.500000 74.647507
1616.000000 74.189369
1616.500000 73.731003
1617.000000 73.274437
1617.500000 72.818886
1618.000000 72.366028
1618.500000 71.914772
1619.000000 71.466606
1619.500000 71.020332
1620.000000 70.577438
1620.500000 70.136757
1621.000000 69.699852
1621.500000 69.265633
1622.000000 68.835709
1622.500000 68.408981
1623.000000 67.986969
1623.500000 67.568367
1624.000000 67.154411
1624.500000 66.743385
1625.000000 66.336006
1625.500000 65.929993
1626.000000 65.525475
1626.500000 65.119545
1627.000000 64.711800
1627.500000 64.298874
1628.000000 63.880043
1628.500000 63.451786
1629.000000 63.013439
1629.500000 62.561733
1630.000000 62.096470
1630.500000 61.615040
1631.000000 61.118061
1631.500000 60.603851
1632.000000 60.074036
1632.500000 59.527912
1633.000000 58.968060
1633.500000 58.394581
1634.000000 57.810692
1634.500000 57.216900
1635.000000 56.616589
1635.500000 56.010155
1636.000000 55.400612
1636.500000 54.787743
1637.000000 54.173756
1637.500000 53.557457
1638.000000 52.940025
1638.500000 52.319206
1639.000000 51.695183
1639.500000 51.064819
1640.000000 50.427635
1640.500000 49.780048
1641.000000 49.121422
1641.500000 48.448288
1642.000000 47.760418
1642.500000 47.054993
1643.000000 46.332676
1643.500000 45.591690
1644.000000 44.833839
1644.500000 44.058510
1645.000000 43.268650
1645.500000 42.464661
1646.000000 41.650341
1646.500000 40.826740
1647.000000 39.998074
1647.500000 39.165543
1648.000000 38.333286
1648.500000 37.502193
1649.000000 36.675945
1649.500000 35.854801
1650.000000 35.041767
1650.500000 34.236401
1651.000000 33.441048
1651.500000 32.654690
1652.000000 31.879244
1652.500000 31.113401
1653.000000 30.358963
1653.500000 29.614655
1654.000000 28.882463
1654.500000 28.161394
1655.000000 27.453781
1655.500000 26.758970
1656.000000 26.079601
1656.500000 25.415220
1657.000000 24.768528
1657.500000 24.138937
1658.000000 23.528833
1658.500000 22.937088
1659.000000 22.365360
1659.500000 21.811619
1660.000000 21.276506
1660.500000 20.756887
1661.000000 20.252308
1661.500000 19.758581
1662.000000 19.274355
1662.500000 18.794716
1663.000000 18.317842
1663.500000 17.838640
1664.000000 17.355427
1664.500000 16.863562
1665.000000 16.362148
1665.500000 15.847595
1666.000000 15.320316
1666.500000 14.778202
1667.000000 14.223274
1667.500000 13.655061
1668.000000 13.077196
1668.500000 12.490701
1669.000000 11.900536
1669.500000 11.308804
1670.000000 10.721281
1670.500000 10.140568
1671.000000 9.572634
1671.500000 9.019942
1672.000000 8.488041
1672.500000 7.978696
1673.000000 7.496549
1673.500000 7.042270
1674.000000 6.619303
1674.500000 6.227045
1675.000000 5.867667
1675.500000 5.539320
1676.000000 5.243023
1676.500000 4.975875
1677.000000 4.737987
1677.500000 4.525690
1678.000000 4.338493
1678.500000 4.172262
1679.000000 4.026195
1679.500000 3.895958
1680.000000 3.780674
1680.500000 3.676017
1681.000000 3.581203
1681.500000 3.492054
1682.000000 3.408000
1682.500000 3.325116
1683.000000 3.243146
1683.500000 3.158515
1684.000000 3.071388
1684.500000 2.978660
1685.000000 2.881044
1685.500000 2.776045
1686.000000 2.665066
1686.500000 2.546361
1687.000000 2.422152
1687.500000 2.291539
1688.000000 2.157627
1688.500000 2.020375
1689.000000 1.883724
1689.500000 1.748382
1690.000000 1.618939
1690.500000 1.496598
1691.000000 1.386277
1691.500000 1.289295
1692.000000 1.210470
1692.500000 1.150780
1693.000000 1.114483
1693.500000 1.101760
1694.000000 1.115885
1694.500000 1.155881
1695.000000 1.223741
1695.500000 1.317119
1696.000000 1.436628
1696.500000 1.578552
1697.000000 1.742231
1697.500000 1.922796
1698.000000 2.118619
1698.500000 2.324068
1699.000000 2.536992
1699.500000 2.751482
1700.000000 2.965369
1700.500000 3.172958
1701.000000 3.372528
1701.500000 3.559007
1702.000000 3.731464
1702.500000 3.885717
1703.000000 4.021802
1703.500000 4.136516
1704.000000 4.230865
1704.500000 4.302554
1705.000000 4.353427
1705.500000 4.381917
1706.000000 4.390497
1706.500000 4.378108
1707.000000 4.347638
1707.500000 4.298347
1708.000000 4.233377
1708.500000 4.152185
1709.000000 4.058097
1709.500000 3.950733
1710.000000 3.833600
1710.500000 3.706507
1711.000000 3.573182
1711.500000 3.433656
1712.000000 3.291892
1712.500000 3.148127
1713.000000 3.006495
1713.500000 2.867327
1714.000000 2.734759
1714.500000 2.608990
1715.000000 2.493888
1715.500000 2.389217
1716.000000 2.298255
1716.500000 2.220012
1717.000000 2.156884
1717.500000 2.106883
1718.000000 2.071348
1718.500000 2.047208
1719.000000 2.034771
1719.500000 2.030015
1720.000000 2.032463
1720.500000 2.037503
1721.000000 2.044327
1721.500000 2.048267
1722.000000 2.048766
1722.500000 2.041704
1723.000000 2.027369
1723.500000 2.002736
1724.000000 1.969405
1724.500000 1.925807
1725.000000 1.875082
1725.500000 1.817196
1726.000000 1.756752
1726.500000 1.695012
1727.000000 1.637655
1727.500000 1.586722
1728.000000 1.548345
1728.500000 1.524641
1729.000000 1.521455
1729.500000 1.540241
1730.000000 1.585847
1730.500000 1.658429
1731.000000 1.761311
1731.500000 1.892949
1732.000000 2.054885
1732.500000 2.243775
1733.000000 2.459436
1733.500000 2.696930
1734.000000 2.954687
1734.500000 3.226621
1735.000000 3.510304
1735.500000 3.799084
1736.000000 4.090273
1736.500000 4.377239
1737.000000 4.657579
1737.500000 4.925160
1738.000000 5.178261
1738.500000 5.411549
1739.000000 5.624181
1739.500000 5.811727
1740.000000 5.974237
1740.500000 6.108119
1741.000000 6.214202
1741.500000 6.289576
1742.000000 6.335677
1742.500000 6.350122
1743.000000 6.334822
1743.500000 6.287823
1744.000000 6.211466
1744.500000 6.104239
1745.000000 5.968970
1745.500000 5.804694
1746.000000 5.614867
1746.500000 5.399216
1747.000000 5.161969
1747.500000 4.903667
1748.000000 4.629380
1748.500000 4.340474
1749.000000 4.042789
1749.500000 3.738354
1750.000000 3.433528
1750.500000 3.130657
1751.000000 2.836196
1751.500000 2.552320
1752.000000 2.285037
1752.500000 2.035792
1753.000000 1.809602
1753.500000 1.606667
1754.000000 1.430560
1754.500000 1.279884
1755.000000 1.156532
1755.500000 1.057400
1756.000000 0.982738
1756.500000 0.927920
1757.000000 0.891877
1757.500000 0.868918
1758.000000 0.857224
1758.500000 0.850691
1759.000000 0.847455
1759.500000 0.841729
1760.000000 0.832320
1760.500000 0.814422
1761.000000 0.788100
1761.500000 0.750007
1762.000000 0.701810
1762.500000 0.641824
1763.000000 0.573365
1763.500000 0.496300
1764.000000 0.415340
1764.500000 0.331521
1765.000000 0.250455
1765.500000 0.173766
1766.000000 0.107335
1766.500000 0.052719
1767.000000 0.015421
1767.500000 -0.003678
1768.000000 0.000000
1768.500000 -0.019054
1769.000000 -0.012295
1769.500000 0.018640
1770.000000 0.075619
1770.500000 0.155596
1771.000000 0.259099
1771.500000 0.381844
1772.000000 0.523268
1772.500000 0.678149
1773.000000 0.845175
1773.500000 1.018553
1774.000000 1.196587
1774.500000 1.373268
1775.000000 1.546845
1775.500000 1.711398
1776.000000 1.865394
1776.500000 2.003236
1777.000000 2.123812
1777.500000 2.222027
1778.000000 2.297346
1778.500000 2.345316
1779.000000 2.366114
1779.500000 2.356053
1780.000000 2.316144
1780.500000 2.243588
1781.000000 2.140343
1781.500000 2.004603
1782.000000 1.839353
1782.500000 1.643837
1783.000000 1.422091
1783.500000 1.174381
1784.000000 0.905716
1784.500000 0.617246
1785.000000 0.314751
1785.500000 0.000000
1786.000000 0.000860
1786.500000 -0.002289
1787.000000 -0.003184
1787.500000 0.000000
