121.737	0.00000
122.220	10.60901
122.702	31.76343
123.184	45.96552
123.666	40.51355
124.148	15.19299
124.630	0.76624
125.112	7.58826
125.594	5.93079
126.076	3.94507
126.559	21.86401
127.041	46.70715
127.523	81.29114
128.005	122.70430
128.487	162.39310
128.969	198.48450
129.451	235.87240
129.933	288.21330
130.415	354.87180
130.898	412.44140
131.380	447.55700
131.862	460.82230
132.344	454.09080
132.826	422.51450
133.308	374.32670
133.790	330.67940
134.272	290.91420
134.755	258.84570
135.237	239.38290
135.719	233.02140
136.201	232.36560
136.683	236.08410
137.165	243.95180
137.647	254.91030
138.129	270.71830
138.611	286.91470
139.094	298.77290
139.576	307.09620
140.058	307.84390
140.540	295.72680
141.022	264.09200
141.504	247.09220
141.986	248.90700
142.468	263.85670
142.951	276.31340
143.433	282.59520
143.915	292.00560
144.397	310.73160
144.879	346.32210
145.361	375.73930
145.843	395.70120
146.325	407.52170
146.807	419.45690
147.290	433.15210
147.772	445.88210
148.254	456.07130
148.736	458.49840
149.218	463.89560
149.700	474.02470
150.182	489.11760
150.664	505.84520
151.146	528.48750
151.629	551.22490
152.111	568.38400
152.593	575.33420
153.075	580.66970
153.557	587.68190
154.039	599.06760
154.521	603.37330
155.003	588.80690
155.486	567.59330
155.968	559.07470
156.450	584.34200
156.932	610.00020
157.414	619.72880
157.896	597.53860
158.378	585.12650
158.860	598.84570
159.342	631.10790
159.825	662.23540
160.307	681.80180
160.789	699.76880
161.271	722.95360
161.753	753.58420
162.235	788.96580
162.717	829.71020
163.199	875.13530
163.682	921.08010
164.164	966.31790
164.646	1011.08400
165.128	1054.90200
165.610	1089.41100
166.092	1129.71900
166.574	1192.68900
167.056	1278.57300
167.538	1354.02200
168.021	1414.87700
168.503	1450.03800
168.985	1441.53800
169.467	1359.29700
169.949	1244.34600
170.431	1124.40500
170.913	998.91430
171.395	884.04420
171.877	796.00850
172.360	729.34180
172.842	672.46120
173.324	616.14360
173.806	567.65600
174.288	539.28610
174.770	536.19340
175.252	541.98490
175.734	542.00760
176.217	537.00930
176.699	530.40990
177.181	522.42260
177.663	514.53740
178.145	509.64010
178.627	509.11040
179.109	510.58590
179.591	507.84280
180.073	504.13160
180.556	501.38210
181.038	503.38230
181.520	507.63060
182.002	507.73360
182.484	499.80370
182.966	487.95120
183.448	480.49630
183.930	477.57450
184.413	475.51390
184.895	471.47530
185.377	465.58230
185.859	458.53170
186.341	448.95610
186.823	438.56010
187.305	435.25850
187.787	440.59010
188.269	443.37040
188.752	426.83620
189.234	392.24050
189.716	359.14750
190.198	334.76860
190.680	318.29080
191.162	305.86840
191.644	297.71260
192.126	292.96780
192.608	291.85350
193.091	294.50320
193.573	295.72070
194.055	293.97950
194.537	289.17430
195.019	278.12890
195.501	259.27220
195.983	236.59570
196.465	215.51710
196.948	195.15550
197.430	183.02050
197.912	188.82740
198.394	213.24490
198.876	226.09590
199.358	222.05690
199.840	206.67360
200.322	193.64940
200.804	182.51980
201.287	175.82590
201.769	176.41430
202.251	184.99320
202.733	195.21340
203.215	209.17330
203.697	223.48320
204.179	221.62450
204.661	198.95870
205.144	172.64450
205.626	156.30150
206.108	151.36910
206.590	149.46800
207.072	149.59620
207.554	151.66240
208.036	154.72140
208.518	158.31370
209.000	163.77880
209.483	174.06230
209.965	191.38010
210.447	203.98750
210.929	208.39720
211.411	204.77610
211.893	200.84790
212.375	194.91650
212.857	191.02510
213.339	194.66360
213.822	208.73490
214.304	222.82710
214.786	234.28440
215.268	243.04740
215.750	251.66160
216.232	261.35250
216.714	269.75760
217.196	271.96020
217.679	262.49370
218.161	257.05570
218.643	261.87990
219.125	278.51290
219.607	296.22020
220.089	316.19650
220.571	336.31620
221.053	353.65090
221.535	367.42410
222.018	379.53340
222.500	389.77120
222.982	397.45020
223.464	406.88180
223.946	419.73460
224.428	433.88350
224.910	445.72140
225.392	454.48440
225.875	459.97050
226.357	461.15550
226.839	455.82740
227.321	453.45120
227.803	453.32540
228.285	456.39230
228.767	466.62720
229.249	493.55690
229.731	514.54350
230.214	518.25680
230.696	496.12080
231.178	475.06150
231.660	456.75270
232.142	440.27200
232.624	421.70610
233.106	398.64580
233.588	375.86180
234.070	355.60820
234.553	339.57910
235.035	323.86400
235.517	310.30960
235.999	297.07370
236.481	275.55370
236.963	239.60110
237.445	203.58590
237.927	175.68600
238.410	156.65580
238.892	142.00440
239.374	132.84520
239.856	128.45780
240.338	125.44730
240.820	126.87770
241.302	125.89920
241.784	117.10380
242.266	93.42334
242.749	76.74097
243.231	71.04395
243.713	74.25854
244.195	73.28320
244.677	65.48022
245.159	56.70288
245.641	51.34644
246.123	52.33496
246.606	50.56079
247.088	43.27222
247.570	31.48608
248.052	25.14966
248.534	25.93433
249.016	30.05176
249.498	36.98047
249.980	51.19141
250.462	54.77393
250.945	39.73779
251.427	9.19580
251.909	2.97437
252.391	13.12329
252.873	35.19458
253.355	45.55884
253.837	41.07324
254.319	33.45044
254.801	21.83008
255.284	6.04443
255.766	5.55298
256.248	13.82495
256.730	15.36890
257.212	5.01440
257.694	26.00610
258.176	43.22363
258.658	36.51294
259.141	8.67383
259.623	5.47534
260.105	4.83862
260.587	5.43799
261.069	24.34717
261.551	58.41235
262.033	83.67188
262.515	95.07397
262.997	93.04175
263.480	86.11914
263.962	71.38477
264.444	56.68262
264.926	50.01733
265.408	54.44873
265.890	56.68726
266.372	53.21143
266.854	44.73242
267.337	39.03149
267.819	35.40723
268.301	35.99512
268.783	46.28613
269.265	72.01514
269.747	84.15283
270.229	72.73682
270.711	40.92969
271.193	20.56250
271.676	13.63770
272.158	11.39746
272.640	6.02637
273.122	3.22510
273.604	11.89551
274.086	21.14355
274.568	29.31299
275.050	23.39551
275.532	0.72070
276.015	27.35791
276.497	41.11035
276.979	40.08203
277.461	36.19287
277.943	32.17627
278.425	28.35449
278.907	21.68994
279.389	10.12549
279.872	0.51270
280.354	2.98731
280.836	3.10596
281.318	3.25586
281.800	9.16943
282.282	28.74902
282.764	34.32227
283.246	25.07617
283.728	10.05225
284.211	7.62940
284.693	27.54541
285.175	34.85205
285.657	22.24121
286.139	2.29785
286.621	17.96631
287.103	25.00488
287.585	26.44775
288.067	21.46973
288.550	11.35596
289.032	6.53027
289.514	11.68457
289.996	21.19824
290.478	23.42236
290.960	18.31152
291.442	7.27490
291.924	15.39307
292.407	44.97754
292.889	61.22266
293.371	56.87305
293.853	40.23438
294.335	21.76855
294.817	1.94775
295.299	10.78662
295.781	4.64111
296.263	13.45020
296.746	24.42188
297.228	23.15039
297.710	15.87744
298.192	10.37158
298.674	6.67188
299.156	4.22900
299.638	0.61768
300.120	1.99365
300.603	1.71631
301.085	16.15088
301.567	31.53320
302.049	34.02002
302.531	26.59912
303.013	22.30518
303.495	33.54639
303.977	51.68213
304.459	65.50684
304.942	75.02002
305.424	75.63135
305.906	54.69385
306.388	19.75684
306.870	6.91260
307.352	7.92920
307.834	2.92871
308.316	13.10596
308.799	21.67920
309.281	26.96289
309.763	27.05371
310.245	23.12256
310.727	17.24463
311.209	4.16309
311.691	6.78760
312.173	5.72754
312.655	12.76807
313.138	26.56787
313.620	18.43652
314.102	1.58496
314.584	16.20752
315.066	12.20654
315.548	5.55664
316.030	6.46826
316.512	17.99072
316.994	25.28613
317.477	19.42529
317.959	6.83838
318.441	3.87256
318.923	8.92432
319.405	12.59473
319.887	16.78076
320.369	21.87793
320.851	25.66357
321.334	26.78369
321.816	26.68164
322.298	26.82764
322.780	28.01562
323.262	29.22510
323.744	30.46875
324.226	31.81104
324.708	32.46338
325.190	29.64648
325.673	27.78564
326.155	30.35156
326.637	49.37646
327.119	59.72900
327.601	52.73486
328.083	29.18115
328.565	15.47119
329.047	15.63721
329.529	22.78174
330.012	33.19922
330.494	54.14062
330.976	64.72119
331.458	59.12891
331.940	40.37402
332.422	24.31689
332.904	9.16406
333.386	0.89258
333.869	4.58301
334.351	29.18896
334.833	41.62451
335.315	33.17969
335.797	13.17432
336.279	13.03418
336.761	43.05420
337.243	71.22119
337.725	79.09717
338.208	62.37988
338.690	46.78955
339.172	31.90723
339.654	20.50830
340.136	19.28613
340.618	30.11182
341.100	43.79688
341.582	59.64404
342.065	77.37598
342.547	78.61084
343.029	59.20898
343.511	33.52002
343.993	22.12207
344.475	24.20654
344.957	29.90479
345.439	38.41016
345.921	48.05029
346.404	51.03857
346.886	46.42725
347.368	38.77881
347.850	32.82764
348.332	28.45801
348.814	24.16992
349.296	18.14453
349.778	12.75537
350.261	13.23779
350.743	19.43994
351.225	25.71924
351.707	25.14648
352.189	21.55713
352.671	22.40381
353.153	32.34814
353.635	44.91602
354.117	54.43799
354.600	60.25684
355.082	61.06836
355.564	50.45654
356.046	36.60449
356.528	27.75781
357.010	24.26660
357.492	28.78174
357.974	51.35791
358.456	84.85791
358.939	109.31100
359.421	113.14400
359.903	105.35500
360.385	88.28662
360.867	55.65332
361.349	33.18115
361.831	39.68359
362.313	61.24268
362.796	74.83838
363.278	63.18408
363.760	51.62354
364.242	50.22070
364.724	60.31592
365.206	73.47266
365.688	100.65280
366.170	125.90230
366.652	131.75540
367.135	88.96924
367.617	55.25586
368.099	43.67334
368.581	55.41211
369.063	66.44971
369.545	78.76953
370.027	89.38867
370.509	96.36621
370.992	97.59766
371.474	96.44482
371.956	91.85596
372.438	84.25781
372.920	77.29932
373.402	72.26514
373.884	65.70557
374.366	53.44238
374.848	32.42432
375.331	20.39160
375.813	20.36182
376.295	28.77393
376.777	39.42188
377.259	53.99170
377.741	62.47852
378.223	53.33545
378.705	27.25879
379.187	25.87939
379.670	56.21484
380.152	92.81201
380.634	99.86914
381.116	79.16943
381.598	53.75293
382.080	29.73584
382.562	8.40381
383.044	5.85010
383.527	12.72461
384.009	17.14062
384.491	24.43115
384.973	32.95801
385.455	38.29688
385.937	37.32275
386.419	34.93848
386.901	38.87109
387.383	47.31201
387.866	50.41211
388.348	37.33789
388.830	17.34570
389.312	0.32617
389.794	12.24463
390.276	19.82666
390.758	19.06641
391.240	13.03711
391.722	9.36084
392.205	19.87549
392.687	28.13135
393.169	20.81934
393.651	9.84961
394.133	32.94482
394.615	37.38330
395.097	28.62354
395.579	13.47607
396.062	21.21289
396.544	47.84521
397.026	51.37500
397.508	27.68311
397.990	23.42090
398.472	62.84375
398.954	110.99760
399.436	141.27930
399.918	131.91020
400.401	134.75730
400.883	150.95170
401.365	181.70210
401.847	237.50000
402.329	325.03810
402.811	428.79440
403.293	544.97220
403.775	679.48580
404.258	798.67330
404.740	894.75240
405.222	979.92630
405.704	1073.25600
406.186	1172.98000
406.668	1291.24600
407.150	1435.43200
407.632	1602.14200
408.114	1789.33800
408.597	2000.95200
409.079	2217.70600
409.561	2421.05100
410.043	2610.47200
410.525	2775.20900
411.007	2897.14000
411.489	3002.98100
411.971	3135.13100
412.454	3295.40500
412.936	3491.74100
413.418	3718.05300
413.900	3989.75300
414.382	4338.33800
414.864	4804.21300
415.346	5288.46700
415.828	5869.17300
416.310	6431.24500
416.793	6657.25300
417.275	6274.30900
417.757	5576.37100
418.239	4697.35200
418.721	3610.00200
419.203	2615.80900
419.685	1844.96100
420.167	1256.58500
420.649	820.07670
421.132	602.86570
421.614	454.70610
422.096	335.61430
422.578	243.22360
423.060	193.78270
423.542	238.35940
424.024	294.05760
424.506	307.87700
424.989	236.66460
425.471	184.72950
425.953	158.15770
426.435	153.66600
426.917	162.82520
427.399	193.95900
427.881	224.28080
428.363	242.86430
428.845	245.43410
429.328	261.98240
429.810	298.90190
430.292	339.23240
430.774	352.96090
431.256	336.50780
431.738	332.38670
432.220	357.62890
432.702	404.04540
433.184	442.71290
433.667	474.04880
434.149	499.34030
434.631	515.46340
435.113	525.99760
435.595	541.56540
436.077	563.49120
436.559	592.77690
437.041	635.93020
437.524	689.31690
438.006	739.22850
438.488	768.17480
438.970	795.05370
439.452	845.94680
439.934	927.58690
440.416	997.32960
440.898	1015.55800
441.380	1009.78900
441.863	1015.99100
442.345	1053.60000
442.827	1098.67300
443.309	1146.12300
443.791	1195.44400
444.273	1237.77200
444.755	1270.13100
445.237	1294.67100
445.720	1312.68800
446.202	1324.78100
446.684	1332.63900
447.166	1328.39900
447.648	1320.11400
448.130	1327.78900
448.612	1369.36700
449.094	1399.18800
449.576	1397.66800
450.059	1360.23800
450.541	1340.89100
451.023	1346.46000
451.505	1357.97700
451.987	1354.89800
452.469	1336.84400
452.951	1317.21000
453.433	1296.20800
453.915	1277.11900
454.398	1269.12700
454.880	1272.16400
455.362	1286.00800
455.844	1319.55600
456.326	1363.97700
456.808	1392.32200
457.290	1401.49200
457.772	1397.36900
458.255	1377.31500
458.737	1348.67000
459.219	1328.97400
459.701	1341.37600
460.183	1355.84400
460.665	1342.85700
461.147	1303.62700
461.629	1262.88700
462.111	1241.73700
462.594	1221.44900
463.076	1184.26000
463.558	1105.87400
464.040	1039.80700
464.522	1010.59200
465.004	1004.76200
465.486	989.60450
465.968	948.71290
466.451	909.59810
466.933	884.03080
467.415	876.83840
467.897	862.70310
468.379	833.28220
468.861	800.67970
469.343	780.44040
469.825	784.15140
470.307	777.53960
470.790	751.99610
471.272	712.63820
471.754	676.93850
472.236	644.19240
472.718	621.81590
473.200	621.86080
473.682	640.53960
474.164	641.42330
474.647	620.36380
475.129	591.30130
475.611	568.78960
476.093	552.84810
476.575	543.99560
477.057	544.05470
477.539	550.38670
478.021	561.64310
478.503	577.38920
478.986	592.49270
479.468	598.91940
479.950	604.80270
480.432	618.10690
480.914	640.53220
481.396	672.26370
481.878	717.77440
482.360	772.45800
482.842	828.38230
483.325	870.41650
483.807	923.35500
484.289	1000.89900
484.771	1109.76600
485.253	1209.16700
485.735	1287.25800
486.217	1360.10800
486.699	1439.05700
487.182	1514.84100
487.664	1619.83900
488.146	1765.09200
488.628	1935.37500
489.110	2091.38600
489.592	2229.33700
490.074	2364.55000
490.556	2504.61700
491.038	2648.32400
491.521	2784.63000
492.003	2908.99600
492.485	3026.74500
492.967	3146.71400
493.449	3268.85300
493.931	3379.87800
494.413	3469.93500
494.895	3558.56200
495.377	3680.05700
495.860	3824.86200
496.342	3959.88300
496.824	4080.66200
497.306	4172.59200
497.788	4225.03700
498.270	4239.15600
498.752	4200.10600
499.234	4089.57400
499.717	3927.35800
500.199	3736.75500
500.681	3520.17100
501.163	3277.30800
501.645	2993.73000
502.127	2674.51900
502.609	2375.87300
503.091	2096.25900
503.573	1846.29700
504.056	1630.84100
504.538	1458.37300
505.020	1295.35500
505.502	1141.08200
505.984	997.27000
506.466	863.28560
506.948	737.24660
507.430	647.29150
507.913	615.12300
508.395	615.22170
508.877	563.92380
509.359	461.53810
509.841	361.92770
510.323	301.25980
510.805	270.83400
511.287	255.34380
511.769	255.92380
512.252	254.80370
512.734	227.52440
513.216	188.74410
513.698	163.11130
514.180	183.06840
514.662	198.58790
515.144	171.28030
515.626	110.61330
516.109	67.05957
516.591	77.65234
517.073	94.40820
517.555	88.89551
518.037	38.94629
518.519	10.41016
519.001	21.25000
519.483	46.21680
519.965	55.47461
520.448	43.89941
520.930	25.97656
521.412	0.92090
521.894	32.42578
522.376	40.03223
522.858	18.46387
523.340	3.21582
523.822	5.06641
524.304	10.65332
524.787	27.45898
525.269	46.63086
525.751	56.59863
526.233	33.12793
526.715	11.83398
527.197	43.94531
527.679	47.44922
528.161	36.94727
528.644	21.58301
529.126	3.25293
529.608	10.08203
530.090	13.14844
530.572	10.31641
531.054	3.14844
531.536	10.36523
532.018	20.15137
532.500	20.47852
532.983	17.20898
533.465	17.08887
533.947	27.43457
534.429	32.07715
534.911	26.92480
535.393	14.58496
535.875	5.55957
536.357	0.18066
536.839	2.53711
537.322	0.72656
537.804	10.30957
538.286	10.45410
538.768	0.60938
539.250	14.66406
539.732	24.45410
540.214	29.84570
540.696	28.37695
541.179	14.63574
541.661	1.40820
542.143	13.49023
542.625	42.76172
543.107	61.82422
543.589	45.14551
544.071	19.14453
544.553	6.06641
545.035	7.93262
545.518	9.09180
546.000	1.97754
546.482	8.09375
546.964	16.73633
547.446	36.50488
547.928	38.10254
548.410	0.35352
548.892	55.34766
549.375	75.01270
549.857	41.92578
550.339	3.79297
550.821	28.68848
551.303	55.25391
551.785	69.22754
552.267	69.25000
552.749	61.78906
553.231	49.69238
553.714	33.76465
554.196	19.40137
554.678	6.62695
555.160	2.30371
555.642	4.75684
556.124	1.09863
556.606	7.70020
557.088	35.72656
557.570	57.99023
558.053	43.17285
558.535	1.22852
559.017	33.50684
559.499	31.14453
559.981	13.43555
560.463	10.25586
560.945	43.41406
561.427	68.76758
561.910	74.46289
562.392	75.81250
562.874	90.11523
563.356	134.84570
563.838	157.76370
564.320	143.83690
564.802	105.20120
565.284	82.49707
565.766	77.73242
566.249	79.02832
566.731	79.29199
567.213	80.08984
567.695	93.42383
568.177	120.19340
568.659	145.25590
569.141	153.38180
569.623	149.38870
570.106	141.68360
570.588	130.94140
571.070	119.87500
571.552	113.58200
572.034	108.17480
572.516	96.27930
572.998	60.90039
573.480	31.94141
573.962	19.90332
574.445	25.32422
574.927	43.20996
575.409	86.27832
575.891	129.05570
576.373	160.15720
576.855	177.30960
577.337	189.79880
577.819	199.47460
578.302	201.59280
578.784	182.47660
579.266	140.40620
579.748	117.09080
580.230	132.71680
580.712	167.46780
581.194	174.12500
581.676	155.72460
582.158	139.23140
582.641	144.16310
583.123	157.97850
583.605	167.49120
584.087	173.86620
584.569	181.24900
585.051	191.72460
585.533	200.07420
586.015	200.59380
586.497	176.21090
586.980	169.21970
587.462	201.94430
587.944	253.50200
588.426	286.20120
588.908	288.61820
589.390	291.26270
589.872	299.12210
590.354	311.98340
590.837	330.32710
591.319	355.63870
591.801	380.27250
592.283	395.05570
592.765	403.26370
593.247	423.61430
593.729	455.73630
594.211	503.75980
594.693	580.83790
595.176	675.92290
595.658	766.60450
596.140	839.55180
596.622	917.84860
597.104	1013.07200
597.586	1125.74400
598.068	1256.62100
598.550	1432.76300
599.032	1600.82100
599.515	1737.22400
599.997	1839.24500
600.479	1943.28400
600.961	2055.89400
601.443	2167.14700
601.925	2267.84400
602.407	2353.00000
602.889	2445.55200
603.372	2543.50700
603.854	2652.07200
604.336	2779.25100
604.818	2923.84700
605.300	3058.96900
605.782	3158.08800
606.264	3277.18300
606.746	3520.79400
607.228	3859.42600
607.711	4181.18200
608.193	4534.05000
608.675	4766.62600
609.157	4755.59900
609.639	4502.27900
610.121	4140.82000
610.603	3615.66300
611.085	3075.54200
611.567	2601.57700
612.050	2202.16100
612.532	1875.22300
613.014	1619.15900
613.496	1442.91200
613.978	1366.47600
614.460	1407.06600
614.942	1479.46600
615.424	1574.74100
615.907	1688.17600
616.389	1818.92000
616.871	1961.32800
617.353	2092.73800
617.835	2194.60300
618.317	2279.45700
618.799	2360.74300
619.281	2439.24600
619.763	2527.16700
620.246	2635.00400
620.728	2752.82500
621.210	2874.75800
621.692	3001.60000
622.174	3126.67500
622.656	3238.34200
623.138	3351.43900
623.620	3482.61900
624.103	3617.93900
624.585	3794.67100
625.067	4025.86100
625.549	4296.71400
626.031	4599.22900
626.513	4955.61400
626.995	5210.35800
627.477	5329.06700
627.959	5292.93600
628.442	4988.11600
628.924	4428.78800
629.406	3816.56200
629.888	3245.93800
630.370	2730.76300
630.852	2291.43100
631.334	1932.81000
631.816	1632.41100
632.299	1384.04400
632.781	1188.33400
633.263	1043.48100
633.745	997.96190
634.227	942.28520
634.709	853.63570
635.191	751.77150
635.673	669.59860
636.155	610.10740
636.638	565.39550
637.120	537.07320
637.602	521.19240
638.084	500.97950
638.566	476.00290
639.048	457.33110
639.530	457.44240
640.012	467.46190
640.494	470.71390
640.977	466.55180
641.459	453.24020
641.941	426.70120
642.423	391.83690
642.905	352.01270
643.387	302.03810
643.869	261.65430
644.351	245.34570
644.834	239.71680
645.316	226.42770
645.798	192.24020
646.280	170.25390
646.762	169.17380
647.244	181.46970
647.726	183.80660
648.208	174.51860
648.690	175.66800
649.173	186.92290
649.655	203.03220
650.137	200.00880
650.619	184.24120
651.101	166.58500
651.583	165.08010
652.065	171.34770
652.547	174.39450
653.030	180.03420
653.512	173.61620
653.994	136.63280
654.476	96.73730
654.958	79.47949
655.440	110.31350
655.922	136.43950
656.404	155.19430
656.886	168.53710
657.369	179.06540
657.851	186.80180
658.333	191.27340
658.815	189.79590
659.297	186.82130
659.779	188.73730
660.261	196.69530
660.743	229.71880
661.226	315.44530
661.708	422.69040
662.190	496.43950
662.672	540.03320
663.154	605.70210
663.636	732.80960
664.118	882.35640
664.600	1027.15000
665.082	1162.66400
665.565	1294.81800
666.047	1430.01900
666.529	1558.67100
667.011	1669.36400
667.493	1747.89700
667.975	1845.53400
668.457	1969.53700
668.939	2108.59300
669.421	2245.22600
669.904	2379.19800
670.386	2504.81200
670.868	2608.47700
671.350	2716.32500
671.832	2874.74700
672.314	3076.05100
672.796	3293.34400
673.278	3528.46300
673.760	3758.28100
674.243	4009.12300
674.725	4275.23400
675.207	4391.10900
675.689	4300.89600
676.171	4063.21600
676.653	3688.23100
677.135	3130.31000
677.617	2615.46500
678.100	2138.18900
678.582	1704.70100
679.064	1329.28300
679.546	1007.36600
680.028	743.91800
680.510	538.70410
680.992	386.56250
681.474	292.42680
681.956	243.61330
682.439	212.01560
682.921	202.71580
683.403	190.00490
683.885	145.58400
684.367	86.18457
684.849	53.44824
685.331	86.54395
685.813	116.41890
686.296	127.99120
686.778	121.49220
687.260	95.21387
687.742	39.03613
688.224	9.11719
688.706	31.81445
689.188	29.81934
689.670	0.56055
690.152	58.50000
690.635	104.96390
691.117	86.67285
691.599	40.02734
692.081	22.75488
692.563	49.37988
693.045	73.38965
693.527	55.87500
694.009	28.51367
694.492	23.39941
694.974	76.95020
695.456	112.19730
695.938	116.20800
696.420	105.45020
696.902	102.59570
697.384	61.70312
697.866	103.78910
698.348	122.16800
698.831	118.04390
699.313	23.67090
699.795	45.56152
700.277	20.85742
700.759	5.65723
701.241	9.23731
701.723	12.36230
702.205	26.16895
702.687	38.32324
703.170	44.07031
703.652	46.04297
704.134	47.45703
704.616	49.84863
705.098	37.09180
705.580	11.75391
706.062	128.14260
706.544	64.11035
707.027	24.01172
707.509	6.51172
707.991	79.15430
708.473	35.53516
708.955	38.59375
709.437	43.58301
709.919	16.39941
710.401	43.15332
710.883	15.79980
711.366	27.32422
711.848	60.56152
712.330	47.06543
712.812	48.30957
713.294	96.30273
713.776	76.76074
714.258	48.90918
714.740	53.64941
715.223	113.82030
715.705	149.50200
716.187	134.82130
716.669	85.24316
717.151	42.70508
717.633	8.25977
718.115	7.90039
718.597	22.08105
719.079	62.08594
719.562	52.52344
720.044	0.03906
720.526	43.63574
721.008	50.28418
721.490	40.44043
721.972	22.30859
722.454	6.57910
722.936	22.65137
723.419	13.26562
723.901	4.87207
724.383	17.91992
724.865	59.04883
725.347	77.04492
725.829	66.76758
726.311	51.97266
726.793	64.95410
727.275	93.86523
727.758	103.42290
728.240	83.21484
728.722	56.80859
729.204	33.09766
729.686	18.34961
730.168	20.95508
730.650	67.86230
731.132	102.85160
731.614	103.11430
732.097	88.83789
732.579	95.72461
733.061	137.36620
733.543	158.25490
734.025	140.51660
734.507	100.25980
734.989	76.33789
735.471	67.49805
735.953	62.54590
736.436	57.59277
736.918	52.51270
737.400	42.71875
737.882	31.58984
738.364	32.74512
738.846	71.50781
739.328	106.48930
739.810	114.18650
740.293	92.31543
740.775	78.20508
741.257	75.25195
741.739	73.97461
742.221	67.79590
742.703	57.06055
743.185	63.60059
743.667	89.63770
744.149	108.70700
744.632	85.48535
745.114	43.80566
745.596	23.78711
746.078	30.85254
746.560	47.47461
747.042	72.62793
747.524	100.21780
748.006	123.38870
748.489	143.01950
748.971	153.49410
749.453	150.57230
749.935	142.68550
750.417	141.52640
750.899	147.74220
751.381	138.95120
751.863	105.32810
752.345	71.87793
752.828	78.71777
753.310	112.91310
753.792	140.75100
754.274	152.57030
754.756	152.36130
755.238	130.72270
755.720	100.75980
756.202	88.30664
756.684	125.78610
757.167	150.06540
757.649	138.71580
758.131	108.02730
758.613	102.88770
759.095	131.58790
759.577	150.70310
760.059	141.73440
760.541	117.82520
761.024	109.99710
761.506	114.79490
761.988	118.00980
762.470	105.98830
762.952	93.85352
763.434	94.43066
763.916	99.53711
764.398	107.94140
764.880	115.08110
765.363	120.99410
765.845	122.55080
766.327	126.72560
766.809	118.47560
767.291	93.13184
767.773	74.49023
768.255	78.23535
768.737	99.55664
769.220	86.31836
769.702	39.39844
770.184	3.02832
770.666	19.37402
771.148	57.12305
771.630	91.68262
772.112	122.40040
772.594	136.61040
773.076	108.92380
773.559	79.64551
774.041	75.38867
774.523	106.68650
775.005	122.53910
775.487	117.71000
775.969	111.27340
776.451	128.79390
776.933	162.78810
777.416	185.57810
777.898	192.36230
778.380	189.24120
778.862	189.52440
779.344	185.72660
779.826	165.42290
780.308	108.72360
780.790	70.73438
781.272	81.20410
781.755	104.84470
782.237	106.10450
782.719	74.30176
783.201	60.08984
783.683	72.51855
784.165	93.46094
784.647	95.21484
785.129	82.81250
785.612	73.87988
786.094	72.12305
786.576	76.84180
787.058	93.28223
787.540	114.54980
788.022	130.52540
788.504	142.84570
788.986	143.78220
789.468	123.29690
789.951	95.07031
790.433	85.62305
790.915	99.39062
791.397	109.02930
791.879	107.59770
792.361	99.65332
792.843	88.64844
793.325	77.47559
793.807	76.17188
794.290	99.23438
794.772	122.66410
795.254	129.41890
795.736	123.60350
796.218	114.86620
796.700	101.18070
797.182	89.77539
797.664	77.58887
798.146	69.23535
798.629	86.47363
799.111	134.20700
799.593	165.46090
800.075	152.55570
800.557	121.32620
801.039	122.68460
801.521	149.53710
802.003	173.92580
802.486	196.11520
802.968	198.17970
803.450	151.97560
803.932	69.99316
804.414	26.53125
804.896	53.67676
805.378	78.13770
805.860	78.62988
806.342	58.86328
806.825	31.84570
807.307	2.60840
807.789	27.79297
808.271	35.44629
808.753	27.64160
809.235	5.91504
809.717	56.44043
810.199	82.90234
810.682	40.65137
811.164	6.33008
811.646	28.30957
812.128	25.29883
812.610	16.22266
813.092	4.80273
813.574	18.14453
814.056	5.42383
814.538	21.14844
815.021	9.43359
815.503	92.47461
815.985	159.96880
816.467	159.44920
816.949	127.31450
817.431	85.94922
817.913	40.68359
818.395	25.55273
818.877	97.11719
819.360	156.32030
819.842	158.09770
820.324	103.79690
820.806	61.63477
821.288	31.05273
821.770	15.58203
822.252	23.05664
822.734	46.49805
823.217	68.24609
823.699	87.97852
824.181	102.14840
824.663	107.83980
825.145	106.93950
825.627	95.57031
826.109	73.63086
826.591	65.79883
827.073	91.47070
827.556	106.48440
828.038	87.58594
828.520	37.92578
829.002	2.58203
829.484	18.34766
829.966	28.44727
830.448	28.35938
830.930	20.01562
831.413	3.56641
831.895	19.94336
832.377	44.20117
832.859	82.33008
833.341	108.39450
833.823	95.48438
834.305	44.41406
834.787	36.76367
835.269	89.08008
835.752	140.04100
836.234	155.17770
836.716	141.65820
837.198	130.82810
837.680	122.41410
838.162	113.65040
838.644	99.21094
839.126	86.83203
839.609	82.36523
840.091	85.96875
840.573	96.19531
841.055	128.47270
841.537	149.24020
842.019	138.75390
842.501	100.50390
842.983	97.73047
843.465	133.69730
843.948	168.13870
844.430	166.41020
844.912	150.68950
845.394	163.01760
845.876	198.48440
846.358	220.91600
846.840	196.94140
847.322	169.11520
847.804	159.89060
848.287	168.20900
848.769	173.24020
849.251	172.98630
849.733	175.49800
850.215	189.72460
850.697	207.69530
851.179	192.61330
851.661	149.99410
852.144	117.01950
852.626	129.51170
853.108	148.99220
853.590	138.89260
854.072	105.33590
854.554	89.39648
855.036	116.03120
855.518	140.12300
856.000	151.47660
856.483	151.33980
856.965	138.72460
857.447	112.94340
857.929	99.39648
858.411	119.02730
858.893	151.24800
859.375	170.82420
859.857	179.47660
860.340	181.08400
860.822	166.90820
861.304	157.06250
861.786	162.85740
862.268	178.57420
862.750	186.69730
863.232	182.94340
863.714	189.03710
864.196	222.87700
864.679	259.43750
865.161	223.25780
865.643	134.40230
866.125	78.71094
866.607	130.72460
867.089	193.70700
867.571	210.95310
868.053	198.09380
868.535	191.24610
869.018	202.41210
869.500	199.48830
869.982	171.34380
870.464	138.77930
870.946	147.75390
871.428	187.66410
871.910	211.13280
872.392	197.20700
872.875	178.43360
873.357	195.21290
873.839	220.55470
874.321	214.57810
874.803	108.60550
875.285	50.29297
875.767	73.24219
876.249	134.93160
876.731	173.68550
877.214	184.75980
877.696	198.54690
878.178	220.24220
878.660	239.87110
879.142	241.96290
879.624	232.06250
880.106	225.79490
880.588	233.33010
881.070	230.31050
881.553	194.56840
882.035	154.08590
882.517	133.32030
882.999	136.94340
883.481	141.51370
883.963	145.48830
884.445	149.40820
884.927	159.23830
885.410	171.16210
885.892	172.83400
886.374	161.50590
886.856	149.52340
887.338	146.89450
887.820	143.32810
888.302	123.85350
888.784	77.18359
889.266	88.18555
889.749	178.49220
890.231	268.43360
890.713	303.85550
891.195	293.52930
891.677	264.88280
892.159	221.98440
892.641	195.48240
893.123	225.21090
893.606	259.42770
894.088	252.41600
894.570	205.00200
895.052	196.63670
895.534	257.67580
896.016	311.49220
896.498	330.06450
896.980	318.65620
897.462	285.45900
897.945	232.20900
898.427	182.32620
898.909	136.17380
899.391	108.74410
899.873	129.03320
900.355	179.67580
900.837	209.10350
901.319	172.21880
901.802	154.83400
902.284	179.41800
902.766	228.01760
903.248	264.21680
903.730	287.38090
904.212	282.35160
904.694	233.72070
905.176	177.07810
905.658	154.05860
906.141	151.07620
906.623	145.96090
907.105	122.43950
907.587	108.84570
908.069	111.14450
908.551	123.20510
909.033	141.81840
909.515	168.34180
909.997	179.43360
910.480	170.53710
910.962	156.69340
911.444	151.72850
911.926	153.26170
912.408	162.94340
912.890	187.89840
913.372	191.83010
913.854	136.51370
914.337	78.14453
914.819	53.58984
915.301	67.16211
915.783	83.47656
916.265	103.24410
916.747	119.17380
917.229	118.16800
917.711	112.71090
918.193	132.08010
918.676	173.95310
919.158	191.58980
919.640	133.87700
920.122	77.35742
920.604	62.54492
921.086	82.18359
921.568	71.44336
922.050	22.85938
922.533	5.18750
923.015	29.04297
923.497	86.50977
923.979	98.73633
924.461	78.80469
924.943	63.34570
925.425	70.94922
925.907	82.37500
926.389	102.23830
926.872	118.00200
927.354	97.26562
927.836	25.61523
928.318	2.09766
928.800	44.43164
929.282	109.63480
929.764	102.86520
930.246	56.16602
930.728	35.78516
931.211	72.61328
931.693	102.66410
932.175	100.26170
932.657	78.69531
933.139	44.24023
933.621	18.18555
934.103	17.98633
934.585	61.57422
935.067	133.03710
935.550	96.50000
936.032	6.05469
936.514	38.70312
936.996	30.37500
937.478	16.77148
937.960	14.41211
938.442	17.97070
938.924	26.20117
939.407	38.36523
939.889	45.98438
940.371	49.49609
940.853	45.69141
941.335	25.90430
941.817	2.91602
942.299	3.01172
942.781	20.09180
943.263	36.40625
943.746	45.01367
944.228	50.84375
944.710	53.78906
945.192	55.50391
945.674	59.99805
946.156	68.21680
946.638	74.51758
947.120	76.92383
947.603	76.24609
948.085	71.53516
948.567	66.59570
949.049	70.66211
949.531	96.50000
950.013	103.92190
950.495	55.90625
950.977	3.79102
951.459	9.44336
951.942	25.21094
952.424	26.62109
952.906	10.08594
953.388	41.86133
953.870	13.59180
954.352	31.01758
954.834	24.86328
955.316	31.78320
955.799	65.37500
956.281	26.36328
956.763	13.39648
957.245	28.96680
957.727	23.98047
958.209	16.97656
958.691	8.22461
959.173	2.60352
959.655	18.87305
960.138	33.06445
960.620	24.28711
961.102	8.57031
961.584	18.12891
962.066	68.72461
962.548	141.79300
963.030	257.74410
963.512	368.35550
963.994	392.57810
964.477	338.23050
964.959	326.37110
965.441	379.98630
965.923	423.98050
966.405	358.60940
966.887	269.40820
967.369	245.24800
967.851	314.24800
968.334	372.07030
968.816	399.05470
969.298	434.87300
969.780	500.19920
970.262	592.73050
970.744	696.04100
971.226	810.04490
971.708	940.47070
972.190	1074.88300
972.673	1236.92000
973.155	1439.88900
973.637	1682.29900
974.119	1953.63700
974.601	2216.91800
975.083	2595.94100
975.565	3142.52100
976.047	3776.12500
976.530	4371.15000
977.012	4932.37100
977.494	5471.60200
977.976	5976.70300
978.458	6492.26600
978.940	7072.00400
979.422	7655.30900
979.904	8165.94100
980.386	8580.20500
980.869	9049.14100
981.351	9581.85400
981.833	10119.91000
982.315	10638.69000
982.797	11126.81000
983.279	11599.54000
983.761	12034.58000
984.243	12258.35000
984.726	12254.18000
985.208	11940.76000
985.690	11241.75000
986.172	10247.07000
986.654	9209.76600
987.136	8119.96900
987.618	7124.82000
988.100	6267.28700
988.582	5508.42600
989.065	4783.69300
989.547	4136.50400
990.029	3625.22900
990.511	3320.40600
990.993	3062.13100
991.475	2823.80700
991.957	2634.65600
992.439	2535.18800
992.921	2513.50600
993.404	2483.12100
993.886	2439.09800
994.368	2417.55700
994.850	2459.59200
995.332	2529.96300
995.814	2608.44700
996.296	2692.59200
996.778	2765.52000
997.260	2811.48000
997.743	2888.56100
998.225	3024.48400
998.707	3191.55100
999.189	3330.30300
999.671	3451.78700
1000.153	3591.14300
1000.635	3765.47500
1001.117	3947.44300
1001.599	4116.44300
1002.082	4294.49800
1002.564	4500.49400
1003.046	4727.98200
1003.528	5005.76200
1004.010	5327.95100
1004.492	5727.67600
1004.974	6212.57200
1005.456	6804.84600
1005.939	7499.45100
1006.421	8300.30500
1006.903	9288.99600
1007.385	10523.59000
1007.867	11919.56000
1008.349	13487.52000
1008.831	15172.01000
1009.313	16832.18000
1009.795	18447.17000
1010.278	20015.23000
1010.760	21518.28000
1011.242	23035.21000
1011.724	24648.28000
1012.206	26308.16000
1012.688	27971.63000
1013.170	29638.71000
1013.652	31288.29000
1014.135	32934.16000
1014.617	34544.07000
1015.099	36253.18000
1015.581	37888.51000
1016.063	39179.42000
1016.545	40072.41000
1017.027	40018.11000
1017.509	38560.76000
1017.991	36236.01000
1018.474	33059.60000
1018.956	29258.32000
1019.438	25560.79000
1019.920	21915.44000
1020.402	18638.33000
1020.884	15829.36000
1021.366	13418.09000
1021.848	11290.12000
1022.331	9472.21100
1022.813	7977.81200
1023.295	6900.94300
1023.777	6006.87500
1024.259	5290.11100
1024.741	4708.57200
1025.223	4235.17200
1025.705	3863.42000
1026.187	3562.61300
1026.670	3328.91200
1027.152	3131.58200
1027.634	2963.74000
1028.116	2809.81100
1028.598	2645.56400
1029.080	2486.77900
1029.562	2405.61700
1030.044	2427.87300
1030.526	2420.90400
1031.009	2344.46500
1031.491	2243.98800
1031.973	2166.94700
1032.455	2116.16200
1032.937	2101.50200
1033.419	2139.17800
1033.901	2170.80300
1034.383	2182.58200
1034.865	2184.52100
1035.348	2177.84200
1035.830	2162.93800
1036.312	2175.20300
1036.794	2212.02500
1037.276	2226.80700
1037.758	2169.11300
1038.240	2098.40000
1038.722	2046.92400
1039.205	2016.58400
1039.687	2014.84200
1040.169	2063.87900
1040.651	2072.10900
1041.133	2018.38700
1041.615	1945.90600
1042.097	1920.42600
1042.579	1920.04700
1043.062	1901.04900
1043.544	1854.39100
1044.026	1799.73200
1044.508	1739.42000
1044.990	1677.06100
1045.472	1612.08000
1045.954	1545.56200
1046.436	1495.30100
1046.918	1460.40000
1047.401	1423.46100
1047.883	1365.23200
1048.365	1312.38500
1048.847	1297.36900
1049.329	1301.15000
1049.811	1287.06400
1050.293	1251.74200
1050.775	1195.91800
1051.257	1111.75800
1051.740	1029.12300
1052.222	979.02930
1052.704	954.44140
1053.186	943.71680
1053.668	945.45900
1054.150	952.21480
1054.632	985.37500
1055.114	993.27930
1055.597	950.15820
1056.079	870.38280
1056.561	794.58980
1057.043	724.54880
1057.525	694.95700
1058.007	736.80270
1058.489	775.59960
1058.971	725.07030
1059.453	645.44730
1059.936	614.77730
1060.418	670.58200
1060.900	677.29100
1061.382	618.93950
1061.864	565.99020
1062.346	581.59380
1062.828	633.03520
1063.310	660.75980
1063.792	665.32030
1064.275	652.81840
1064.757	599.36520
1065.239	562.40430
1065.721	553.74220
1066.203	568.70310
1066.685	614.81450
1067.167	684.80080
1067.649	703.31450
1068.132	651.99020
1068.614	598.66020
1069.096	590.55660
1069.578	607.04880
1070.060	640.08200
1070.542	688.25590
1071.024	713.39650
1071.506	710.25980
1071.989	709.65430
1072.471	727.51950
1072.953	751.34570
1073.435	771.85740
1073.917	782.12700
1074.399	766.74410
1074.881	673.85550
1075.363	635.00780
1075.845	685.02340
1076.328	752.17970
1076.810	773.01560
1077.292	754.52540
1077.774	719.21290
1078.256	670.06840
1078.738	630.90620
1079.220	629.35740
1079.702	627.71090
1080.184	601.99020
1080.667	562.67970
1081.149	539.74220
1081.631	536.69530
1082.113	496.94920
1082.595	400.71290
1083.077	302.45700
1083.559	255.01950
1084.041	239.43950
1084.524	242.94730
1085.006	270.33010
1085.488	264.52540
1085.970	208.26760
1086.452	162.24410
1086.934	168.64840
1087.416	191.34180
1087.898	136.31840
1088.380	30.91602
1088.863	52.88477
1089.345	76.54492
1089.827	90.90820
1090.309	106.32230
1090.791	118.19920
1091.273	116.55470
1091.755	104.15430
1092.237	122.83010
1092.719	171.61720
1093.202	202.13280
1093.684	153.00000
1094.166	102.97850
1094.648	111.40230
1095.130	159.66800
1095.612	186.45510
1096.094	192.00000
1096.576	171.72070
1097.058	121.46480
1097.541	58.60547
1098.023	10.15430
1098.505	72.78906
1098.987	113.53320
1099.469	128.56450
1099.951	131.27930
1100.433	101.80660
1100.915	110.29690
1101.398	201.70700
1101.880	337.12700
1102.362	419.58980
1102.844	470.25980
1103.326	546.50590
1103.808	692.89060
1104.290	823.00980
1104.772	901.69340
1105.255	969.86130
1105.737	1054.27500
1106.219	1155.41200
1106.701	1307.63300
1107.183	1503.40400
1107.665	1659.61100
1108.147	1682.42200
1108.629	1689.74600
1109.111	1762.25800
1109.594	1867.31600
1110.076	1929.46500
1110.558	1949.49200
1111.040	1922.79100
1111.522	1842.69300
1112.004	1748.77700
1112.486	1678.28300
1112.968	1616.63500
1113.450	1543.89800
1113.933	1459.52000
1114.415	1400.32800
1114.897	1364.68600
1115.379	1349.65600
1115.861	1354.83800
1116.343	1380.80500
1116.825	1413.59000
1117.307	1471.87700
1117.790	1589.13700
1118.272	1774.11700
1118.754	2017.02500
1119.236	2310.63300
1119.718	2664.22700
1120.200	3092.08000
1120.682	3587.60200
1121.164	4105.05100
1121.646	4639.70900
1122.129	5171.63300
1122.611	5711.86700
1123.093	6222.65600
1123.575	6642.51000
1124.057	7053.15200
1124.539	7569.38100
1125.021	8191.20100
1125.503	8682.36700
1125.985	9029.87900
1126.468	9383.61300
1126.950	9930.09000
1127.432	10455.32000
1127.914	10903.30000
1128.396	11184.62000
1128.878	11078.41000
1129.360	10551.14000
1129.842	9789.64100
1130.325	8796.90800
1130.807	7710.58200
1131.289	6611.92600
1131.771	5558.46900
1132.253	4619.38500
1132.735	3799.12100
1133.217	3141.21100
1133.699	2677.82600
1134.182	2262.06100
1134.664	1832.90800
1135.146	1437.34000
1135.628	1162.29300
1136.110	977.96090
1136.592	830.46680
1137.074	709.88480
1137.556	613.61720
1138.038	540.07620
1138.521	486.38090
1139.003	454.97070
1139.485	441.26950
1139.967	439.77150
1140.449	442.66800
1140.931	418.58790
1141.413	303.38090
1141.895	223.63480
1142.377	241.46880
1142.860	288.23440
1143.342	288.36330
1143.824	248.15820
1144.306	246.91410
1144.788	286.15430
1145.270	319.13870
1145.752	293.95900
1146.234	276.35940
1146.717	314.98830
1147.199	383.48240
1147.681	423.39260
1148.163	433.26760
1148.645	447.99800
1149.127	470.93750
1149.609	521.12110
1150.091	627.63090
1150.573	753.97070
1151.056	870.73440
1151.538	982.72070
1152.020	1119.02700
1152.502	1279.80900
1152.984	1435.95900
1153.466	1577.33400
1153.948	1719.37300
1154.430	1889.69500
1154.912	2071.81400
1155.395	2246.37700
1155.877	2411.00000
1156.359	2545.31200
1156.841	2630.40800
1157.323	2752.96300
1157.805	2985.17000
1158.287	3247.41000
1158.769	3449.55700
1159.251	3577.32000
1159.734	3602.68000
1160.216	3500.20900
1160.698	3310.92600
1161.180	3020.92800
1161.662	2684.96100
1162.144	2312.02700
1162.626	1932.65400
1163.108	1611.65800
1163.591	1351.19300
1164.073	1146.07800
1164.555	1061.38500
1165.037	935.99410
1165.519	722.46090
1166.001	496.26760
1166.483	339.67190
1166.965	239.56640
1167.448	147.76950
1167.930	65.49805
1168.412	32.05859
1168.894	120.85350
1169.376	197.03520
1169.858	226.85350
1170.340	215.39260
1170.822	147.68360
1171.304	41.88672
1171.786	1.50781
1172.269	37.34570
1172.751	73.73633
1173.233	54.25195
1173.715	22.15625
1174.197	7.70313
1174.679	30.28320
1175.161	19.47266
1175.643	20.51953
1176.126	52.17578
1176.608	69.50391
1177.090	65.58203
1177.572	11.93164
1178.054	42.37500
1178.536	56.41992
1179.018	39.36328
1179.500	40.71289
1179.983	58.05469
1180.465	52.99219
1180.947	9.10156
1181.429	62.14844
1181.911	45.72461
1182.393	1.36719
1182.875	41.41992
1183.357	76.82422
1183.839	61.89453
1184.322	4.10742
1184.804	56.34180
1185.286	49.82812
1185.768	23.15234
1186.250	17.98633
1186.732	47.57617
1187.214	12.90625
1187.696	116.72660
1188.178	153.17970
1188.661	83.36328
1189.143	11.16406
1189.625	22.07812
1190.107	61.00195
1190.589	95.16992
1191.071	113.78710
1191.553	84.43359
1192.035	20.09766
1192.518	48.67578
1193.000	23.14648
1193.482	98.41406
1193.964	63.11133
1194.446	3.76563
1194.928	19.16992
1195.410	96.68359
1195.892	131.96880
1196.375	107.06840
1196.857	97.85352
1197.339	120.34380
1197.821	149.57620
1198.303	163.41800
1198.785	165.65820
1199.267	155.49610
1199.749	134.20700
1200.231	130.49220
1200.714	153.54300
1201.196	161.23240
1201.678	138.83400
1202.160	108.60550
1202.642	93.87891
1203.124	92.10352
1203.606	101.65040
1204.088	123.23050
1204.570	151.46090
1205.053	194.03910
1205.535	214.93160
1206.017	195.02540
1206.499	160.29490
1206.981	149.22070
1207.463	147.01560
1207.945	127.29690
1208.427	70.60742
1208.910	65.41406
1209.392	128.92580
1209.874	182.14840
1210.356	178.03520
1210.838	151.50980
1211.320	150.92580
1211.802	166.13090
1212.284	181.30470
1212.766	195.81840
1213.249	201.20900
1213.731	191.62700
1214.213	186.72460
1214.695	211.44730
1215.177	237.47460
1215.659	204.92770
1216.141	143.92190
1216.623	118.54100
1217.105	179.79300
1217.588	194.39450
1218.070	147.48440
1218.552	105.03120
1219.034	134.78520
1219.516	188.93360
1219.998	192.21480
1220.480	163.91410
1220.962	161.16800
1221.445	222.65230
1221.927	238.54300
1222.409	195.92190
1222.891	135.64840
1223.373	75.58203
1223.855	33.76953
1224.337	46.01172
1224.819	98.94531
1225.301	137.52340
1225.784	153.07030
1226.266	161.85160
1226.748	166.53910
1227.230	165.83590
1227.712	150.37890
1228.194	134.96880
1228.676	142.77730
1229.158	168.66410
1229.641	177.81250
1230.123	166.64060
1230.605	151.41410
1231.087	128.26170
1231.569	126.60550
1232.051	225.77340
1232.533	329.31250
1233.015	308.92970
1233.497	174.27730
1233.979	106.57030
1234.462	132.30860
1234.944	122.82420
1235.426	40.14453
1235.908	30.86328
1236.390	37.73828
1236.872	145.16800
1237.354	179.35550
1237.836	132.67190
1238.319	93.64844
1238.801	61.04688
1239.283	78.23438
1239.765	170.94920
1240.247	249.01170
1240.729	187.69530
1241.211	84.80078
1241.693	46.00781
1242.176	74.60938
1242.658	85.66406
1243.140	76.36719
1243.622	76.72266
1244.104	97.50000
1244.586	117.74220
1245.068	127.30470
1245.550	127.07030
1246.032	102.84770
1246.515	59.61328
1246.997	66.08984
1247.479	124.23050
1247.961	185.81640
1248.443	245.91020
1248.925	269.37890
1249.407	195.10940
1249.889	97.31641
1250.371	45.97656
1250.854	43.26562
1251.336	28.40625
1251.818	3.31641
1252.300	14.30859
1252.782	106.53520
1253.264	180.75000
1253.746	150.13670
1254.228	93.07422
1254.711	69.36328
1255.193	76.65625
1255.675	104.92580
1256.157	145.33590
1256.639	153.78910
1257.121	85.80469
1257.603	36.41797
1258.085	71.71094
1258.568	122.26560
1259.050	138.26950
1259.532	126.77340
1260.014	133.57420
1260.496	153.44140
1260.978	163.69140
1261.460	153.12890
1261.942	134.25780
1262.424	94.55859
1262.906	69.79297
1263.389	91.73438
1263.871	143.56640
1264.353	166.76560
1264.835	168.67970
1265.317	173.98440
1265.799	201.26950
1266.281	217.33200
1266.763	227.65230
1267.246	212.15620
1267.728	129.98830
1268.210	26.81641
1268.692	28.59375
1269.174	94.98828
1269.656	122.48440
1270.138	12.17969
1270.620	19.57812
1271.103	45.50391
1271.585	133.86720
1272.067	196.21480
1272.549	241.42190
1273.031	286.42970
1273.513	321.82030
1273.995	323.67580
1274.477	273.69530
1274.959	228.89450
1275.442	189.29690
1275.924	158.71090
1276.406	179.89450
1276.888	199.87110
1277.370	136.61330
1277.852	43.40234
1278.334	30.87109
1278.816	119.56640
1279.298	190.76560
1279.781	240.77340
1280.263	248.75390
1280.745	131.58200
1281.227	36.98047
1281.709	116.39840
1282.191	264.14450
1282.673	318.50000
1283.155	277.14450
1283.638	229.47270
1284.120	179.53910
1284.602	144.39840
1285.084	133.23440
1285.566	133.83590
1286.048	150.44920
1286.530	169.39060
1287.012	164.36720
1287.495	147.34770
1287.977	206.04690
1288.459	326.96880
1288.941	406.93750
1289.423	379.62110
1289.905	321.85940
1290.387	236.00390
1290.869	154.86720
1291.351	123.90620
1291.833	120.99610
1292.316	65.16406
1292.798	20.19141
1293.280	44.13281
1293.762	118.24610
1294.244	208.83590
1294.726	191.03120
1295.208	155.51950
1295.690	216.89450
1296.172	294.80860
1296.655	253.42580
1297.137	128.34770
1297.619	49.91406
1298.101	30.46484
1298.583	64.41016
1299.065	163.00390
1299.547	227.86720
1300.029	120.83980
1300.512	5.72266
1300.994	6.20313
1301.476	75.86719
1301.958	131.96880
1302.440	159.18360
1302.922	197.87110
1303.404	249.95310
1303.886	264.51950
1304.369	147.29690
1304.851	35.29297
1305.333	56.95703
1305.815	116.09380
1306.297	110.68750
1306.779	51.92969
1307.261	37.87891
1307.743	67.63672
1308.225	89.23438
1308.708	76.92188
1309.190	69.00781
1309.672	62.95703
1310.154	66.30078
1310.636	102.96880
1311.118	149.74610
1311.600	139.25000
1312.082	85.07031
1312.564	40.53906
1313.047	4.43359
1313.529	21.69922
1314.011	149.95700
1314.493	219.10160
1314.975	138.46480
1315.457	0.00000
	
	
	
	
