126.03810	230.38210
126.52020	253.76520
127.00230	280.75530
127.48440	308.66420
127.96660	332.93160
128.44870	353.58810
128.93080	373.21320
129.41290	394.33080
129.89500	416.58650
130.37720	437.04580
130.85930	454.75600
131.34140	470.14630
131.82350	483.13210
132.30560	492.50340
132.78770	504.17590
133.26990	526.56020
133.75200	560.15600
134.23410	595.96040
134.71620	632.02510
135.19830	668.52780
135.68040	700.06330
136.16260	725.88390
136.64470	747.27420
137.12680	765.85430
137.60890	780.88180
138.09100	795.21810
138.57310	812.04890
139.05530	834.44960
139.53740	844.74840
140.01950	837.00480
140.50160	817.12630
140.98370	809.24300
141.46580	818.80080
141.94800	831.66470
142.43010	837.75600
142.91220	832.69320
143.39430	830.11350
143.87640	831.54360
144.35850	836.93270
144.84070	844.86680
145.32280	854.82070
145.80490	867.68640
146.28700	884.60890
146.76910	910.27870
147.25120	933.55540
147.73340	951.32880
148.21550	962.05320
148.69760	975.00760
149.17970	992.99740
149.66180	1012.45100
150.14390	1028.49800
150.62610	1032.31900
151.10820	1040.46900
151.59030	1058.82300
152.07240	1095.24800
152.55450	1124.30700
153.03660	1140.44100
153.51880	1147.98300
154.00090	1155.42500
154.48300	1169.42300
154.96510	1179.58600
155.44720	1180.62600
155.92930	1162.25000
156.41150	1149.00700
156.89360	1148.50300
157.37570	1157.60200
157.85780	1165.34200
158.33990	1168.53700
158.82210	1169.37000
159.30420	1169.29800
159.78630	1168.07700
160.26840	1166.57200
160.75050	1165.73600
161.23260	1165.27600
161.71480	1162.95400
162.19690	1153.16200
162.67900	1142.82100
163.16110	1138.70600
163.64320	1149.79200
164.12530	1162.22300
164.60750	1167.26400
165.08960	1164.55200
165.57170	1163.90200
166.05380	1173.98900
166.53590	1189.04200
167.01800	1200.83000
167.50020	1202.83200
167.98230	1202.33700
168.46440	1204.59300
168.94650	1210.10000
169.42860	1217.53800
169.91070	1229.14000
170.39290	1242.06400
170.87500	1250.61900
171.35710	1247.73600
171.83920	1240.70200
172.32130	1236.93100
172.80340	1237.36600
173.28560	1241.12500
173.76770	1249.37500
174.24980	1260.92200
174.73190	1271.52000
175.21400	1277.30200
175.69610	1280.82500
176.17830	1285.74400
176.66040	1292.33600
177.14250	1301.09300
177.62460	1313.69000
178.10670	1329.54700
178.58880	1345.76200
179.07100	1360.60300
179.55310	1374.03300
180.03520	1385.76200
180.51730	1395.86100
180.99940	1403.94200
181.48150	1406.48000
181.96370	1403.77400
182.44580	1404.45100
182.92790	1419.64400
183.41000	1445.43500
183.89210	1466.92700
184.37420	1476.86300
184.85640	1481.13100
185.33850	1494.06500
185.82060	1516.32700
186.30270	1540.57500
186.78480	1560.48700
187.26690	1576.21200
187.74910	1589.52000
188.23120	1598.82900
188.71330	1606.05100
189.19540	1619.03600
189.67750	1638.32600
190.15960	1660.64900
190.64180	1682.75100
191.12390	1704.55400
191.60600	1726.68200
192.08810	1747.85200
192.57020	1768.73700
193.05240	1797.58100
193.53450	1837.08400
194.01660	1877.36100
194.49870	1898.61900
194.98080	1899.30900
195.46290	1904.43200
195.94510	1927.93500
196.42720	1969.69300
196.90930	2008.49800
197.39140	2043.79900
197.87350	2075.97300
198.35560	2103.60500
198.83780	2125.25600
199.31990	2150.76500
199.80200	2189.02200
200.28410	2241.21400
200.76620	2283.47400
201.24830	2313.95300
201.73050	2334.19800
202.21260	2348.17500
202.69470	2356.35100
203.17680	2356.51500
203.65890	2346.22000
204.14100	2324.63500
204.62320	2299.34500
205.10530	2271.40300
205.58740	2240.01500
206.06950	2199.68500
206.55160	2145.48100
207.03370	2095.28800
207.51590	2062.31500
207.99800	2050.20900
208.48010	2041.05100
208.96220	2033.58700
209.44430	2027.41900
209.92640	2019.97600
210.40860	2009.75300
210.89070	2001.26100
211.37280	1998.63100
211.85490	2003.52700
212.33700	2008.71100
212.81910	2013.95700
213.30130	2018.87100
213.78340	2021.87100
214.26550	2026.59300
214.74760	2023.47600
215.22970	2001.59000
215.71180	1952.18600
216.19400	1907.58100
216.67610	1873.68600
217.15820	1850.01300
217.64030	1830.03400
218.12240	1815.07000
218.60450	1802.33200
219.08670	1789.39600
219.56880	1776.57700
220.05090	1762.88600
220.53300	1747.51100
221.01510	1730.13100
221.49720	1717.32700
221.97940	1711.77200
222.46150	1707.68100
222.94360	1698.11600
223.42570	1679.23500
223.90780	1662.73700
224.38990	1652.37600
224.87210	1648.70000
225.35420	1641.57500
225.83630	1627.67400
226.31840	1613.41400
226.80050	1607.98800
227.28270	1620.42000
227.76480	1623.97800
228.24690	1607.03900
228.72900	1564.45100
229.21110	1543.31100
229.69320	1555.45200
230.17540	1579.68400
230.65750	1588.02400
231.13960	1572.89200
231.62170	1554.88400
232.10380	1537.74900
232.58590	1519.99200
233.06810	1512.02000
233.55020	1519.03600
234.03230	1532.08800
234.51440	1537.75300
234.99650	1530.69900
235.47860	1525.26200
235.96080	1526.91800
236.44290	1538.36900
236.92500	1543.53000
237.40710	1537.18600
237.88920	1527.76000
238.37130	1530.09100
238.85350	1554.32700
239.33560	1573.30200
239.81770	1577.37200
240.29980	1562.39500
240.78190	1547.67200
241.26400	1529.95100
241.74620	1514.13100
242.22830	1509.60900
242.71040	1523.59900
243.19250	1536.97800
243.67460	1542.45000
244.15670	1536.02100
244.63890	1535.84600
245.12100	1545.17200
245.60310	1558.79200
246.08520	1567.05300
246.56730	1566.48800
247.04940	1566.47700
247.53160	1570.56300
248.01370	1580.17100
248.49580	1588.72600
248.97790	1593.98400
249.46000	1599.42600
249.94210	1612.45400
250.42430	1638.82900
250.90640	1662.54100
251.38850	1675.48200
251.87060	1670.64300
252.35270	1679.61900
252.83480	1707.92800
253.31700	1746.53000
253.79910	1778.15900
254.28120	1799.67300
254.76330	1819.61600
255.24540	1841.53800
255.72750	1866.60700
256.20970	1888.90100
256.69180	1909.20400
257.17390	1925.95300
257.65600	1935.83500
258.13810	1936.62900
258.62020	1935.12600
259.10240	1933.66100
259.58450	1932.32400
260.06660	1930.58500
260.54870	1927.91800
261.03080	1925.25700
261.51290	1924.91200
261.99510	1928.79300
262.47720	1930.40400
262.95930	1926.15700
263.44140	1913.98700
263.92350	1906.02000
264.40560	1903.87300
264.88780	1904.33700
265.36990	1900.36300
265.85200	1888.67700
266.33410	1881.84900
266.81620	1886.51400
267.29830	1905.08800
267.78050	1919.09200
268.26260	1927.03000
268.74470	1931.91400
269.22680	1940.48300
269.70890	1955.46600
270.19100	1964.20300
270.67320	1957.79200
271.15530	1933.34800
271.63740	1923.54900
272.11950	1931.49800
272.60160	1949.55600
273.08370	1966.07000
273.56590	1981.06200
274.04800	1994.70300
274.53010	2004.94800
275.01220	2011.34600
275.49430	2028.58200
275.97640	2059.92500
276.45860	2095.95900
276.94070	2121.50700
277.42280	2134.88500
277.90490	2149.90500
278.38700	2176.97700
278.86910	2214.74500
279.35130	2229.76100
279.83340	2218.37800
280.31550	2193.62200
280.79760	2170.37600
281.27980	2148.77300
281.76190	2130.26400
282.24400	2116.56800
282.72610	2106.96200
283.20820	2095.48800
283.69030	2081.57200
284.17250	2067.89700
284.65460	2055.50900
285.13670	2044.75300
285.61880	2042.35800
286.10090	2055.02100
286.58300	2078.40600
287.06520	2093.31000
287.54730	2098.75200
288.02940	2100.75700
288.51150	2106.22300
288.99360	2114.56900
289.47570	2120.80900
289.95790	2123.02300
290.44000	2122.03900
290.92210	2120.18400
291.40420	2117.49500
291.88630	2113.44900
292.36840	2104.36000
292.85060	2092.42500
293.33270	2087.10800
293.81480	2093.37300
294.29690	2106.88800
294.77900	2118.43500
295.26110	2128.06900
295.74330	2141.32000
296.22540	2164.93000
296.70750	2196.53500
297.18960	2228.23300
297.67170	2256.78000
298.15380	2285.87600
298.63600	2317.74500
299.11810	2353.20500
299.60020	2398.41100
300.08230	2465.87600
300.56440	2546.03900
301.04650	2619.61500
301.52870	2672.41300
302.01080	2727.98100
302.49290	2811.03100
302.97500	2920.33200
303.45710	3044.01600
303.93920	3178.47500
304.42140	3321.90700
304.90350	3473.93200
305.38560	3626.51600
305.86770	3795.07500
306.34980	3996.50500
306.83190	4224.08000
307.31410	4459.06000
307.79620	4675.78700
308.27830	4897.94100
308.76040	5152.78300
309.24250	5443.98900
309.72460	5761.12200
310.20680	6096.76000
310.68890	6454.20700
311.17100	6845.16900
311.65310	7270.21100
312.13520	7734.61600
312.61730	8240.45100
313.09950	8784.52800
313.58160	9363.28500
314.06370	9971.60200
314.54580	10616.60000
315.02790	11315.89000
315.51000	12081.37000
315.99220	12899.04000
316.47430	13767.79000
316.95640	14694.93000
317.43850	15642.23000
317.92060	16637.14000
318.40270	17635.60000
318.88490	18576.00000
319.36700	19571.11000
319.84910	20391.65000
320.33120	20978.73000
320.81330	21341.09000
321.29540	21390.46000
321.77760	21067.48000
322.25970	20443.21000
322.74180	19593.36000
323.22390	18363.82000
323.70600	17074.21000
324.18810	15763.89000
324.67030	14427.13000
325.15240	13164.80000
325.63450	11966.80000
326.11660	10869.66000
326.59870	9891.89600
327.08080	9046.86100
327.56300	8306.44100
328.04510	7684.73100
328.52720	7178.42500
329.00930	6712.38400
329.49140	6295.97700
329.97350	5921.73100
330.45570	5588.86200
330.93780	5307.80900
331.41990	5048.94100
331.90200	4805.25600
332.38410	4580.07700
332.86620	4392.10000
333.34840	4258.23600
333.83050	4138.71600
334.31260	4009.34300
334.79470	3863.85200
335.27680	3731.62300
335.75890	3614.21300
336.24110	3511.08700
336.72320	3419.59200
337.20530	3343.28200
337.68740	3270.14500
338.16950	3192.09500
338.65160	3108.19200
339.13380	3033.92800
339.61590	2971.79100
340.09800	2916.84500
340.58010	2862.63300
341.06220	2808.36000
341.54430	2756.15200
342.02650	2705.97900
342.50860	2658.15400
342.99070	2611.61400
343.47280	2567.00700
343.95490	2522.67700
344.43700	2472.81100
344.91920	2419.24500
345.40130	2378.42200
345.88340	2366.03200
346.36550	2368.35400
346.84760	2345.39500
347.32970	2296.43700
347.81190	2246.26800
348.29400	2222.65800
348.77610	2217.37500
349.25820	2205.92400
349.74030	2177.82500
350.22250	2143.64500
350.70460	2117.51000
351.18670	2098.70300
351.66880	2083.52700
352.15090	2069.55200
352.63310	2057.37500
353.11520	2048.92000
353.59730	2047.69900
354.07940	2044.46700
354.56150	2029.20600
355.04360	2004.76400
355.52580	1979.80200
356.00790	1955.96000
356.49000	1935.40900
356.97210	1920.10800
357.45420	1910.62200
357.93630	1905.49700
358.41850	1909.13700
358.90060	1916.04300
359.38270	1916.70300
359.86480	1902.37500
360.34690	1884.83400
360.82900	1869.21800
361.31120	1855.76700
361.79330	1845.60800
362.27540	1841.08100
362.75750	1839.17400
363.23960	1836.60100
363.72170	1831.75100
364.20390	1827.07600
364.68600	1823.74300
365.16810	1821.76700
365.65020	1818.29500
366.13230	1810.13800
366.61440	1802.08700
367.09660	1797.40500
367.57870	1794.10000
368.06080	1796.97400
368.54290	1811.71100
369.02500	1834.62700
369.50710	1846.49900
369.98930	1843.18400
370.47140	1833.70600
370.95350	1821.23900
371.43560	1801.86700
371.91770	1788.50400
372.39980	1780.89300
372.88200	1779.60400
373.36410	1787.79600
373.84620	1809.97100
374.32830	1829.90200
374.81040	1841.05400
375.29250	1843.06500
375.77470	1841.09000
376.25680	1834.45200
376.73890	1825.14500
377.22100	1814.39100
377.70310	1801.80400
378.18520	1793.40600
378.66740	1791.29200
379.14950	1794.78800
379.63160	1802.86600
380.11370	1816.12900
380.59580	1827.89100
381.07790	1830.33900
381.56010	1825.22300
382.04220	1820.83200
382.52430	1818.38000
383.00640	1818.28700
383.48850	1822.58300
383.97060	1830.70600
384.45280	1838.19500
384.93490	1843.28300
385.41700	1845.48700
385.89910	1842.31400
386.38120	1830.84700
386.86330	1822.24800
387.34550	1832.35900
387.82760	1853.53900
388.30970	1868.45200
388.79180	1860.28800
389.27390	1847.34500
389.75600	1845.01100
390.23820	1855.21200
390.72030	1866.98300
391.20240	1879.18700
391.68450	1888.07900
392.16660	1889.43700
392.64870	1875.39800
393.13090	1859.48300
393.61300	1844.41900
394.09510	1830.76600
394.57720	1824.17800
395.05930	1831.85700
395.54140	1843.39600
396.02360	1852.23900
396.50570	1859.46700
396.98780	1861.62700
397.46990	1856.06400
397.95200	1844.83000
398.43410	1834.24700
398.91630	1818.94300
399.39840	1809.96600
399.88050	1813.62900
400.36260	1838.41700
400.84470	1849.54800
401.32680	1838.03500
401.80900	1819.49400
402.29110	1817.91100
402.77320	1841.97100
403.25530	1859.97000
403.73740	1860.71900
404.21950	1845.59600
404.70170	1841.94600
405.18380	1854.10700
405.66590	1865.98900
406.14800	1857.56400
406.63010	1828.27200
407.11220	1814.89800
407.59440	1828.64700
408.07650	1857.38600
408.55860	1871.62500
409.04070	1871.68500
409.52280	1870.07400
410.00490	1876.13300
410.48710	1886.91300
410.96920	1893.77500
411.45130	1895.24900
411.93340	1895.26700
412.41550	1899.05800
412.89760	1905.22600
413.37980	1909.61400
413.86190	1910.62100
414.34400	1908.83000
414.82610	1902.71300
415.30820	1892.32400
415.79030	1885.40200
416.27250	1888.54900
416.75460	1897.30900
417.23670	1906.75500
417.71880	1914.25500
418.20090	1923.11900
418.68300	1939.21500
419.16520	1959.13000
419.64730	1969.70200
420.12940	1954.26200
420.61150	1937.49000
421.09370	1933.90700
421.57580	1953.98000
422.05790	1968.90700
422.54000	1969.96000
423.02210	1964.71400
423.50420	1965.69200
423.98640	1980.44000
424.46850	1993.42900
424.95060	2001.80600
425.43270	2005.40700
425.91480	2004.13500
426.39690	1992.86600
426.87910	1982.56100
427.36120	1984.02200
427.84330	2001.79200
428.32540	2016.91100
428.80750	2026.08900
429.28960	2031.06800
429.77180	2038.25800
430.25390	2048.50200
430.73600	2056.63100
431.21810	2058.47600
431.70020	2054.51000
432.18230	2050.92300
432.66450	2047.40500
433.14660	2046.32400
433.62870	2052.17400
434.11080	2063.83000
434.59290	2075.87000
435.07500	2085.97400
435.55720	2095.01000
436.03930	2104.67200
436.52140	2114.90900
437.00350	2124.64100
437.48560	2129.25300
437.96770	2133.84400
438.44990	2146.99700
438.93200	2177.84000
439.41410	2205.88300
439.89620	2213.11300
440.37830	2205.77800
440.86040	2200.19300
441.34260	2202.89000
441.82470	2209.92300
442.30680	2220.46600
442.78890	2235.76400
443.27100	2248.04400
443.75310	2256.72100
444.23530	2260.71300
444.71740	2258.96900
445.19950	2243.22800
445.68160	2230.60400
446.16370	2225.61900
446.64580	2227.42100
447.12800	2226.47700
447.61010	2221.39000
448.09220	2215.07100
448.57430	2209.43800
449.05640	2205.82800
449.53850	2198.96000
450.02070	2187.81200
450.50280	2174.20600
450.98490	2160.64200
451.46700	2146.53200
451.94910	2136.22400
452.43120	2133.53600
452.91340	2136.94500
453.39550	2134.17100
453.87760	2124.82700
454.35970	2112.26400
454.84180	2099.69100
455.32390	2086.68000
455.80610	2070.93700
456.28820	2048.68700
456.77030	2028.27800
457.25240	2027.59800
457.73450	2041.27100
458.21660	2047.24200
458.69880	2022.03300
459.18090	1987.39200
459.66300	1970.06100
460.14510	1975.28700
460.62720	1977.60100
461.10930	1955.63100
461.59150	1922.99600
462.07360	1897.03700
462.55570	1889.03600
463.03780	1883.20300
463.51990	1873.64100
464.00200	1860.96000
464.48420	1850.13200
464.96630	1845.31200
465.44840	1840.39600
465.93050	1831.83600
466.41260	1814.99300
466.89470	1802.22100
467.37690	1793.88200
467.85900	1789.46500
468.34110	1788.94800
468.82320	1796.04700
469.30530	1799.67400
469.78740	1797.06700
470.26960	1788.34100
470.75170	1773.59300
471.23380	1750.14000
471.71590	1729.01400
472.19800	1722.72200
472.68010	1730.80600
473.16230	1734.26300
473.64440	1730.64600
474.12650	1720.88300
474.60860	1702.44200
475.09070	1677.15600
475.57280	1656.88600
476.05500	1652.60500
476.53710	1655.67900
477.01920	1651.19900
477.50130	1638.55000
477.98340	1626.41400
478.46550	1623.36200
478.94770	1624.24400
479.42980	1622.31600
479.91190	1614.02400
480.39400	1604.38100
480.87610	1593.90300
481.35820	1583.86600
481.84040	1578.12600
482.32250	1583.14600
482.80460	1588.46300
483.28670	1588.99000
483.76880	1582.79000
484.25090	1577.03100
484.73310	1573.34400
485.21520	1569.83900
485.69730	1564.37300
486.17940	1554.00000
486.66150	1546.70700
487.14360	1543.84400
487.62580	1544.88100
488.10790	1548.38700
488.59000	1556.22600
489.07210	1561.28400
489.55420	1557.18600
490.03630	1543.78200
490.51850	1537.04200
491.00060	1537.35600
491.48270	1544.59700
491.96480	1565.35700
492.44700	1595.79400
492.92910	1613.37200
493.41120	1602.56200
493.89330	1581.19000
494.37540	1575.56500
494.85750	1584.33600
495.33970	1599.30500
495.82180	1619.81800
496.30390	1641.62700
496.78600	1660.24000
497.26810	1675.42400
497.75020	1686.88300
498.23240	1690.94100
498.71450	1692.27100
499.19660	1697.30400
499.67870	1710.08900
500.16080	1724.64800
500.64290	1737.12500
501.12510	1748.11400
501.60720	1767.39900
502.08930	1803.65900
502.57140	1841.49700
503.05350	1873.62000
503.53560	1896.75800
504.01780	1921.75600
504.49990	1948.74900
504.98200	1977.29300
505.46410	2008.09300
505.94620	2041.99700
506.42830	2073.26300
506.91050	2099.94700
507.39260	2122.56400
507.87470	2140.22800
508.35680	2152.46000
508.83890	2170.21100
509.32100	2209.97600
509.80320	2261.83300
510.28530	2296.12000
510.76740	2305.83900
511.24950	2312.11800
511.73160	2343.52800
512.21370	2387.26400
512.69590	2416.85900
513.17800	2414.03600
513.66010	2399.80800
514.14220	2385.11900
514.62430	2370.22100
515.10640	2355.47200
515.58860	2345.26000
516.07070	2332.19000
516.55280	2310.72600
517.03490	2272.75700
517.51700	2241.54900
517.99910	2225.53700
518.48130	2215.23800
518.96340	2198.57600
519.44550	2170.47500
519.92760	2145.34000
520.40970	2130.25400
520.89180	2121.74200
521.37400	2090.50300
521.85610	2028.95900
522.33820	1969.78400
522.82030	1937.48100
523.30240	1930.47800
523.78450	1916.28800
524.26670	1891.81000
524.74880	1864.84300
525.23090	1846.40900
525.71300	1833.35500
526.19510	1814.54500
526.67720	1778.91600
527.15940	1742.21700
527.64150	1727.09500
528.12360	1729.00000
528.60570	1727.57300
529.08780	1708.62900
529.56990	1683.64600
530.05210	1660.39200
530.53420	1639.11400
531.01630	1622.09900
531.49840	1613.58700
531.98050	1608.02500
532.46260	1599.46500
532.94480	1580.80700
533.42690	1566.78000
533.90900	1560.53600
534.39110	1560.28100
534.87320	1559.44900
535.35530	1558.14400
535.83750	1556.05500
536.31960	1553.42700
536.80170	1550.32900
537.28380	1543.34300
537.76590	1530.82800
538.24800	1519.64200
538.73020	1516.60900
539.21230	1521.34600
539.69440	1532.82900
540.17650	1554.33700
540.65860	1576.05500
541.14070	1583.67100
541.62290	1579.73700
542.10500	1573.65400
542.58710	1565.42300
543.06920	1560.59600
543.55130	1565.81100
544.03340	1581.28900
544.51560	1598.04700
544.99770	1613.57000
545.47980	1627.68000
545.96190	1640.20700
546.44400	1653.27200
546.92610	1661.56600
547.40830	1659.71300
547.89040	1653.54300
548.37250	1653.70900
548.85460	1663.87400
549.33670	1674.37400
549.81880	1682.95900
550.30100	1689.79100
550.78310	1696.43000
551.26520	1702.49600
551.74730	1709.67500
552.22940	1722.07000
552.71150	1738.41400
553.19370	1741.95900
553.67580	1728.19700
554.15790	1714.87300
554.64000	1731.69500
555.12210	1767.67000
555.60420	1790.42500
556.08640	1777.93500
556.56850	1758.19600
557.05060	1757.52600
557.53270	1772.40900
558.01480	1789.94600
558.49690	1809.89500
558.97910	1826.04800
559.46120	1833.43700
559.94330	1829.99100
560.42540	1825.99700
560.90750	1813.67600
561.38960	1807.25100
561.87180	1819.51700
562.35390	1866.24600
562.83600	1905.19600
563.31810	1933.05200
563.80020	1951.04700
564.28230	1959.13700
564.76450	1953.49800
565.24660	1955.30100
565.72870	1977.55800
566.21080	2014.42600
566.69290	2036.02300
567.17500	2041.76500
567.65720	2041.49900
568.13930	2040.41700
568.62140	2039.64800
569.10350	2043.41400
569.58560	2054.65700
570.06770	2061.14600
570.54990	2047.10200
571.03200	2022.80700
571.51410	2004.46100
571.99620	2007.21600
572.47830	2007.86300
572.96040	1995.21900
573.44260	1971.74500
573.92470	1950.33100
574.40680	1937.76200
574.88890	1923.38900
575.37100	1902.67100
575.85310	1874.42000
576.33530	1846.99000
576.81740	1819.12000
577.29950	1794.33500
577.78160	1778.06900
578.26370	1771.76500
578.74580	1757.94400
579.22800	1731.36900
579.71010	1701.18500
580.19220	1684.73000
580.67430	1680.04000
581.15640	1676.02100
581.63850	1668.24000
582.12070	1657.83700
582.60280	1645.27400
583.08490	1631.01300
583.56700	1617.79400
584.04910	1606.82000
584.53130	1597.83200
585.01340	1590.80000
585.49550	1586.07300
585.97760	1582.18100
586.45970	1582.46000
586.94180	1581.81600
587.42400	1573.93100
587.90610	1547.66100
588.38820	1531.43300
588.87030	1530.76600
589.35240	1541.40600
589.83450	1553.05900
590.31670	1568.09000
590.79880	1574.49000
591.28090	1560.15100
591.76300	1531.84200
592.24510	1528.50000
592.72720	1550.94700
593.20940	1578.29200
593.69150	1595.04300
594.17360	1603.94800
594.65570	1610.14700
595.13780	1614.38500
595.61990	1615.78500
596.10210	1608.91200
596.58420	1600.01000
597.06630	1597.97900
597.54850	1607.61600
598.03060	1622.69900
598.51270	1649.46800
598.99480	1682.27500
599.47690	1696.76300
599.95900	1673.27900
600.44120	1653.97300
600.92330	1655.20500
601.40540	1678.95200
601.88750	1690.92600
602.36960	1687.85700
602.85170	1680.80000
603.33390	1678.28700
603.81600	1680.09500
604.29810	1684.12500
604.78020	1690.21600
605.26230	1698.12100
605.74440	1706.67300
606.22660	1716.74500
606.70870	1730.29300
607.19080	1750.64500
607.67290	1772.30900
608.15500	1793.23900
608.63710	1812.33500
609.11930	1826.74100
609.60140	1831.00800
610.08350	1833.85500
610.56560	1839.08900
611.04770	1847.18700
611.52980	1856.27400
612.01200	1870.12000
612.49410	1881.04200
612.97620	1883.51300
613.45830	1875.79200
613.94040	1865.48800
614.42250	1851.94800
614.90470	1837.60000
615.38680	1825.84800
615.86890	1816.44200
616.35100	1807.19900
616.83310	1796.73100
617.31520	1787.08900
617.79740	1781.35600
618.27950	1779.19900
618.76160	1778.95900
619.24370	1781.23000
619.72580	1783.95600
620.20790	1782.23600
620.69010	1776.11100
621.17220	1780.82300
621.65430	1814.73400
622.13640	1852.13100
622.61850	1874.83600
623.10060	1871.15000
623.58280	1877.66400
624.06490	1900.85500
624.54700	1928.30200
625.02910	1944.38200
625.51120	1946.85500
625.99330	1950.10400
626.47550	1957.16100
626.95760	1965.69300
627.43970	1973.13400
627.92180	1978.75800
628.40390	1977.04700
628.88600	1959.42000
629.36820	1935.90100
629.85030	1921.20300
630.33240	1914.14100
630.81450	1905.81900
631.29660	1885.29700
631.77870	1865.78600
632.26090	1857.96300
632.74300	1866.39300
633.22510	1873.80200
633.70720	1875.35200
634.18930	1875.45400
634.67140	1878.00300
635.15360	1885.26900
635.63570	1889.07200
636.11780	1885.41700
636.59990	1881.55600
637.08200	1892.92600
637.56410	1920.13500
638.04630	1946.48800
638.52840	1964.72100
639.01050	1980.60500
639.49260	2007.63600
639.97470	2044.27500
640.45680	2080.66900
640.93900	2114.30300
641.42110	2143.16300
641.90320	2158.82800
642.38530	2160.73200
642.86740	2179.18100
643.34950	2237.87900
643.83170	2309.56400
644.31380	2376.58500
644.79590	2435.86300
645.27800	2491.52600
645.76010	2541.01200
646.24220	2588.91700
646.72440	2639.50300
647.20650	2690.62300
647.68860	2755.70900
648.17070	2842.60500
648.65280	2935.82100
649.13490	3003.80300
649.61710	3048.97700
650.09920	3090.82300
650.58130	3143.91400
651.06340	3195.22600
651.54550	3227.04800
652.02760	3241.93600
652.50980	3252.02200
652.99190	3276.07300
653.47400	3287.89300
653.95610	3267.73100
654.43820	3208.84000
654.92030	3147.62700
655.40250	3086.71500
655.88460	3026.26500
656.36670	2967.86800
656.84880	2914.36000
657.33090	2852.11600
657.81300	2776.24300
658.29520	2698.84600
658.77730	2639.05000
659.25940	2594.97000
659.74150	2549.83300
660.22360	2498.04600
660.70570	2444.90600
661.18790	2396.77800
661.67000	2353.72800
662.15210	2316.58200
662.63420	2285.46400
663.11630	2260.61900
663.59840	2247.10600
664.08060	2242.68700
664.56270	2229.97800
665.04480	2198.28900
665.52690	2163.27300
666.00900	2130.62700
666.49110	2100.37600
666.97330	2074.65800
667.45540	2054.52600
667.93750	2036.84400
668.41960	2021.04100
668.90170	2006.77100
669.38390	1985.61300
669.86600	1956.51600
670.34810	1922.43900
670.83020	1884.61200
671.31230	1844.66100
671.79440	1805.48000
672.27660	1765.70300
672.75870	1731.29700
673.24080	1711.50300
673.72290	1699.12600
674.20500	1679.68200
674.68710	1635.88600
675.16930	1599.02800
675.65140	1580.93800
676.13350	1577.54100
676.61560	1567.81100
677.09770	1548.29200
677.57980	1530.42300
678.06200	1520.41200
678.54410	1517.14100
679.02620	1510.32700
679.50830	1499.73000
679.99040	1488.52700
680.47250	1478.60800
680.95470	1470.01000
681.43680	1463.43100
681.91890	1459.36200
682.40100	1453.92100
682.88310	1442.07700
683.36520	1428.76900
683.84740	1418.86200
684.32950	1411.25300
684.81160	1410.62400
685.29370	1426.76200
685.77580	1446.16100
686.25790	1449.80500
686.74010	1430.73500
687.22220	1414.83000
687.70430	1406.43100
688.18640	1404.18500
688.66850	1407.50200
689.15060	1415.82600
689.63280	1420.13500
690.11490	1413.59300
690.59700	1402.52500
691.07910	1396.35300
691.56120	1394.27000
692.04330	1392.33300
692.52550	1385.01100
693.00760	1379.79700
693.48970	1383.90500
693.97180	1399.07700
694.45390	1407.44100
694.93600	1400.47500
695.41820	1391.77700
695.90030	1388.42200
696.38240	1391.61300
696.86450	1396.49500
697.34660	1404.96100
697.82870	1410.14700
698.31090	1399.68900
698.79300	1377.73300
699.27510	1367.77300
699.75720	1376.19600
700.23930	1389.08400
700.72140	1393.31200
701.20360	1391.77400
701.68570	1389.22200
702.16780	1384.63700
702.64990	1382.49200
703.13200	1389.63600
703.61410	1400.33700
704.09630	1399.57800
704.57840	1376.72000
705.06050	1358.03400
705.54260	1350.78500
706.02470	1351.82400
706.50680	1346.86000
706.98900	1335.20800
707.47110	1323.09700
707.95320	1312.39200
708.43530	1303.92700
708.91740	1302.17600
709.39950	1306.35200
709.88170	1308.78200
710.36380	1302.87200
710.84590	1293.72700
711.32800	1287.91400
711.81010	1287.38700
712.29220	1277.72500
712.77440	1240.34300
713.25650	1203.17600
713.73860	1184.61000
714.22070	1190.57000
714.70280	1201.82200
715.18490	1223.23500
715.66710	1241.64200
716.14920	1239.12900
716.63130	1217.67700
717.11340	1200.14100
717.59550	1190.04200
718.07760	1186.52900
718.55980	1196.25100
719.04190	1210.93400
719.52400	1214.12500
720.00610	1187.56900
720.48820	1163.40600
720.97030	1158.70400
721.45250	1166.88200
721.93460	1172.91500
722.41670	1172.40800
722.89880	1172.93300
723.38090	1176.98400
723.86300	1183.00400
724.34520	1184.11300
724.82730	1179.65000
725.30940	1175.01800
725.79150	1172.60000
726.27360	1171.90200
726.75570	1172.10200
727.23790	1173.06700
727.72000	1173.74200
728.20210	1172.46200
728.68420	1171.29800
729.16630	1173.62200
729.64840	1179.89300
730.13060	1180.94700
730.61270	1167.51900
731.09480	1153.67700
731.57690	1147.64600
732.05900	1152.01200
732.54110	1153.06200
733.02330	1150.10400
733.50540	1145.38100
733.98750	1139.48500
734.46960	1133.04200
734.95170	1132.06700
735.43380	1138.15100
735.91600	1144.01300
736.39810	1139.55900
736.88020	1130.95000
737.36230	1127.60500
737.84440	1134.63600
738.32660	1142.18000
738.80870	1148.60700
739.29080	1152.62800
739.77290	1151.99800
740.25510	1143.21200
740.73720	1136.11400
741.21930	1131.33300
741.70140	1129.23700
742.18350	1133.23300
742.66560	1143.41800
743.14780	1146.12900
743.62990	1132.53600
744.11200	1114.71900
744.59410	1112.98400
745.07620	1123.35200
745.55830	1133.41700
746.04050	1137.25500
746.52260	1138.84900
747.00470	1139.48200
747.48680	1139.46200
747.96890	1140.26500
748.45100	1146.06000
748.93320	1147.36800
749.41530	1138.93700
749.89740	1122.15500
750.37950	1113.54900
750.86160	1113.81100
751.34380	1116.92800
751.82590	1120.08700
752.30800	1123.12500
752.79010	1125.18900
753.27220	1126.37500
753.75430	1128.81100
754.23650	1141.29800
754.71860	1150.54300
755.20070	1142.76900
755.68280	1112.50500
756.16490	1088.99100
756.64700	1074.25200
757.12920	1069.92700
757.61130	1080.04000
758.09340	1110.23900
758.57550	1129.39500
759.05760	1136.81300
759.53970	1135.99200
760.02190	1127.08400
760.50400	1112.81600
760.98610	1101.27500
761.46820	1093.35400
761.95030	1090.80200
762.43240	1099.79500
762.91460	1112.91000
763.39670	1121.46000
763.87880	1122.12000
764.36090	1120.09000
764.84300	1114.46500
765.32510	1107.52700
765.80730	1101.46800
766.28940	1096.04200
766.77150	1092.83100
767.25360	1092.80400
767.73570	1093.72900
768.21780	1091.35000
768.70000	1086.49500
769.18210	1082.66700
769.66420	1081.10800
770.14630	1080.74700
770.62840	1080.05200
771.11050	1079.97000
771.59270	1082.33500
772.07480	1093.66200
772.55690	1100.48100
773.03900	1096.99100
773.52110	1087.38800
774.00320	1082.04000
774.48540	1081.64300
774.96750	1083.50100
775.44960	1089.18300
775.93170	1094.52800
776.41380	1083.89800
776.89590	1061.15700
777.37810	1046.76400
777.86020	1060.67400
778.34230	1080.08400
778.82440	1085.48300
779.30650	1079.55000
779.78860	1074.63900
780.27080	1076.67100
780.75290	1077.93500
781.23500	1074.81800
781.71710	1068.14400
782.19920	1065.74700
782.68130	1068.08800
783.16350	1073.05900
783.64560	1082.87500
784.12770	1093.99500
784.60980	1091.82200
785.09190	1077.84400
785.57400	1066.77100
786.05620	1071.39600
786.53830	1080.49500
787.02040	1084.73300
787.50250	1083.54500
787.98460	1082.50500
788.46670	1085.85500
788.94890	1086.64600
789.43100	1080.27400
789.91310	1066.02000
790.39520	1059.77100
790.87730	1062.67600
791.35940	1068.45800
791.84160	1074.11700
792.32370	1078.83200
792.80580	1079.63400
793.28790	1076.45400
793.77000	1073.13600
794.25210	1071.47600
794.73430	1071.39200
795.21640	1073.52000
795.69850	1078.92600
796.18060	1081.71200
796.66270	1078.46300
797.14480	1075.61700
797.62700	1078.64900
798.10910	1089.14200
798.59120	1091.39600
799.07330	1084.01400
799.55540	1075.47000
800.03750	1073.50600
800.51970	1076.39200
801.00180	1082.53000
801.48390	1092.49900
801.96600	1098.47700
802.44810	1092.24000
802.93020	1082.09100
803.41240	1074.62400
803.89450	1069.87000
804.37660	1070.65700
804.85870	1079.95300
805.34080	1090.87200
805.82290	1096.82800
806.30510	1097.85800
806.78720	1099.55900
807.26930	1102.44600
807.75140	1105.83300
808.23350	1111.59900
808.71560	1116.54400
809.19780	1115.07500
809.67990	1104.24800
810.16200	1093.02500
810.64410	1080.11100
811.12620	1071.49100
811.60830	1073.96100
812.09050	1095.78300
812.57260	1109.41600
813.05470	1113.03500
813.53680	1110.70200
814.01890	1105.05900
814.50100	1096.97000
814.98320	1090.80600
815.46530	1086.72900
815.94740	1087.52000
816.42950	1103.88000
816.91160	1123.19500
817.39370	1128.68900
817.87590	1107.15400
818.35800	1089.54400
818.84010	1083.89000
819.32220	1083.89200
819.80430	1084.49600
820.28640	1086.14200
820.76860	1085.95200
821.25070	1083.07600
821.73280	1080.13100
822.21490	1081.00500
822.69700	1084.47600
823.17910	1087.47600
823.66130	1089.15700
824.14340	1090.73200
824.62550	1091.81400
825.10760	1093.75300
825.58970	1098.03400
826.07180	1110.35400
826.55400	1117.04800
827.03610	1116.70600
827.51820	1112.45000
828.00030	1106.46600
828.48240	1098.86500
828.96450	1096.59500
829.44670	1102.10800
829.92880	1107.20500
830.41090	1099.43700
830.89300	1086.08200
831.37510	1078.76400
831.85720	1083.42100
832.33940	1087.72600
832.82150	1083.63100
833.30360	1079.22000
833.78570	1084.80800
834.26780	1108.29200
834.74990	1117.08400
835.23210	1105.52600
835.71420	1087.41400
836.19630	1078.15200
836.67840	1076.76100
837.16050	1081.14700
837.64260	1092.10000
838.12480	1103.11700
838.60690	1110.72300
839.08900	1114.87100
839.57110	1115.27100
840.05320	1110.46900
840.53530	1103.76100
841.01750	1090.08300
841.49960	1080.07800
841.98170	1088.04700
842.46380	1115.07000
842.94590	1134.12200
843.42800	1143.11200
843.91020	1141.60400
844.39230	1118.20600
844.87440	1087.48800
845.35650	1074.92700
845.83860	1089.99700
846.32070	1106.06900
846.80290	1115.36900
847.28500	1118.95300
847.76710	1117.78300
848.24920	1110.84200
848.73130	1100.71100
849.21340	1084.65900
849.69560	1072.59900
850.17770	1078.33100
850.65980	1096.51400
851.14190	1108.07100
851.62400	1110.33900
852.10610	1110.42900
852.58830	1116.96400
853.07040	1121.94900
853.55250	1115.79600
854.03460	1089.49600
854.51670	1076.98700
854.99880	1086.74100
855.48100	1101.69600
855.96310	1111.61500
856.44520	1116.52600
856.92730	1111.71000
857.40940	1096.30100
857.89150	1081.86600
858.37370	1079.48200
858.85580	1083.75500
859.33790	1088.57500
859.82000	1093.23000
860.30210	1097.67800
860.78420	1105.53200
861.26640	1109.60500
861.74850	1103.67200
862.23060	1085.54100
862.71270	1081.53500
863.19480	1094.84900
863.67690	1108.08700
864.15910	1106.85900
864.64120	1096.87500
865.12330	1092.85200
865.60540	1094.59500
866.08750	1093.52900
866.56960	1074.23000
867.05180	1059.06300
867.53390	1067.18900
868.01600	1101.23900
868.49810	1119.13400
868.98020	1114.28400
869.46230	1107.07100
869.94450	1107.33000
870.42660	1113.02000
870.90870	1114.50300
871.39080	1112.11500
871.87290	1109.28000
872.35500	1107.74500
872.83720	1106.90700
873.31930	1105.94100
873.80140	1105.07900
874.28350	1105.71100
874.76560	1106.99700
875.24770	1111.78600
875.72990	1124.15600
876.21200	1139.86700
876.69410	1139.26200
877.17620	1122.39900
877.65830	1110.73800
878.14040	1118.61200
878.62260	1131.48000
879.10470	1127.89100
879.58690	1113.71900
880.06900	1104.00300
880.55110	1108.95300
881.03320	1113.93800
881.51530	1113.60100
881.99740	1110.88200
882.47960	1113.11000
882.96170	1122.23400
883.44380	1124.13300
883.92590	1112.76800
884.40800	1098.23000
884.89010	1097.89500
885.37230	1106.87600
885.85440	1113.77300
886.33650	1113.63700
886.81860	1112.26000
887.30070	1112.95700
887.78280	1113.51600
888.26500	1110.19700
888.74710	1099.14500
889.22920	1095.47400
889.71130	1102.58800
890.19340	1112.46600
890.67550	1114.44200
891.15770	1110.59400
891.63980	1107.20100
892.12190	1105.32100
892.60400	1104.70000
893.08610	1105.81200
893.56820	1107.73500
894.05040	1109.31000
894.53250	1108.70800
895.01460	1113.09300
895.49670	1126.01000
895.97880	1137.35400
896.46090	1136.53000
896.94310	1125.81900
897.42520	1118.89000
897.90730	1116.47500
898.38940	1116.95800
898.87150	1123.01100
899.35360	1128.59300
899.83580	1127.63100
900.31790	1118.96100
900.80000	1111.77300
901.28210	1105.01100
901.76420	1103.05000
902.24630	1111.41800
902.72850	1127.19000
903.21060	1125.50100
903.69270	1107.08100
904.17480	1091.30000
904.65690	1094.10400
905.13900	1102.13700
905.62120	1100.65000
906.10330	1092.02600
906.58540	1087.70900
907.06750	1092.00300
907.54960	1100.46300
908.03170	1116.12000
908.51390	1133.54300
908.99600	1133.49200
909.47810	1115.86600
909.96020	1099.86300
910.44230	1091.09700
910.92440	1089.12200
911.40660	1097.64000
911.88870	1111.81800
912.37080	1122.88400
912.85290	1124.35300
913.33500	1127.05700
913.81710	1137.12500
914.29930	1146.36500
914.78140	1141.38100
915.26350	1120.66000
915.74560	1105.77100
916.22770	1099.95100
916.70980	1099.67700
917.19200	1102.77900
917.67410	1108.06500
918.15620	1114.63700
918.63830	1123.73300
919.12040	1128.62700
919.60250	1118.36500
920.08470	1110.63200
920.56680	1120.42600
921.04890	1152.66800
921.53100	1164.86800
922.01310	1155.01200
922.49520	1141.81600
922.97740	1141.77200
923.45950	1147.33900
923.94160	1145.54400
924.42370	1136.44200
924.90580	1132.23900
925.38790	1145.36400
925.87010	1156.55700
926.35220	1156.73900
926.83430	1147.50600
927.31640	1142.42400
927.79850	1142.07600
928.28060	1139.88500
928.76280	1128.80400
929.24490	1118.01300
929.72700	1126.34200
930.20910	1146.97700
930.69120	1161.68900
931.17330	1155.92800
931.65550	1151.31700
932.13760	1156.88400
932.61970	1166.43700
933.10180	1169.42700
933.58390	1165.04900
934.06600	1159.66800
934.54820	1153.51800
935.03030	1149.45800
935.51240	1153.98000
935.99450	1162.35800
936.47660	1165.76600
936.95870	1159.96300
937.44090	1155.38100
937.92300	1156.89200
938.40510	1159.74600
938.88720	1161.17400
939.36930	1161.99000
939.85140	1154.23200
940.33360	1136.45600
940.81570	1121.34900
941.29780	1120.87100
941.77990	1128.95800
942.26200	1139.94900
942.74410	1152.69900
943.22630	1158.25200
943.70840	1143.13700
944.19050	1130.52700
944.67260	1130.98800
945.15470	1142.07700
945.63680	1150.21000
946.11900	1155.72700
946.60110	1152.70300
947.08320	1131.36500
947.56530	1107.90500
948.04740	1106.02400
948.52950	1118.76200
949.01170	1129.92300
949.49380	1133.45400
949.97590	1135.32500
950.45800	1136.45800
950.94010	1136.86200
951.42220	1136.99300
951.90440	1136.90300
952.38650	1132.25000
952.86860	1120.64000
953.35070	1112.57500
953.83280	1125.39700
954.31490	1145.50500
954.79710	1155.29500
955.27920	1148.81000
955.76130	1141.16000
956.24340	1132.27500
956.72550	1125.82100
957.20760	1123.66800
957.68980	1125.84900
958.17190	1135.82300
958.65400	1153.47600
959.13610	1166.00800
959.61820	1163.39800
960.10030	1152.75500
960.58250	1136.08000
961.06460	1115.74100
961.54670	1103.81300
962.02880	1104.43000
962.51090	1111.46100
962.99300	1126.70100
963.47520	1144.68400
963.95730	1150.27700
964.43940	1145.15600
964.92150	1139.92500
965.40360	1138.27100
965.88570	1137.17600
966.36790	1133.89400
966.85000	1129.83900
967.33210	1126.74400
967.81420	1122.97900
968.29630	1124.18700
968.77840	1132.06900
969.26060	1141.52900
969.74270	1147.13400
970.22480	1149.93500
970.70690	1154.15000
971.18900	1160.05300
971.67110	1164.72900
972.15330	1167.99700
972.63540	1167.88200
973.11750	1160.68700
973.59960	1146.76400
974.08170	1139.72000
974.56380	1141.85000
975.04600	1142.38100
975.52810	1134.35800
976.01020	1124.19400
976.49230	1128.01300
976.97440	1141.39100
977.45650	1151.34300
977.93870	1150.29600
978.42080	1147.08700
978.90290	1143.98000
979.38500	1140.82700
979.86710	1136.65400
980.34920	1130.55100
980.83140	1130.53100
981.31350	1139.15400
981.79560	1146.28700
982.27770	1137.72000
982.75980	1122.00600
983.24190	1110.70600
983.72410	1105.55500
984.20620	1104.70700
984.68830	1108.48200
985.17040	1116.14300
985.65250	1130.52800
986.13460	1149.90400
986.61680	1152.77700
987.09890	1139.69800
987.58100	1127.95400
988.06310	1128.70200
988.54520	1134.30400
989.02730	1140.86800
989.50950	1146.45200
989.99160	1145.76900
990.47370	1128.74200
990.95580	1120.27200
991.43790	1126.09400
991.92000	1137.66900
992.40220	1142.42300
992.88430	1141.36000
993.36640	1138.27100
993.84850	1133.37300
994.33060	1129.73500
994.81270	1131.62200
995.29490	1134.25200
995.77700	1132.04800
996.25910	1123.13000
996.74120	1123.23100
997.22330	1135.27200
997.70540	1145.67100
998.18760	1144.53400
998.66970	1136.62200
999.15180	1132.36900
999.63390	1130.83900
1000.11600	1128.22300
1000.59800	1112.95000
1001.08000	1108.02000
1001.56200	1133.14100
1002.04400	1168.05200
1002.52700	1173.20500
1003.00900	1145.95600
1003.49100	1126.58700
1003.97300	1123.09800
1004.45500	1127.19100
1004.93700	1132.74200
1005.41900	1139.12100
1005.90100	1146.15700
1006.38400	1154.97700
1006.86600	1159.18400
1007.34800	1157.46700
1007.83000	1152.21000
1008.31200	1142.53100
1008.79400	1130.18400
1009.27600	1126.24900
1009.75800	1130.05500
1010.24000	1135.73200
1010.72300	1139.31600
1011.20500	1144.22200
1011.68700	1157.93400
1012.16900	1173.97900
1012.65100	1174.55300
1013.13300	1152.46000
1013.61500	1135.70300
1014.09700	1129.29400
1014.58000	1127.17500
1015.06200	1118.98900
1015.54400	1109.60600
1016.02600	1109.52300
1016.50800	1122.18300
1016.99000	1135.22000
1017.47200	1147.96100
1017.95400	1155.20900
1018.43600	1151.61200
1018.91900	1138.08300
1019.40100	1135.68700
1019.88300	1144.45300
1020.36500	1153.88300
1020.84700	1160.47500
1021.32900	1162.72400
1021.81100	1157.39800
1022.29300	1146.66100
1022.77600	1135.47500
1023.25800	1118.57300
1023.74000	1113.09700
1024.22200	1125.80100
1024.70400	1141.97600
1025.18600	1136.76400
1025.66800	1117.81600
1026.15000	1112.45800
1026.63200	1125.15300
1027.11500	1141.61100
1027.59700	1163.16900
1028.07900	1176.85200
1028.56100	1168.98900
1029.04300	1141.22500
1029.52500	1128.93700
1030.00700	1133.78000
1030.48900	1142.14800
1030.97200	1149.41600
1031.45400	1154.99400
1031.93600	1155.94200
1032.41800	1154.94200
1032.90000	1157.69300
1033.38200	1172.50300
1033.86400	1181.94000
1034.34600	1183.75600
1034.82800	1180.62500
1035.31100	1173.49900
1035.79300	1163.40800
1036.27500	1157.44800
1036.75700	1156.14400
1037.23900	1158.20800
1037.72100	1167.46400
1038.20300	1175.67200
1038.68500	1174.85900
1039.16700	1166.22700
1039.65000	1163.54400
1040.13200	1167.73700
1040.61400	1174.31300
1041.09600	1182.81100
1041.57800	1190.92200
1042.06000	1197.74400
1042.54200	1200.65300
1043.02400	1193.85100
1043.50700	1168.08900
1043.98900	1147.48200
1044.47100	1134.52600
1044.95300	1129.66600
1045.43500	1135.54500
1045.91700	1151.17800
1046.39900	1165.70200
1046.88100	1178.63000
1047.36400	1186.00000
1047.84600	1178.99400
1048.32800	1171.17900
1048.81000	1175.14800
1049.29200	1186.76500
1049.77400	1186.53900
1050.25600	1170.02300
1050.73800	1157.14600
1051.22000	1152.41300
1051.70300	1151.37300
1052.18500	1146.36000
1052.66700	1141.16800
1053.14900	1143.59200
1053.63100	1157.44600
1054.11300	1167.86000
1054.59500	1167.49200
1055.07700	1166.82200
1055.55900	1173.28900
1056.04200	1184.42700
1056.52400	1180.28800
1057.00600	1162.90200
1057.48800	1148.87000
1057.97000	1149.88600
1058.45200	1154.36500
1058.93400	1155.25700
1059.41600	1154.59800
1059.89900	1156.62500
1060.38100	1162.98800
1060.86300	1165.94700
1061.34500	1164.16200
1061.82700	1162.00200
1062.30900	1165.51900
1062.79100	1170.81000
1063.27300	1171.02800
1063.75500	1165.78000
1064.23800	1162.88200
1064.72000	1167.91900
1065.20200	1170.93200
1065.68400	1168.00400
1066.16600	1161.80900
1066.64800	1159.93500
1067.13000	1161.68400
1067.61200	1163.63200
1068.09400	1164.48100
1068.57700	1165.81900
1069.05900	1167.51600
1069.54100	1171.01400
1070.02300	1179.04300
1070.50500	1194.11500
1070.98700	1197.43700
1071.46900	1187.98100
1071.95100	1177.34500
1072.43400	1173.12600
1072.91600	1172.38600
1073.39800	1170.76400
1073.88000	1169.47900
1074.36200	1173.05200
1074.84400	1188.00200
1075.32600	1198.63400
1075.80800	1202.82500
1076.29100	1202.54700
1076.77300	1199.81300
1077.25500	1194.97400
1077.73700	1188.30100
1078.21900	1179.73100
1078.70100	1173.01300
1079.18300	1165.56900
1079.66500	1165.91400
1080.14700	1182.27100
1080.63000	1209.83900
1081.11200	1218.82400
1081.59400	1209.77100
1082.07600	1198.97700
1082.55800	1190.85500
1083.04000	1186.59700
1083.52200	1189.49900
1084.00400	1195.91800
1084.48600	1200.90800
1084.96900	1203.04800
1085.45100	1206.51800
1085.93300	1211.52000
1086.41500	1216.97600
1086.89700	1224.50400
1087.37900	1230.70200
1087.86100	1228.04000
1088.34300	1218.21800
1088.82600	1208.86900
1089.30800	1202.02900
1089.79000	1196.89500
1090.27200	1192.37800
1090.75400	1190.52700
1091.23600	1197.57600
1091.71800	1210.68900
1092.20000	1216.64100
1092.68200	1213.24900
1093.16500	1205.52800
1093.64700	1188.27500
1094.12900	1175.52500
1094.61100	1179.17200
1095.09300	1195.96700
1095.57500	1202.49800
1096.05700	1198.31400
1096.53900	1194.93500
1097.02200	1196.52000
1097.50400	1200.90000
1097.98600	1208.18400
1098.46800	1215.91100
1098.95000	1220.66500
1099.43200	1221.99500
1099.91400	1219.79000
1100.39600	1213.34900
1100.87900	1205.80500
1101.36100	1197.69300
1101.84300	1190.85700
1102.32500	1189.98700
1102.80700	1193.69900
1103.28900	1196.72600
1103.77100	1195.58300
1104.25300	1195.71800
1104.73500	1198.23300
1105.21800	1202.14800
1105.70000	1206.54400
1106.18200	1211.20800
1106.66400	1214.43600
1107.14600	1216.05000
1107.62800	1218.75400
1108.11000	1230.39700
1108.59200	1237.27500
1109.07400	1228.10300
1109.55700	1208.04000
1110.03900	1197.05500
1110.52100	1195.12200
1111.00300	1199.48000
1111.48500	1211.38800
1111.96700	1222.84100
1112.44900	1224.70900
1112.93100	1222.69000
1113.41400	1223.71900
1113.89600	1230.11800
1114.37800	1229.95500
1114.86000	1221.86300
1115.34200	1212.97200
1115.82400	1203.93600
1116.30600	1199.37100
1116.78800	1213.80700
1117.27100	1237.60200
1117.75300	1249.39800
1118.23500	1229.16700
1118.71700	1215.78000
1119.19900	1211.60300
1119.68100	1214.70700
1120.16300	1227.00800
1120.64500	1244.49500
1121.12700	1256.54800
1121.60900	1262.55900
1122.09200	1261.85800
1122.57400	1246.00200
1123.05600	1233.17900
1123.53800	1229.84700
1124.02000	1232.47100
1124.50200	1235.38000
1124.98400	1238.27200
1125.46600	1237.69700
1125.94900	1232.50000
1126.43100	1228.60700
1126.91300	1232.16700
1127.39500	1236.87500
1127.87700	1238.14300
1128.35900	1236.29500
1128.84100	1233.91800
1129.32300	1230.96300
1129.80600	1228.48800
1130.28800	1227.89400
1130.77000	1225.78000
1131.25200	1211.13600
1131.73400	1196.49700
1132.21600	1201.61500
1132.69800	1239.13300
1133.18000	1255.29600
1133.66200	1246.28900
1134.14500	1231.45200
1134.62700	1216.91000
1135.10900	1208.16300
1135.59100	1221.21400
1136.07300	1246.86300
1136.55500	1261.47400
1137.03700	1246.89100
1137.51900	1238.58000
1138.00100	1241.44600
1138.48400	1244.99500
1138.96600	1233.52000
1139.44800	1215.56300
1139.93000	1214.53500
1140.41200	1229.83200
1140.89400	1243.88500
1141.37600	1250.16400
1141.85800	1253.50900
1142.34100	1256.36400
1142.82300	1256.19900
1143.30500	1243.92300
1143.78700	1223.77000
1144.26900	1215.09300
1144.75100	1221.65300
1145.23300	1233.69000
1145.71500	1256.15000
1146.19800	1271.51100
1146.68000	1268.12700
1147.16200	1250.65700
1147.64400	1239.40000
1148.12600	1234.33500
1148.60800	1236.54300
1149.09000	1249.81500
1149.57200	1261.06900
1150.05400	1259.59700
1150.53600	1251.87400
1151.01900	1241.95100
1151.50100	1229.08700
1151.98300	1229.98900
1152.46500	1245.13300
1152.94700	1261.99900
1153.42900	1277.10300
1153.91100	1287.22200
1154.39300	1286.69400
1154.87600	1279.66600
1155.35800	1272.90100
1155.84000	1266.15500
1156.32200	1262.50400
1156.80400	1262.22300
1157.28600	1263.83400
1157.76800	1268.05200
1158.25000	1272.14000
1158.73300	1271.74100
1159.21500	1268.04700
1159.69700	1265.94100
1160.17900	1267.12100
1160.66100	1267.16000
1161.14300	1264.34600
1161.62500	1263.75800
1162.10700	1275.43600
1162.58900	1291.44300
1163.07200	1297.84200
1163.55400	1294.02800
1164.03600	1288.65000
1164.51800	1280.37200
1165.00000	1277.33300
1165.48200	1284.18100
1165.96400	1292.91700
1166.44600	1286.92300
1166.92800	1272.03100
1167.41100	1260.08900
1167.89300	1252.81700
1168.37500	1252.31900
1168.85700	1268.63500
1169.33900	1279.56400
1169.82100	1273.29200
1170.30300	1258.07200
1170.78500	1260.02400
1171.26800	1273.92100
1171.75000	1282.79300
1172.23200	1280.93100
1172.71400	1274.24900
1173.19600	1257.86600
1173.67800	1244.53400
1174.16000	1244.22100
1174.64200	1254.17100
1175.12500	1254.05300
1175.60700	1246.31000
1176.08900	1244.53200
1176.57100	1263.69400
1177.05300	1278.86300
1177.53500	1275.70800
1178.01700	1265.81700
1178.49900	1258.97200
1178.98100	1255.10100
1179.46400	1250.66000
1179.94600	1246.06800
1180.42800	1248.40700
1180.91000	1273.43800
1181.39200	1294.20900
1181.87400	1290.87800
1182.35600	1276.95000
1182.83800	1273.99700
1183.32000	1282.53800
1183.80300	1284.86400
1184.28500	1279.41300
1184.76700	1273.88500
1185.24900	1272.51000
1185.73100	1274.49500
1186.21300	1282.68500
1186.69500	1293.34100
1187.17700	1295.69500
1187.66000	1289.15300
1188.14200	1282.38400
1188.62400	1276.26800
1189.10600	1274.69800
1189.58800	1287.92000
1190.07000	1301.51800
1190.55200	1300.47600
1191.03400	1287.40200
1191.51600	1285.41700
1191.99900	1296.05100
1192.48100	1302.96200
1192.96300	1301.51700
1193.44500	1297.27300
1193.92700	1296.43500
1194.40900	1295.16100
1194.89100	1286.18600
1195.37300	1268.88200
1195.85500	1270.10000
1196.33800	1292.30900
1196.82000	1311.56500
1197.30200	1317.75400
1197.78400	1318.54500
1198.26600	1320.41700
1198.74800	1322.80500
1199.23000	1326.26200
1199.71200	1332.47300
1200.19500	1326.48000
1200.67700	1305.94100
1201.15900	1289.73700
1201.64100	1290.40500
1202.12300	1297.54700
1202.60500	1299.51600
1203.08700	1299.72500
1203.56900	1304.83800
1204.05200	1320.75500
1204.53400	1323.70900
1205.01600	1311.32100
1205.49800	1300.35700
1205.98000	1307.95800
1206.46200	1318.65000
1206.94400	1310.67500
1207.42600	1292.52900
1207.90800	1284.73100
1208.39100	1292.97100
1208.87300	1300.09500
1209.35500	1305.72200
1209.83700	1308.81200
1210.31900	1306.98500
1210.80100	1303.29300
1211.28300	1301.40200
1211.76500	1300.67600
1212.24700	1298.09400
1212.73000	1291.33100
1213.21200	1289.65700
1213.69400	1294.58100
1214.17600	1302.10300
1214.65800	1311.18400
1215.14000	1318.81200
1215.62200	1321.15600
1216.10400	1318.60200
1216.58700	1314.21800
1217.06900	1306.58200
1217.55100	1303.43500
1218.03300	1306.62700
1218.51500	1311.98800
1218.99700	1319.01600
1219.47900	1322.84200
1219.96100	1313.73200
1220.44300	1292.91100
1220.92600	1285.70500
1221.40800	1296.86000
1221.89000	1306.06800
1222.37200	1308.39300
1222.85400	1308.05500
1223.33600	1310.15700
1223.81800	1312.39700
1224.30000	1310.63000
1224.78200	1304.34900
1225.26500	1305.68200
1225.74700	1316.43600
1226.22900	1326.76900
1226.71100	1334.76300
1227.19300	1338.10300
1227.67500	1328.95600
1228.15700	1316.49500
1228.63900	1312.07500
1229.12200	1317.64500
1229.60400	1324.51200
1230.08600	1333.60400
1230.56800	1337.15800
1231.05000	1328.67000
1231.53200	1320.79100
1232.01400	1334.87100
1232.49600	1354.27200
1232.97900	1356.93700
1233.46100	1339.44200
1233.94300	1322.04700
1234.42500	1303.78700
1234.90700	1297.29000
1235.38900	1313.93400
1235.87100	1336.19600
1236.35300	1349.54200
1236.83500	1356.80900
1237.31800	1361.61300
1237.80000	1364.89600
1238.28200	1360.84000
1238.76400	1348.96600
1239.24600	1340.28300
1239.72800	1341.68000
1240.21000	1347.94300
1240.69200	1359.30000
1241.17500	1370.39700
1241.65700	1373.29700
1242.13900	1366.25900
1242.62100	1362.36600
1243.10300	1361.59700
1243.58500	1362.42800
1244.06700	1365.48300
1244.54900	1368.09000
1245.03100	1364.44800
1245.51400	1361.76100
1245.99600	1373.04400
1246.47800	1401.28900
1246.96000	1402.16500
1247.44200	1376.43700
1247.92400	1354.26500
1248.40600	1358.98800
1248.88800	1368.60000
1249.37000	1371.39200
1249.85300	1371.60800
1250.33500	1376.86400
1250.81700	1386.66200
1251.29900	1382.93700
1251.78100	1366.07000
1252.26300	1353.13100
1252.74500	1359.77400
1253.22700	1366.57800
1253.71000	1361.47500
1254.19200	1354.63500
1254.67400	1360.19500
1255.15600	1376.30100
1255.63800	1392.41500
1256.12000	1407.09700
1256.60200	1412.61900
1257.08400	1396.87500
1257.56700	1380.86800
1258.04900	1370.98000
1258.53100	1364.81400
1259.01300	1358.45200
1259.49500	1353.06600
1259.97700	1355.00100
1260.45900	1363.79300
1260.94100	1369.31700
1261.42300	1360.51500
1261.90600	1357.26000
1262.38800	1366.18900
1262.87000	1378.67600
1263.35200	1382.34900
1263.83400	1379.90900
1264.31600	1376.27800
1264.79800	1372.23600
1265.28000	1370.48000
1265.76200	1372.10700
1266.24500	1376.35500
1266.72700	1384.58600
1267.20900	1392.00100
1267.69100	1389.35600
1268.17300	1382.69800
1268.65500	1382.81600
1269.13700	1390.19500
1269.61900	1395.96000
1270.10200	1401.15100
1270.58400	1397.56200
1271.06600	1380.13900
1271.54800	1364.88800
1272.03000	1377.21700
1272.51200	1399.92900
1272.99400	1413.91900
1273.47600	1417.34500
1273.95800	1418.07500
1274.44100	1416.57800
1274.92300	1410.23500
1275.40500	1396.67200
1275.88700	1386.55500
1276.36900	1395.04200
1276.85100	1409.17800
1277.33300	1416.28400
1277.81500	1417.15600
1278.29700	1422.84900
1278.78000	1433.89100
1279.26200	1436.27500
1279.74400	1425.48200
1280.22600	1413.68200
1280.70800	1410.80500
1281.19000	1410.46900
1281.67200	1406.67200
1282.15400	1401.69900
1282.63700	1407.16100
1283.11900	1421.39400
1283.60100	1428.05500
1284.08300	1423.19200
1284.56500	1414.79800
1285.04700	1399.90400
1285.52900	1392.31500
1286.01100	1401.86800
1286.49400	1420.24200
1286.97600	1422.78400
1287.45800	1413.73400
1287.94000	1407.51700
1288.42200	1407.61100
1288.90400	1405.97200
1289.38600	1394.87100
1289.86800	1388.43200
1290.35000	1392.81500
1290.83300	1402.34800
1291.31500	1403.72700
1291.79700	1402.39000
1292.27900	1411.59800
1292.76100	1436.04200
1293.24300	1449.19800
1293.72500	1445.62100
1294.20700	1438.24200
1294.68900	1429.86600
1295.17200	1422.99300
1295.65400	1422.29500
1296.13600	1424.78300
1296.61800	1426.37900
1297.10000	1426.40900
1297.58200	1428.93700
1298.06400	1434.63700
1298.54600	1437.91400
1299.02900	1435.48300
1299.51100	1435.05100
1299.99300	1450.16100
1300.47500	1467.15600
1300.95700	1471.91900
1301.43900	1465.67200
1301.92100	1454.08700
1302.40300	1437.57600
1302.88500	1429.80700
1303.36800	1435.84500
1303.85000	1445.29700
1304.33200	1456.96600
1304.81400	1462.72400
	
	
	
	
