120.29960	0.000E+00
120.78180	7.385E-03
121.26390	9.400E-01
121.74600	5.234E+00
122.22810	8.568E+00
122.71020	9.075E+00
123.19230	8.799E+00
123.67450	9.210E+00
124.15660	9.215E+00
124.63870	8.870E+00
125.12080	7.243E+00
125.60290	3.096E+00
126.08500	2.956E-01
126.56720	3.581E-01
127.04930	6.370E-01
127.53140	1.222E+00
128.01350	1.383E+00
128.49560	1.444E+00
128.97770	1.483E+00
129.45990	1.313E+00
129.94200	1.460E+00
130.42410	2.515E+00
130.90620	3.830E+00
131.38830	4.370E+00
131.87050	3.482E+00
132.35260	1.473E+00
132.83470	9.424E-02
133.31680	6.844E-01
133.79890	9.868E-01
134.28100	5.985E-01
134.76320	3.491E-01
135.24530	1.156E+00
135.72740	1.202E+00
136.20950	7.831E-01
136.69160	9.548E-01
137.17370	2.234E+00
137.65590	3.845E+00
138.13800	5.028E+00
138.62010	5.741E+00
139.10220	6.204E+00
139.58430	6.412E+00
140.06640	6.482E+00
140.54860	6.591E+00
141.03070	6.962E+00
141.51280	7.403E+00
141.99490	7.229E+00
142.47700	5.732E+00
142.95910	4.707E+00
143.44130	4.816E+00
143.92340	5.867E+00
144.40550	7.528E+00
144.88760	9.711E+00
145.36970	1.242E+01
145.85180	1.479E+01
146.33400	1.682E+01
146.81610	1.848E+01
147.29820	1.960E+01
147.78030	2.030E+01
148.26240	2.087E+01
148.74450	2.156E+01
149.22670	2.231E+01
149.70880	2.344E+01
150.19090	2.517E+01
150.67300	2.700E+01
151.15510	2.861E+01
151.63720	2.999E+01
152.11940	3.130E+01
152.60150	3.283E+01
153.08360	3.480E+01
153.56570	3.626E+01
154.04780	3.696E+01
154.52990	3.728E+01
155.01210	3.742E+01
155.49420	3.742E+01
155.97630	3.756E+01
156.45840	3.854E+01
156.94050	4.049E+01
157.42270	4.188E+01
157.90480	4.180E+01
158.38690	4.089E+01
158.86900	4.042E+01
159.35110	4.074E+01
159.83320	4.165E+01
160.31540	4.307E+01
160.79750	4.504E+01
161.27960	4.660E+01
161.76170	4.725E+01
162.24380	4.701E+01
162.72590	4.587E+01
163.20810	4.282E+01
163.69020	3.963E+01
164.17230	3.788E+01
164.65440	3.770E+01
165.13650	3.778E+01
165.61860	3.653E+01
166.10080	3.354E+01
166.58290	3.091E+01
167.06500	2.881E+01
167.54710	2.734E+01
168.02920	2.686E+01
168.51130	2.740E+01
168.99350	2.830E+01
169.47560	2.842E+01
169.95770	2.707E+01
170.43980	2.623E+01
170.92190	2.641E+01
171.40400	2.686E+01
171.88620	2.688E+01
172.36830	2.621E+01
172.85040	2.520E+01
173.33250	2.460E+01
173.81460	2.479E+01
174.29670	2.503E+01
174.77890	2.550E+01
175.26100	2.594E+01
175.74310	2.598E+01
176.22520	2.540E+01
176.70730	2.449E+01
177.18940	2.421E+01
177.67160	2.522E+01
178.15370	2.593E+01
178.63580	2.581E+01
179.11790	2.518E+01
179.60000	2.456E+01
180.08210	2.426E+01
180.56430	2.416E+01
181.04640	2.395E+01
181.52850	2.346E+01
182.01060	2.308E+01
182.49270	2.316E+01
182.97490	2.358E+01
183.45700	2.380E+01
183.93910	2.341E+01
184.42120	2.274E+01
184.90330	2.267E+01
185.38540	2.360E+01
185.86760	2.451E+01
186.34970	2.436E+01
186.83180	2.310E+01
187.31390	2.206E+01
187.79600	2.199E+01
188.27810	2.230E+01
188.76030	2.228E+01
189.24240	2.172E+01
189.72450	2.107E+01
190.20660	2.095E+01
190.68870	2.156E+01
191.17080	2.198E+01
191.65300	2.168E+01
192.13510	2.124E+01
192.61720	2.117E+01
193.09930	2.167E+01
193.58140	2.244E+01
194.06350	2.282E+01
194.54570	2.266E+01
195.02780	2.240E+01
195.50990	2.226E+01
195.99200	2.205E+01
196.47410	2.154E+01
196.95620	2.063E+01
197.43840	1.945E+01
197.92050	1.823E+01
198.40260	1.670E+01
198.88470	1.561E+01
199.36680	1.545E+01
199.84890	1.563E+01
200.33110	1.539E+01
200.81320	1.434E+01
201.29530	1.280E+01
201.77740	1.203E+01
202.25950	1.323E+01
202.74160	1.386E+01
203.22380	1.335E+01
203.70590	1.220E+01
204.18800	1.103E+01
204.67010	1.017E+01
205.15220	9.622E+00
205.63440	9.475E+00
206.11650	1.020E+01
206.59860	1.073E+01
207.08070	1.089E+01
207.56280	1.070E+01
208.04490	1.016E+01
208.52710	9.188E+00
209.00920	7.924E+00
209.49130	6.966E+00
209.97340	5.950E+00
210.45550	5.564E+00
210.93760	6.566E+00
211.41980	8.479E+00
211.90190	9.987E+00
212.38400	1.043E+01
212.86610	9.968E+00
213.34820	9.180E+00
213.83030	7.682E+00
214.31250	6.494E+00
214.79460	6.233E+00
215.27670	6.807E+00
215.75880	7.796E+00
216.24090	9.308E+00
216.72300	1.092E+01
217.20520	1.191E+01
217.68730	1.207E+01
218.16940	1.201E+01
218.65150	1.197E+01
219.13360	1.196E+01
219.61570	1.245E+01
220.09790	1.408E+01
220.58000	1.602E+01
221.06210	1.725E+01
221.54420	1.753E+01
222.02630	1.766E+01
222.50840	1.843E+01
222.99060	1.990E+01
223.47270	2.139E+01
223.95480	2.282E+01
224.43690	2.408E+01
224.91900	2.510E+01
225.40110	2.586E+01
225.88330	2.628E+01
226.36540	2.623E+01
226.84750	2.565E+01
227.32960	2.481E+01
227.81170	2.332E+01
228.29380	2.187E+01
228.77600	2.116E+01
229.25810	2.127E+01
229.74020	2.140E+01
230.22230	2.025E+01
230.70440	1.719E+01
231.18660	1.491E+01
231.66870	1.438E+01
232.15080	1.418E+01
232.63290	1.340E+01
233.11500	1.188E+01
233.59710	1.016E+01
234.07930	9.094E+00
234.56140	9.207E+00
235.04350	8.643E+00
235.52560	6.407E+00
236.00770	4.273E+00
236.48980	3.690E+00
236.97200	4.730E+00
237.45410	6.075E+00
237.93620	5.789E+00
238.41830	2.714E+00
238.90040	8.609E-01
239.38250	8.683E-01
239.86470	1.385E+00
240.34680	1.710E+00
240.82890	1.672E+00
241.31100	1.383E+00
241.79310	9.742E-01
242.27520	4.771E-01
242.75740	2.824E-01
243.23950	1.554E+00
243.72160	2.864E+00
244.20370	4.100E+00
244.68580	5.152E+00
245.16790	5.719E+00
245.65010	5.399E+00
246.13220	3.899E+00
246.61430	2.607E+00
247.09640	1.680E+00
247.57850	8.134E-01
248.06060	2.249E-01
248.54280	1.438E+00
249.02490	2.677E+00
249.50700	3.840E+00
249.98910	4.944E+00
250.47120	5.620E+00
250.95330	5.416E+00
251.43550	5.164E+00
251.91760	5.406E+00
252.39970	6.166E+00
252.88180	7.200E+00
253.36390	8.418E+00
253.84600	9.797E+00
254.32820	1.067E+01
254.81030	1.057E+01
255.29240	1.035E+01
255.77450	1.068E+01
256.25660	1.151E+01
256.73870	1.221E+01
257.22090	1.240E+01
257.70300	1.201E+01
258.18510	1.122E+01
258.66720	9.308E+00
259.14930	7.564E+00
259.63140	7.027E+00
260.11360	7.592E+00
260.59570	8.244E+00
261.07780	8.391E+00
261.55990	8.178E+00
262.04200	8.140E+00
262.52410	8.418E+00
263.00630	8.701E+00
263.48840	8.802E+00
263.97050	8.730E+00
264.45260	8.472E+00
264.93470	7.803E+00
265.41680	7.102E+00
265.89900	7.074E+00
266.38110	7.979E+00
266.86320	8.999E+00
267.34530	9.677E+00
267.82750	1.001E+01
268.30960	9.889E+00
268.79170	8.759E+00
269.27380	7.641E+00
269.75590	7.865E+00
270.23800	9.622E+00
270.72020	1.176E+01
271.20230	1.371E+01
271.68440	1.544E+01
272.16650	1.678E+01
272.64860	1.760E+01
273.13070	1.811E+01
273.61290	1.849E+01
274.09500	1.875E+01
274.57710	1.912E+01
275.05920	1.991E+01
275.54130	2.099E+01
276.02340	2.158E+01
276.50560	2.104E+01
276.98770	2.069E+01
277.46980	2.164E+01
277.95190	2.370E+01
278.43400	2.581E+01
278.91610	2.762E+01
279.39830	2.903E+01
279.88040	2.950E+01
280.36250	2.824E+01
280.84460	2.720E+01
281.32670	2.791E+01
281.80880	2.973E+01
282.29100	3.109E+01
282.77310	3.062E+01
283.25520	2.905E+01
283.73730	2.900E+01
284.21940	3.142E+01
284.70150	3.357E+01
285.18370	3.398E+01
285.66580	3.339E+01
286.14790	3.287E+01
286.63000	3.295E+01
287.11210	3.337E+01
287.59420	3.349E+01
288.07640	3.312E+01
288.55850	3.291E+01
289.04060	3.323E+01
289.52270	3.375E+01
290.00480	3.410E+01
290.48690	3.416E+01
290.96910	3.414E+01
291.45120	3.432E+01
291.93330	3.453E+01
292.41540	3.517E+01
292.89750	3.692E+01
293.37960	3.873E+01
293.86180	3.988E+01
294.34390	4.025E+01
294.82600	3.993E+01
295.30810	3.873E+01
295.79020	3.637E+01
296.27230	3.442E+01
296.75450	3.316E+01
297.23660	3.244E+01
297.71870	3.253E+01
298.20080	3.327E+01
298.68290	3.392E+01
299.16500	3.346E+01
299.64720	3.168E+01
300.12930	3.082E+01
300.61140	3.228E+01
301.09350	3.354E+01
301.57560	3.326E+01
302.05770	3.173E+01
302.53990	3.016E+01
303.02200	2.966E+01
303.50410	3.021E+01
303.98620	3.055E+01
304.46830	3.030E+01
304.95040	3.015E+01
305.43260	3.024E+01
305.91470	3.068E+01
306.39680	3.166E+01
306.87890	3.349E+01
307.36100	3.583E+01
307.84310	3.715E+01
308.32530	3.666E+01
308.80740	3.634E+01
309.28950	3.695E+01
309.77160	3.793E+01
310.25370	3.857E+01
310.73580	3.849E+01
311.21800	3.808E+01
311.70010	3.831E+01
312.18220	3.988E+01
312.66430	4.049E+01
313.14640	3.914E+01
313.62850	3.713E+01
314.11070	3.548E+01
314.59280	3.449E+01
315.07490	3.365E+01
315.55700	3.220E+01
316.03920	2.987E+01
316.52130	2.788E+01
317.00340	2.696E+01
317.48550	2.595E+01
317.96760	2.382E+01
318.44970	2.073E+01
318.93190	1.803E+01
319.41400	1.731E+01
319.89610	1.882E+01
320.37820	1.994E+01
320.86030	2.092E+01
321.34240	2.120E+01
321.82460	2.001E+01
322.30670	1.789E+01
322.78880	1.607E+01
323.27090	1.551E+01
323.75300	1.606E+01
324.23510	1.662E+01
324.71730	1.741E+01
325.19940	1.792E+01
325.68150	1.819E+01
326.16360	1.807E+01
326.64570	1.719E+01
327.12780	1.518E+01
327.61000	1.276E+01
328.09210	1.167E+01
328.57420	1.264E+01
329.05630	1.347E+01
329.53840	1.336E+01
330.02050	1.304E+01
330.50270	1.323E+01
330.98480	1.413E+01
331.46690	1.516E+01
331.94900	1.557E+01
332.43110	1.538E+01
332.91320	1.452E+01
333.39540	1.177E+01
333.87750	9.228E+00
334.35960	8.253E+00
334.84170	8.809E+00
335.32380	9.717E+00
335.80590	9.827E+00
336.28810	9.121E+00
336.77020	8.799E+00
337.25230	9.244E+00
337.73440	9.684E+00
338.21650	9.883E+00
338.69860	9.812E+00
339.18080	9.382E+00
339.66290	8.241E+00
340.14500	6.779E+00
340.62710	6.695E+00
341.10920	9.072E+00
341.59130	1.071E+01
342.07350	9.971E+00
342.55560	8.045E+00
343.03770	6.300E+00
343.51980	5.218E+00
344.00190	4.576E+00
344.48400	4.140E+00
344.96620	3.984E+00
345.44830	3.622E+00
345.93040	2.591E+00
346.41250	1.476E+00
346.89460	8.087E-01
347.37670	6.612E-01
347.85890	4.279E-01
348.34100	7.562E-01
348.82310	2.808E+00
349.30520	3.970E+00
349.78730	3.794E+00
350.26940	2.994E+00
350.75160	1.846E+00
351.23370	1.683E+00
351.71580	6.252E-01
352.19790	9.926E-01
352.68000	8.253E-01
353.16210	8.219E-01
353.64430	1.214E+00
354.12640	1.254E+00
354.60850	1.730E-02
355.09060	1.825E+00
355.57270	2.898E+00
356.05480	2.617E+00
356.53700	1.669E+00
357.01910	8.596E-01
357.50120	1.846E-01
357.98330	3.001E-01
358.46540	5.344E-01
358.94750	5.697E-01
359.42970	4.411E-01
359.91180	1.205E-01
360.39390	2.144E-01
360.87600	5.530E-01
361.35810	8.361E-01
361.84020	7.221E-01
362.32240	1.110E+00
362.80450	1.409E+00
363.28660	1.677E+00
363.76870	2.231E+00
364.25080	2.749E+00
364.73290	3.194E+00
365.21510	3.669E+00
365.69720	4.449E+00
366.17930	5.632E+00
366.66140	6.680E+00
367.14360	7.120E+00
367.62570	7.093E+00
368.10780	7.032E+00
368.58990	6.753E+00
369.07200	6.659E+00
369.55410	7.363E+00
370.03630	8.706E+00
370.51840	9.541E+00
371.00050	9.150E+00
371.48260	8.083E+00
371.96470	7.595E+00
372.44680	7.807E+00
372.92900	8.202E+00
373.41110	8.618E+00
373.89320	9.077E+00
374.37530	9.645E+00
374.85740	1.036E+01
375.33950	1.107E+01
375.82170	1.155E+01
376.30380	1.178E+01
376.78590	1.208E+01
377.26800	1.292E+01
377.75010	1.355E+01
378.23220	1.311E+01
378.71440	1.167E+01
379.19650	1.007E+01
379.67860	8.820E+00
380.16070	7.987E+00
380.64280	8.230E+00
381.12490	1.073E+01
381.60710	1.284E+01
382.08920	1.323E+01
382.57130	1.262E+01
383.05340	1.244E+01
383.53550	1.336E+01
384.01760	1.478E+01
384.49980	1.547E+01
384.98190	1.473E+01
385.46400	1.434E+01
385.94610	1.452E+01
386.42820	1.495E+01
386.91030	1.559E+01
387.39250	1.630E+01
387.87460	1.671E+01
388.35670	1.631E+01
388.83880	1.496E+01
389.32090	1.394E+01
389.80300	1.321E+01
390.28520	1.281E+01
390.76730	1.302E+01
391.24940	1.355E+01
391.73150	1.377E+01
392.21360	1.329E+01
392.69570	1.233E+01
393.17790	1.184E+01
393.66000	1.232E+01
394.14210	1.252E+01
394.62420	1.239E+01
395.10630	1.193E+01
395.58840	1.116E+01
396.07060	1.009E+01
396.55270	8.780E+00
397.03480	7.184E+00
397.51690	5.124E+00
397.99900	3.528E+00
398.48110	2.420E+00
398.96330	1.799E+00
399.44540	2.108E+00
399.92750	2.942E+00
400.40960	3.292E+00
400.89170	2.227E+00
401.37380	2.571E-01
401.85600	2.942E-01
402.33810	1.414E+00
402.82020	2.974E+00
403.30230	3.843E+00
403.78440	4.136E+00
404.26650	3.905E+00
404.74870	3.153E+00
405.23080	2.048E+00
405.71290	2.525E+00
406.19500	1.499E+00
406.67710	2.936E+00
407.15920	3.380E+00
407.64140	3.070E+00
408.12350	1.788E+00
408.60560	2.325E-01
409.08770	1.734E+00
409.56980	1.265E+00
410.05190	2.289E-01
410.53410	5.478E-02
411.01620	2.385E+00
411.49830	4.405E+00
411.98040	3.470E+00
412.46250	1.207E+00
412.94460	4.020E-01
413.42680	2.254E+00
413.90890	4.594E+00
414.39100	5.644E+00
414.87310	5.637E+00
415.35530	5.672E+00
415.83740	6.021E+00
416.31950	6.638E+00
416.80160	7.579E+00
417.28370	8.856E+00
417.76580	1.006E+01
418.24800	1.109E+01
418.73010	1.197E+01
419.21220	1.257E+01
419.69430	1.293E+01
420.17640	1.363E+01
420.65850	1.508E+01
421.14070	1.724E+01
421.62280	1.932E+01
422.10490	2.202E+01
422.58700	2.393E+01
423.06910	2.379E+01
423.55120	2.257E+01
424.03340	2.218E+01
424.51550	2.339E+01
424.99760	2.530E+01
425.47970	2.612E+01
425.96180	2.451E+01
426.44390	2.460E+01
426.92610	2.784E+01
427.40820	3.160E+01
427.89030	3.394E+01
428.37240	3.491E+01
428.85450	3.566E+01
429.33660	3.718E+01
429.81880	3.944E+01
430.30090	4.156E+01
430.78300	4.354E+01
431.26510	4.538E+01
431.74720	4.681E+01
432.22930	4.820E+01
432.71150	5.002E+01
433.19360	5.245E+01
433.67570	5.514E+01
434.15780	5.746E+01
434.63990	5.921E+01
435.12200	6.133E+01
435.60420	6.458E+01
436.08630	6.761E+01
436.56840	6.962E+01
437.05050	7.079E+01
437.53260	7.182E+01
438.01470	7.310E+01
438.49690	7.463E+01
438.97900	7.631E+01
439.46110	7.807E+01
439.94320	8.017E+01
440.42530	8.317E+01
440.90740	8.637E+01
441.38960	8.895E+01
441.87170	9.068E+01
442.35380	9.220E+01
442.83590	9.388E+01
443.31800	9.577E+01
443.80010	9.829E+01
444.28230	1.020E+02
444.76440	1.055E+02
445.24650	1.070E+02
445.72860	1.069E+02
446.21070	1.069E+02
446.69280	1.070E+02
447.17500	1.077E+02
447.65710	1.100E+02
448.13920	1.136E+02
448.62130	1.166E+02
449.10340	1.177E+02
449.58550	1.176E+02
450.06770	1.178E+02
450.54980	1.183E+02
451.03190	1.190E+02
451.51400	1.200E+02
451.99610	1.210E+02
452.47820	1.214E+02
452.96040	1.212E+02
453.44250	1.205E+02
453.92460	1.195E+02
454.40670	1.181E+02
454.88880	1.159E+02
455.37090	1.119E+02
455.85310	1.081E+02
456.33520	1.052E+02
456.81730	1.028E+02
457.29940	1.002E+02
457.78150	9.705E+01
458.26360	9.373E+01
458.74580	9.117E+01
459.22790	9.008E+01
459.71000	8.825E+01
460.19210	8.531E+01
460.67420	8.200E+01
461.15630	7.854E+01
461.63850	7.507E+01
462.12060	7.186E+01
462.60270	6.926E+01
463.08480	6.709E+01
463.56690	6.438E+01
464.04910	6.080E+01
464.53120	5.722E+01
465.01330	5.371E+01
465.49540	5.059E+01
465.97750	4.845E+01
466.45970	4.752E+01
466.94180	4.657E+01
467.42390	4.406E+01
467.90600	4.025E+01
468.38810	3.708E+01
468.87020	3.493E+01
469.35240	3.323E+01
469.83450	3.174E+01
470.31660	3.035E+01
470.79870	2.878E+01
471.28080	2.675E+01
471.76290	2.470E+01
472.24510	2.312E+01
472.72720	2.192E+01
473.20930	2.080E+01
473.69140	1.966E+01
474.17350	1.850E+01
474.65560	1.724E+01
475.13780	1.572E+01
475.61990	1.445E+01
476.10200	1.383E+01
476.58410	1.344E+01
477.06620	1.283E+01
477.54830	1.193E+01
478.03050	1.096E+01
478.51260	1.012E+01
478.99470	9.379E+00
479.47680	8.406E+00
479.95890	6.318E+00
480.44100	5.111E+00
480.92320	5.934E+00
481.40530	7.297E+00
481.88740	7.554E+00
482.36950	6.369E+00
482.85160	4.745E+00
483.33370	3.790E+00
483.81590	3.509E+00
484.29800	3.913E+00
484.78010	6.006E+00
485.26220	7.642E+00
485.74430	7.639E+00
486.22640	6.804E+00
486.70860	6.560E+00
487.19070	7.642E+00
487.67280	9.024E+00
488.15490	8.997E+00
488.63700	7.447E+00
489.11910	6.397E+00
489.60130	6.403E+00
490.08340	6.952E+00
490.56550	7.659E+00
491.04760	8.495E+00
491.52970	9.237E+00
492.01180	9.864E+00
492.49400	1.032E+01
492.97610	1.051E+01
493.45820	1.044E+01
493.94030	1.012E+01
494.42240	9.378E+00
494.90450	8.518E+00
495.38670	8.327E+00
495.86880	8.954E+00
496.35090	9.710E+00
496.83300	1.035E+01
497.31510	1.109E+01
497.79720	1.232E+01
498.27940	1.400E+01
498.76150	1.556E+01
499.24360	1.645E+01
499.72570	1.673E+01
500.20780	1.718E+01
500.68990	1.808E+01
501.17210	1.881E+01
501.65420	1.912E+01
502.13630	1.930E+01
502.61840	1.968E+01
503.10050	2.033E+01
503.58260	2.098E+01
504.06480	2.120E+01
504.54690	2.091E+01
505.02900	2.098E+01
505.51110	2.166E+01
505.99320	2.243E+01
506.47530	2.326E+01
506.95750	2.399E+01
507.43960	2.431E+01
507.92170	2.405E+01
508.40380	2.358E+01
508.88590	2.328E+01
509.36800	2.314E+01
509.85020	2.320E+01
510.33230	2.364E+01
510.81440	2.398E+01
511.29650	2.371E+01
511.77860	2.292E+01
512.26070	2.214E+01
512.74290	2.169E+01
513.22500	2.114E+01
513.70710	2.005E+01
514.18920	1.851E+01
514.67130	1.690E+01
515.15340	1.534E+01
515.63560	1.385E+01
516.11770	1.247E+01
516.59980	1.139E+01
517.08190	9.982E+00
517.56400	7.437E+00
518.04610	5.223E+00
518.52830	4.715E+00
519.01040	5.516E+00
519.49250	6.163E+00
519.97460	5.676E+00
520.45670	4.354E+00
520.93880	3.294E+00
521.42100	2.560E+00
521.90310	1.982E+00
522.38520	1.922E+00
522.86730	1.698E+00
523.34940	2.071E+00
523.83150	1.273E+00
524.31370	2.983E+00
524.79580	3.817E+00
525.27790	3.941E+00
525.76000	3.873E+00
526.24210	3.583E+00
526.72420	3.212E+00
527.20640	2.729E+00
527.68850	2.249E+00
528.17060	1.915E+00
528.65270	1.751E+00
529.13480	1.659E+00
529.61690	1.535E+00
530.09910	1.470E+00
530.58120	1.780E+00
531.06330	2.489E+00
531.54540	2.829E+00
532.02750	2.017E+00
532.50960	3.465E-01
532.99180	1.025E-01
533.47390	1.992E+00
533.95600	3.413E+00
534.43810	3.102E+00
534.92020	2.008E+00
535.40230	1.054E+00
535.88450	4.641E-01
536.36660	7.211E-02
536.84870	2.630E-01
537.33080	5.414E-01
537.81290	9.051E-01
538.29510	1.613E+00
538.77720	2.050E+00
539.25930	1.581E+00
539.74150	1.040E+00
540.22360	1.426E+00
540.70570	2.977E+00
541.18780	4.843E+00
541.66990	6.465E+00
542.15200	7.759E+00
542.63420	7.875E+00
543.11630	6.130E+00
543.59840	4.745E+00
544.08050	5.804E+00
544.56260	8.093E+00
545.04470	9.293E+00
545.52690	8.576E+00
546.00900	7.745E+00
546.49110	7.831E+00
546.97320	8.536E+00
547.45530	9.437E+00
547.93740	1.045E+01
548.41960	1.114E+01
548.90170	1.096E+01
549.38380	9.886E+00
549.86590	9.385E+00
550.34800	1.002E+01
550.83010	1.045E+01
551.31230	9.821E+00
551.79440	9.007E+00
552.27650	9.283E+00
552.75860	1.089E+01
553.24070	1.275E+01
553.72280	1.347E+01
554.20500	1.296E+01
554.68710	1.295E+01
555.16920	1.398E+01
555.65130	1.470E+01
556.13340	1.413E+01
556.61550	1.321E+01
557.09770	1.319E+01
557.57980	1.449E+01
558.06190	1.616E+01
558.54400	1.761E+01
559.02610	1.878E+01
559.50820	1.929E+01
559.99040	1.894E+01
560.47250	1.859E+01
560.95460	1.886E+01
561.43670	1.970E+01
561.91880	2.077E+01
562.40090	2.281E+01
562.88310	2.417E+01
563.36520	2.360E+01
563.84730	2.222E+01
564.32940	2.152E+01
564.81150	2.182E+01
565.29360	2.274E+01
565.77580	2.394E+01
566.25790	2.544E+01
566.74000	2.690E+01
567.22210	2.844E+01
567.70420	2.976E+01
568.18630	3.067E+01
568.66850	3.139E+01
569.15060	3.216E+01
569.63270	3.300E+01
570.11480	3.384E+01
570.59690	3.455E+01
571.07900	3.515E+01
571.56120	3.572E+01
572.04330	3.611E+01
572.52540	3.685E+01
573.00750	3.854E+01
573.48960	4.057E+01
573.97170	4.195E+01
574.45390	4.231E+01
574.93600	4.301E+01
575.41810	4.513E+01
575.90020	4.776E+01
576.38230	4.956E+01
576.86440	5.043E+01
577.34660	5.121E+01
577.82870	5.251E+01
578.31080	5.420E+01
578.79290	5.551E+01
579.27500	5.645E+01
579.75710	5.697E+01
580.23930	5.648E+01
580.72140	5.599E+01
581.20350	5.633E+01
581.68560	5.740E+01
582.16770	5.873E+01
582.64980	6.000E+01
583.13200	6.132E+01
583.61410	6.295E+01
584.09620	6.520E+01
584.57830	6.683E+01
585.06040	6.686E+01
585.54250	6.662E+01
586.02470	6.732E+01
586.50680	6.891E+01
586.98890	7.043E+01
587.47100	7.118E+01
587.95310	7.184E+01
588.43520	7.343E+01
588.91740	7.575E+01
589.39950	7.774E+01
589.88160	7.900E+01
590.36370	7.991E+01
590.84580	8.100E+01
591.32790	8.224E+01
591.81010	8.324E+01
592.29220	8.353E+01
592.77430	8.426E+01
593.25640	8.660E+01
593.73850	8.965E+01
594.22060	9.167E+01
594.70280	9.184E+01
595.18490	9.109E+01
595.66700	9.098E+01
596.14910	9.161E+01
596.63120	9.213E+01
597.11330	9.231E+01
597.59550	9.257E+01
598.07760	9.335E+01
598.55970	9.434E+01
599.04180	9.483E+01
599.52390	9.440E+01
600.00600	9.400E+01
600.48820	9.450E+01
600.97030	9.558E+01
601.45240	9.666E+01
601.93450	9.766E+01
602.41660	9.797E+01
602.89870	9.680E+01
603.38090	9.431E+01
603.86300	9.305E+01
604.34510	9.396E+01
604.82720	9.470E+01
605.30930	9.496E+01
605.79140	9.479E+01
606.27360	9.404E+01
606.75570	9.285E+01
607.23780	9.178E+01
607.71990	9.140E+01
608.20200	9.155E+01
608.68410	9.147E+01
609.16630	9.125E+01
609.64840	9.055E+01
610.13050	8.870E+01
610.61260	8.670E+01
611.09470	8.557E+01
611.57680	8.530E+01
612.05900	8.474E+01
612.54110	8.346E+01
613.02320	8.161E+01
613.50530	7.894E+01
613.98740	7.576E+01
614.46950	7.350E+01
614.95170	7.285E+01
615.43380	7.297E+01
615.91590	7.247E+01
616.39800	7.114E+01
616.88010	6.987E+01
617.36220	6.885E+01
617.84440	6.764E+01
618.32650	6.598E+01
618.80860	6.402E+01
619.29070	6.198E+01
619.77280	5.996E+01
620.25490	5.805E+01
620.73710	5.633E+01
621.21920	5.482E+01
621.70130	5.390E+01
622.18340	5.386E+01
622.66550	5.352E+01
623.14760	5.226E+01
623.62980	5.044E+01
624.11190	4.866E+01
624.59400	4.696E+01
625.07610	4.527E+01
625.55820	4.349E+01
626.04030	4.172E+01
626.52250	4.013E+01
627.00460	3.872E+01
627.48670	3.736E+01
627.96880	3.594E+01
628.45090	3.456E+01
628.93300	3.346E+01
629.41520	3.275E+01
629.89730	3.220E+01
630.37940	3.197E+01
630.86150	3.173E+01
631.34360	3.140E+01
631.82570	3.090E+01
632.30790	3.011E+01
632.79000	2.895E+01
633.27210	2.745E+01
633.75420	2.527E+01
634.23630	2.254E+01
634.71840	2.099E+01
635.20060	2.133E+01
635.68270	2.190E+01
636.16480	2.097E+01
636.64690	1.876E+01
637.12910	1.765E+01
637.61120	1.859E+01
638.09330	1.960E+01
638.57540	2.029E+01
639.05760	2.058E+01
639.53970	2.021E+01
640.02180	1.927E+01
640.50390	1.826E+01
640.98600	1.764E+01
641.46810	1.733E+01
641.95030	1.689E+01
642.43240	1.598E+01
642.91450	1.568E+01
643.39660	1.703E+01
643.87870	1.846E+01
644.36080	1.910E+01
644.84300	1.891E+01
645.32510	1.810E+01
645.80720	1.590E+01
646.28930	1.381E+01
646.77140	1.373E+01
647.25350	1.509E+01
647.73570	1.604E+01
648.21780	1.602E+01
648.69990	1.560E+01
649.18200	1.538E+01
649.66410	1.537E+01
650.14620	1.546E+01
650.62840	1.611E+01
651.11050	1.631E+01
651.59260	1.549E+01
652.07470	1.423E+01
652.55680	1.300E+01
653.03890	1.200E+01
653.52110	1.152E+01
654.00320	1.212E+01
654.48530	1.329E+01
654.96740	1.360E+01
655.44950	1.299E+01
655.93160	1.194E+01
656.41380	1.018E+01
656.89590	8.522E+00
657.37800	8.311E+00
657.86010	9.499E+00
658.34220	1.016E+01
658.82430	9.735E+00
659.30650	9.024E+00
659.78860	8.325E+00
660.27070	7.678E+00
660.75280	7.118E+00
661.23490	6.660E+00
661.71700	6.241E+00
662.19920	5.742E+00
662.68130	5.183E+00
663.16340	4.766E+00
663.64550	4.543E+00
664.12760	4.345E+00
664.60970	4.035E+00
665.09190	3.779E+00
665.57400	3.857E+00
666.05610	4.254E+00
666.53820	4.350E+00
667.02030	3.536E+00
667.50240	2.503E+00
667.98460	1.952E+00
668.46670	1.831E+00
668.94880	1.883E+00
669.43090	2.026E+00
669.91300	2.325E+00
670.39510	2.913E+00
670.87730	3.948E+00
671.35940	4.091E+00
671.84150	1.954E+00
672.32360	5.709E-01
672.80570	1.375E+00
673.28780	2.795E+00
673.77000	3.026E+00
674.25210	1.856E+00
674.73420	6.776E-01
675.21630	8.918E-01
675.69840	1.699E+00
676.18050	1.221E+00
676.66270	4.775E-01
677.14480	1.675E+00
677.62690	1.646E+00
678.10900	1.164E+00
678.59110	1.427E+00
679.07320	1.043E+00
679.55540	2.903E+00
680.03750	5.428E-01
680.51960	1.342E+00
681.00170	1.169E+00
681.48380	1.064E-01
681.96590	2.732E-01
682.44810	3.473E-01
682.93020	1.049E+00
683.41230	8.359E-01
683.89440	9.888E-03
684.37650	2.772E-01
684.85860	1.850E-01
685.34080	5.208E-01
685.82290	3.145E-01
686.30500	1.038E-01
686.78710	3.535E-01
687.26920	4.359E-01
687.75130	3.936E-01
688.23350	1.673E-01
688.71560	1.180E-01
689.19770	6.012E-01
689.67980	1.019E+00
690.16190	8.385E-01
690.64400	9.616E-01
691.12620	7.500E-01
691.60830	7.426E-01
692.09040	1.428E-01
692.57250	2.011E-01
693.05460	1.259E+00
693.53670	1.803E+00
694.01890	1.013E+00
694.50100	1.248E-01
694.98310	7.300E-01
695.46520	8.514E-01
695.94730	9.614E-01
696.42940	1.405E+00
696.91160	1.671E+00
697.39370	1.235E+00
697.87580	4.228E-01
698.35790	2.478E-01
698.84000	6.262E-01
699.32210	6.227E-01
699.80430	4.758E-02
700.28640	9.576E-01
700.76850	1.236E+00
701.25060	3.642E-01
701.73270	3.426E-01
702.21480	6.996E-01
702.69700	7.597E-01
703.17910	4.377E-01
703.66120	1.828E-01
704.14330	8.077E-01
704.62540	1.379E+00
705.10750	1.853E+00
705.58970	2.359E+00
706.07180	2.698E+00
706.55390	2.307E+00
707.03600	1.145E+00
707.51810	1.157E-01
708.00020	9.885E-01
708.48240	1.458E+00
708.96450	1.406E+00
709.44660	3.737E-01
709.92870	3.149E-01
710.41080	3.999E-01
710.89290	2.655E-01
711.37510	3.961E-01
711.85720	3.005E-01
712.33930	5.036E-01
712.82140	6.198E-01
713.30350	4.629E-01
713.78560	3.784E-01
714.26780	1.551E+00
714.74990	2.256E+00
715.23200	2.403E+00
715.71410	2.509E+00
716.19620	2.960E+00
716.67830	3.531E+00
717.16050	3.512E+00
717.64260	2.489E+00
718.12470	1.680E+00
718.60680	7.661E-01
719.08890	3.922E-01
719.57100	1.345E+00
720.05320	2.892E+00
720.53530	3.781E+00
721.01740	3.604E+00
721.49950	3.064E+00
721.98160	2.636E+00
722.46370	2.261E+00
722.94590	1.752E+00
723.42800	1.135E+00
723.91010	8.011E-01
724.39220	9.646E-01
724.87430	1.427E+00
725.35640	1.866E+00
725.83860	2.405E+00
726.32070	2.487E+00
726.80280	1.275E+00
727.28490	5.749E-01
727.76700	1.372E+00
728.24910	2.764E+00
728.73130	3.747E+00
729.21340	4.113E+00
729.69550	4.036E+00
730.17760	3.260E+00
730.65970	2.326E+00
731.14180	2.276E+00
731.62400	2.937E+00
732.10610	3.251E+00
732.58820	2.838E+00
733.07030	2.070E+00
733.55240	1.334E+00
734.03450	6.174E-01
734.51670	2.831E-01
734.99880	7.203E-01
735.48090	1.008E+00
735.96310	8.095E-01
736.44520	5.574E-01
736.92730	5.256E-01
737.40940	8.103E-01
737.89150	1.522E+00
738.37370	3.008E+00
738.85580	4.223E+00
739.33790	3.571E+00
739.82000	1.701E+00
740.30210	7.220E-01
740.78420	1.043E+00
741.26640	1.495E+00
741.74850	1.106E+00
742.23060	9.644E-02
742.71270	4.163E-01
743.19480	1.765E-01
743.67690	7.924E-02
744.15910	4.025E-01
744.64120	6.322E-01
745.12330	6.320E-01
745.60540	4.923E-01
746.08750	4.187E-01
746.56960	5.052E-01
747.05180	5.245E-01
747.53390	1.739E-01
748.01600	3.125E-01
748.49810	6.462E-01
748.98020	7.752E-01
749.46230	1.267E+00
749.94450	8.573E-01
750.42660	2.431E+00
750.90870	3.652E+00
751.39080	4.639E+00
751.87290	4.827E+00
752.35500	3.274E+00
752.83720	2.125E+00
753.31930	2.270E+00
753.80140	3.013E+00
754.28350	3.764E+00
754.76560	4.428E+00
755.24770	4.679E+00
755.72990	3.843E+00
756.21200	2.959E+00
756.69410	3.356E+00
757.17620	4.469E+00
757.65830	4.746E+00
758.14040	3.779E+00
758.62260	2.655E+00
759.10470	2.460E+00
759.58680	3.037E+00
760.06890	3.482E+00
760.55100	3.893E+00
761.03310	3.972E+00
761.51530	3.531E+00
761.99740	2.858E+00
762.47950	1.825E+00
762.96160	7.347E-01
763.44370	6.206E-01
763.92580	2.389E+00
764.40800	3.924E+00
764.89010	3.908E+00
765.37220	3.274E+00
765.85430	3.104E+00
766.33640	3.411E+00
766.81850	3.598E+00
767.30070	3.376E+00
767.78280	3.057E+00
768.26490	3.331E+00
768.74700	4.229E+00
769.22910	4.490E+00
769.71120	3.831E+00
770.19340	3.139E+00
770.67550	2.859E+00
771.15760	2.801E+00
771.63970	2.572E+00
772.12180	2.038E+00
772.60390	1.969E+00
773.08610	2.958E+00
773.56820	3.938E+00
774.05030	4.351E+00
774.53240	4.405E+00
775.01450	4.468E+00
775.49660	4.589E+00
775.97880	4.442E+00
776.46090	3.592E+00
776.94300	2.439E+00
777.42510	2.132E+00
777.90720	2.634E+00
778.38930	2.746E+00
778.87150	2.050E+00
779.35360	1.445E+00
779.83570	1.835E+00
780.31780	3.013E+00
780.79990	3.576E+00
781.28200	2.871E+00
781.76420	2.495E+00
782.24630	2.935E+00
782.72840	3.361E+00
783.21050	2.989E+00
783.69260	2.244E+00
784.17470	2.133E+00
784.65690	3.055E+00
785.13900	4.078E+00
785.62110	4.425E+00
786.10320	4.323E+00
786.58530	4.240E+00
787.06740	4.171E+00
787.54960	3.782E+00
788.03170	2.886E+00
788.51380	1.966E+00
788.99590	1.747E+00
789.47800	2.283E+00
789.96010	2.803E+00
790.44230	3.352E+00
790.92440	3.804E+00
791.40650	3.860E+00
791.88860	4.002E+00
792.37070	5.018E+00
792.85280	6.666E+00
793.33500	7.352E+00
793.81710	5.901E+00
794.29920	4.211E+00
794.78130	3.272E+00
795.26340	2.927E+00
795.74550	3.166E+00
796.22770	3.812E+00
796.70980	4.242E+00
797.19190	4.047E+00
797.67400	3.605E+00
798.15610	3.783E+00
798.63820	4.648E+00
799.12040	4.874E+00
799.60250	4.038E+00
800.08460	3.526E+00
800.56670	4.393E+00
801.04880	5.794E+00
801.53090	5.948E+00
802.01310	4.613E+00
802.49520	3.806E+00
802.97730	4.364E+00
803.45940	4.701E+00
803.94150	3.704E+00
804.42360	2.365E+00
804.90580	2.007E+00
805.38790	2.686E+00
805.87000	3.370E+00
806.35210	3.416E+00
806.83420	3.076E+00
807.31630	2.536E+00
807.79850	1.960E+00
808.28060	2.067E+00
808.76270	2.998E+00
809.24480	3.640E+00
809.72690	3.105E+00
810.20900	1.852E+00
810.69120	1.318E+00
811.17330	1.795E+00
811.65540	2.331E+00
812.13750	3.325E+00
812.61960	3.900E+00
813.10170	3.312E+00
813.58390	2.314E+00
814.06600	1.895E+00
814.54810	2.201E+00
815.03020	2.776E+00
815.51230	4.058E+00
815.99440	4.907E+00
816.47660	3.958E+00
816.95870	2.091E+00
817.44080	8.816E-01
817.92290	6.825E-01
818.40500	1.017E+00
818.88710	1.558E+00
819.36930	2.220E+00
819.85140	2.904E+00
820.33350	3.623E+00
820.81560	3.667E+00
821.29770	2.657E+00
821.77980	1.901E+00
822.26200	2.406E+00
822.74410	3.694E+00
823.22620	4.356E+00
823.70830	4.108E+00
824.19040	4.121E+00
824.67250	4.566E+00
825.15470	4.826E+00
825.63680	4.282E+00
826.11890	3.678E+00
826.60100	4.152E+00
827.08310	5.784E+00
827.56520	7.065E+00
828.04740	6.833E+00
828.52950	5.883E+00
829.01160	4.831E+00
829.49370	3.879E+00
829.97580	3.745E+00
830.45790	4.503E+00
830.94010	5.135E+00
831.42220	4.807E+00
831.90430	3.883E+00
832.38640	3.452E+00
832.86850	3.590E+00
833.35060	4.042E+00
833.83280	5.175E+00
834.31490	5.723E+00
834.79710	4.361E+00
835.27920	2.312E+00
835.76130	1.945E+00
836.24340	3.590E+00
836.72550	4.843E+00
837.20760	5.258E+00
837.68980	5.231E+00
838.17190	4.684E+00
838.65400	4.006E+00
839.13610	3.510E+00
839.61820	3.373E+00
840.10030	3.881E+00
840.58250	5.497E+00
841.06460	7.137E+00
841.54670	7.029E+00
842.02880	5.773E+00
842.51090	5.397E+00
842.99300	6.165E+00
843.47520	6.929E+00
843.95730	6.971E+00
844.43940	6.633E+00
844.92150	6.612E+00
845.40360	6.971E+00
845.88570	7.000E+00
846.36790	6.616E+00
846.85000	6.188E+00
847.33210	5.783E+00
847.81420	5.419E+00
848.29630	5.067E+00
848.77840	4.743E+00
849.26060	4.665E+00
849.74270	5.245E+00
850.22480	5.591E+00
850.70690	5.102E+00
851.18900	4.396E+00
851.67110	3.940E+00
852.15330	3.861E+00
852.63540	4.361E+00
853.11750	5.646E+00
853.59960	6.926E+00
854.08170	7.168E+00
854.56380	6.670E+00
855.04600	6.218E+00
855.52810	5.856E+00
856.01020	5.430E+00
856.49230	4.836E+00
856.97440	4.327E+00
857.45650	4.268E+00
857.93870	4.634E+00
858.42080	4.912E+00
858.90290	5.210E+00
859.38500	5.126E+00
859.86710	4.213E+00
860.34920	3.300E+00
860.83140	2.878E+00
861.31350	2.931E+00
861.79560	3.537E+00
862.27770	5.211E+00
862.75980	6.227E+00
863.24190	5.634E+00
863.72410	4.743E+00
864.20620	4.446E+00
864.68830	4.471E+00
865.17040	4.088E+00
865.65250	3.193E+00
866.13460	2.710E+00
866.61680	3.902E+00
867.09890	5.512E+00
867.58100	5.282E+00
868.06310	3.747E+00
868.54520	2.768E+00
869.02730	2.706E+00
869.50950	2.945E+00
869.99160	3.054E+00
870.47370	3.087E+00
870.95580	3.267E+00
871.43790	3.703E+00
871.92000	3.511E+00
872.40220	2.107E+00
872.88430	1.357E+00
873.36640	2.607E+00
873.84850	4.545E+00
874.33060	5.160E+00
874.81270	4.415E+00
875.29490	3.870E+00
875.77700	3.941E+00
876.25910	3.827E+00
876.74120	2.914E+00
877.22330	2.030E+00
877.70540	2.069E+00
878.18760	2.779E+00
878.66970	3.308E+00
879.15180	3.345E+00
879.63390	3.013E+00
880.11600	2.363E+00
880.59810	1.450E+00
881.08030	1.226E-01
881.56240	1.912E+00
882.04450	2.378E+00
882.52660	1.055E+00
883.00870	8.147E-01
883.49080	2.077E+00
883.97300	2.713E+00
884.45510	2.388E+00
884.93720	1.021E+00
885.41930	1.612E-01
885.90140	1.274E-01
886.38350	5.399E-01
886.86570	1.330E+00
887.34780	2.220E+00
887.82990	2.417E+00
888.31200	1.572E+00
888.79410	9.664E-01
889.27620	7.886E-01
889.75840	6.163E-01
890.24050	9.638E-02
890.72260	3.218E-01
891.20470	8.908E-02
891.68680	1.901E-01
892.16890	3.084E-01
892.65110	6.055E-01
893.13320	4.830E-01
893.61530	8.524E-01
894.09740	7.617E-01
894.57950	8.562E-01
895.06160	3.985E-01
895.54380	7.976E-01
896.02590	7.459E-01
896.50800	3.535E-01
896.99010	5.612E-01
897.47220	1.623E+00
897.95430	1.855E+00
898.43650	1.369E+00
898.91860	7.914E-01
899.40070	2.964E-01
899.88280	1.962E-02
900.36490	9.976E-02
900.84700	4.573E-01
901.32920	8.719E-01
901.81130	1.441E+00
902.29340	1.517E+00
902.77550	7.718E-01
903.25760	1.587E-01
903.73970	2.270E-01
904.22190	6.472E-01
904.70400	9.177E-01
905.18610	1.025E+00
905.66820	1.051E+00
906.15030	1.089E+00
906.63240	9.170E-01
907.11460	9.765E-01
907.59670	4.363E-01
908.07880	9.211E-01
908.56090	1.148E+00
909.04300	1.070E+00
909.52510	6.128E-01
910.00730	9.247E-02
910.48940	5.067E-01
910.97150	9.201E-01
911.45360	6.841E-01
911.93570	1.110E-01
912.41780	7.224E-02
912.90000	2.614E-01
913.38210	5.298E-01
913.86420	2.567E-01
914.34630	3.679E-01
914.82840	1.147E+00
915.31050	1.984E+00
915.79270	2.344E+00
916.27480	2.171E+00
916.75690	2.136E+00
917.23900	2.669E+00
917.72110	3.204E+00
918.20320	2.632E+00
918.68540	8.791E-01
919.16750	2.708E-01
919.64960	1.260E+00
920.13170	1.967E+00
920.61380	1.595E+00
921.09590	1.288E+00
921.57810	2.362E+00
922.06020	4.377E+00
922.54230	5.134E+00
923.02440	3.788E+00
923.50650	2.822E+00
923.98860	2.456E+00
924.47080	2.345E+00
924.95290	2.305E+00
925.43500	2.444E+00
925.91710	3.240E+00
926.39920	4.587E+00
926.88130	4.998E+00
927.36350	2.690E+00
927.84560	7.290E-01
928.32770	1.237E+00
928.80980	2.749E+00
929.29190	3.899E+00
929.77400	4.518E+00
930.25620	4.646E+00
930.73830	4.298E+00
931.22040	4.090E+00
931.70250	4.911E+00
932.18460	6.104E+00
932.66670	6.075E+00
933.14890	5.289E+00
933.63100	5.758E+00
934.11320	7.841E+00
934.59530	9.926E+00
935.07740	1.083E+01
935.55950	1.086E+01
936.04160	1.056E+01
936.52370	9.927E+00
937.00590	9.793E+00
937.48800	1.024E+01
937.97010	1.095E+01
938.45220	1.190E+01
938.93430	1.271E+01
939.41640	1.275E+01
939.89860	1.410E+01
940.38070	1.306E+01
940.86280	1.644E+01
941.34490	1.886E+01
941.82700	1.966E+01
942.30910	1.981E+01
942.79130	1.913E+01
943.27340	1.838E+01
943.75550	1.900E+01
944.23760	2.130E+01
944.71970	2.317E+01
945.20180	2.348E+01
945.68400	2.425E+01
946.16610	2.661E+01
946.64820	2.942E+01
947.13030	3.177E+01
947.61240	3.361E+01
948.09450	3.504E+01
948.57670	3.596E+01
949.05880	3.737E+01
949.54090	4.030E+01
950.02300	4.367E+01
950.50510	4.678E+01
950.98720	4.939E+01
951.46940	5.097E+01
951.95150	5.174E+01
952.43360	5.316E+01
952.91570	5.634E+01
953.39780	6.029E+01
953.87990	6.376E+01
954.36210	6.688E+01
954.84420	7.001E+01
955.32630	7.313E+01
955.80840	7.593E+01
956.29050	7.832E+01
956.77260	8.082E+01
957.25480	8.414E+01
957.73690	8.796E+01
958.21900	9.082E+01
958.70110	9.263E+01
959.18320	9.473E+01
959.66530	9.736E+01
960.14750	1.001E+02
960.62960	1.029E+02
961.11170	1.055E+02
961.59380	1.079E+02
962.07590	1.100E+02
962.55800	1.123E+02
963.04020	1.147E+02
963.52230	1.179E+02
964.00440	1.229E+02
964.48650	1.275E+02
964.96860	1.292E+02
965.45070	1.292E+02
965.93290	1.312E+02
966.41500	1.359E+02
966.89710	1.406E+02
967.37920	1.439E+02
967.86130	1.484E+02
968.34340	1.562E+02
968.82560	1.652E+02
969.30770	1.736E+02
969.78980	1.815E+02
970.27190	1.888E+02
970.75400	1.954E+02
971.23610	2.021E+02
971.71830	2.093E+02
972.20040	2.168E+02
972.68250	2.244E+02
973.16460	2.322E+02
973.64670	2.399E+02
974.12880	2.478E+02
974.61100	2.565E+02
975.09310	2.660E+02
975.57520	2.770E+02
976.05730	2.907E+02
976.53940	3.064E+02
977.02150	3.230E+02
977.50370	3.409E+02
977.98580	3.605E+02
978.46790	3.823E+02
978.95000	4.052E+02
979.43210	4.285E+02
979.91420	4.519E+02
980.39640	4.775E+02
980.87850	5.028E+02
981.36060	5.203E+02
981.84270	5.285E+02
982.32480	5.258E+02
982.80690	5.113E+02
983.28910	4.867E+02
983.77120	4.527E+02
984.25330	4.105E+02
984.73540	3.674E+02
985.21750	3.234E+02
985.69960	2.828E+02
986.18180	2.460E+02
986.66390	2.136E+02
987.14600	1.861E+02
987.62810	1.628E+02
988.11020	1.420E+02
988.59230	1.236E+02
989.07450	1.076E+02
989.55660	9.371E+01
990.03870	8.258E+01
990.52080	7.503E+01
991.00290	6.905E+01
991.48500	6.307E+01
991.96720	5.729E+01
992.44930	5.247E+01
992.93140	4.904E+01
993.41350	4.553E+01
993.89560	4.157E+01
994.37770	3.810E+01
994.85990	3.563E+01
995.34200	3.358E+01
995.82410	3.132E+01
996.30620	2.900E+01
996.78830	2.742E+01
997.27040	2.711E+01
997.75260	2.675E+01
998.23470	2.624E+01
998.71680	2.554E+01
999.19890	2.450E+01
999.68100	2.333E+01
1000.16300	2.227E+01
1000.64500	2.135E+01
1001.12700	2.043E+01
1001.60900	1.936E+01
1002.09200	1.855E+01
1002.57400	1.827E+01
1003.05600	1.826E+01
1003.53800	1.871E+01
1004.02000	1.899E+01
1004.50200	1.799E+01
1004.98400	1.578E+01
1005.46600	1.406E+01
1005.94900	1.360E+01
1006.43100	1.387E+01
1006.91300	1.525E+01
1007.39500	1.682E+01
1007.87700	1.713E+01
1008.35900	1.652E+01
1008.84100	1.619E+01
1009.32300	1.657E+01
1009.80500	1.712E+01
1010.28800	1.735E+01
1010.77000	1.740E+01
1011.25200	1.772E+01
1011.73400	1.807E+01
1012.21600	1.776E+01
1012.69800	1.698E+01
1013.18000	1.664E+01
1013.66200	1.713E+01
1014.14500	1.799E+01
1014.62700	1.889E+01
1015.10900	1.965E+01
1015.59100	1.984E+01
1016.07300	1.967E+01
1016.55500	1.987E+01
1017.03700	2.049E+01
1017.51900	2.110E+01
1018.00100	2.149E+01
1018.48400	2.179E+01
1018.96600	2.218E+01
1019.44800	2.258E+01
1019.93000	2.265E+01
1020.41200	2.243E+01
1020.89400	2.237E+01
1021.37600	2.254E+01
1021.85800	2.290E+01
1022.34100	2.345E+01
1022.82300	2.394E+01
1023.30500	2.388E+01
1023.78700	2.334E+01
1024.26900	2.299E+01
1024.75100	2.285E+01
1025.23300	2.264E+01
1025.71500	2.227E+01
1026.19800	2.231E+01
1026.68000	2.323E+01
1027.16200	2.450E+01
1027.64400	2.522E+01
1028.12600	2.541E+01
1028.60800	2.453E+01
1029.09000	2.213E+01
1029.57200	2.106E+01
1030.05400	2.235E+01
1030.53600	2.390E+01
1031.01900	2.439E+01
1031.50100	2.399E+01
1031.98300	2.290E+01
1032.46500	2.096E+01
1032.94700	1.972E+01
1033.42900	1.952E+01
1033.91100	1.907E+01
1034.39300	1.798E+01
1034.87600	1.673E+01
1035.35800	1.550E+01
1035.84000	1.447E+01
1036.32200	1.420E+01
1036.80400	1.495E+01
1037.28600	1.521E+01
1037.76800	1.507E+01
1038.25000	1.425E+01
1038.73300	1.205E+01
1039.21500	9.944E+00
1039.69700	9.044E+00
1040.17900	9.023E+00
1040.66100	9.128E+00
1041.14300	9.458E+00
1041.62500	9.538E+00
1042.10700	9.482E+00
1042.58900	9.019E+00
1043.07200	7.602E+00
1043.55400	6.237E+00
1044.03600	5.944E+00
1044.51800	6.180E+00
1045.00000	5.491E+00
1045.48200	3.402E+00
1045.96400	2.136E+00
1046.44600	2.630E+00
1046.92800	2.903E+00
1047.41100	1.948E+00
1047.89300	1.072E+00
1048.37500	1.637E+00
1048.85700	2.942E+00
1049.33900	3.204E+00
1049.82100	2.036E+00
1050.30300	9.726E-01
1050.78500	1.713E-01
1051.26800	3.994E-01
1051.75000	7.611E-01
1052.23200	8.838E-01
1052.71400	6.323E-01
1053.19600	8.231E-01
1053.67800	2.927E-01
1054.16000	6.750E-01
1054.64200	8.662E-01
1055.12500	5.734E-01
1055.60700	4.261E-01
1056.08900	1.030E+00
1056.57100	1.535E+00
1057.05300	9.526E-01
1057.53500	1.875E-01
1058.01700	6.203E-01
1058.49900	4.956E-02
1058.98100	4.170E-01
1059.46400	6.357E-01
1059.94600	4.417E-01
1060.42800	9.562E-01
1060.91000	2.144E+00
1061.39200	1.282E+00
1061.87400	4.993E-01
1062.35600	4.869E-01
1062.83800	1.935E+00
1063.32000	3.576E+00
1063.80300	2.480E+00
1064.28500	1.431E+00
1064.76700	2.083E+00
1065.24900	2.917E+00
1065.73100	2.327E+00
1066.21300	1.017E+00
1066.69500	6.993E-01
1067.17700	1.685E+00
1067.66000	2.239E+00
1068.14200	1.248E+00
1068.62400	2.210E-01
1069.10600	1.856E-01
1069.58800	2.921E-01
1070.07000	3.371E-01
1070.55200	2.992E-01
1071.03400	2.278E-02
1071.51600	6.226E-01
1071.99900	9.078E-01
1072.48100	7.784E-01
1072.96300	8.829E-02
1073.44500	2.114E+00
1073.92700	4.065E+00
1074.40900	3.938E+00
1074.89100	2.704E+00
1075.37300	2.009E+00
1075.85500	2.125E+00
1076.33800	2.430E+00
1076.82000	2.836E+00
1077.30200	3.111E+00
1077.78400	3.081E+00
1078.26600	2.938E+00
1078.74800	2.674E+00
1079.23000	2.481E+00
1079.71200	2.628E+00
1080.19500	3.134E+00
1080.67700	3.884E+00
1081.15900	5.107E+00
1081.64100	5.969E+00
1082.12300	5.608E+00
1082.60500	5.221E+00
1083.08700	5.986E+00
1083.56900	7.080E+00
1084.05200	7.115E+00
1084.53400	6.249E+00
1085.01600	6.075E+00
1085.49800	7.449E+00
1085.98000	8.620E+00
1086.46200	8.636E+00
1086.94400	8.406E+00
1087.42600	8.227E+00
1087.90800	8.350E+00
1088.39100	9.455E+00
1088.87300	1.111E+01
1089.35500	1.167E+01
1089.83700	1.046E+01
1090.31900	9.225E+00
1090.80100	8.441E+00
1091.28300	8.116E+00
1091.76500	8.377E+00
1092.24800	9.005E+00
1092.73000	1.017E+01
1093.21200	1.144E+01
1093.69400	1.170E+01
1094.17600	1.050E+01
1094.65800	9.729E+00
1095.14000	1.045E+01
1095.62200	1.122E+01
1096.10400	1.147E+01
1096.58700	1.139E+01
1097.06900	1.105E+01
1097.55100	1.054E+01
1098.03300	9.911E+00
1098.51500	9.142E+00
1098.99700	8.887E+00
1099.47900	9.861E+00
1099.96100	1.065E+01
1100.44300	1.085E+01
1100.92600	1.063E+01
1101.40800	9.785E+00
1101.89000	8.763E+00
1102.37200	8.130E+00
1102.85400	7.975E+00
1103.33600	8.533E+00
1103.81800	1.099E+01
1104.30000	1.249E+01
1104.78300	1.171E+01
1105.26500	1.065E+01
1105.74700	1.021E+01
1106.22900	1.022E+01
1106.71100	1.043E+01
1107.19300	1.081E+01
1107.67500	1.154E+01
1108.15700	1.333E+01
1108.64000	1.397E+01
1109.12200	1.205E+01
1109.60400	1.026E+01
1110.08600	9.528E+00
1110.56800	9.486E+00
1111.05000	9.951E+00
1111.53200	1.075E+01
1112.01400	1.132E+01
1112.49600	1.136E+01
1112.97900	1.192E+01
1113.46100	1.413E+01
1113.94300	1.540E+01
1114.42500	1.432E+01
1114.90700	1.293E+01
1115.38900	1.274E+01
1115.87100	1.319E+01
1116.35300	1.298E+01
1116.83500	1.181E+01
1117.31800	1.161E+01
1117.80000	1.301E+01
1118.28200	1.422E+01
1118.76400	1.530E+01
1119.24600	1.568E+01
1119.72800	1.444E+01
1120.21000	1.277E+01
1120.69200	1.256E+01
1121.17500	1.379E+01
1121.65700	1.444E+01
1122.13900	1.415E+01
1122.62100	1.417E+01
1123.10300	1.472E+01
1123.58500	1.538E+01
1124.06700	1.604E+01
1124.54900	1.653E+01
1125.03100	1.663E+01
1125.51400	1.643E+01
1125.99600	1.640E+01
1126.47800	1.652E+01
1126.96000	1.699E+01
1127.44200	1.803E+01
1127.92400	1.821E+01
1128.40600	1.687E+01
1128.88800	1.556E+01
1129.37000	1.559E+01
1129.85300	1.492E+01
1130.33500	1.623E+01
1130.81700	1.530E+01
1131.29900	1.540E+01
1131.78100	1.657E+01
1132.26300	1.677E+01
1132.74500	1.550E+01
1133.22700	1.449E+01
1133.71000	1.474E+01
1134.19200	1.552E+01
1134.67400	1.586E+01
1135.15600	1.579E+01
1135.63800	1.541E+01
1136.12000	1.481E+01
1136.60200	1.446E+01
1137.08400	1.429E+01
1137.56700	1.390E+01
1138.04900	1.313E+01
1138.53100	1.229E+01
1139.01300	1.168E+01
1139.49500	1.119E+01
1139.97700	1.037E+01
1140.45900	9.539E+00
1140.94100	1.014E+01
1141.42300	1.168E+01
1141.90600	1.191E+01
1142.38800	1.044E+01
1142.87000	8.575E+00
1143.35200	7.036E+00
1143.83400	6.111E+00
1144.31600	6.587E+00
1144.79800	7.593E+00
1145.28000	7.592E+00
1145.76200	7.055E+00
1146.24500	7.009E+00
1146.72700	7.426E+00
1147.20900	7.591E+00
1147.69100	7.227E+00
1148.17300	6.760E+00
1148.65500	6.368E+00
1149.13700	6.175E+00
1149.61900	6.763E+00
1150.10200	7.235E+00
1150.58400	6.192E+00
1151.06600	4.418E+00
1151.54800	3.559E+00
1152.03000	3.885E+00
1152.51200	4.043E+00
1152.99400	3.298E+00
1153.47600	2.538E+00
1153.95800	2.028E+00
1154.44100	1.831E+00
1154.92300	2.238E+00
1155.40500	2.803E+00
1155.88700	2.905E+00
1156.36900	2.681E+00
1156.85100	2.876E+00
1157.33300	3.887E+00
1157.81500	4.360E+00
1158.29700	3.731E+00
1158.78000	2.924E+00
1159.26200	1.776E+00
1159.74400	9.705E-01
1160.22600	1.221E+00
1160.70800	2.045E+00
1161.19000	2.558E+00
1161.67200	2.742E+00
1162.15400	2.781E+00
1162.63700	2.590E+00
1163.11900	2.430E+00
1163.60100	2.559E+00
1164.08300	2.252E+00
1164.56500	6.834E-01
1165.04700	6.600E-01
1165.52900	6.082E-02
1166.01100	2.162E+00
1166.49400	2.813E+00
1166.97600	1.593E+00
1167.45800	8.778E-01
1167.94000	7.216E-01
1168.42200	9.510E-01
1168.90400	1.595E+00
1169.38600	2.255E+00
1169.86800	2.708E+00
1170.35000	2.938E+00
1170.83300	2.865E+00
1171.31500	2.637E+00
1171.79700	2.702E+00
1172.27900	3.004E+00
1172.76100	3.498E+00
1173.24300	4.209E+00
1173.72500	4.734E+00
1174.20700	4.900E+00
1174.68900	4.530E+00
1175.17200	3.295E+00
1175.65400	1.987E+00
1176.13600	2.261E+00
1176.61800	3.350E+00
1177.10000	3.383E+00
1177.58200	2.719E+00
1178.06400	2.790E+00
1178.54600	3.626E+00
1179.02900	3.726E+00
1179.51100	2.290E+00
1179.99300	1.222E+00
1180.47500	2.863E+00
1180.95700	4.913E+00
1181.43900	5.148E+00
1181.92100	4.408E+00
1182.40300	3.447E+00
1182.88500	2.563E+00
1183.36800	2.159E+00
1183.85000	2.274E+00
1184.33200	2.297E+00
1184.81400	1.660E+00
1185.29600	1.453E+00
1185.77800	2.801E+00
1186.26000	3.937E+00
1186.74200	3.411E+00
1187.22500	2.412E+00
1187.70700	2.360E+00
1188.18900	3.011E+00
1188.67100	3.122E+00
1189.15300	2.274E+00
1189.63500	2.086E+00
1190.11700	3.579E+00
1190.59900	4.324E+00
1191.08200	3.435E+00
1191.56400	2.492E+00
1192.04600	2.552E+00
1192.52800	2.756E+00
1193.01000	1.714E+00
1193.49200	3.013E-01
1193.97400	9.727E-01
1194.45600	1.100E-01
1194.93800	1.300E+00
1195.42100	3.467E+00
1195.90300	4.583E+00
1196.38500	4.010E+00
1196.86700	2.829E+00
1197.34900	1.713E+00
1197.83100	1.039E+00
1198.31300	1.872E+00
1198.79500	3.692E+00
1199.27700	3.747E+00
1199.76000	2.415E+00
1200.24200	1.739E+00
1200.72400	1.844E+00
1201.20600	1.506E+00
1201.68800	3.292E-01
1202.17000	4.946E-01
1202.65200	1.966E-01
1203.13400	5.891E-02
1203.61700	2.408E-01
1204.09900	4.466E-01
1204.58100	6.048E-01
1205.06300	1.206E+00
1205.54500	1.574E+00
1206.02700	1.630E+00
1206.50900	1.579E+00
1206.99100	1.490E+00
1207.47400	1.045E+00
1207.95600	7.096E-01
1208.43800	1.808E+00
1208.92000	4.723E-01
1209.40200	1.155E+00
1209.88400	1.211E+00
1210.36600	5.140E-01
1210.84800	4.725E-01
1211.33000	1.120E+00
1211.81300	1.581E+00
1212.29500	1.859E+00
1212.77700	1.736E+00
1213.25900	6.346E-01
1213.74100	1.106E-01
1214.22300	1.024E+00
1214.70500	1.865E+00
1215.18700	1.521E+00
1215.66900	5.299E-01
1216.15200	1.822E-01
1216.63400	6.111E-01
1217.11600	5.999E-01
1217.59800	1.159E-01
1218.08000	4.998E-01
1218.56200	1.247E+00
1219.04400	1.507E+00
1219.52600	9.551E-01
1220.00900	4.592E-01
1220.49100	7.467E-01
1220.97300	1.216E+00
1221.45500	5.706E-01
1221.93700	7.937E-01
1222.41900	6.329E-01
1222.90100	3.217E-01
1223.38300	4.588E-01
1223.86500	2.199E-02
1224.34800	1.863E-01
1224.83000	1.450E+00
1225.31200	2.344E+00
1225.79400	1.490E+00
1226.27600	7.237E-01
1226.75800	2.191E+00
1227.24000	3.608E+00
1227.72200	2.539E+00
1228.20400	2.970E+00
1228.68700	9.762E-01
1229.16900	1.507E+00
1229.65100	1.219E+00
1230.13300	8.731E-02
1230.61500	9.731E-01
1231.09700	7.151E-01
1231.57900	5.848E-01
1232.06100	1.092E+00
1232.54400	1.430E+00
1233.02600	1.051E+00
1233.50800	5.447E-01
1233.99000	6.132E-01
1234.47200	1.096E+00
1234.95400	1.247E+00
1235.43600	9.252E-01
1235.91800	1.398E+00
1236.40100	2.781E+00
1236.88300	3.653E+00
1237.36500	3.702E+00
1237.84700	3.677E+00
1238.32900	3.990E+00
1238.81100	4.083E+00
1239.29300	3.174E+00
1239.77500	1.873E+00
1240.25700	1.482E+00
1240.74000	1.647E+00
1241.22200	1.554E+00
1241.70400	1.455E+00
1242.18600	1.787E+00
1242.66800	2.492E+00
1243.15000	2.818E+00
1243.63200	2.413E+00
1244.11400	1.993E+00
1244.59600	1.891E+00
1245.07900	2.040E+00
1245.56100	2.581E+00
1246.04300	3.414E+00
1246.52500	5.159E+00
1247.00700	6.770E+00
1247.48900	6.200E+00
1247.97100	3.705E+00
1248.45300	2.589E+00
1248.93600	4.725E+00
1249.41800	5.592E+00
1249.90000	4.406E+00
1250.38200	3.499E+00
1250.86400	3.377E+00
1251.34600	3.474E+00
1251.82800	3.414E+00
1252.31000	3.176E+00
1252.79200	3.066E+00
1253.27500	3.143E+00
1253.75700	2.928E+00
1254.23900	2.434E+00
1254.72100	2.321E+00
1255.20300	2.557E+00
1255.68500	2.783E+00
1256.16700	2.890E+00
1256.64900	2.906E+00
1257.13100	2.678E+00
1257.61400	2.728E+00
1258.09600	3.804E+00
1258.57800	4.570E+00
1259.06000	4.428E+00
1259.54200	3.956E+00
1260.02400	3.319E+00
1260.50600	2.736E+00
1260.98800	2.532E+00
1261.47100	2.642E+00
1261.95300	2.252E+00
1262.43500	1.040E+00
1262.91700	1.060E-01
1263.39900	3.742E-01
1263.88100	3.923E-01
1264.36300	7.954E-02
1264.84500	1.032E+00
1265.32800	3.043E+00
1265.81000	4.862E+00
1266.29200	4.886E+00
1266.77400	3.624E+00
1267.25600	3.047E+00
1267.73800	3.232E+00
1268.22000	2.945E+00
1268.70200	2.159E+00
1269.18400	2.360E+00
1269.66700	3.771E+00
1270.14900	4.452E+00
1270.63100	3.525E+00
1271.11300	2.350E+00
1271.59500	2.224E+00
1272.07700	2.641E+00
1272.55900	2.702E+00
1273.04100	2.856E+00
1273.52300	4.393E+00
1274.00600	6.209E+00
1274.48800	6.230E+00
1274.97000	4.684E+00
1275.45200	2.730E+00
1275.93400	4.852E-01
1276.41600	4.519E-01
1276.89800	7.584E-01
1277.38000	1.936E+00
1277.86300	2.785E+00
1278.34500	3.170E+00
1278.82700	2.630E+00
1279.30900	1.989E+00
1279.79100	1.846E+00
1280.27300	2.132E+00
1280.75500	2.793E+00
1281.23700	3.813E+00
1281.71900	4.053E+00
1282.20200	2.954E+00
1282.68400	2.450E+00
1283.16600	2.209E+00
1283.64800	2.205E+00
1284.13000	2.417E+00
1284.61200	2.422E+00
1285.09400	1.959E+00
1285.57600	1.324E+00
1286.05900	6.977E-01
1286.54100	2.030E-01
1287.02300	1.141E-02
1287.50500	0.000E+00
	
	
	
	
