101.197395 0.000000
102.179683 5.042328
103.161971 105.833466
104.144259 163.319427
105.126547 241.228485
106.108834 313.822815
107.091122 296.565125
108.073410 209.753967
109.055698 240.924255
110.037986 311.817413
111.020273 284.723297
112.002561 269.798126
112.984849 181.289948
113.967137 108.896973
114.949425 161.793579
115.931712 151.180420
116.914000 175.693237
117.896288 0.000000
118.878576 212.918335
119.860864 260.830353
120.843151 419.613464
121.825439 683.137756
122.807727 772.180176
123.790015 790.901733
124.772303 984.911865
125.754591 1169.801880
126.736878 1324.463867
127.719166 1621.829102
128.701454 2130.613281
129.683742 3092.923584
130.666030 4844.410645
131.648317 7467.008301
132.630605 10756.565430
133.612893 14438.611328
134.595181 18286.322266
135.577469 22930.230469
136.559756 27183.632813
137.542044 29591.304688
138.524332 29451.324219
139.506620 27340.255859
140.488908 26903.416016
141.471195 26820.597656
142.453483 24556.666016
143.435771 21002.757813
144.418059 17826.349609
145.400347 16331.250977
146.382635 16531.310547
147.364922 17148.931641
148.347210 17579.169922
149.329498 18653.029297
150.311786 19861.564453
151.294074 20823.931641
152.276361 21218.574219
153.258649 20499.343750
154.240937 17912.863281
155.223225 13225.242188
156.205513 8204.919922
157.187800 5014.710938
158.170088 3132.087646
159.152376 2025.147217
160.134664 1531.581665
161.116952 1258.302246
162.099239 1019.318726
163.081527 905.135559
164.063815 764.981201
165.046103 727.010864
166.028391 670.454102
167.010678 493.355377
167.992966 421.124329
168.975254 467.687195
169.957542 447.505951
170.939830 288.645020
171.922118 217.554108
172.904405 189.359650
173.886693 180.951843
174.868981 6.177338
175.851269 0.000000
176.833557 -34.760437
177.815844 -46.003815
178.798132 76.719574
179.780420 196.433228
180.762708 200.580963
181.744996 228.774597
182.727283 283.036621
183.709571 358.282501
184.691859 506.492737
185.674147 620.017944
186.656435 623.878540
187.638722 546.546753
188.621010 491.930359
189.603298 656.006836
190.585586 732.155029
191.567874 700.379944
192.550162 818.158081
193.532449 1135.936646
194.514737 1439.027710
195.497025 1757.677490
196.479313 2358.251953
197.461601 3265.518799
198.443888 4622.796387
199.426176 6410.475586
200.408464 8795.429688
201.390752 11245.248047
202.373040 13829.991211
203.355327 16243.172852
204.337615 18059.398438
205.319903 19099.972656
206.302191 19191.912109
207.284479 17752.705078
208.266766 15368.988281
209.249054 12826.791992
210.231342 11172.299805
211.213630 10568.522461
212.195918 10862.812500
213.178205 12066.455078
214.160493 14346.021484
215.142781 17626.949219
216.125069 22212.800781
217.107357 28189.320313
218.089645 34734.855469
219.071932 41582.734375
220.054220 47952.824219
221.036508 53135.988281
222.018796 56523.593750
223.001084 57551.187500
223.983371 56065.277344
224.965659 52617.539063
225.947947 47291.363281
226.930235 43193.589844
227.912523 40342.382813
228.894810 39222.328125
229.877098 39657.187500
230.859386 41021.304688
231.841674 42647.738281
232.823962 43615.214844
233.806249 43768.402344
234.788537 42044.800781
235.770825 38648.886719
236.753113 33268.191406
237.735401 26661.769531
238.717689 19992.542969
239.699976 14371.716797
240.682264 10421.894531
241.664552 7905.891602
242.646840 5963.364746
243.629128 4724.759277
244.611415 3670.441406
245.593703 3144.321533
246.575991 2732.716309
247.558279 2323.100342
248.540567 1994.091919
249.522854 1816.049194
250.505142 1758.769287
251.487430 1516.885742
252.469718 1657.728760
253.452006 1417.404785
254.434293 1303.034058
255.416581 1270.708130
256.398869 1145.778687
257.381157 1041.401611
258.363445 996.464844
259.345732 846.007568
260.328020 736.338928
261.310308 612.068237
262.292596 524.195923
263.274884 493.825104
264.257172 457.575378
265.239459 518.211914
266.221747 664.120850
267.204035 822.684143
268.186323 1010.684937
269.168611 1261.844849
270.150898 1302.989624
271.133186 1686.360107
272.115474 1831.958008
273.097762 1636.019775
274.080050 1278.101074
275.062337 870.020874
276.044625 505.536743
277.026913 354.192291
278.009201 362.498230
278.991489 137.847168
279.973776 145.557404
280.956064 186.759827
281.938352 174.519867
282.920640 2.066528
283.902928 70.822662
284.885216 52.864929
285.867503 0.000000
286.849791 24.892242
287.832079 44.450012
288.814367 177.414520
289.796655 29.323853
290.778942 168.246399
291.761230 80.783661
292.743518 133.349243
293.725806 159.184845
294.708094 172.517059
295.690381 164.219849
296.672669 159.117950
297.654957 193.467224
298.637245 174.731567
299.619533 239.382111
300.601820 204.958923
301.584108 363.694427
302.566396 461.244385
303.548684 367.880310
304.530972 449.066986
305.513259 693.412354
306.495547 900.922729
307.477835 1188.510864
308.460123 1796.316650
309.442411 2209.610352
310.424699 3095.284668
311.406986 3953.472900
312.389274 4608.694336
313.371562 5339.878418
314.353850 5946.253906
315.336138 6169.441406
316.318425 6043.453613
317.300713 5984.388672
318.283001 6346.597656
319.265289 6742.528809
320.247577 6973.331055
321.229864 6793.862305
322.212152 6067.880371
323.194440 5666.186523
324.176728 5517.463867
325.159016 5520.919434
326.141303 5352.503906
327.123591 4652.784180
328.105879 3489.767090
329.088167 2397.288330
330.070455 1625.924683
331.052743 1131.189941
332.035030 864.082642
333.017318 792.767456
333.999606 629.450684
334.981894 535.526978
335.964182 474.215149
336.946469 420.619141
337.928757 289.130035
338.911045 92.693176
339.893333 274.476532
340.875621 134.488922
341.857908 128.848450
342.840196 341.095184
343.822484 232.140259
344.804772 298.924133
345.787060 254.799286
346.769347 244.095337
347.751635 286.484650
348.733923 339.758240
349.716211 559.110474
350.698499 708.760986
351.680786 843.895935
352.663074 1017.457642
353.645362 1320.330811
354.627650 1632.942871
355.609938 2002.650513
356.592226 2047.717529
357.574513 1899.333496
358.556801 1641.371216
359.539089 1253.447998
360.521377 854.222046
361.503665 480.080627
362.485952 357.113525
363.468240 349.306549
364.450528 308.861877
365.432816 223.121307
366.415104 221.934967
367.397391 306.516663
368.379679 277.409882
369.361967 153.693726
370.344255 127.411682
371.326543 207.758514
372.308830 198.428589
373.291118 152.340851
374.273406 144.627167
375.255694 172.833862
376.237982 202.984894
377.220270 96.348816
378.202557 124.410980
379.184845 99.017120
380.167133 143.472351
381.149421 166.845551
382.131709 97.697754
383.113996 119.704773
384.096284 -46.712524
385.078572 12.200195
386.060860 -6.438782
387.043148 49.715179
388.025435 94.700684
389.007723 97.500641
389.990011 74.623352
390.972299 0.000000
391.954587 -40.232330
392.936874 33.584595
393.919162 118.663300
394.901450 92.467072
395.883738 69.617554
396.866026 13.239685
397.848313 3.179199
398.830601 38.737396
399.812889 154.822418
400.795177 145.119873
401.777465 35.741028
402.759753 16.634155
403.742040 38.518036
404.724328 72.747589
405.706616 136.418579
406.688904 144.070496
407.671192 159.312256
408.653479 203.168304
409.635767 223.194733
410.618055 328.145996
411.600343 316.260803
412.582631 453.538208
413.564918 714.335205
414.547206 879.122803
415.529494 971.578491
416.511782 1129.830566
417.494070 1363.485840
418.476357 1521.813110
419.458645 1450.498169
420.440933 1237.608643
421.423221 1278.677490
422.405509 1635.852905
423.387797 1948.305664
424.370084 2657.604004
425.352372 3447.647461
426.334660 4141.170410
427.316948 4560.625000
428.299236 4784.293945
429.281523 4656.660645
430.263811 3912.749023
431.246099 2776.169434
432.228387 1742.269653
433.210675 1106.089111
434.192962 537.121826
435.175250 416.391479
436.157538 230.882263
437.139826 151.123047
438.122114 112.626068
439.104401 116.340973
440.086689 187.495850
441.068977 142.565247
442.051265 46.705933
443.033553 44.705048
444.015840 48.378937
444.998128 119.368286
445.980416 15.892761
446.962704 34.705322
447.944992 -67.045044
448.927280 -36.558655
449.909567 -119.930176
450.891855 -12.322662
451.874143 -3.835297
452.856431 1.649139
453.838719 -67.309753
454.821006 -128.236450
455.803294 -97.209991
456.785582 -139.412567
457.767870 -183.903687
458.750158 -3.817688
459.732445 -129.293213
460.714733 -76.134430
461.697021 -12.062592
462.679309 -212.585938
463.661597 -94.501404
464.643884 -109.557983
465.626172 37.958679
466.608460 -6.204315
467.590748 -141.714966
468.573036 -128.636292
469.555324 -65.628418
470.537611 -58.362701
471.519899 -80.155609
472.502187 -12.097412
473.484475 -4.495789
474.466763 -52.226685
475.449050 -62.865753
476.431338 -36.905243
477.413626 -113.217163
478.395914 -28.939758
479.378202 -25.001709
480.360489 -59.918121
481.342777 -3.686615
482.325065 33.765106
483.307353 -30.340271
484.289641 -63.089722
485.271928 12.161316
486.254216 105.468018
487.236504 -51.043091
488.218792 -47.081604
489.201080 0.000000
490.183367 -46.038605
491.165655 45.087799
492.147943 52.271820
493.130231 -25.524567
494.112519 -60.654022
495.094807 -38.010498
496.077094 -1.532501
497.059382 -0.903656
498.041670 -30.807007
499.023958 -26.565369
500.006246 -15.213348
500.988533 -74.040527
501.970821 46.826080
502.953109 -42.691010
503.935397 -60.447906
504.917685 103.549103
505.899972 -12.797577
506.882260 29.925964
507.864548 99.186188
508.846836 25.455658
509.829124 35.492737
510.811411 99.514191
511.793699 55.707001
512.775987 -46.565948
513.758275 -101.108978
514.740563 -102.082153
515.722851 -45.952820
516.705138 2.273682
517.687426 -78.201416
518.669714 -84.899231
519.652002 56.408325
520.634290 108.895081
521.616577 146.018097
522.598865 10.966309
523.581153 24.906189
524.563441 3.129791
525.545729 9.451019
526.528016 80.181946
527.510304 68.273712
528.492592 56.414764
529.474880 114.030945
530.457168 49.814575
531.439455 108.998627
532.421743 -61.637115
533.404031 8.122070
534.386319 79.929169
535.368607 37.244537
536.350894 32.436890
537.333182 8.609222
538.315470 141.714142
539.297758 76.373779
540.280046 161.733093
541.262334 218.985504
542.244621 130.695892
543.226909 94.211487
544.209197 104.708527
545.191485 65.814423
546.173773 55.393982
547.156060 89.024780
548.138348 292.686859
549.120636 123.388489
550.102924 193.659424
551.085212 82.940643
552.067499 332.574860
553.049787 378.482544
554.032075 408.231049
555.014363 448.756378
555.996651 618.020020
556.978938 712.614197
557.961226 768.669800
558.943514 782.910522
559.925802 828.989563
560.908090 950.532959
561.890378 976.304443
562.872665 799.998230
563.854953 558.290649
564.837241 374.224701
565.819529 339.679260
566.801817 277.895020
567.784104 211.891571
568.766392 143.671295
569.748680 151.562866
570.730968 67.874847
571.713256 210.266876
572.695543 188.258545
573.677831 150.856628
574.660119 101.245270
575.642407 135.455688
576.624695 111.518127
577.606982 64.234406
578.589270 127.856903
579.571558 192.878357
580.553846 203.455475
581.536134 252.337738
582.518421 196.479797
583.500709 122.011475
584.482997 300.571503
585.465285 321.610535
586.447573 468.884399
587.429861 489.529388
588.412148 418.660675
589.394436 608.973633
590.376724 708.999451
591.359012 499.128815
592.341300 341.749390
593.323587 474.967102
594.305875 724.162354
595.288163 1120.776123
596.270451 1628.751709
597.252739 2153.943115
598.235026 2721.423828
599.217314 3282.582520
600.199602 3670.943359
601.181890 3702.021973
602.164178 3095.440430
603.146465 2003.268921
604.128753 1225.148804
605.111041 792.696045
606.093329 457.184326
607.075617 471.038300
608.057905 263.953766
609.040192 135.074829
610.022480 210.991272
611.004768 244.262238
611.987056 160.482910
612.969344 72.417419
613.951631 222.321198
614.933919 262.042816
615.916207 261.486145
616.898495 342.182861
617.880783 320.197968
618.863070 229.049988
619.845358 198.577759
620.827646 210.580658
621.809934 311.263214
622.792222 291.223145
623.774509 226.866180
624.756797 257.172272
625.739085 348.933960
626.721373 257.595032
627.703661 544.111572
628.685948 416.327881
629.668236 490.881531
630.650524 307.856110
631.632812 412.061615
632.615100 518.032776
633.597388 552.360352
634.579675 514.536621
635.561963 443.614685
636.544251 425.963745
637.526539 458.788910
638.508827 424.191681
639.491114 396.322998
640.473402 431.053436
641.455690 371.659821
642.437978 249.144653
643.420266 274.039612
644.402553 335.546906
645.384841 235.142578
646.367129 224.378357
647.349417 230.048737
648.331705 337.254242
649.313992 248.774231
650.296280 203.294220
651.278568 221.969940
652.260856 171.820984
653.243144 170.690063
654.225432 133.091888
655.207719 222.852600
656.190007 145.025879
657.172295 169.273895
658.154583 141.472076
659.136871 168.414429
660.119158 169.620453
661.101446 130.002228
662.083734 142.109619
663.066022 189.953796
664.048310 219.677887
665.030597 173.208099
666.012885 116.090881
666.995173 118.752960
667.977461 52.671356
668.959749 62.419373
669.942036 216.485718
670.924324 239.615570
671.906612 263.359680
672.888900 250.398682
673.871188 228.043182
674.853475 329.513336
675.835763 387.538696
676.818051 266.908783
677.800339 431.540558
678.782627 360.772949
679.764915 151.128357
680.747202 169.212311
681.729490 138.830444
682.711778 98.878723
683.694066 66.240021
684.676354 35.299042
685.658641 204.663269
686.640929 187.631958
687.623217 165.904877
688.605505 245.664124
689.587793 288.213867
690.570080 354.554657
691.552368 477.074127
692.534656 558.307983
693.516944 536.698608
694.499232 472.225861
695.481519 415.375732
696.463807 281.488953
697.446095 230.271637
698.428383 134.444458
699.410671 -27.746002
700.392959 137.601593
701.375246 142.248993
702.357534 155.406189
703.339822 223.787506
704.322110 38.960785
705.304398 207.872375
706.286685 250.769287
707.268973 319.252655
708.251261 390.754089
709.233549 501.548462
710.215837 505.114838
711.198124 466.760773
712.180412 363.117676
713.162700 403.309021
714.144988 261.612213
715.127276 210.203979
716.109563 150.741516
717.091851 141.965607
718.074139 160.270233
719.056427 87.410828
720.038715 35.528961
721.021002 -23.683960
722.003290 -8.539459
722.985578 50.344727
723.967866 103.866180
724.950154 107.848572
725.932442 9.043335
726.914729 11.171722
727.897017 2.488068
728.879305 46.457275
729.861593 25.635468
730.843881 45.217438
731.826168 35.590942
732.808456 -24.813385
733.790744 -50.263123
734.773032 0.000000
735.755320 67.224823
736.737607 127.521423
737.719895 106.478180
738.702183 365.916870
739.684471 -3.097504
740.666759 385.449066
741.649046 272.090881
742.631334 403.092560
743.613622 405.761230
744.595910 550.976807
745.578198 729.475098
746.560486 820.039246
747.542773 1154.203979
748.525061 1516.917114
749.507349 1738.576538
750.489637 2025.739380
751.471925 2256.298584
752.454212 2215.136230
753.436500 2218.367432
754.418788 2034.529297
755.401076 1602.034912
756.383364 1222.528320
757.365651 947.450317
758.347939 764.429077
759.330227 553.909790
760.312515 415.299164
761.294803 360.872131
762.277090 315.664825
763.259378 277.207550
764.241666 307.126221
765.223954 330.186493
766.206242 281.952332
767.188529 331.388580
768.170817 277.380035
769.153105 144.126343
770.135393 26.457611
771.117681 78.185364
772.099969 220.132385
773.082256 227.967072
774.064544 128.741699
775.046832 204.999237
776.029120 192.309509
777.011408 211.509949
777.993695 166.870026
778.975983 172.081177
779.958271 273.888519
780.940559 177.320862
781.922847 145.186829
782.905134 327.376495
783.887422 336.960693
784.869710 389.000458
785.851998 321.920593
786.834286 269.794861
787.816573 271.124664
788.798861 326.376831
789.781149 244.497162
790.763437 377.672211
791.745725 118.540588
792.728013 203.002716
793.710300 240.946289
794.692588 327.242401
795.674876 239.172333
796.657164 124.733093
797.639452 144.515045
798.621739 121.667603
799.604027 303.135590
800.586315 308.516693
801.568603 287.777649
802.550891 343.525421
803.533178 383.175049
804.515466 454.427246
805.497754 439.696503
806.480042 331.671814
807.462330 278.902008
808.444617 261.309448
809.426905 262.151489
810.409193 224.317719
811.391481 153.717834
812.373769 135.609650
813.356056 86.423828
814.338344 131.691162
815.320632 145.327606
816.302920 61.641296
817.285208 59.814850
818.267496 82.545044
819.249783 202.933960
820.232071 232.212494
821.214359 200.852356
822.196647 174.001984
823.178935 124.601837
824.161222 133.566895
825.143510 128.590546
826.125798 181.539490
827.108086 156.285797
828.090374 70.898834
829.072661 93.491333
830.054949 104.499359
831.037237 134.636780
832.019525 132.399689
833.001813 118.816925
833.984100 168.374756
834.966388 199.458954
835.948676 107.448914
836.930964 39.385651
837.913252 35.714996
838.895540 30.417847
839.877827 9.649506
840.860115 86.680481
841.842403 133.044006
842.824691 81.030060
843.806979 63.207031
844.789266 -55.427979
845.771554 -131.846710
846.753842 -86.168732
847.736130 -44.440002
848.718418 -112.211273
849.700705 61.016937
850.682993 117.163147
851.665281 80.637024
852.647569 44.352081
853.629857 -80.203339
854.612144 -48.287598
855.594432 17.833679
856.576720 9.304138
857.559008 -135.239563
858.541296 -0.434662
859.523583 15.674896
860.505871 -31.658325
861.488159 68.269104
862.470447 -12.204773
863.452735 -32.989227
864.435023 24.963104
865.417310 -80.522461
866.399598 -91.818634
867.381886 -77.488831
868.364174 -67.208344
869.346462 -65.610962
870.328749 -40.835815
871.311037 -58.529938
872.293325 -86.786072
873.275613 -87.933319
874.257901 -33.216309
875.240188 -17.591553
876.222476 121.814880
877.204764 247.517731
878.187052 369.847046
879.169340 510.230103
880.151627 686.659058
881.133915 627.420959
882.116203 607.328857
883.098491 687.638672
884.080779 403.831787
885.063067 244.106415
886.045354 194.944031
887.027642 91.261139
888.009930 -64.033051
888.992218 -111.326263
889.974506 -70.325562
890.956793 -40.674957
891.939081 -100.699158
892.921369 -191.820496
893.903657 -226.261200
894.885945 -128.510010
895.868232 -186.707062
896.850520 -288.512512
897.832808 -199.404358
898.815096 -70.577972
899.797384 -180.710083
900.779671 -215.938385
901.761959 -255.976257
902.744247 -74.032654
903.726535 -331.135468
904.708823 -240.121094
905.691110 -238.246857
906.673398 -214.544006
907.655686 -185.221008
908.637974 -252.570404
909.620262 -218.169312
910.602550 -286.386871
911.584837 -166.291901
912.567125 -317.836609
913.549413 -281.781708
914.531701 -180.697998
915.513989 -222.368683
916.496276 -285.441681
917.478564 -285.413147
918.460852 -208.502289
919.443140 -224.516235
920.425428 -297.733795
921.407715 -354.955231
922.390003 -317.465759
923.372291 -336.279999
924.354579 -315.801758
925.336867 -238.889435
926.319154 -223.272003
927.301442 -171.801575
928.283730 -155.491302
929.266018 -227.212769
930.248306 -208.736450
931.230594 -149.173248
932.212881 -210.360046
933.195169 -180.916473
934.177457 -111.218018
935.159745 -195.921387
936.142033 -211.672638
937.124320 -126.323792
938.106608 -59.636566
939.088896 -78.329712
940.071184 -153.020386
941.053472 -252.288727
942.035759 -290.438904
943.018047 -214.197968
944.000335 -165.573242
944.982623 -180.961670
945.964911 -208.841827
946.947198 -154.478333
947.929486 -135.665619
948.911774 -95.187836
949.894062 -195.235474
950.876350 -240.070709
951.858637 -107.002136
952.840925 -35.190399
953.823213 -47.978729
954.805501 -253.413086
955.787789 -136.711212
956.770077 -71.988831
957.752364 -24.927582
958.734652 73.385620
959.716940 -25.836792
960.699228 149.201965
961.681516 245.107452
962.663803 282.582306
963.646091 214.044434
964.628379 283.905487
965.610667 201.160095
966.592955 122.019684
967.575242 8.694733
968.557530 -44.846039
969.539818 -40.088013
970.522106 -140.381256
971.504394 45.261017
972.486681 -15.970642
973.468969 -124.411835
974.451257 -1.548828
975.433545 -51.806427
976.415833 -98.731018
977.398121 -176.873840
978.380408 -58.423431
979.362696 -161.443726
980.344984 -56.115387
981.327272 -93.693268
982.309560 -103.282898
983.291847 -100.444305
984.274135 -45.003662
985.256423 -46.174347
986.238711 -51.911896
987.220999 -89.554749
988.203286 -8.764008
989.185574 -67.372192
990.167862 -140.175201
991.150150 -119.430817
992.132438 -65.233337
993.114725 -63.082245
994.097013 -87.796875
995.079301 -15.417755
996.061589 72.579041
997.043877 -42.450989
998.026164 -84.792084
999.008452 47.215912
999.990740 35.900726
1000.973028 -32.458405
1001.955316 -50.746765
1002.937604 -40.917450
1003.919891 10.078339
1004.902179 15.148407
1005.884467 48.799011
1006.866755 22.340240
1007.849043 -65.735687
1008.831330 42.862640
1009.813618 115.612396
1010.795906 144.770813
1011.778194 110.251007
1012.760482 46.199951
1013.742769 0.000000
1014.725057 57.818787
1015.707345 113.217651
1016.689633 15.919250
1017.671921 83.262939
1018.654208 6.314667
1019.636496 167.194977
1020.618784 -9.378784
1021.601072 -14.762146
1022.583360 -63.661621
1023.565648 -8.154816
1024.547935 118.208374
1025.530223 -15.326324
1026.512511 -83.337616
1027.494799 9.649109
1028.477087 -52.786438
1029.459374 -15.883179
1030.441662 27.533234
1031.423950 9.741669
1032.406238 -89.798401
1033.388526 -56.058197
1034.370813 38.203918
1035.353101 74.035889
1036.335389 49.057800
1037.317677 49.694458
1038.299965 17.801849
1039.282252 27.092804
1040.264540 128.493622
1041.246828 29.314362
1042.229116 45.579926
1043.211404 23.729309
1044.193691 -134.756561
1045.175979 -5.528595
1046.158267 -26.081390
1047.140555 6.421448
1048.122843 -2.875427
1049.105131 7.845184
1050.087418 207.473053
1051.069706 166.712738
1052.051994 -14.997253
1053.034282 177.636475
1054.016570 31.771179
1054.998857 52.727661
1055.981145 15.977600
1056.963433 118.866211
1057.945721 114.388641
1058.928009 180.410553
1059.910296 141.129242
1060.892584 181.284943
1061.874872 124.674530
1062.857160 68.670593
1063.839448 184.924927
1064.821735 273.933167
1065.804023 302.499023
1066.786311 334.124451
1067.768599 506.104401
1068.750887 717.207886
1069.733175 736.895752
1070.715462 776.335693
1071.697750 538.857544
1072.680038 553.888306
1073.662326 494.819885
1074.644614 559.266113
1075.626901 744.214783
1076.609189 916.433472
1077.591477 1020.986694
1078.573765 730.202881
1079.556053 843.580322
1080.538340 792.592407
1081.520628 431.640717
1082.502916 233.544495
1083.485204 182.181152
1084.467492 186.440369
1085.449779 113.428101
1086.432067 73.656067
1087.414355 87.244415
1088.396643 127.562714
1089.378931 109.608551
1090.361218 99.373138
1091.343506 92.246613
1092.325794 15.134766
1093.308082 47.288025
1094.290370 77.638550
1095.272658 121.959778
1096.254945 106.727783
1097.237233 126.174042
1098.219521 55.401520
1099.201809 138.801849
1100.184097 67.442413
1101.166384 0.000000
1102.148672 19.689880
1103.130960 49.993561
1104.113248 -57.490356
1105.095536 133.923645
1106.077823 72.158478
1107.060111 22.686737
1108.042399 65.898132
1109.024687 55.712036
1110.006975 -10.761108
1110.989262 53.951233
1111.971550 78.168457
1112.953838 76.404755
1113.936126 73.159576
1114.918414 166.350952
1115.900702 160.956390
1116.882989 63.407501
1117.865277 146.060791
1118.847565 242.744324
1119.829853 278.322906
1120.812141 360.236938
1121.794428 297.252991
1122.776716 355.277374
1123.759004 360.631348
1124.741292 397.977966
1125.723580 248.818268
1126.705867 209.711761
1127.688155 205.102844
1128.670443 166.937775
1129.652731 82.278046
1130.635019 26.081726
1131.617306 23.833618
1132.599594 65.897552
1133.581882 -12.730865
1134.564170 -81.904266
1135.546458 -15.719727
1136.528745 17.380768
1137.511033 8.483765
1138.493321 -21.220825
1139.475609 -2.841980
1140.457897 8.760010
1141.440185 -11.999786
1142.422472 71.308258
1143.404760 46.099731
1144.387048 -108.897858
1145.369336 -135.967712
1146.351624 42.387207
1147.333911 70.275818
1148.316199 50.062408
1149.298487 155.005707
1150.280775 7.498840
1151.263063 -24.907898
1152.245350 -14.835205
1153.227638 82.420593
1154.209926 167.497681
1155.192214 93.394135
1156.174502 -12.426666
1157.156789 87.224121
1158.139077 121.229462
1159.121365 99.339264
1160.103653 43.460815
1161.085941 30.297211
1162.068229 71.388947
1163.050516 91.569580
1164.032804 206.192078
1165.015092 281.528473
1165.997380 176.512329
1166.979668 167.270569
1167.961955 365.544952
1168.944243 395.445801
1169.926531 391.491150
1170.908819 555.101440
1171.891107 629.003296
1172.873394 612.224915
1173.855682 698.729736
1174.837970 785.510986
1175.820258 963.240417
1176.802546 1064.421509
1177.784833 997.777954
1178.767121 1056.996582
1179.749409 1061.530762
1180.731697 1180.870605
1181.713985 1350.009155
1182.696272 1366.604370
1183.678560 1528.317749
1184.660848 1545.331299
1185.643136 1625.449463
1186.625424 1856.654053
1187.607712 2025.502075
1188.589999 2153.836914
1189.572287 2439.322754
1190.554575 2393.892090
1191.536863 2513.285156
1192.519151 2217.140625
1193.501438 1787.835815
1194.483726 1469.304565
1195.466014 1052.475830
1196.448302 842.582764
1197.430590 907.787354
1198.412877 942.165222
1199.395165 863.040161
1200.377453 1022.960083
1201.359741 1119.949707
1202.342029 1342.155273
1203.324316 1475.388672
1204.306604 1581.406616
1205.288892 1629.450073
1206.271180 1665.893433
1207.253468 1552.994385
1208.235756 1516.435791
1209.218043 1452.302979
1210.200331 1425.812622
1211.182619 1499.030884
1212.164907 1339.276367
1213.147195 1031.589844
1214.129482 1042.869629
1215.111770 1204.077148
1216.094058 1165.494507
1217.076346 1083.307495
1218.058634 1109.402100
1219.040921 1342.577881
1220.023209 1611.361084
1221.005497 1837.747314
1221.987785 2100.518066
1222.970073 2411.757813
1223.952360 2850.687012
1224.934648 3067.020508
1225.916936 3075.204102
1226.899224 2902.619629
1227.881512 2576.126465
1228.863799 2225.788330
1229.846087 2055.958252
1230.828375 1884.494385
1231.810663 1855.536377
1232.792951 1883.865356
1233.775239 1700.417603
1234.757526 1314.150879
1235.739814 938.544922
1236.722102 777.139160
1237.704390 559.580505
1238.686678 444.054108
1239.668965 395.471039
1240.651253 388.612610
1241.633541 311.245392
1242.615829 244.334686
1243.598117 189.671082
1244.580404 109.418579
1245.562692 149.846771
1246.544980 141.463440
1247.527268 94.616211
1248.509556 59.844696
1249.491843 30.490143
1250.474131 194.344604
1251.456419 200.112152
1252.438707 72.218048
1253.420995 74.502197
1254.403283 113.847351
1255.385570 35.044098
1256.367858 118.260864
1257.350146 54.669495
1258.332434 28.772003
1259.314722 0.000000
1260.297009 -3.935699
1261.279297 39.186676
1262.261585 82.215302
1263.243873 28.628723
1264.226161 18.786255
1265.208448 10.173798
1266.190736 219.275696
1267.173024 172.341431
1268.155312 98.003387
1269.137600 97.232697
1270.119887 77.324829
1271.102175 154.416931
1272.084463 193.406036
1273.066751 104.182251
1274.049039 170.237244
1275.031326 129.079865
1276.013614 -10.379761
1276.995902 -38.122101
1277.978190 17.505127
1278.960478 58.067474
1279.942766 35.718201
1280.925053 285.585693
1281.907341 126.634369
1282.889629 173.539948
1283.871917 -46.755585
1284.854205 108.453186
1285.836492 166.152252
1286.818780 -10.408936
1287.801068 -46.028229
1288.783356 -29.049866
1289.765644 -30.749268
1290.747931 -61.821686
1291.730219 -28.322845
1292.712507 27.558807
1293.694795 23.734436
1294.677083 -70.732513
1295.659370 -138.988037
1296.641658 -7.402771
1297.623946 66.798218
1298.606234 -46.391388
1299.588522 -57.792419
1300.570810 -40.737427
1301.553097 -101.006134
1302.535385 -128.482849
1303.517673 -173.615845
1304.499961 -29.560822
1305.482249 -143.979950
1306.464536 -94.918579
1307.446824 -28.332825
1308.429112 -64.620575
1309.411400 -50.255005
1310.393688 -74.204407
1311.375975 -41.658173
1312.358263 -25.981110
1313.340551 -12.568665
1314.322839 0.000000
1315.305127 14.174072
1316.287414 14.548828
1317.269702 -63.515869
1318.251990 -181.885742
1319.234278 -37.906494
1320.216566 66.144531
1321.198853 44.420654
1322.181141 29.768555
1323.163429 71.967041
1324.145717 91.810059
1325.128005 68.296143
1326.110293 95.582520
1327.092580 151.380615
1328.074868 192.386230
1329.057156 127.782959
1330.039444 -37.006348
1331.021732 -30.407959
1332.004019 -5.135742
1332.986307 147.898682
1333.968595 188.730469
1334.950883 132.056885
1335.933171 276.390625
1336.915458 487.485107
1337.897746 523.000977
1338.880034 704.575439
1339.862322 966.885254
1340.844610 757.691650
1341.826897 908.827637
1342.809185 938.024170
1343.791473 887.657715
1344.773761 792.849854
1345.756049 763.230957
1346.738337 549.239014
1347.720624 624.373535
1348.702912 758.563232
1349.685200 763.503418
1350.667488 828.229248
1351.649776 818.775879
1352.632063 710.001709
1353.614351 818.413086
1354.596639 972.262451
1355.578927 920.769043
1356.561215 668.251221
1357.543502 601.221191
1358.525790 599.056396
1359.508078 392.640137
1360.490366 366.169678
1361.472654 320.976563
1362.454941 271.611572
1363.437229 218.254883
1364.419517 210.822021
1365.401805 82.280762
1366.384093 61.431885
1367.366380 172.737793
1368.348668 141.120361
1369.330956 239.794434
1370.313244 109.522705
1371.295532 151.150879
1372.277820 107.866455
1373.260107 29.289063
1374.242395 12.064209
1375.224683 25.869141
1376.206971 71.543701
1377.189259 34.342773
1378.171546 27.078857
1379.153834 126.461426
1380.136122 -50.209717
1381.118410 106.680664
1382.100698 160.628662
1383.082985 142.875977
1384.065273 119.221436
1385.047561 155.664551
1386.029849 291.111572
1387.012137 303.369629
1387.994424 376.381592
1388.976712 414.906250
1389.959000 442.830322
1390.941288 251.678711
1391.923576 133.373291
1392.905864 163.035156
1393.888151 21.395752
1394.870439 -37.070801
1395.852727 8.663330
1396.835015 -116.145996
1397.817303 -31.480225
1398.799590 147.708496
1399.781878 98.660889
1400.764166 -15.998535
1401.746454 11.076416
1402.728742 -14.744141
1403.711029 -60.906494
1404.693317 -69.763672
1405.675605 -22.100342
1406.657893 -53.166992
1407.640181 -138.337646
1408.622468 45.232910
1409.604756 38.568115
1410.587044 7.270996
1411.569332 -75.593994
1412.551620 7.343750
1413.533907 42.876709
1414.516195 0.000000
1415.498483 72.356415
1416.480771 -157.558105
1417.463059 113.545349
1418.445347 100.218689
1419.427634 -40.344269
1420.409922 -20.503479
1421.392210 -59.601135
1422.374498 -7.403381
1423.356786 79.747437
1424.339073 -13.978119
1425.321361 -77.786224
1426.303649 48.453461
1427.285937 16.361664
1428.268225 86.029144
1429.250512 33.253723
1430.232800 91.584778
1431.215088 133.414368
1432.197376 -33.727234
1433.179664 27.368439
1434.161951 59.901642
1435.144239 28.983154
1436.126527 -27.879120
1437.108815 -65.786346
1438.091103 -81.630615
1439.073391 5.887421
1440.055678 41.018280
1441.037966 35.034851
1442.020254 -165.749298
1443.002542 18.614441
1443.984830 91.912262
1444.967117 8.799957
1445.949405 -31.599426
1446.931693 -56.788422
1447.913981 -71.786957
1448.896269 9.989868
1449.878556 42.705170
1450.860844 41.189056
1451.843132 -64.529175
1452.825420 28.536682
1453.807708 26.742249
1454.789995 -83.394440
1455.772283 39.069855
1456.754571 114.387238
1457.736859 76.935089
1458.719147 29.882324
1459.701434 24.804199
1460.683722 -73.350067
1461.666010 131.678192
1462.648298 67.311005
1463.630586 147.527802
1464.612874 168.838318
1465.595161 164.888611
1466.577449 204.306580
1467.559737 179.389069
1468.542025 123.982330
1469.524313 123.052155
1470.506600 211.549194
1471.488888 220.104370
1472.471176 258.657104
1473.453464 312.198090
1474.435752 295.371429
1475.418039 397.536957
1476.400327 308.671692
1477.382615 450.639954
1478.364903 491.549622
1479.347191 572.395264
1480.329478 727.043701
1481.311766 941.923584
1482.294054 1069.616943
1483.276342 1149.658936
1484.258630 1235.921143
1485.240918 1518.648682
1486.223205 1571.523682
1487.205493 1792.374268
1488.187781 2111.713135
1489.170069 2369.825439
1490.152357 2556.066162
1491.134644 2712.648193
1492.116932 2966.911865
1493.099220 3141.491943
1494.081508 3561.737305
1495.063796 3678.550293
1496.046083 3969.359375
1497.028371 4152.122559
1498.010659 4352.081055
1498.992947 4599.675293
1499.975235 5109.343750
1500.957522 5405.857910
1501.939810 5800.251953
1502.922098 6365.442871
1503.904386 6786.934570
1504.886674 6954.780762
1505.868961 7040.389648
1506.851249 7415.394043
1507.833537 7756.456055
1508.815825 7966.209473
1509.798113 8971.770508
1510.780401 9356.064453
1511.762688 9898.847656
1512.744976 9694.673828
1513.727264 9417.618164
1514.709552 8589.580078
1515.691840 7581.465820
1516.674127 6879.639160
1517.656415 6785.659180
1518.638703 7079.686035
1519.620991 7651.568359
1520.603279 8155.857910
1521.585566 8513.690430
1522.567854 8495.645508
1523.550142 7750.671875
1524.532430 6024.686035
1525.514718 4534.978516
1526.497005 2929.452881
1527.479293 1881.454834
1528.461581 1448.252686
1529.443869 1082.917725
1530.426157 862.688721
1531.408445 764.382568
1532.390732 649.006592
1533.373020 543.286377
1534.355308 381.770203
1535.337596 321.900085
1536.319884 340.732117
1537.302171 318.752106
1538.284459 355.057281
1539.266747 305.049957
1540.249035 271.267700
1541.231323 296.039673
1542.213610 208.360962
1543.195898 219.659760
1544.178186 255.461517
1545.160474 241.350189
1546.142762 295.890686
1547.125049 284.387268
1548.107337 233.485413
1549.089625 142.366730
1550.071913 93.806671
1551.054201 162.571320
1552.036488 229.009277
1553.018776 159.574219
1554.001064 103.023926
1554.983352 259.060516
1555.965640 6.080048
1556.947928 132.547333
1557.930215 143.103943
1558.912503 23.954529
1559.894791 132.837830
1560.877079 -110.803772
1561.859367 -16.950745
1562.841654 -50.787170
1563.823942 -29.654388
1564.806230 -11.765228
1565.788518 22.406128
1566.770806 90.515961
1567.753093 -42.239868
1568.735381 -18.516724
1569.717669 -40.284332
1570.699957 -21.322418
1571.682245 -25.557770
1572.664532 -6.627625
1573.646820 27.837189
1574.629108 -59.613953
1575.611396 -2.780975
1576.593684 21.350830
1577.575972 -31.360565
1578.558259 -41.682373
1579.540547 -33.757080
1580.522835 -125.522705
1581.505123 15.898621
1582.487411 -80.853790
1583.469698 8.772644
1584.451986 -86.876282
1585.434274 -140.149719
1586.416562 -123.407532
1587.398850 5.163696
1588.381137 -85.355804
1589.363425 -134.983246
1590.345713 23.625580
1591.328001 -17.937866
1592.310289 -98.239136
1593.292576 -74.489166
1594.274864 -107.257721
1595.257152 -85.365143
1596.239440 -62.830505
1597.221728 -129.844666
1598.204015 -202.689392
1599.186303 -144.890594
1600.168591 -111.624969
1601.150879 0.000000
