226.000000 0.000000
227.000000 0.000000
228.000000 12.250000
229.000000 30.500000
230.000000 59.750000
231.000000 97.000000
232.000000 134.250000
233.000000 174.500000
234.000000 212.750000
235.000000 245.000000
236.000000 279.250000
237.000000 319.500000
238.000000 357.750000
239.000000 394.000000
240.000000 431.250000
241.000000 431.500000
242.000000 431.750000
243.000000 396.000000
244.000000 355.250000
245.000000 308.500000
246.000000 258.750000
247.000000 225.000000
248.000000 199.250000
249.000000 182.500000
250.000000 175.750000
251.000000 164.000000
252.000000 147.250000
253.000000 126.500000
254.000000 91.750000
255.000000 57.000000
256.000000 28.250000
257.000000 -0.500000
258.000000 -0.250000
259.000000 0.000000
260.000000 8.222221
261.000000 19.444443
262.000000 25.666664
263.000000 28.888885
264.000000 23.111107
265.000000 11.333328
266.000000 2.555550
267.000000 -3.222221
268.000000 0.000000
269.000000 9.032051
270.000000 23.064102
271.000000 54.096153
272.000000 85.128204
273.000000 112.160255
274.000000 139.192307
275.000000 150.224365
276.000000 159.256409
277.000000 169.288452
278.000000 179.320511
279.000000 203.352570
280.000000 231.384613
281.000000 267.416656
282.000000 310.448730
283.000000 347.480774
284.000000 377.512817
285.000000 401.544861
286.000000 409.576904
287.000000 417.608978
288.000000 426.641022
289.000000 435.673065
290.000000 467.705139
291.000000 498.737183
292.000000 545.769226
293.000000 591.801270
294.000000 625.833313
295.000000 657.865356
296.000000 670.897461
297.000000 675.929504
298.000000 675.961548
299.000000 674.993591
300.000000 679.025635
301.000000 691.057678
302.000000 704.089722
303.000000 720.121765
304.000000 731.153809
305.000000 724.185913
306.000000 714.217957
307.000000 669.250000
308.000000 623.282043
309.000000 576.314087
310.000000 530.346130
311.000000 504.378204
312.000000 482.410248
313.000000 472.442322
314.000000 465.474365
315.000000 452.506409
316.000000 435.538452
317.000000 409.570496
318.000000 370.602570
319.000000 333.634613
320.000000 298.666656
321.000000 271.698730
322.000000 263.730774
323.000000 257.762817
324.000000 267.794861
325.000000 277.826904
326.000000 282.858978
327.000000 288.891022
328.000000 286.923065
329.000000 282.955139
330.000000 293.987183
331.000000 311.019226
332.000000 354.051270
333.000000 415.083313
334.000000 492.115387
335.000000 588.147461
336.000000 685.179504
337.000000 786.211548
338.000000 886.243591
339.000000 980.275635
340.000000 1077.307739
341.000000 1188.339722
342.000000 1300.371826
343.000000 1444.403809
344.000000 1590.435913
345.000000 1745.467896
346.000000 1902.500000
347.000000 2034.532104
348.000000 2155.564209
349.000000 2248.596191
350.000000 2318.628174
351.000000 2379.660156
352.000000 2427.692383
353.000000 2479.724365
354.000000 2533.756348
355.000000 2588.788574
356.000000 2634.820557
357.000000 2678.852539
358.000000 2680.884521
359.000000 2683.916748
360.000000 2637.948730
361.000000 2587.980713
362.000000 2523.012695
363.000000 2453.044922
364.000000 2389.076904
365.000000 2326.108887
366.000000 2266.141113
367.000000 2206.173096
368.000000 2141.205078
369.000000 2070.237061
370.000000 1998.269287
371.000000 1924.301270
372.000000 1853.333374
373.000000 1806.365356
374.000000 1760.397461
375.000000 1756.429443
376.000000 1753.461548
377.000000 1769.493530
378.000000 1786.525635
379.000000 1791.557739
380.000000 1795.589722
381.000000 1784.621826
382.000000 1768.653809
383.000000 1755.685913
384.000000 1745.717896
385.000000 1745.750000
386.000000 1760.782104
387.000000 1769.814087
388.000000 1775.846191
389.000000 1776.878174
390.000000 1744.910278
391.000000 1711.942261
392.000000 1643.974365
393.000000 1577.006348
394.000000 1508.038452
395.000000 1440.070557
396.000000 1386.102539
397.000000 1336.134644
398.000000 1286.166626
399.000000 1236.198730
400.000000 1172.230713
401.000000 1096.262817
402.000000 1013.294861
403.000000 920.326904
404.000000 832.358948
405.000000 754.390991
406.000000 682.423096
407.000000 631.455139
408.000000 582.487183
409.000000 538.519226
410.000000 495.551270
411.000000 433.583313
412.000000 369.615387
413.000000 297.647430
414.000000 223.679474
415.000000 164.711533
416.000000 112.743584
417.000000 78.775635
418.000000 60.807686
419.000000 47.839737
420.000000 42.871788
421.000000 33.903839
422.000000 23.935890
423.000000 12.967941
424.000000 0.000000
425.000000 -12.912407
426.000000 -8.824814
427.000000 -5.737221
428.000000 16.350365
429.000000 40.437950
430.000000 64.525543
431.000000 87.613136
432.000000 102.700729
433.000000 111.788315
434.000000 122.875908
435.000000 132.963501
436.000000 155.051086
437.000000 193.138672
438.000000 235.226273
439.000000 293.313873
440.000000 349.401459
441.000000 394.489044
442.000000 438.576630
443.000000 449.664246
444.000000 460.751831
445.000000 458.839417
446.000000 453.927002
447.000000 462.014587
448.000000 473.102173
449.000000 491.189758
450.000000 514.277344
451.000000 528.364990
452.000000 533.452576
453.000000 527.540161
454.000000 508.627747
455.000000 488.715332
456.000000 469.802917
457.000000 455.890503
458.000000 466.978088
459.000000 477.065674
460.000000 518.153259
461.000000 558.240845
462.000000 610.328491
463.000000 665.416077
464.000000 740.503662
465.000000 823.591248
466.000000 959.678833
467.000000 1121.766357
468.000000 1339.854004
469.000000 1610.941650
470.000000 1917.029175
471.000000 2277.116699
472.000000 2651.204346
473.000000 3059.291992
474.000000 3473.379639
475.000000 3920.467041
476.000000 4370.554688
477.000000 4889.642578
478.000000 5408.729980
479.000000 5989.817383
480.000000 6578.905273
481.000000 7165.992676
482.000000 7748.080078
483.000000 8274.167969
484.000000 8768.255859
485.000000 9206.342773
486.000000 9589.430664
487.000000 9944.518555
488.000000 10248.605469
489.000000 10532.693359
490.000000 10757.781250
491.000000 10967.868164
492.000000 11060.956055
493.000000 11157.043945
494.000000 11072.131836
495.000000 10990.218750
496.000000 10768.306641
497.000000 10527.394531
498.000000 10210.481445
499.000000 9868.569336
500.000000 9482.657227
501.000000 9070.744141
502.000000 8621.832031
503.000000 8134.919922
504.000000 7626.007324
505.000000 7077.094727
506.000000 6533.182617
507.000000 5994.270020
508.000000 5470.357422
509.000000 5033.445313
510.000000 4598.532715
511.000000 4287.620605
512.000000 3979.708008
513.000000 3744.795654
514.000000 3523.883301
515.000000 3341.970703
516.000000 3177.058350
517.000000 3052.145996
518.000000 2954.233643
519.000000 2897.321289
520.000000 2882.408691
521.000000 2884.496338
522.000000 2915.583984
523.000000 2942.671631
524.000000 2952.759033
525.000000 2957.846680
526.000000 2919.934326
527.000000 2882.021973
528.000000 2834.109375
529.000000 2787.197021
530.000000 2760.284668
531.000000 2737.372314
532.000000 2709.459961
533.000000 2682.547363
534.000000 2618.635010
535.000000 2532.722656
536.000000 2415.810303
537.000000 2265.897705
538.000000 2111.985352
539.000000 1951.072998
540.000000 1797.160645
541.000000 1664.248169
542.000000 1533.335815
543.000000 1411.423340
544.000000 1289.510986
545.000000 1145.598511
546.000000 1001.686157
547.000000 845.773743
548.000000 691.861328
549.000000 560.948914
550.000000 442.036499
551.000000 355.124084
552.000000 291.211670
553.000000 237.299255
554.000000 200.386856
555.000000 163.474457
556.000000 128.562042
557.000000 94.649628
558.000000 62.737221
559.000000 31.824814
560.000000 16.912407
561.000000 0.000000
562.000000 0.445854
563.000000 -0.108276
564.000000 1.337578
565.000000 3.783432
566.000000 4.229294
567.000000 4.675156
568.000000 9.121017
569.000000 19.566872
570.000000 36.012733
571.000000 63.458595
572.000000 89.904457
573.000000 118.350311
574.000000 139.796173
575.000000 147.242035
576.000000 151.687897
577.000000 140.133759
578.000000 129.579620
579.000000 132.025482
580.000000 133.471344
581.000000 159.917191
582.000000 190.363052
583.000000 224.808914
584.000000 262.254761
585.000000 282.700623
586.000000 294.146484
587.000000 294.592346
588.000000 283.038208
589.000000 273.484070
590.000000 268.929932
591.000000 269.375793
592.000000 286.821655
593.000000 303.267517
594.000000 318.713379
595.000000 334.159241
596.000000 326.605103
597.000000 317.050964
598.000000 300.496826
599.000000 281.942688
600.000000 280.388550
601.000000 284.834381
602.000000 301.280243
603.000000 329.726105
604.000000 353.171967
605.000000 370.617828
606.000000 378.063690
607.000000 365.509552
608.000000 350.955414
609.000000 329.401276
610.000000 308.847137
611.000000 306.292999
612.000000 302.738861
613.000000 312.184692
614.000000 325.630554
615.000000 329.076416
616.000000 327.522278
617.000000 317.968140
618.000000 302.414001
619.000000 292.859863
620.000000 288.305725
621.000000 297.751587
622.000000 322.197449
623.000000 351.643311
624.000000 392.089172
625.000000 432.535034
626.000000 467.980896
627.000000 498.426758
628.000000 537.872620
629.000000 578.318481
630.000000 668.764343
631.000000 765.210205
632.000000 923.656067
633.000000 1098.101929
634.000000 1314.547729
635.000000 1551.993652
636.000000 1814.439453
637.000000 2095.885254
638.000000 2405.331299
639.000000 2748.777100
640.000000 3122.222900
641.000000 3562.668701
642.000000 4018.114746
643.000000 4544.560547
644.000000 5073.006348
645.000000 5635.452148
646.000000 6197.897949
647.000000 6766.343750
648.000000 7335.790039
649.000000 7927.235840
650.000000 8524.681641
651.000000 9148.126953
652.000000 9785.573242
653.000000 10408.019531
654.000000 11016.464844
655.000000 11567.911133
656.000000 12042.356445
657.000000 12464.802734
658.000000 12764.248047
659.000000 13037.694336
660.000000 13189.139648
661.000000 13335.585938
662.000000 13357.032227
663.000000 13378.477539
664.000000 13248.923828
665.000000 13105.369141
666.000000 12808.815430
667.000000 12473.260742
668.000000 12035.707031
669.000000 11549.153320
670.000000 11025.598633
671.000000 10471.044922
672.000000 9904.490234
673.000000 9317.936523
674.000000 8718.381836
675.000000 8083.828125
676.000000 7445.273926
677.000000 6773.719727
678.000000 6105.165527
679.000000 5464.611328
680.000000 4827.057129
681.000000 4278.503418
682.000000 3738.948975
683.000000 3290.395020
684.000000 2864.840820
685.000000 2500.286621
686.000000 2167.732422
687.000000 1878.178345
688.000000 1624.624146
689.000000 1407.070068
690.000000 1237.515869
691.000000 1091.961792
692.000000 998.407654
693.000000 910.853516
694.000000 855.299377
695.000000 799.745239
696.000000 745.191101
697.000000 690.636963
698.000000 635.082825
699.000000 580.528687
700.000000 541.974487
701.000000 508.420380
702.000000 489.866241
703.000000 479.312103
704.000000 463.757965
705.000000 443.203827
706.000000 412.649689
707.000000 369.095520
708.000000 327.541382
709.000000 290.987244
710.000000 261.433105
711.000000 263.878967
712.000000 267.324829
713.000000 287.770691
714.000000 313.216553
715.000000 315.662415
716.000000 316.108276
717.000000 292.554138
718.000000 262.000000
719.000000 233.445862
720.000000 206.891724
721.000000 194.337585
722.000000 192.783432
723.000000 195.229294
724.000000 199.675156
725.000000 199.121017
726.000000 186.566864
727.000000 172.012726
728.000000 154.458588
729.000000 137.904449
730.000000 148.350311
731.000000 159.796173
732.000000 192.242035
733.000000 223.687897
734.000000 242.133759
735.000000 256.579620
736.000000 248.025482
737.000000 226.471344
738.000000 203.917191
739.000000 181.363052
740.000000 172.808914
741.000000 186.254776
742.000000 203.700623
743.000000 234.146484
744.000000 259.592346
745.000000 263.038208
746.000000 265.484070
747.000000 241.929932
748.000000 219.375793
749.000000 209.821655
750.000000 202.267517
751.000000 219.713379
752.000000 243.159241
753.000000 263.605103
754.000000 281.050964
755.000000 282.496826
756.000000 265.942688
757.000000 246.388535
758.000000 222.834381
759.000000 205.280243
760.000000 211.726105
761.000000 219.171967
762.000000 244.617828
763.000000 270.063690
764.000000 274.509552
765.000000 282.955414
766.000000 266.401276
767.000000 243.847137
768.000000 227.292999
769.000000 213.738861
770.000000 220.184708
771.000000 239.630569
772.000000 261.076416
773.000000 286.522278
774.000000 300.968140
775.000000 292.414001
776.000000 279.859863
777.000000 249.305725
778.000000 222.751587
779.000000 209.197449
780.000000 196.643311
781.000000 207.089172
782.000000 219.535034
783.000000 226.980896
784.000000 233.426758
785.000000 220.872604
786.000000 203.318466
787.000000 183.764328
788.000000 165.210190
789.000000 160.656036
790.000000 172.101898
791.000000 188.547760
792.000000 214.993622
793.000000 235.439484
794.000000 237.885345
795.000000 238.331207
796.000000 223.777069
797.000000 208.222931
798.000000 215.668793
799.000000 224.114655
800.000000 266.560516
801.000000 314.006348
802.000000 359.452209
803.000000 404.898071
804.000000 431.343933
805.000000 445.789795
806.000000 458.235657
807.000000 470.681519
808.000000 499.127380
809.000000 556.573242
810.000000 622.019104
811.000000 709.464966
812.000000 792.910828
813.000000 852.356689
814.000000 912.802551
815.000000 935.248413
816.000000 958.694275
817.000000 992.140137
818.000000 1029.585938
819.000000 1094.031860
820.000000 1170.477661
821.000000 1243.923584
822.000000 1315.369385
823.000000 1361.815308
824.000000 1379.261108
825.000000 1383.707031
826.000000 1365.152832
827.000000 1348.598755
828.000000 1345.044556
829.000000 1343.490479
830.000000 1355.936279
831.000000 1369.382202
832.000000 1356.828003
833.000000 1341.273926
834.000000 1288.719727
835.000000 1230.165649
836.000000 1165.611450
837.000000 1100.057373
838.000000 1053.503174
839.000000 1020.949036
840.000000 995.394897
841.000000 978.840759
842.000000 954.286621
843.000000 911.732483
844.000000 863.178345
845.000000 793.624207
846.000000 726.070068
847.000000 669.515930
848.000000 612.961792
849.000000 584.407654
850.000000 554.853516
851.000000 528.299377
852.000000 501.745209
853.000000 461.191071
854.000000 414.636932
855.000000 368.082794
856.000000 323.528656
857.000000 289.974518
858.000000 271.420380
859.000000 257.866241
860.000000 253.312103
861.000000 245.757965
862.000000 222.203827
863.000000 195.649689
864.000000 157.095535
865.000000 118.541397
866.000000 101.987259
867.000000 84.433121
868.000000 89.878975
869.000000 101.324837
870.000000 104.770699
871.000000 105.216560
872.000000 89.662415
873.000000 59.108276
874.000000 28.554138
875.000000 0.000000
876.000000 -15.143539
877.000000 -0.287079
878.000000 18.569374
879.000000 58.425835
880.000000 97.282295
881.000000 114.138756
882.000000 130.995209
883.000000 121.851669
884.000000 111.708130
885.000000 109.564590
886.000000 108.421051
887.000000 122.277512
888.000000 144.133972
889.000000 159.990417
890.000000 169.846893
891.000000 167.703339
892.000000 151.559814
893.000000 135.416260
894.000000 125.272720
895.000000 122.129181
896.000000 143.985641
897.000000 166.842102
898.000000 199.698563
899.000000 231.555023
900.000000 240.411469
901.000000 247.267944
902.000000 235.124390
903.000000 217.980865
904.000000 212.837311
905.000000 212.693787
906.000000 226.550232
907.000000 251.406693
908.000000 273.263153
909.000000 289.119629
910.000000 293.976074
911.000000 272.832520
912.000000 250.688995
913.000000 224.545441
914.000000 202.401917
915.000000 214.258362
916.000000 225.114838
917.000000 256.971283
918.000000 289.827759
919.000000 303.684204
920.000000 312.540649
921.000000 303.397125
922.000000 284.253601
923.000000 271.110046
924.000000 262.966492
925.000000 265.822968
926.000000 276.679413
927.000000 285.535889
928.000000 288.392334
929.000000 288.248810
930.000000 267.105255
931.000000 246.961716
932.000000 234.818176
933.000000 222.674637
934.000000 246.531097
935.000000 272.387573
936.000000 306.244019
937.000000 343.100464
938.000000 357.956940
939.000000 357.813385
940.000000 344.669861
941.000000 318.526306
942.000000 299.382782
943.000000 288.239227
944.000000 285.095703
945.000000 299.952148
946.000000 313.808594
947.000000 321.665070
948.000000 326.521545
949.000000 303.377991
950.000000 280.234436
951.000000 259.090912
952.000000 236.947357
953.000000 241.803833
954.000000 254.660278
955.000000 275.516724
956.000000 300.373199
957.000000 311.229675
958.000000 307.086121
959.000000 292.942566
960.000000 262.799042
961.000000 237.655502
962.000000 226.511963
963.000000 219.368408
964.000000 234.224884
965.000000 249.081329
966.000000 251.937805
967.000000 253.794250
968.000000 225.650711
969.000000 193.507172
970.000000 164.363632
971.000000 136.220093
972.000000 134.076553
973.000000 143.933014
974.000000 158.789459
975.000000 176.645935
976.000000 177.502380
977.000000 153.358856
978.000000 122.215309
979.000000 75.071770
980.000000 31.928223
981.000000 14.784683
982.000000 -0.358849
983.000000 20.497604
984.000000 41.354065
985.000000 50.210526
986.000000 57.066978
987.000000 36.923439
988.000000 10.779900
989.000000 -10.363632
990.000000 -27.507172
991.000000 -19.650711
992.000000 8.205734
993.000000 37.062195
994.000000 67.918655
995.000000 86.775116
996.000000 76.631577
997.000000 63.488037
998.000000 38.344490
999.000000 12.200951
1000.000000 24.057411
1001.000000 34.913872
1002.000000 74.770332
1003.000000 117.626793
1004.000000 146.483246
1005.000000 171.339706
1006.000000 184.196167
1007.000000 190.052628
1008.000000 212.909088
1009.000000 251.765549
1010.000000 306.622009
1011.000000 391.478455
1012.000000 474.334930
1013.000000 551.191406
1014.000000 622.047852
1015.000000 654.904297
1016.000000 687.760742
1017.000000 717.617188
1018.000000 748.473694
1019.000000 819.330139
1020.000000 897.186584
1021.000000 989.043091
1022.000000 1084.899536
1023.000000 1160.755981
1024.000000 1223.612427
1025.000000 1277.468872
1026.000000 1321.325317
1027.000000 1379.181763
1028.000000 1457.038330
1029.000000 1541.894775
1030.000000 1648.751221
1031.000000 1750.607666
1032.000000 1824.464111
1033.000000 1897.320557
1034.000000 1920.177002
1035.000000 1944.033447
1036.000000 1973.889893
1037.000000 2005.746460
1038.000000 2067.602783
1039.000000 2139.459229
1040.000000 2207.315674
1041.000000 2273.172363
1042.000000 2310.028809
1043.000000 2316.885254
1044.000000 2311.741699
1045.000000 2286.598145
1046.000000 2266.454590
1047.000000 2262.311035
1048.000000 2259.167480
1049.000000 2264.023926
1050.000000 2270.880371
1051.000000 2233.736816
1052.000000 2197.593262
1053.000000 2121.449707
1054.000000 2040.306152
1055.000000 1963.162720
1056.000000 1887.019165
1057.000000 1822.875610
1058.000000 1768.732056
1059.000000 1701.588501
1060.000000 1621.444946
1061.000000 1526.301392
1062.000000 1404.157837
1063.000000 1282.014404
1064.000000 1165.870850
1065.000000 1054.727295
1066.000000 992.583740
1067.000000 929.440186
1068.000000 891.296631
1069.000000 855.153076
1070.000000 798.009583
1071.000000 739.866028
1072.000000 673.722473
1073.000000 604.578918
1074.000000 556.435425
1075.000000 521.291870
1076.000000 496.148315
1077.000000 484.004791
1078.000000 459.861237
1079.000000 416.717712
1080.000000 365.574158
1081.000000 290.430603
1082.000000 217.287079
1083.000000 175.143539
1084.000000 132.000000
1085.000000 147.856445
1086.000000 165.712921
1087.000000 176.569366
1088.000000 185.425842
1089.000000 153.282288
1090.000000 105.138756
1091.000000 52.995209
1092.000000 -3.148323
1093.000000 -32.291862
1094.000000 -31.435402
1095.000000 -19.578941
1096.000000 11.277512
1097.000000 35.133965
1098.000000 33.990425
1099.000000 29.846886
1100.000000 6.703346
1101.000000 -16.440186
1102.000000 -10.583725
1103.000000 -4.727272
1104.000000 28.129181
1105.000000 65.985641
1106.000000 85.842102
1107.000000 98.698563
1108.000000 86.555023
1109.000000 58.411476
1110.000000 34.267937
1111.000000 18.124397
1112.000000 14.980858
1113.000000 42.837318
1114.000000 67.693779
1115.000000 87.550232
1116.000000 103.406693
1117.000000 72.263153
1118.000000 41.119614
1119.000000 4.976074
1120.000000 -32.167458
1121.000000 -24.311005
1122.000000 -6.454544
1123.000000 29.401909
1124.000000 71.258369
1125.000000 86.114830
1126.000000 82.971291
1127.000000 63.827751
1128.000000 24.684204
1129.000000 -3.459328
1130.000000 -11.602867
1131.000000 -12.746407
1132.000000 21.110046
1133.000000 52.966507
1134.000000 71.822960
1135.000000 90.679420
1136.000000 73.535881
1137.000000 55.392342
1138.000000 46.248802
1139.000000 37.105263
1140.000000 55.961716
1141.000000 87.818176
1142.000000 117.674637
1143.000000 147.531097
1144.000000 162.387558
1145.000000 157.244019
1146.000000 153.100464
1147.000000 147.956940
1148.000000 152.813385
1149.000000 193.669861
1150.000000 234.526306
1151.000000 287.382782
1152.000000 335.239227
1153.000000 340.095703
1154.000000 343.952148
1155.000000 326.808594
1156.000000 304.665070
1157.000000 310.521545
1158.000000 329.377991
1159.000000 366.234436
1160.000000 417.090912
1161.000000 450.947357
1162.000000 462.803833
1163.000000 459.660278
1164.000000 423.516724
1165.000000 393.373199
1166.000000 385.229675
1167.000000 380.086121
1168.000000 420.942566
1169.000000 462.799042
1170.000000 491.655518
1171.000000 519.511963
1172.000000 510.368408
1173.000000 494.224884
1174.000000 484.081329
1175.000000 477.937805
1176.000000 501.794250
1177.000000 547.650696
1178.000000 591.507202
1179.000000 633.363647
1180.000000 657.220093
1181.000000 639.076538
1182.000000 616.932983
1183.000000 573.789490
1184.000000 533.645935
1185.000000 528.502380
1186.000000 523.358826
1187.000000 532.215332
1188.000000 541.071777
1189.000000 511.928223
1190.000000 473.784668
1191.000000 409.641144
1192.000000 332.497620
1193.000000 274.354065
1194.000000 233.210526
1195.000000 209.066986
1196.000000 209.923431
1197.000000 205.779907
1198.000000 188.636353
1199.000000 165.492828
1200.000000 112.349281
1201.000000 57.205734
1202.000000 19.062195
1203.000000 -20.081337
1204.000000 -17.224876
1205.000000 -10.368416
1206.000000 -0.511955
1207.000000 10.344490
1208.000000 4.200951
1209.000000 -11.942581
1210.000000 -25.086121
1211.000000 -38.229660
1212.000000 -39.373199
1213.000000 -21.516739
1214.000000 -4.660286
1215.000000 15.196167
1216.000000 29.052628
1217.000000 19.909088
1218.000000 9.765549
1219.000000 -7.377983
1220.000000 -23.521530
1221.000000 -15.665070
1222.000000 -4.808609
1223.000000 14.047844
1224.000000 34.904305
1225.000000 37.760765
1226.000000 28.617218
1227.000000 11.473679
1228.000000 -14.669853
1229.000000 -24.813393
1230.000000 -15.956932
1231.000000 0.899521
1232.000000 40.755974
1233.000000 75.612434
1234.000000 92.468895
1235.000000 107.325356
1236.000000 87.181816
1237.000000 68.038277
1238.000000 63.894730
1239.000000 59.751190
1240.000000 81.607651
1241.000000 112.464111
1242.000000 136.320572
1243.000000 156.177032
1244.000000 158.033478
1245.000000 144.889954
1246.000000 131.746399
1247.000000 117.602867
1248.000000 112.459328
1249.000000 128.315796
1250.000000 146.172241
1251.000000 169.028702
1252.000000 190.885162
1253.000000 196.741623
1254.000000 201.598083
1255.000000 208.454544
1256.000000 213.311005
1257.000000 235.167450
1258.000000 261.023926
1259.000000 290.880371
1260.000000 319.736847
1261.000000 338.593292
1262.000000 345.449768
1263.000000 347.306213
1264.000000 344.162659
1265.000000 346.019135
1266.000000 364.875610
1267.000000 384.732056
1268.000000 415.588501
1269.000000 445.444977
1270.000000 443.301422
1271.000000 442.157898
1272.000000 414.014343
1273.000000 382.870819
1274.000000 371.727264
1275.000000 366.583740
1276.000000 380.440186
1277.000000 406.296631
1278.000000 416.153107
1279.000000 413.009583
1280.000000 390.866028
1281.000000 341.722473
1282.000000 297.578949
1283.000000 265.435394
1284.000000 241.291870
1285.000000 256.148315
1286.000000 271.004791
1287.000000 274.861237
1288.000000 280.717712
1289.000000 244.574158
1290.000000 203.430618
1291.000000 165.287079
1292.000000 128.143539
1293.000000 122.000000
1294.000000 132.856445
1295.000000 148.712921
1296.000000 165.569366
1297.000000 167.425842
1298.000000 147.282288
1299.000000 124.138756
1300.000000 95.995209
1301.000000 73.851669
1302.000000 84.708130
1303.000000 96.564590
1304.000000 120.421051
1305.000000 145.277512
1306.000000 138.133972
1307.000000 124.990425
1308.000000 101.846886
1309.000000 75.703346
1310.000000 72.559807
1311.000000 82.416267
1312.000000 104.272720
1313.000000 135.129181
1314.000000 153.985641
1315.000000 153.842102
1316.000000 146.698563
1317.000000 120.555023
1318.000000 97.411476
1319.000000 98.267937
1320.000000 99.124397
1321.000000 127.980858
1322.000000 156.837311
1323.000000 164.693787
1324.000000 169.550232
1325.000000 154.406693
1326.000000 134.263153
1327.000000 130.119614
1328.000000 138.976074
1329.000000 162.832535
1330.000000 204.688995
1331.000000 236.545441
1332.000000 251.401917
1333.000000 256.258362
1334.000000 229.114838
1335.000000 202.971283
1336.000000 186.827759
1337.000000 171.684204
1338.000000 191.540665
1339.000000 210.397125
1340.000000 222.253586
1341.000000 232.110046
1342.000000 218.966507
1343.000000 197.822968
1344.000000 182.679413
1345.000000 171.535889
1346.000000 178.392334
1347.000000 205.248810
1348.000000 231.105255
1349.000000 255.961716
1350.000000 270.818176
1351.000000 256.674622
1352.000000 243.531097
1353.000000 220.387558
1354.000000 199.244019
1355.000000 215.100464
1356.000000 229.956940
1357.000000 251.813385
1358.000000 274.669861
1359.000000 270.526306
1360.000000 254.382782
1361.000000 233.239227
1362.000000 208.095688
1363.000000 199.952148
1364.000000 211.808609
1365.000000 226.665070
1366.000000 246.521530
1367.000000 256.377991
1368.000000 233.234436
1369.000000 209.090912
1370.000000 171.947357
1371.000000 135.803833
1372.000000 144.660278
1373.000000 155.516739
1374.000000 181.373199
1375.000000 210.229660
1376.000000 205.086121
1377.000000 186.942581
1378.000000 151.799042
1379.000000 104.655502
1380.000000 77.511955
1381.000000 70.368416
1382.000000 76.224876
1383.000000 103.081337
1384.000000 122.937798
1385.000000 117.794258
1386.000000 108.650711
1387.000000 71.507172
1388.000000 34.363632
1389.000000 21.220093
1390.000000 11.076553
1391.000000 27.933014
1392.000000 50.789467
1393.000000 60.645927
1394.000000 65.502388
1395.000000 54.358849
1396.000000 32.215309
1397.000000 22.071770
1398.000000 20.928223
1399.000000 29.784683
1400.000000 54.641144
1401.000000 73.497604
1402.000000 74.354065
1403.000000 71.210526
1404.000000 38.066978
1405.000000 3.923439
1406.000000 -5.220093
1407.000000 -12.363632
1408.000000 18.492821
1409.000000 55.349281
1410.000000 86.205734
1411.000000 111.062195
1412.000000 115.918655
1413.000000 103.775116
1414.000000 95.631577
1415.000000 89.488037
1416.000000 94.344490
1417.000000 121.200951
1418.000000 149.057404
1419.000000 177.913879
1420.000000 204.770325
1421.000000 211.626801
1422.000000 220.483246
1423.000000 242.339706
1424.000000 265.196167
1425.000000 318.052612
1426.000000 377.909088
1427.000000 439.765564
1428.000000 501.622009
1429.000000 550.478455
1430.000000 589.334900
1431.000000 637.191406
1432.000000 696.047852
1433.000000 768.904297
1434.000000 874.760742
1435.000000 980.617188
1436.000000 1086.473633
1437.000000 1189.330078
1438.000000 1256.186646
1439.000000 1322.043091
1440.000000 1391.899536
1441.000000 1462.755981
1442.000000 1561.612427
1443.000000 1665.468872
1444.000000 1761.325317
1445.000000 1853.181763
1446.000000 1919.038330
1447.000000 1962.894775
1448.000000 2000.751221
1449.000000 2027.607666
1450.000000 2057.464111
1451.000000 2091.320557
1452.000000 2122.177002
1453.000000 2135.033447
1454.000000 2145.889893
1455.000000 2122.746338
1456.000000 2099.602783
1457.000000 2075.459229
1458.000000 2053.315674
1459.000000 2044.172241
1460.000000 2039.028687
1461.000000 2017.885132
1462.000000 1988.741577
1463.000000 1929.598145
1464.000000 1847.454590
1465.000000 1757.311035
1466.000000 1657.167480
1467.000000 1564.023926
1468.000000 1480.880371
1469.000000 1399.736816
1470.000000 1316.593262
1471.000000 1233.449707
1472.000000 1133.306152
1473.000000 1033.162720
1474.000000 934.019165
1475.000000 835.875610
1476.000000 756.732056
1477.000000 682.588501
1478.000000 615.444946
1479.000000 552.301453
1480.000000 483.157898
1481.000000 410.014343
1482.000000 341.870819
1483.000000 283.727264
1484.000000 236.583725
1485.000000 218.440186
1486.000000 201.296646
1487.000000 194.153107
1488.000000 185.009567
1489.000000 143.866028
1490.000000 100.722481
1491.000000 53.578941
1492.000000 6.435402
1493.000000 -8.708130
1494.000000 -13.851669
1495.000000 -3.995209
1496.000000 13.861237
1497.000000 19.717697
1498.000000 17.574158
1499.000000 11.430618
1500.000000 -0.712914
1501.000000 -6.856453
1502.000000 0.000000
1503.000000 6.987801
1504.000000 14.975609
1505.000000 20.963409
1506.000000 6.951218
1507.000000 -8.060974
1508.000000 -21.073166
1509.000000 -34.085365
1510.000000 -25.097557
1511.000000 -11.109749
1512.000000 8.878044
1513.000000 28.865852
1514.000000 38.853653
1515.000000 34.841461
1516.000000 28.829262
1517.000000 15.817070
1518.000000 10.804871
1519.000000 22.792679
1520.000000 35.780487
1521.000000 56.768288
1522.000000 75.756096
1523.000000 67.743896
1524.000000 60.731705
1525.000000 44.719505
1526.000000 28.707314
1527.000000 33.695122
1528.000000 44.682922
1529.000000 61.670731
1530.000000 80.658531
1531.000000 84.646339
1532.000000 76.634140
1533.000000 67.621948
1534.000000 62.609749
1535.000000 66.597557
1536.000000 99.585365
1537.000000 131.573166
1538.000000 162.560974
1539.000000 191.548767
1540.000000 178.536591
1541.000000 164.524384
1542.000000 146.512192
1543.000000 127.500000
1544.000000 134.487793
1545.000000 150.475616
1546.000000 168.463409
1547.000000 188.451218
1548.000000 194.439026
1549.000000 185.426819
1550.000000 175.414627
1551.000000 163.402435
1552.000000 157.390244
1553.000000 166.378052
1554.000000 174.365845
1555.000000 180.353653
1556.000000 186.341461
1557.000000 169.329254
1558.000000 146.317078
1559.000000 129.304871
1560.000000 114.292679
1561.000000 124.280487
1562.000000 141.268280
1563.000000 156.256104
1564.000000 170.243896
1565.000000 166.231705
1566.000000 147.219513
1567.000000 131.207306
1568.000000 119.195122
1569.000000 116.182922
1570.000000 137.170731
1571.000000 157.158539
1572.000000 166.146332
1573.000000 175.134140
1574.000000 147.121948
1575.000000 119.109749
1576.000000 106.097557
1577.000000 95.085365
1578.000000 110.073166
1579.000000 135.060974
1580.000000 147.048767
1581.000000 152.036591
1582.000000 138.024384
1583.000000 103.012192
1584.000000 76.000000
1585.000000 59.987801
1586.000000 52.975609
1587.000000 73.963409
1588.000000 92.951218
1589.000000 99.939018
1590.000000 106.926826
1591.000000 90.914627
1592.000000 72.902435
1593.000000 73.890244
1594.000000 76.878044
1595.000000 93.865852
1596.000000 114.853653
1597.000000 115.841461
1598.000000 106.829262
1599.000000 84.817070
1600.000000 50.804871
1601.000000 29.792679
1602.000000 29.780487
1603.000000 37.768288
1604.000000 67.756096
1605.000000 93.743896
1606.000000 91.731705
1607.000000 90.719505
1608.000000 59.707314
1609.000000 28.695122
1610.000000 18.682922
1611.000000 12.670731
1612.000000 26.658531
1613.000000 47.646339
1614.000000 53.634140
1615.000000 49.621948
1616.000000 36.609749
1617.000000 13.597557
1618.000000 -0.414627
1619.000000 1.573166
1620.000000 7.560974
1621.000000 27.548775
1622.000000 43.536583
1623.000000 34.524384
1624.000000 26.512192
1625.000000 3.500000
1626.000000 -18.512192
1627.000000 -15.524384
1628.000000 -7.536583
1629.000000 9.451218
1630.000000 30.439018
1631.000000 34.426826
1632.000000 25.414627
1633.000000 12.402435
1634.000000 -5.609749
1635.000000 -11.621948
1636.000000 -0.634140
1637.000000 12.353653
1638.000000 31.341461
1639.000000 47.329262
1640.000000 41.317070
1641.000000 34.304871
1642.000000 23.292679
1643.000000 11.280487
1644.000000 16.268288
1645.000000 24.256096
1646.000000 25.243896
1647.000000 25.231705
1648.000000 11.219505
1649.000000 -13.792679
1650.000000 -28.804871
1651.000000 -34.817070
1652.000000 -28.829262
1653.000000 -0.841461
1654.000000 22.146339
1655.000000 32.134140
1656.000000 38.121948
1657.000000 13.109749
1658.000000 -12.902435
1659.000000 -18.914627
1660.000000 -24.926826
1661.000000 -4.939018
1662.000000 19.048775
1663.000000 28.036583
1664.000000 33.024384
1665.000000 21.012192
1666.000000 0.000000
1667.000000 -11.925758
1668.000000 -13.851524
1669.000000 -7.777290
1670.000000 9.296936
1671.000000 22.371178
1672.000000 17.445412
1673.000000 9.519646
1674.000000 -13.406113
1675.000000 -37.331871
1676.000000 -38.257637
1677.000000 -38.183403
1678.000000 -22.109169
1679.000000 -3.034927
1680.000000 8.039299
1681.000000 14.113533
1682.000000 15.187767
1683.000000 14.262009
1684.000000 20.336243
1685.000000 34.410477
1686.000000 46.484711
1687.000000 54.558945
1688.000000 53.633186
1689.000000 25.707420
1690.000000 -0.218338
1691.000000 -27.144104
1692.000000 -52.069862
1693.000000 -42.995628
1694.000000 -32.921394
1695.000000 -20.847160
1696.000000 -8.772919
1697.000000 -13.698685
1698.000000 -26.624451
1699.000000 -33.550217
1700.000000 -36.475975
1701.000000 -28.401741
1702.000000 -7.327507
1703.000000 8.746719
1704.000000 12.820953
1705.000000 12.895195
1706.000000 -4.030563
1707.000000 -20.956329
1708.000000 -12.882095
1709.000000 -5.807854
1710.000000 20.266373
1711.000000 46.340607
1712.000000 47.414841
1713.000000 43.489082
1714.000000 27.563316
1715.000000 7.637550
1716.000000 4.711784
1717.000000 15.786026
1718.000000 30.860260
1719.000000 48.934494
1720.000000 56.008728
1721.000000 34.082962
1722.000000 11.157204
1723.000000 -16.768555
1724.000000 -40.694321
1725.000000 -26.620087
1726.000000 -13.545845
1727.000000 8.528381
1728.000000 30.602615
1729.000000 26.676849
1730.000000 15.751091
1731.000000 0.825325
1732.000000 -16.100433
1733.000000 -17.026199
1734.000000 -7.951958
1735.000000 2.122269
1736.000000 13.196503
1737.000000 16.270737
1738.000000 6.344971
1739.000000 -1.580780
1740.000000 -0.506546
1741.000000 1.567680
1742.000000 17.641914
1743.000000 33.716156
1744.000000 27.790390
1745.000000 19.864624
1746.000000 0.938858
1747.000000 -19.986893
1748.000000 -20.912659
1749.000000 -9.838425
1750.000000 5.235802
1751.000000 25.310043
1752.000000 32.384277
1753.000000 22.458511
1754.000000 9.532745
1755.000000 -9.393013
1756.000000 -23.318771
1757.000000 -13.244537
1758.000000 -4.170303
1759.000000 7.903923
1760.000000 17.978165
1761.000000 5.052399
1762.000000 -9.873360
1763.000000 -23.799126
1764.000000 -36.724884
1765.000000 -30.650650
1766.000000 -15.576416
1767.000000 -0.502182
1768.000000 12.572052
1769.000000 16.646286
1770.000000 4.720520
1771.000000 -5.205238
1772.000000 -14.131004
1773.000000 -21.056763
1774.000000 -10.982529
1775.000000 -1.908295
1776.000000 4.165932
1777.000000 10.240173
1778.000000 7.314407
1779.000000 2.388641
1780.000000 10.462875
1781.000000 20.537117
1782.000000 35.611351
1783.000000 51.685585
1784.000000 53.759819
1785.000000 42.834061
1786.000000 27.908295
1787.000000 7.982529
1788.000000 -3.943230
1789.000000 5.131004
1790.000000 14.205238
1791.000000 28.279472
1792.000000 40.353706
1793.000000 22.427940
1794.000000 5.502182
1795.000000 -11.423576
1796.000000 -27.349342
1797.000000 -21.275108
1798.000000 -7.200867
1799.000000 -0.126633
1800.000000 4.947594
1801.000000 -2.978165
1802.000000 -19.903923
1803.000000 -27.829689
1804.000000 -22.755455
1805.000000 -11.681221
1806.000000 13.393013
1807.000000 33.467247
1808.000000 30.541481
1809.000000 26.615715
1810.000000 3.689949
1811.000000 -19.235802
1812.000000 -24.161568
1813.000000 -27.087334
1814.000000 -20.013100
1815.000000 -10.938858
1816.000000 -7.864624
1817.000000 -6.790390
1818.000000 -7.716156
1819.000000 -6.641914
1820.000000 -3.567680
1821.000000 3.506546
1822.000000 8.580780
1823.000000 7.655022
1824.000000 4.729256
1825.000000 -4.196503
1826.000000 -13.122269
1827.000000 -9.048035
1828.000000 -3.973793
1829.000000 10.100433
1830.000000 26.174667
1831.000000 32.248901
1832.000000 35.323143
1833.000000 33.397377
1834.000000 28.471611
1835.000000 31.545845
1836.000000 42.620087
1837.000000 49.694321
1838.000000 51.768555
1839.000000 43.842789
1840.000000 12.917030
1841.000000 -18.008728
1842.000000 -33.934494
1843.000000 -51.860260
1844.000000 -25.786026
1845.000000 -1.711784
1846.000000 16.362442
1847.000000 31.436676
1848.000000 27.510910
1849.000000 17.585152
1850.000000 17.659386
1851.000000 23.733620
1852.000000 37.807854
1853.000000 56.882095
1854.000000 64.956329
1855.000000 56.030563
1856.000000 43.104797
1857.000000 22.179039
1858.000000 6.253273
1859.000000 12.327507
1860.000000 19.401741
1861.000000 32.475975
1862.000000 45.550217
1863.000000 34.624451
1864.000000 21.698685
1865.000000 9.772919
1866.000000 -1.152832
1867.000000 1.921394
1868.000000 13.995628
1869.000000 20.069862
1870.000000 22.144104
1871.000000 18.218338
1872.000000 1.292572
1873.000000 -9.633186
1874.000000 -2.558945
1875.000000 4.515282
1876.000000 23.589516
1877.000000 41.663750
1878.000000 27.737984
1879.000000 13.812225
1880.000000 -4.113533
1881.000000 -22.039299
1882.000000 -14.965065
1883.000000 1.109169
1884.000000 12.183403
1885.000000 21.257637
1886.000000 16.331871
1887.000000 -4.593880
1888.000000 -19.519646
1889.000000 -23.445412
1890.000000 -21.371178
1891.000000 -1.296936
1892.000000 16.777290
1893.000000 12.851524
1894.000000 9.925758
1895.000000 0.000000
1896.000000 -11.015869
1897.000000 1.968246
1898.000000 19.952377
1899.000000 35.936501
1900.000000 52.920631
1901.000000 47.904755
1902.000000 28.888885
1903.000000 13.873009
1904.000000 0.857140
1905.000000 -2.158730
1906.000000 15.825394
1907.000000 31.809517
1908.000000 37.793648
1909.000000 42.777771
1910.000000 23.761902
1911.000000 5.746025
1912.000000 4.730156
1913.000000 3.714279
1914.000000 19.698410
1915.000000 39.682533
1916.000000 44.666664
1917.000000 42.650787
1918.000000 35.634918
1919.000000 23.619041
1920.000000 21.603172
1921.000000 30.587296
1922.000000 39.571426
1923.000000 46.555550
1924.000000 48.539680
1925.000000 33.523804
1926.000000 17.507935
1927.000000 12.492058
1928.000000 7.476189
1929.000000 18.460312
1930.000000 31.444443
1931.000000 26.428566
1932.000000 18.412697
1933.000000 4.396820
1934.000000 -12.619041
1935.000000 -12.634918
1936.000000 -2.650787
1937.000000 9.333328
1938.000000 23.317459
1939.000000 28.301582
1940.000000 17.285713
1941.000000 5.269836
1942.000000 0.253967
1943.000000 -3.761902
1944.000000 8.222221
1945.000000 21.206345
1946.000000 15.190475
1947.000000 8.174599
1948.000000 -6.841263
1949.000000 -23.857140
1950.000000 -18.873009
1951.000000 -2.888885
1952.000000 13.095238
1953.000000 29.079361
1954.000000 29.063492
1955.000000 9.047615
1956.000000 -5.968246
1957.000000 -13.984123
1958.000000 -14.000000
1959.000000 12.984123
1960.000000 38.968246
1961.000000 44.952377
1962.000000 51.936501
1963.000000 36.920631
1964.000000 19.904755
1965.000000 16.888885
1966.000000 15.873009
1967.000000 17.857140
1968.000000 19.841263
1969.000000 11.825394
1970.000000 -4.190475
1971.000000 -14.206345
1972.000000 -16.222221
1973.000000 -11.238091
1974.000000 11.746025
1975.000000 31.730156
1976.000000 36.714279
1977.000000 40.698410
1978.000000 27.682533
1979.000000 14.666664
1980.000000 21.650787
1981.000000 28.634918
1982.000000 37.619041
1983.000000 44.603172
1984.000000 35.587296
1985.000000 16.571426
1986.000000 3.555550
1987.000000 -7.460312
1988.000000 -5.476189
1989.000000 9.507935
1990.000000 23.492058
1991.000000 28.476189
1992.000000 32.460312
1993.000000 21.444443
1994.000000 11.428566
1995.000000 17.412697
1996.000000 23.396820
1997.000000 35.380951
1998.000000 46.365074
1999.000000 37.349205
2000.000000 24.333328
2001.000000 15.317459
2002.000000 6.301582
2003.000000 6.285713
2004.000000 14.269836
2005.000000 14.253967
2006.000000 2.238091
2007.000000 -8.777771
2008.000000 -18.793648
2009.000000 -23.809517
2010.000000 -6.825394
2011.000000 10.158730
2012.000000 14.142853
2013.000000 18.126984
2014.000000 2.111107
2015.000000 -15.904755
2016.000000 -14.920631
2017.000000 -8.936501
2018.000000 7.047615
2019.000000 28.031746
2020.000000 31.015869
2021.000000 19.000000
2022.000000 1.984123
2023.000000 -20.031746
2024.000000 -32.047615
2025.000000 -18.063492
2026.000000 -4.079361
2027.000000 10.904755
2028.000000 25.888885
2029.000000 9.873009
2030.000000 -6.142853
2031.000000 -14.158730
2032.000000 -22.174599
2033.000000 -14.190475
2034.000000 -2.206345
2035.000000 7.777771
2036.000000 15.761902
2037.000000 26.746025
2038.000000 40.730156
2039.000000 55.714279
2040.000000 72.698410
2041.000000 79.682533
2042.000000 62.666664
2043.000000 41.650787
2044.000000 10.634918
2045.000000 -17.380951
2046.000000 -5.396820
2047.000000 7.587296
2048.000000 23.571426
2049.000000 39.555550
2050.000000 24.539680
2051.000000 -0.476189
2052.000000 -13.492058
2053.000000 -19.507935
2054.000000 -8.523804
2055.000000 16.460312
2056.000000 30.444443
2057.000000 31.428566
2058.000000 28.412697
2059.000000 16.396820
2060.000000 8.380951
2061.000000 17.365074
2062.000000 26.349205
2063.000000 30.333328
2064.000000 33.317459
2065.000000 19.301582
2066.000000 6.285713
2067.000000 3.269836
2068.000000 5.253967
2069.000000 8.238091
2070.000000 14.222221
2071.000000 9.206345
2072.000000 -3.809517
2073.000000 -11.825394
2074.000000 -13.841263
2075.000000 -8.857140
2076.000000 8.126984
2077.000000 23.111107
2078.000000 23.095238
2079.000000 22.079361
2080.000000 10.063492
2081.000000 -2.952377
2082.000000 3.031746
2083.000000 11.015869
2084.000000 17.000000
2085.000000 22.984123
2086.000000 14.968246
2087.000000 0.952377
2088.000000 -3.063492
2089.000000 2.920631
2090.000000 14.904755
2091.000000 34.888885
2092.000000 46.873009
2093.000000 34.857140
2094.000000 20.841263
2095.000000 8.825394
2096.000000 -4.190475
2097.000000 12.793648
2098.000000 29.777771
2099.000000 29.761902
2100.000000 26.746025
2101.000000 6.730156
2102.000000 -18.285713
2103.000000 -24.301582
2104.000000 -19.317459
2105.000000 -10.333328
2106.000000 2.650787
2107.000000 9.634918
2108.000000 6.619041
2109.000000 4.603172
2110.000000 9.587296
2111.000000 14.571426
2112.000000 21.555550
2113.000000 28.539680
2114.000000 13.523804
2115.000000 -0.492058
2116.000000 -5.507935
2117.000000 -8.523804
2118.000000 6.460312
2119.000000 26.444443
2120.000000 33.428566
2121.000000 32.412697
2122.000000 23.396820
2123.000000 6.380951
2124.000000 -3.634918
2125.000000 -0.650787
2126.000000 3.333328
2127.000000 10.317459
2128.000000 15.301582
2129.000000 6.285713
2130.000000 -2.730156
2131.000000 4.253967
2132.000000 11.238091
2133.000000 28.222221
2134.000000 44.206345
2135.000000 39.190475
2136.000000 28.174599
2137.000000 16.158730
2138.000000 1.142853
2139.000000 -1.873009
2140.000000 6.111107
2141.000000 10.095238
2142.000000 9.079361
2143.000000 5.063492
2144.000000 -6.952377
2145.000000 -16.968246
2146.000000 -12.984123
2147.000000 -10.000000
2148.000000 -2.015869
2149.000000 5.968246
2150.000000 4.952377
2151.000000 2.936501
2152.000000 1.920631
2153.000000 3.904755
2154.000000 9.888885
2155.000000 18.873009
2156.000000 21.857140
2157.000000 18.841263
2158.000000 14.825394
2159.000000 9.809517
2160.000000 6.793648
2161.000000 9.777771
2162.000000 11.761902
2163.000000 8.746025
2164.000000 5.730156
2165.000000 6.714279
2166.000000 6.698410
2167.000000 11.682533
2168.000000 17.666664
2169.000000 9.650787
2170.000000 -3.365074
2171.000000 -16.380951
2172.000000 -29.396820
2173.000000 -26.412697
2174.000000 -4.428566
2175.000000 15.555550
2176.000000 32.539680
2177.000000 43.523804
2178.000000 30.507935
2179.000000 19.492058
2180.000000 15.476189
2181.000000 12.460312
2182.000000 22.444443
2183.000000 32.428566
2184.000000 31.412697
2185.000000 27.396820
2186.000000 23.380951
2187.000000 18.365074
2188.000000 19.349205
2189.000000 23.333328
2190.000000 24.317459
2191.000000 21.301582
2192.000000 18.285713
2193.000000 13.269836
2194.000000 11.253967
2195.000000 18.238091
2196.000000 25.222221
2197.000000 27.206345
2198.000000 29.190475
2199.000000 26.174599
2200.000000 23.158730
2201.000000 24.142853
2202.000000 26.126984
2203.000000 22.111107
2204.000000 15.095238
2205.000000 9.079361
2206.000000 2.063492
2207.000000 3.047615
2208.000000 15.031746
2209.000000 22.015869
2210.000000 21.000000
2211.000000 15.984123
2212.000000 2.968246
2213.000000 -8.047615
2214.000000 3.936501
2215.000000 16.920631
2216.000000 22.904755
2217.000000 29.888885
2218.000000 10.873009
2219.000000 -12.142853
2220.000000 -18.158730
2221.000000 -18.174599
2222.000000 -9.190475
2223.000000 7.793648
2224.000000 14.777771
2225.000000 10.761902
2226.000000 7.746025
2227.000000 5.730156
2228.000000 3.714279
2229.000000 7.698410
2230.000000 9.682533
2231.000000 1.666664
2232.000000 -7.349205
2233.000000 -3.365074
2234.000000 2.619041
2235.000000 14.603172
2236.000000 26.587296
2237.000000 20.571426
2238.000000 4.555550
2239.000000 -3.460312
2240.000000 -8.476189
2241.000000 -2.492058
2242.000000 16.492058
2243.000000 25.476189
2244.000000 15.460312
2245.000000 6.444443
2246.000000 -2.571426
2247.000000 -10.587296
2248.000000 5.396820
2249.000000 21.380951
2250.000000 14.365074
2251.000000 6.349205
2252.000000 -5.666664
2253.000000 -18.682533
2254.000000 -8.698410
2255.000000 8.285713
2256.000000 19.269836
2257.000000 24.253967
2258.000000 20.238091
2259.000000 4.222221
2260.000000 -6.793648
2261.000000 -8.809517
2262.000000 -8.825394
2263.000000 -4.841263
2264.000000 -1.857140
2265.000000 1.126984
2266.000000 4.111107
2267.000000 11.095238
2268.000000 19.079361
2269.000000 23.063492
2270.000000 25.047615
2271.000000 25.031746
2272.000000 23.015869
2273.000000 25.000000
2274.000000 27.984123
2275.000000 27.968246
2276.000000 22.952377
2277.000000 17.936501
2278.000000 6.920631
2279.000000 -0.095238
2280.000000 10.888885
2281.000000 21.873009
2282.000000 31.857140
2283.000000 42.841263
2284.000000 32.825394
2285.000000 22.809517
2286.000000 20.793648
2287.000000 18.777771
2288.000000 14.761902
2289.000000 8.746025
2290.000000 -7.269836
2291.000000 -30.285713
2292.000000 -41.301582
2293.000000 -33.317459
2294.000000 -22.333328
2295.000000 0.650787
2296.000000 19.634918
2297.000000 20.619041
2298.000000 19.603172
2299.000000 19.587296
2300.000000 19.571426
2301.000000 22.555550
2302.000000 25.539680
2303.000000 19.523804
2304.000000 12.507935
2305.000000 8.492058
2306.000000 7.476189
2307.000000 7.460312
2308.000000 9.444443
2309.000000 5.428566
2310.000000 -7.587296
2311.000000 -16.603172
2312.000000 -15.619041
2313.000000 -11.634918
2314.000000 6.349205
2315.000000 23.333328
2316.000000 22.317459
2317.000000 22.301582
2318.000000 22.285713
2319.000000 23.269836
2320.000000 24.253967
2321.000000 26.238091
2322.000000 17.222221
2323.000000 4.206345
2324.000000 0.190475
2325.000000 4.174599
2326.000000 7.158730
2327.000000 10.142853
2328.000000 8.126984
2329.000000 -8.888885
2330.000000 -22.904755
2331.000000 -16.920631
2332.000000 -10.936501
2333.000000 -2.952377
2334.000000 5.031746
2335.000000 -1.984123
2336.000000 -12.000000
2337.000000 -5.015869
2338.000000 7.968246
2339.000000 15.952377
2340.000000 20.936501
2341.000000 15.920631
2342.000000 -0.095238
2343.000000 -7.111107
2344.000000 -0.126984
2345.000000 5.857140
2346.000000 9.841263
2347.000000 11.825394
2348.000000 -1.190475
2349.000000 -14.206345
2350.000000 -5.222221
2351.000000 2.761902
2352.000000 11.746025
2353.000000 18.730156
2354.000000 12.714279
2355.000000 0.698410
2356.000000 -1.317459
2357.000000 4.666664
2358.000000 7.650787
2359.000000 9.634918
2360.000000 7.619041
2361.000000 -3.396820
2362.000000 -8.412697
2363.000000 0.571426
2364.000000 9.555550
2365.000000 15.539680
2366.000000 21.523804
2367.000000 14.507935
2368.000000 8.492058
2369.000000 10.476189
2370.000000 14.460312
2371.000000 14.444443
2372.000000 12.428566
2373.000000 7.412697
2374.000000 0.396820
2375.000000 0.380951
2376.000000 8.365074
2377.000000 13.349205
2378.000000 15.333328
2379.000000 17.317459
2380.000000 19.301582
2381.000000 21.285713
2382.000000 27.269836
2383.000000 33.253967
2384.000000 21.238091
2385.000000 9.222221
2386.000000 2.206345
2387.000000 -3.809517
2388.000000 1.174599
2389.000000 8.158730
2390.000000 8.142853
2391.000000 4.126984
2392.000000 4.111107
2393.000000 8.095238
2394.000000 10.079361
2395.000000 11.063492
2396.000000 9.047615
2397.000000 -0.968246
2398.000000 -8.984123
2399.000000 0.000000
2400.000000 0.000000
