105.000166 0.000000
105.823867 0.000000
106.647568 199.295013
107.471270 376.179810
108.294971 526.316467
109.118672 637.871643
109.942373 721.793701
110.766074 757.467651
111.589775 736.414978
112.413476 668.355835
113.237177 618.774231
114.060879 586.685425
114.884580 551.777466
115.708281 533.760620
116.531982 518.351929
117.355683 499.541168
118.179384 463.701843
119.003085 376.568359
119.826787 264.719879
120.650488 154.442596
121.474189 80.486084
122.297890 31.382813
123.121591 3.202347
123.945292 -12.541733
124.768993 -31.156952
125.592694 -41.883713
126.416396 -26.207535
127.240097 -6.659470
128.063798 0.000000
128.887499 -14.098495
129.711200 -29.214157
130.534901 -30.786636
131.358602 -23.609009
132.182304 -15.108917
133.006005 -23.103317
133.829706 -18.333450
134.653407 -8.648010
135.477108 12.817062
136.300809 30.863525
137.124510 44.762543
137.948211 61.501724
138.771913 98.259842
139.595614 131.557388
140.419315 145.592911
141.243016 183.071426
142.066717 214.029129
142.890418 234.161682
143.714119 249.071793
144.537821 280.627441
145.361522 320.874725
146.185223 341.674316
147.008924 353.061737
147.832625 376.782043
148.656326 375.438049
149.480027 364.043152
150.303728 340.386200
151.127430 327.361877
151.951131 314.575195
152.774832 317.839722
153.598533 314.118286
154.422234 318.145020
155.245935 334.707001
156.069636 356.402130
156.893337 365.830292
157.717039 379.339996
158.540740 412.751831
159.364441 450.087219
160.188142 466.346283
161.011843 476.998718
161.835544 482.855927
162.659245 488.541016
163.482947 519.091064
164.306648 534.825623
165.130349 552.684143
165.954050 606.060242
166.777751 669.322754
167.601452 731.438171
168.425153 789.405273
169.248854 849.219299
170.072556 914.231445
170.896257 953.644104
171.719958 990.122681
172.543659 1027.317627
173.367360 1069.054932
174.191061 1118.267700
175.014762 1161.007446
175.838464 1204.700928
176.662165 1227.228638
177.485866 1257.002319
178.309567 1304.645386
179.133268 1360.680054
179.956969 1405.566162
180.780670 1435.402100
181.604371 1464.834839
182.428073 1495.267334
183.251774 1518.288208
184.075475 1549.037109
184.899176 1598.679321
185.722877 1634.342896
186.546578 1663.414185
187.370279 1702.290771
188.193981 1756.546387
189.017682 1798.111694
189.841383 1858.600708
190.665084 1938.110107
191.488785 1997.385986
192.312486 2045.455200
193.136187 2114.207031
193.959888 2188.947998
194.783590 2250.962158
195.607291 2294.770752
196.430992 2347.394775
197.254693 2388.794189
198.078394 2388.065430
198.902095 2410.561035
199.725796 2428.828125
200.549498 2420.574463
201.373199 2383.766357
202.196900 2331.694336
203.020601 2258.526123
203.844302 2152.950684
204.668003 2007.224121
205.491704 1890.635864
206.315405 1774.490601
207.139107 1653.681274
207.962808 1539.843506
208.786509 1440.495239
209.610210 1342.940674
210.433911 1236.017822
211.257612 1122.364258
212.081313 1021.088623
212.905015 908.060242
213.728716 798.307800
214.552417 718.611694
215.376118 658.247803
216.199819 600.363953
217.023520 557.419922
217.847221 517.887024
218.670922 474.007935
219.494624 430.721008
220.318325 393.792877
221.142026 373.175476
221.965727 354.511261
222.789428 333.599335
223.613129 296.855591
224.436830 263.066345
225.260532 234.514771
226.084233 207.261383
226.907934 193.421677
227.731635 176.057434
228.555336 145.969894
229.379037 108.646423
230.202738 73.655792
231.026439 55.219574
231.850141 35.509155
232.673842 16.420563
233.497543 1.732239
234.321244 -8.817856
235.144945 -7.009720
235.968646 2.022552
236.792347 19.889267
237.616049 29.859558
238.439750 30.070419
239.263451 33.276047
240.087152 42.411057
240.910853 67.271164
241.734554 94.224060
242.558255 113.577576
243.381956 137.375122
244.205658 152.917450
245.029359 159.696075
245.853060 158.775299
246.676761 151.525391
247.500462 163.281693
248.324163 170.731552
249.147864 173.872452
249.971566 172.558197
250.795267 171.439880
251.618968 183.262833
252.442669 178.413177
253.266370 156.894852
254.090071 152.006165
254.913772 149.109451
255.737473 138.762115
256.561175 129.888123
257.384876 130.171127
258.208577 137.640839
259.032278 142.254898
259.855979 139.714554
260.679680 127.495956
261.503381 122.165695
262.327083 117.846710
263.150784 101.042206
263.974485 97.782944
264.798186 103.754822
265.621887 122.221664
266.445588 135.833054
267.269289 139.913391
268.092990 142.604965
268.916692 137.022568
269.740393 123.991104
270.564094 143.087814
271.387795 141.401901
272.211496 125.921341
273.035197 137.541519
273.858898 154.918152
274.682599 155.674667
275.506301 157.647125
276.330002 159.761337
277.153703 158.144760
277.977404 128.832245
278.801105 100.877350
279.624806 87.363373
280.448507 45.124619
281.272209 12.244858
282.095910 5.407272
282.919611 9.239914
283.743312 19.780853
284.567013 34.961365
285.390714 40.334137
286.214415 43.764221
287.038116 38.604645
287.861818 32.448471
288.685519 19.736221
289.509220 15.962448
290.332921 19.090530
291.156622 24.269821
291.980323 25.126663
292.804024 29.925064
293.627726 21.505432
294.451427 9.217911
295.275128 -16.947769
296.098829 -34.760468
296.922530 -38.389053
297.746231 -25.605865
298.569932 -4.412048
299.393633 8.513580
300.217335 31.262375
301.041036 79.898071
301.864737 117.934128
302.688438 149.919495
303.512139 183.726852
304.335840 204.583145
305.159541 223.425980
305.983243 249.371155
306.806944 272.623169
307.630645 277.005432
308.454346 294.274017
309.278047 341.832336
310.101748 370.232819
310.925449 379.874573
311.749150 385.110168
312.572852 381.560913
313.396553 367.972992
314.220254 362.058624
315.043955 345.820068
315.867656 319.580505
316.691357 306.115997
317.515058 304.186890
318.338760 287.669006
319.162461 277.702820
319.986162 266.773834
320.809863 274.483307
321.633564 266.072144
322.457265 244.264526
323.280966 214.847321
324.104667 171.104752
324.928369 145.108154
325.752070 135.707382
326.575771 145.816422
327.399472 175.376129
328.223173 191.849030
329.046874 213.033203
329.870575 241.680603
330.694277 259.191406
331.517978 277.000397
332.341679 287.970886
333.165380 300.725159
333.989081 332.078003
334.812782 362.167725
335.636483 399.147949
336.460184 448.108337
337.283886 484.639465
338.107587 511.013672
338.931288 534.282104
339.754989 561.148499
340.578690 588.639038
341.402391 613.740173
342.226092 630.969971
343.049794 647.138672
343.873495 669.200867
344.697196 702.597961
345.520897 737.420288
346.344598 770.306091
347.168299 799.319397
347.992000 824.753906
348.815701 843.375732
349.639403 864.106567
350.463104 867.355042
351.286805 850.432983
352.110506 826.739502
352.934207 818.114380
353.757908 815.831604
354.581609 825.924133
355.405311 836.687744
356.229012 841.891541
357.052713 842.430603
357.876414 839.858337
358.700115 856.883545
359.523816 893.004578
360.347517 921.918518
361.171218 939.648010
361.994920 962.357361
362.818621 979.381531
363.642322 973.863464
364.466023 967.419800
365.289724 984.797424
366.113425 1005.585693
366.937126 1029.336060
367.760828 1059.166626
368.584529 1105.459229
369.408230 1155.741699
370.231931 1207.308716
371.055632 1254.649048
371.879333 1302.536133
372.703034 1325.212280
373.526735 1355.473877
374.350437 1402.271606
375.174138 1473.842407
375.997839 1550.903687
376.821540 1652.840088
377.645241 1757.820313
378.468942 1860.768921
379.292643 1951.754150
380.116345 2052.235107
380.940046 2155.041992
381.763747 2260.695313
382.587448 2361.727295
383.411149 2455.441895
384.234850 2522.825684
385.058551 2595.206055
385.882252 2661.653320
386.705954 2729.445068
387.529655 2773.396240
388.353356 2822.271729
389.177057 2892.604736
390.000758 2975.116455
390.824459 3051.865967
391.648160 3095.693359
392.471861 3110.407715
393.295563 3102.013672
394.119264 3078.336914
394.942965 3045.813232
395.766666 2966.662842
396.590367 2868.227539
397.414068 2784.391113
398.237769 2680.691895
399.061471 2569.609375
399.885172 2451.581543
400.708873 2333.863281
401.532574 2217.187256
402.356275 2120.134033
403.179976 2027.972534
404.003677 1940.032227
404.827378 1857.388672
405.651080 1794.381470
406.474781 1758.882080
407.298482 1736.304077
408.122183 1717.966309
408.945884 1729.079346
409.769585 1766.550659
410.593286 1811.748413
411.416988 1829.087769
412.240689 1832.444946
413.064390 1859.719849
413.888091 1895.813599
414.711792 1923.525879
415.535493 1947.553345
416.359194 1985.530762
417.182895 2028.364990
418.006597 2058.545654
418.830298 2085.613525
419.653999 2116.900146
420.477700 2153.586182
421.301401 2172.354248
422.125102 2193.505859
422.948803 2197.832275
423.772505 2198.140869
424.596206 2212.868408
425.419907 2238.514893
426.243608 2230.250000
427.067309 2213.220215
427.891010 2209.060791
428.714711 2214.447021
429.538412 2205.297363
430.362114 2203.452881
431.185815 2194.481445
432.009516 2176.797852
432.833217 2144.261963
433.656918 2099.495361
434.480619 2045.245483
435.304320 1998.528931
436.128022 1964.311768
436.951723 1927.560059
437.775424 1892.041626
438.599125 1855.860474
439.422826 1820.946655
440.246527 1792.038452
441.070228 1762.554932
441.893929 1747.828247
442.717631 1739.656128
443.541332 1726.752441
444.365033 1707.043213
445.188734 1692.754150
446.012435 1680.103760
446.836136 1668.076538
447.659837 1651.836182
448.483539 1660.656616
449.307240 1673.579834
450.130941 1683.951050
450.954642 1695.135376
451.778343 1723.645020
452.602044 1718.885498
453.425745 1712.494751
454.249446 1716.693848
455.073148 1716.534058
455.896849 1719.776611
456.720550 1725.514771
457.544251 1742.173706
458.367952 1771.258789
459.191653 1809.430908
460.015354 1846.666016
460.839056 1860.045166
461.662757 1849.824341
462.486458 1842.380859
463.310159 1821.762207
464.133860 1813.515137
464.957561 1814.500488
465.781262 1821.977661
466.604963 1821.333984
467.428665 1828.401245
468.252366 1837.018433
469.076067 1849.674561
469.899768 1873.666016
470.723469 1893.497437
471.547170 1891.744995
472.370871 1891.055908
473.194573 1909.504150
474.018274 1920.329346
474.841975 1928.480835
475.665676 1937.245483
476.489377 1938.864990
477.313078 1922.893555
478.136779 1900.777100
478.960480 1881.097656
479.784182 1859.563477
480.607883 1840.178101
481.431584 1829.967896
482.255285 1805.753906
483.078986 1776.780273
483.902687 1743.739136
484.726388 1708.514648
485.550090 1686.648804
486.373791 1647.414307
487.197492 1596.020508
488.021193 1560.889160
488.844894 1550.149536
489.668595 1540.695313
490.492296 1537.175293
491.315997 1527.526123
492.139699 1502.362183
492.963400 1465.598145
493.787101 1425.543457
494.610802 1383.482178
495.434503 1349.050049
496.258204 1314.474243
497.081905 1282.673462
497.905607 1246.546997
498.729308 1201.625244
499.553009 1162.743286
500.376710 1122.504517
501.200411 1083.514526
502.024112 1044.110229
502.847813 1007.281982
503.671514 969.572205
504.495216 916.078796
505.318917 844.920532
506.142618 780.138428
506.966319 733.457214
507.790020 686.060425
508.613721 628.419739
509.437422 584.334839
510.261124 548.574341
511.084825 516.191895
511.908526 480.111267
512.732227 434.085388
513.555928 401.364044
514.379629 379.819702
515.203330 345.110291
516.027031 306.805054
516.850733 268.619873
517.674434 232.275650
518.498135 211.025421
519.321836 199.743774
520.145537 200.100845
520.969238 198.797729
521.792939 185.124832
522.616640 162.273621
523.440342 139.570923
524.264043 106.102509
525.087744 77.600739
525.911445 58.204453
526.735146 49.676804
527.558847 47.642075
528.382548 33.766296
529.206250 19.775726
530.029951 17.382980
530.853652 15.016251
531.677353 22.848206
532.501054 32.600266
533.324755 37.006302
534.148456 58.355484
534.972157 91.147003
535.795859 114.069885
536.619560 140.160919
537.443261 169.736649
538.266962 193.212189
539.090663 216.698715
539.914364 224.006775
540.738065 229.301270
541.561767 239.183640
542.385468 234.073853
543.209169 228.813004
544.032870 220.251389
544.856571 214.724686
545.680272 216.570877
546.503973 213.569458
547.327674 201.806564
548.151376 180.706802
548.975077 151.764786
549.798778 131.125687
550.622479 110.125931
551.446180 85.627914
552.269881 64.163223
553.093582 54.180283
553.917284 52.405777
554.740985 52.818726
555.564686 48.990875
556.388387 41.576965
557.212088 33.238190
558.035789 26.982498
558.859490 17.156525
559.683191 18.445587
560.506893 23.172134
561.330594 26.211914
562.154295 32.251678
562.977996 45.847427
563.801697 70.789551
564.625398 106.849045
565.449099 152.143127
566.272801 210.191437
567.096502 271.817566
567.920203 348.320770
568.743904 423.765747
569.567605 491.614136
570.391306 559.464844
571.215007 630.324158
572.038708 703.272583
572.862410 778.176758
573.686111 851.466431
574.509812 953.524170
575.333513 1053.225464
576.157214 1147.011597
576.980915 1244.538574
577.804616 1330.576904
578.628318 1392.424927
579.452019 1446.799072
580.275720 1499.761719
581.099421 1549.688721
581.923122 1581.958740
582.746823 1631.368042
583.570524 1682.304199
584.394225 1736.160889
585.217927 1774.679688
586.041628 1802.054932
586.865329 1828.532227
587.689030 1838.888306
588.512731 1824.185425
589.336432 1794.602295
590.160133 1745.997314
590.983835 1699.121216
591.807536 1625.270142
592.631237 1520.774902
593.454938 1401.374390
594.278639 1280.040771
595.102340 1148.905518
595.926041 1013.180420
596.749742 884.651733
597.573444 766.196533
598.397145 635.628784
599.220846 507.605347
600.044547 388.526184
600.868248 287.039337
601.691949 208.445694
602.515650 151.879395
603.339352 97.557770
604.163053 61.090134
604.986754 46.845520
605.810455 34.736618
606.634156 20.057190
607.457857 15.563370
608.281558 15.016571
609.105259 6.387817
609.928961 0.000000
610.752662 0.043915
611.576363 1.439743
612.400064 15.888016
613.223765 45.453247
614.047466 71.645844
614.871167 94.581543
615.694869 126.880676
616.518570 152.359879
617.342271 177.408829
618.165972 223.894882
618.989673 284.047852
619.813374 340.160736
620.637075 404.390015
621.460776 470.904419
622.284478 534.491882
623.108179 603.020935
623.931880 701.030945
624.755581 787.700867
625.579282 864.516541
626.402983 927.395508
627.226684 977.862610
628.050386 1017.008667
628.874087 1056.381348
629.697788 1102.589233
630.521489 1159.511719
631.345190 1196.003052
632.168891 1208.112549
632.992592 1206.889282
633.816293 1194.693359
634.639995 1180.165527
635.463696 1155.846436
636.287397 1131.785889
637.111098 1102.254395
637.934799 1063.407959
638.758500 1021.981812
639.582201 986.093384
640.405902 923.288330
641.229604 854.737244
642.053305 791.636536
642.877006 732.467651
643.700707 672.115906
644.524408 616.147705
645.348109 551.150635
646.171810 490.479675
646.995512 427.095398
647.819213 355.869965
648.642914 280.826294
649.466615 221.837219
650.290316 171.986969
651.114017 128.458588
651.937718 97.464096
652.761419 93.704117
653.585121 106.647446
654.408822 117.793213
655.232523 115.046539
656.056224 102.424957
656.879925 90.848267
657.703626 94.812943
658.527327 118.741104
659.351029 150.190247
660.174730 178.351196
660.998431 205.915939
661.822132 231.298141
662.645833 259.003357
663.469534 284.709808
664.293235 326.649353
665.116936 399.414795
665.940638 476.452332
666.764339 563.986267
667.588040 666.881409
668.411741 781.523499
669.235442 923.080200
670.059143 1102.012695
670.882844 1302.975952
671.706546 1533.340942
672.530247 1796.432983
673.353948 2103.325928
674.177649 2452.654541
675.001350 2905.305908
675.825051 3460.974121
676.648752 4115.536621
677.472453 4852.726563
678.296155 5727.910156
679.119856 6705.895508
679.943557 7780.723633
680.767258 8945.062500
681.590959 10186.215820
682.414660 11446.866211
683.238361 12664.156250
684.062063 13832.465820
684.885764 14934.454102
685.709465 15932.340820
686.533166 16892.822266
687.356867 17812.882813
688.180568 18685.093750
689.004269 19503.732422
689.827970 20242.529297
690.651672 20861.990234
691.475373 21349.492188
692.299074 21650.687500
693.122775 21789.505859
693.946476 21746.582031
694.770177 21474.333984
695.593878 21021.839844
696.417580 20378.808594
697.241281 19564.498047
698.064982 18612.009766
698.888683 17493.115234
699.712384 16301.933594
700.536085 14988.992188
701.359786 13627.651367
702.183487 12270.341797
703.007189 10916.253906
703.830890 9614.360352
704.654591 8351.775391
705.478292 7184.754883
706.301993 6154.313965
707.125694 5257.846680
707.949395 4531.687988
708.773097 3925.512939
709.596798 3465.396484
710.420499 3123.790527
711.244200 2846.898438
712.067901 2619.687988
712.891602 2455.275391
713.715303 2363.842041
714.539004 2319.438477
715.362706 2304.937744
716.186407 2322.714355
717.010108 2340.984131
717.833809 2389.527344
718.657510 2433.892578
719.481211 2475.145996
720.304912 2542.807129
721.128614 2636.817383
721.952315 2723.281006
722.776016 2826.380859
723.599717 2948.394531
724.423418 3096.637695
725.247119 3225.283936
726.070820 3364.956055
726.894521 3533.657715
727.718223 3733.290283
728.541924 3961.397705
729.365625 4234.532715
730.189326 4507.770020
731.013027 4812.156250
731.836728 5181.095215
732.660429 5611.333984
733.484131 6104.672852
734.307832 6658.333984
735.131533 7271.933594
735.955234 7934.050293
736.778935 8681.643555
737.602636 9488.542969
738.426337 10293.673828
739.250038 11067.293945
740.073740 11800.958008
740.897441 12496.739258
741.721142 13101.378906
742.544843 13611.693359
743.368544 14064.904297
744.192245 14417.574219
745.015946 14639.774414
745.839648 14728.826172
746.663349 14697.206055
747.487050 14550.741211
748.310751 14264.258789
749.134452 13874.474609
749.958153 13389.435547
750.781854 12829.142578
751.605555 12209.695313
752.429257 11566.185547
753.252958 10965.688477
754.076659 10425.084961
754.900360 9969.124023
755.724061 9577.060547
756.547762 9277.149414
757.371463 9096.041016
758.195164 8952.966797
759.018866 8861.950195
759.842567 8799.218750
760.666268 8739.625000
761.489969 8704.190430
762.313670 8625.871094
763.137371 8512.791016
763.961072 8372.487305
764.784774 8190.008789
765.608475 7978.496582
766.432176 7707.998047
767.255877 7420.784180
768.079578 7099.068848
768.903279 6772.874023
769.726980 6468.728516
770.550681 6192.161133
771.374383 5937.637695
772.198084 5696.679199
773.021785 5480.190430
773.845486 5302.910156
774.669187 5140.567383
775.492888 4999.364746
776.316589 4870.918945
777.140291 4737.941895
777.963992 4600.551758
778.787693 4470.773926
779.611394 4347.898926
780.435095 4216.270508
781.258796 4077.315430
782.082497 3970.317871
782.906198 3897.416504
783.729900 3823.118896
784.553601 3772.368652
785.377302 3746.370361
786.201003 3727.672363
787.024704 3699.392334
787.848405 3667.063232
788.672106 3646.125488
789.495808 3652.349854
790.319509 3679.091064
791.143210 3717.258789
791.966911 3794.406006
792.790612 3868.703857
793.614313 3936.207520
794.438014 4022.053467
795.261715 4085.580322
796.085417 4153.138184
796.909118 4225.551758
797.732819 4290.672852
798.556520 4360.161133
799.380221 4404.499512
800.203922 4444.417480
801.027623 4478.033203
801.851325 4504.531738
802.675026 4524.752930
803.498727 4533.336426
804.322428 4561.341797
805.146129 4586.816406
805.969830 4607.855957
806.793531 4599.562500
807.617232 4552.247070
808.440934 4480.904785
809.264635 4376.504395
810.088336 4245.332520
810.912037 4085.597656
811.735738 3900.201172
812.559439 3680.728760
813.383140 3416.983154
814.206842 3138.763916
815.030543 2852.590088
815.854244 2572.670166
816.677945 2303.856445
817.501646 2032.262085
818.325347 1781.584595
819.149048 1564.690552
819.972749 1360.218750
820.796451 1168.942383
821.620152 1015.795227
822.443853 889.099426
823.267554 772.512878
824.091255 666.827393
824.914956 570.829163
825.738657 483.265961
826.562359 414.416443
827.386060 358.779968
828.209761 315.716217
829.033462 287.315186
829.857163 260.361389
830.680864 248.661606
831.504565 232.936707
832.328266 202.442123
833.151968 187.236420
833.975669 176.294006
834.799370 170.729095
835.623071 167.262329
836.446772 153.636658
837.270473 144.741074
838.094174 134.445602
838.917876 126.484634
839.741577 127.484558
840.565278 126.496506
841.388979 120.573898
842.212680 112.321915
843.036381 98.036942
843.860082 89.971542
844.683783 82.237228
845.507485 72.369949
846.331186 68.613541
847.154887 70.317963
847.978588 73.175507
848.802289 88.860626
849.625990 102.771515
850.449691 122.018951
851.273393 140.451157
852.097094 172.318451
852.920795 203.032379
853.744496 216.603912
854.568197 235.638168
855.391898 260.760132
856.215599 277.182678
857.039300 303.965973
857.863002 331.781067
858.686703 349.960327
859.510404 374.274048
860.334105 400.768188
861.157806 436.355011
861.981507 476.319427
862.805208 543.447388
863.628910 647.951599
864.452611 767.979309
865.276312 894.846069
866.100013 1033.739624
866.923714 1169.138672
867.747415 1302.483032
868.571116 1435.205811
869.394817 1556.756104
870.218519 1689.412720
871.042220 1830.180542
871.865921 1975.012573
872.689622 2102.653564
873.513323 2208.360352
874.337024 2313.054199
875.160725 2401.955322
875.984426 2460.953857
876.808128 2512.956055
877.631829 2538.588379
878.455530 2545.183105
879.279231 2533.933350
880.102932 2483.890381
880.926633 2411.830322
881.750334 2317.674072
882.574036 2203.935303
883.397737 2058.244873
884.221438 1923.605713
885.045139 1799.783813
885.868840 1685.519653
886.692541 1612.464478
887.516242 1577.263794
888.339943 1551.596069
889.163645 1549.550903
889.987346 1565.121460
890.811047 1585.505859
891.634748 1599.868164
892.458449 1608.166016
893.282150 1618.332031
894.105851 1614.367432
894.929553 1574.906006
895.753254 1518.345703
896.576955 1446.289795
897.400656 1375.645752
898.224357 1319.526978
899.048058 1287.974854
899.871759 1271.248047
900.695460 1258.516602
901.519162 1252.415039
902.342863 1256.741089
903.166564 1271.401733
903.990265 1306.376709
904.813966 1359.400391
905.637667 1419.914551
906.461368 1491.043945
907.285070 1551.714844
908.108771 1590.606445
908.932472 1611.929932
909.756173 1633.377197
910.579874 1635.385376
911.403575 1659.570923
912.227276 1673.463867
913.050977 1682.358154
913.874679 1683.591064
914.698380 1677.699219
915.522081 1661.352661
916.345782 1647.906982
917.169483 1616.602417
917.993184 1599.190918
918.816885 1566.113525
919.640587 1534.117310
920.464288 1478.239624
921.287989 1414.335205
922.111690 1350.810913
922.935391 1302.020752
923.759092 1240.569458
924.582793 1162.479492
925.406494 1072.176147
926.230196 975.603271
927.053897 869.664429
927.877598 767.938843
928.701299 655.392761
929.525000 575.597900
930.348701 528.317139
931.172402 491.059509
931.996104 442.718323
932.819805 407.967682
933.643506 382.900238
934.467207 359.938049
935.290908 331.833008
936.114609 309.577209
936.938310 303.098206
937.762011 297.347351
938.585713 287.528687
939.409414 283.396637
940.233115 267.893738
941.056816 241.792709
941.880517 223.068619
942.704218 219.952286
943.527919 214.778076
944.351621 202.163513
945.175322 184.204636
945.999023 166.447189
946.822724 163.092148
947.646425 172.601547
948.470126 179.920364
949.293827 174.086700
950.117528 165.459488
950.941230 162.016388
951.764931 150.943634
952.588632 144.764389
953.412333 138.000305
954.236034 131.176636
955.059735 127.904465
955.883436 130.236908
956.707138 131.513855
957.530839 130.584625
958.354540 118.662277
959.178241 107.444046
960.001942 99.014236
960.825643 84.404648
961.649344 65.495163
962.473045 64.542542
963.296747 64.788727
964.120448 58.476639
964.944149 51.394547
965.767850 48.079269
966.591551 37.243393
967.415252 32.217087
968.238953 32.747574
969.062655 29.760406
969.886356 26.293991
970.710057 30.834015
971.533758 42.818985
972.357459 37.963898
973.181160 27.223083
974.004861 24.326920
974.828562 27.421875
975.652264 30.194489
976.475965 29.784103
977.299666 28.748871
978.123367 41.834473
978.947068 55.682632
979.770769 72.832321
980.594470 90.942108
981.418172 109.997803
982.241873 120.801453
983.065574 128.590454
983.889275 136.840866
984.712976 153.713989
985.536677 170.303940
986.360378 181.962570
987.184079 210.187332
988.007781 243.431000
988.831482 286.138336
989.655183 330.186462
990.478884 362.802490
991.302585 407.069946
992.126286 463.692474
992.949987 514.239014
993.773688 543.125854
994.597390 567.036255
995.421091 594.918762
996.244792 623.688416
997.068493 682.116089
997.892194 752.158203
998.715895 814.595093
999.539596 872.978821
1000.363298 933.644287
1001.186999 979.487793
1002.010700 1009.080322
1002.834401 1047.355225
1003.658102 1079.368896
1004.481803 1108.802124
1005.305504 1124.201660
1006.129205 1132.073975
1006.952907 1125.576294
1007.776608 1115.292969
1008.600309 1110.219971
1009.424010 1096.479004
1010.247711 1064.204346
1011.071412 1046.625732
1011.895113 1024.323242
1012.718815 1007.614380
1013.542516 974.761108
1014.366217 943.312744
1015.189918 928.084229
1016.013619 932.197388
1016.837320 943.327271
1017.661021 962.674377
1018.484722 984.919067
1019.308424 1020.563110
1020.132125 1044.661011
1020.955826 1079.247314
1021.779527 1121.933228
1022.603228 1169.269165
1023.426929 1219.175659
1024.250630 1279.004150
1025.074332 1344.559082
1025.898033 1409.032349
1026.721734 1459.833130
1027.545435 1488.669067
1028.369136 1502.796387
1029.192837 1515.952637
1030.016538 1517.994141
1030.840239 1505.683716
1031.663941 1493.791382
1032.487642 1487.960205
1033.311343 1479.038818
1034.135044 1471.619873
1034.958745 1464.842041
1035.782446 1457.363159
1036.606147 1452.728638
1037.429849 1433.417236
1038.253550 1409.488647
1039.077251 1384.242676
1039.900952 1362.866943
1040.724653 1328.204102
1041.548354 1298.993652
1042.372055 1270.448975
1043.195756 1231.472900
1044.019458 1177.634399
1044.843159 1103.558594
1045.666860 1034.914063
1046.490561 980.318604
1047.314262 896.812317
1048.137963 814.298279
1048.961664 742.658997
1049.785366 678.056763
1050.609067 613.518433
1051.432768 564.743530
1052.256469 514.851624
1053.080170 457.696869
1053.903871 396.298492
1054.727572 372.036011
1055.551273 350.654053
1056.374975 331.838013
1057.198676 324.920776
1058.022377 306.466064
1058.846078 291.076233
1059.669779 270.662689
1060.493480 250.158875
1061.317181 253.636337
1062.140883 264.711853
1062.964584 273.213684
1063.788285 281.970093
1064.611986 312.122925
1065.435687 373.146606
1066.259388 393.373596
1067.083089 430.950592
1067.906790 476.282776
1068.730492 508.599243
1069.554193 535.130859
1070.377894 572.717896
1071.201595 602.211060
1072.025296 667.996948
1072.848997 747.343445
1073.672698 840.510071
1074.496400 942.811462
1075.320101 1039.825195
1076.143802 1118.614746
1076.967503 1185.616577
1077.791204 1219.506592
1078.614905 1254.958252
1079.438606 1253.256104
1080.262307 1235.212524
1081.086009 1200.186401
1081.909710 1151.819092
1082.733411 1096.262329
1083.557112 1040.821777
1084.380813 990.789429
1085.204514 956.061035
1086.028215 901.071472
1086.851917 849.681152
1087.675618 820.612305
1088.499319 826.618530
1089.323020 865.328491
1090.146721 967.272339
1090.970422 1092.000977
1091.794123 1219.664673
1092.617824 1340.287842
1093.441526 1463.099609
1094.265227 1613.069458
1095.088928 1782.532593
1095.912629 1953.725586
1096.736330 2141.173096
1097.560031 2318.208984
1098.383732 2447.702881
1099.207434 2526.225830
1100.031135 2553.605957
1100.854836 2525.868164
1101.678537 2448.869629
1102.502238 2323.770996
1103.325939 2169.931152
1104.149640 1957.658325
1104.973341 1728.223389
1105.797043 1518.220337
1106.620744 1301.796997
1107.444445 1105.803223
1108.268146 934.597351
1109.091847 794.378174
1109.915548 676.064636
1110.739249 549.564331
1111.562951 456.848480
1112.386652 368.499664
1113.210353 297.305817
1114.034054 249.233292
1114.857755 215.881485
1115.681456 176.059647
1116.505157 128.002777
1117.328858 110.503876
1118.152560 115.535049
1118.976261 118.074844
1119.799962 135.531998
1120.623663 163.295914
1121.447364 189.698654
1122.271065 213.695877
1123.094766 233.503387
1123.918467 260.930603
1124.742169 280.682739
1125.565870 337.228394
1126.389571 408.415924
1127.213272 487.941071
1128.036973 571.297180
1128.860674 655.443481
1129.684375 762.687073
1130.508077 882.958008
1131.331778 1016.343872
1132.155479 1185.574463
1132.979180 1357.452271
1133.802881 1537.932739
1134.626582 1733.142456
1135.450283 1935.015381
1136.273984 2140.949463
1137.097686 2339.765869
1137.921387 2526.420654
1138.745088 2684.431641
1139.568789 2786.868652
1140.392490 2856.631348
1141.216191 2885.933838
1142.039892 2862.222412
1142.863594 2789.488525
1143.687295 2686.083984
1144.510996 2540.180420
1145.334697 2388.959717
1146.158398 2209.030273
1146.982099 2030.970215
1147.805800 1846.852905
1148.629501 1650.458740
1149.453203 1458.556152
1150.276904 1273.380859
1151.100605 1104.718018
1151.924306 947.664246
1152.748007 807.214294
1153.571708 709.905701
1154.395409 627.090332
1155.219111 545.904419
1156.042812 468.158508
1156.866513 399.749573
1157.690214 341.914307
1158.513915 272.331451
1159.337616 214.615341
1160.161317 170.942291
1160.985018 127.063126
1161.808720 83.083755
1162.632421 57.713226
1163.456122 59.835541
1164.279823 76.799179
1165.103524 65.449295
1165.927225 48.715591
1166.750926 45.327515
1167.574628 42.148392
1168.398329 32.334671
1169.222030 32.998459
1170.045731 49.478485
1170.869432 64.497269
1171.693133 49.317032
1172.516834 33.795731
1173.340535 -0.808624
1174.164237 -14.387390
1174.987938 -40.639755
1175.811639 -57.039825
1176.635340 -44.183868
1177.459041 -15.375641
1178.282742 2.848740
1179.106443 -0.374359
1179.930145 -15.150024
1180.753846 -20.944016
1181.577547 -58.439789
1182.401248 -79.311356
1183.224949 -83.486374
1184.048650 -85.186539
1184.872351 -77.516357
1185.696052 -55.477905
1186.519754 -27.777664
1187.343455 2.340759
1188.167156 15.026215
1188.990857 13.366837
1189.814558 4.296570
1190.638259 8.325180
1191.461960 24.128174
1192.285662 38.674362
1193.109363 59.134308
1193.933064 79.712540
1194.756765 97.948807
1195.580466 121.978958
1196.404167 137.975845
1197.227868 171.833008
1198.051569 238.148300
1198.875271 336.799011
1199.698972 443.124329
1200.522673 546.687866
1201.346374 658.293213
1202.170075 790.192139
1202.993776 977.858521
1203.817477 1185.022705
1204.641179 1416.670288
1205.464880 1685.331421
1206.288581 1990.902588
1207.112282 2308.216064
1207.935983 2607.415771
1208.759684 2889.055420
1209.583385 3190.356201
1210.407086 3426.489502
1211.230788 3604.041016
1212.054489 3710.199219
1212.878190 3705.625488
1213.701891 3611.886475
1214.525592 3444.791016
1215.349293 3217.437988
1216.172994 2965.489014
1216.996696 2686.416992
1217.820397 2413.009521
1218.644098 2163.332520
1219.467799 1893.935547
1220.291500 1637.110229
1221.115201 1409.486572
1221.938902 1197.958130
1222.762603 1011.671631
1223.586305 866.930420
1224.410006 744.307312
1225.233707 637.824951
1226.057408 546.046143
1226.881109 480.839600
1227.704810 428.508057
1228.528511 381.532227
1229.352213 342.811829
1230.175914 306.856079
1230.999615 270.828735
1231.823316 260.720764
1232.647017 261.217346
1233.470718 253.289780
1234.294419 241.840729
1235.118120 233.077301
1235.941822 235.578125
1236.765523 244.172653
1237.589224 255.632019
1238.412925 273.059235
1239.236626 286.762695
1240.060327 296.375977
1240.884028 304.271454
1241.707729 298.451965
1242.531431 309.237579
1243.355132 325.892883
1244.178833 338.761230
1245.002534 371.439789
1245.826235 411.460999
1246.649936 443.055176
1247.473637 488.577087
1248.297339 531.807129
1249.121040 580.491699
1249.944741 587.085693
1250.768442 637.525269
1251.592143 676.212097
1252.415844 713.973938
1253.239545 765.554688
1254.063246 830.976807
1254.886948 920.261353
1255.710649 1039.045776
1256.534350 1120.086670
1257.358051 1215.812866
1258.181752 1289.140015
1259.005453 1411.075562
1259.829154 1557.949463
1260.652856 1717.019775
1261.476557 1883.651123
1262.300258 2036.236816
1263.123959 2172.768555
1263.947660 2317.240234
1264.771361 2442.960205
1265.595062 2567.467285
1266.418763 2705.807617
1267.242465 2823.821045
1268.066166 2926.438965
1268.889867 3038.723389
1269.713568 3138.557129
1270.537269 3186.147949
1271.360970 3210.353271
1272.184671 3257.745605
1273.008373 3299.046143
1273.832074 3323.642334
1274.655775 3321.321289
1275.479476 3347.390137
1276.303177 3368.504639
1277.126878 3391.636230
1277.950579 3444.200439
1278.774280 3482.951416
1279.597982 3479.423096
1280.421683 3470.531982
1281.245384 3450.481201
1282.069085 3411.021484
1282.892786 3376.837891
1283.716487 3404.721680
1284.540188 3410.603271
1285.363890 3416.310547
1286.187591 3420.161133
1287.011292 3439.132813
1287.834993 3466.151611
1288.658694 3482.378906
1289.482395 3514.426758
1290.306096 3564.653809
1291.129797 3601.774658
1291.953499 3671.750488
1292.777200 3695.398926
1293.600901 3691.083252
1294.424602 3708.649170
1295.248303 3728.821533
1296.072004 3750.442627
1296.895705 3760.574707
1297.719407 3779.213623
1298.543108 3814.690186
1299.366809 3830.694336
1300.190510 3861.418457
1301.014211 3898.150635
1301.837912 3961.560791
1302.661613 4056.573730
1303.485314 4133.430176
1304.309016 4193.425781
1305.132717 4259.898926
1305.956418 4335.986328
1306.780119 4416.294922
1307.603820 4476.667969
1308.427521 4524.229980
1309.251222 4604.198242
1310.074924 4691.173828
1310.898625 4715.731445
1311.722326 4787.637207
1312.546027 4803.773926
1313.369728 4872.485352
1314.193429 4944.192871
1315.017130 5008.811523
1315.840831 5104.073730
1316.664533 5222.588379
1317.488234 5322.854492
1318.311935 5426.174805
1319.135636 5470.184082
1319.959337 5541.186523
1320.783038 5576.678711
1321.606739 5635.475098
1322.430441 5749.587402
1323.254142 5857.885742
1324.077843 5964.870605
1324.901544 6102.277344
1325.725245 6250.785156
1326.548946 6359.428223
1327.372647 6502.820313
1328.196348 6700.395508
1329.020050 6917.520020
1329.843751 7141.535645
1330.667452 7361.561523
1331.491153 7609.019531
1332.314854 7834.394043
1333.138555 8040.270996
1333.962256 8255.364258
1334.785958 8456.732422
1335.609659 8631.630859
1336.433360 8800.631836
1337.257061 8942.161133
1338.080762 9045.940430
1338.904463 9168.358398
1339.728164 9256.956055
1340.551865 9331.299805
1341.375567 9403.298828
1342.199268 9456.523438
1343.022969 9488.469727
1343.846670 9497.232422
1344.670371 9469.456055
1345.494072 9479.763672
1346.317773 9445.716797
1347.141475 9391.092773
1347.965176 9335.086914
1348.788877 9316.648438
1349.612578 9300.256836
1350.436279 9283.530273
1351.259980 9275.594727
1352.083681 9293.363281
1352.907382 9301.511719
1353.731084 9302.666016
1354.554785 9299.875977
1355.378486 9268.417969
1356.202187 9210.748047
1357.025888 9166.110352
1357.849589 9128.517578
1358.673290 9137.132813
1359.496991 9146.398438
1360.320693 9139.459961
1361.144394 9144.625977
1361.968095 9102.923828
1362.791796 8986.249023
1363.615497 8832.562500
1364.439198 8690.528320
1365.262899 8564.464844
1366.086601 8404.041992
1366.910302 8226.739258
1367.734003 8105.202148
1368.557704 8005.104492
1369.381405 7964.287109
1370.205106 7942.446777
1371.028807 7882.134277
1371.852508 7771.112793
1372.676210 7594.281738
1373.499911 7416.693359
1374.323612 7255.571777
1375.147313 7114.400879
1375.971014 7033.419434
1376.794715 6945.884277
1377.618416 6858.869629
1378.442118 6796.120605
1379.265819 6740.187012
1380.089520 6716.577637
1380.913221 6695.959473
1381.736922 6700.741211
1382.560623 6718.358398
1383.384324 6688.256836
1384.208025 6648.563477
1385.031727 6644.726563
1385.855428 6623.469727
1386.679129 6565.603516
1387.502830 6509.145508
1388.326531 6425.285156
1389.150232 6313.593262
1389.973933 6181.568359
1390.797635 6066.628906
1391.621336 5891.162598
1392.445037 5720.175781
1393.268738 5562.094238
1394.092439 5440.043945
1394.916140 5338.562012
1395.739841 5262.231934
1396.563542 5197.710449
1397.387244 5163.302734
1398.210945 5105.468750
1399.034646 5023.826660
1399.858347 4924.271973
1400.682048 4802.629395
1401.505749 4735.920410
1402.329450 4700.787598
1403.153152 4662.062012
1403.976853 4616.469238
1404.800554 4549.634277
1405.624255 4482.949707
1406.447956 4415.617188
1407.271657 4348.990234
1408.095358 4313.174316
1408.919059 4253.583008
1409.742761 4233.027832
1410.566462 4208.524414
1411.390163 4157.645508
1412.213864 4104.626953
1413.037565 4085.917725
1413.861266 4079.120850
1414.684967 4078.495361
1415.508669 4055.495117
1416.332370 4017.739258
1417.156071 3982.736816
1417.979772 3938.614990
1418.803473 3921.440918
1419.627174 3942.302979
1420.450875 3967.176270
1421.274576 4011.272949
1422.098278 4033.364990
1422.921979 4084.649902
1423.745680 4157.175781
1424.569381 4302.123047
1425.393082 4541.599121
1426.216783 4807.489258
1427.040484 5100.086914
1427.864186 5356.082031
1428.687887 5547.611328
1429.511588 5692.558594
1430.335289 5800.620117
1431.158990 5874.861816
1431.982691 5893.923340
1432.806392 5904.301758
1433.630093 5870.619141
1434.453795 5770.811523
1435.277496 5634.484863
1436.101197 5451.234375
1436.924898 5259.169922
1437.748599 5084.744141
1438.572300 4970.570801
1439.396001 4929.849609
1440.219703 4895.162598
1441.043404 4907.947266
1441.867105 4935.403320
1442.690806 4944.173340
1443.514507 4968.220215
1444.338208 5011.153809
1445.161909 5085.176270
1445.985610 5189.930176
1446.809312 5318.655762
1447.633013 5471.625000
1448.456714 5603.453613
1449.280415 5709.193848
1450.104116 5749.690430
1450.927817 5795.683105
1451.751518 5807.905273
1452.575220 5769.653320
1453.398921 5678.769043
1454.222622 5495.376465
1455.046323 5296.096191
1455.870024 5072.142090
1456.693725 4830.698730
1457.517426 4618.312500
1458.341127 4395.775879
1459.164829 4223.375000
1459.988530 4044.238770
1460.812231 3821.888672
1461.635932 3640.209717
1462.459633 3414.911621
1463.283334 3190.352539
1464.107035 2954.137207
1464.930737 2711.312988
1465.754438 2465.436279
1466.578139 2192.237305
1467.401840 1958.233765
1468.225541 1736.356934
1469.049242 1481.560669
1469.872943 1281.460815
1470.696644 1115.282715
1471.520346 985.101318
1472.344047 811.666443
1473.167748 661.757874
1473.991449 529.559021
1474.815150 419.354736
1475.638851 321.508667
1476.462552 264.952454
1477.286253 232.353378
1478.109955 215.399963
1478.933656 201.247635
1479.757357 216.950241
1480.581058 189.305267
1481.404759 177.981033
1482.228460 111.916718
1483.052161 72.867706
1483.875863 47.563507
1484.699564 23.912872
1485.523265 -10.656097
1486.346966 -19.521790
1487.170667 -8.716293
1487.994368 12.943253
1488.818069 31.507980
1489.641770 60.844727
1490.465472 64.828125
1491.289173 40.471497
1492.112874 65.322327
1492.936575 62.475525
1493.760276 72.185272
1494.583977 89.414490
1495.407678 119.047852
1496.231380 107.431641
1497.055081 91.284073
1497.878782 97.617706
1498.702483 127.611267
1499.526184 132.308441
1500.349885 141.060471
1501.173586 143.962524
1501.997287 119.428543
1502.820989 116.623260
1503.644690 119.559875
1504.468391 116.354507
1505.292092 113.847885
1506.115793 113.452988
1506.939494 118.657135
1507.763195 149.161606
1508.586897 131.120636
1509.410598 104.783752
1510.234299 82.021469
1511.058000 51.412964
1511.881701 47.697891
1512.705402 53.563995
1513.529103 55.775879
1514.352804 99.976334
1515.176506 122.472992
1516.000207 136.806854
1516.823908 137.896393
1517.647609 128.425934
1518.471310 123.456818
1519.295011 123.123032
1520.118712 73.941116
1520.942414 18.679764
1521.766115 0.433716
1522.589816 1.613678
1523.413517 -19.623672
1524.237218 -23.157928
1525.060919 -18.522141
1525.884620 -2.720505
1526.708321 10.548386
1527.532023 32.253433
1528.355724 55.643677
1529.179425 95.987534
1530.003126 104.332001
1530.826827 85.856888
1531.650528 60.330872
1532.474229 48.537125
1533.297931 51.447601
1534.121632 55.368423
1534.945333 61.957458
1535.769034 57.717728
1536.592735 75.772003
1537.416436 81.590057
1538.240137 80.254562
1539.063838 105.338104
1539.887540 84.290665
1540.711241 64.091690
1541.534942 65.570175
1542.358643 70.268280
1543.182344 96.682831
1544.006045 91.860443
1544.829746 83.588684
1545.653448 81.828873
1546.477149 40.759415
1547.300850 16.726898
1548.124551 40.891678
1548.948252 95.753876
1549.771953 121.060989
1550.595654 94.736710
1551.419355 70.303726
1552.243057 37.216812
1553.066758 -14.414154
1553.890459 -17.777771
1554.714160 20.446457
1555.537861 59.806763
1556.361562 89.866180
1557.185263 98.085281
1558.008965 87.336090
1558.832666 87.844223
1559.656367 96.304443
1560.480068 81.510406
1561.303769 41.068237
1562.127470 15.476974
1562.951171 -7.673859
1563.774872 -19.062927
1564.598574 1.600525
1565.422275 36.053238
1566.245976 83.468292
1567.069677 92.824768
1567.893378 79.867065
1568.717079 59.630798
1569.540780 69.560349
1570.364482 68.012817
1571.188183 64.602829
1572.011884 75.523972
1572.835585 85.345123
1573.659286 71.428223
1574.482987 46.120361
1575.306688 38.578384
1576.130389 55.523041
1576.954091 49.168411
1577.777792 33.537186
1578.601493 18.136551
1579.425194 12.783890
1580.248895 -16.961273
1581.072596 -29.382599
1581.896297 3.812088
1582.719999 22.072891
1583.543700 21.982620
1584.367401 23.833572
1585.191102 10.080414
1586.014803 10.063293
1586.838504 22.238510
1587.662205 41.285995
1588.485906 66.364334
1589.309608 88.593857
1590.133309 98.959274
1590.957010 67.691940
1591.780711 38.447586
1592.604412 18.739410
1593.428113 -2.418182
1594.251814 -8.631775
1595.075515 44.510590
1595.899217 51.387589
1596.722918 64.093491
1597.546619 93.468964
1598.370320 68.063232
1599.194021 64.931992
1600.017722 49.248047
1600.841423 47.858795
1601.665125 82.118240
1602.488826 64.322906
1603.312527 80.605225
1604.136228 66.625366
1604.959929 54.748932
1605.783630 79.991867
1606.607331 58.515213
1607.431032 75.098114
1608.254734 100.674057
1609.078435 107.246841
1609.902136 79.270142
1610.725837 59.276825
1611.549538 59.036392
1612.373239 49.354462
1613.196940 31.151962
1614.020642 17.311295
1614.844343 37.066132
1615.668044 47.266220
1616.491745 74.747101
1617.315446 103.862747
1618.139147 123.381699
1618.962848 97.637314
1619.786549 92.194107
1620.610251 78.838562
1621.433952 104.291946
1622.257653 101.640686
1623.081354 119.974777
1623.905055 94.189011
1624.728756 83.501862
1625.552457 87.879944
1626.376159 114.331131
1627.199860 114.692062
1628.023561 144.038193
1628.847262 143.362198
1629.670963 147.411514
1630.494664 104.493759
1631.318365 64.447311
1632.142066 44.762772
1632.965768 24.706650
1633.789469 26.875595
1634.613170 22.833450
1635.436871 14.972748
1636.260572 12.111725
1637.084273 -7.743698
1637.907974 -7.130005
1638.731676 9.865540
1639.555377 26.721130
1640.379078 60.250381
1641.202779 88.737610
1642.026480 76.258896
1642.850181 59.939987
1643.673882 44.311279
1644.497583 16.281387
1645.321285 3.101715
1646.144986 -1.336731
1646.968687 -1.915237
1647.792388 -10.237045
1648.616089 -4.532822
1649.439790 -21.019440
1650.263491 -22.135651
1651.087193 -18.618698
1651.910894 18.749374
1652.734595 34.107605
1653.558296 60.707077
1654.381997 65.296127
1655.205698 33.191574
1656.029399 9.751450
1656.853100 -3.964462
1657.676802 -52.941391
1658.500503 -62.772141
1659.324204 -74.300095
1660.147905 -53.422974
1660.971606 -28.711548
1661.795307 -6.115021
1662.619008 12.316772
1663.442710 -27.882080
1664.266411 -50.712067
1665.090112 -63.312881
1665.913813 -78.716690
1666.737514 -57.932053
1667.561215 -20.569519
1668.384916 8.062958
1669.208617 28.840118
1670.032319 32.633698
1670.856020 19.400604
1671.679721 -4.524353
1672.503422 -17.168655
1673.327123 -9.609009
1674.150824 -2.764618
1674.974525 25.506500
1675.798227 79.612717
1676.621928 122.872696
1677.445629 163.212448
1678.269330 177.943314
1679.093031 158.409714
1679.916732 94.452713
1680.740433 82.939209
1681.564134 83.973770
1682.387836 64.233673
1683.211537 90.223038
1684.035238 102.703583
1684.858939 89.210281
1685.682640 90.860947
1686.506341 68.347763
1687.330042 79.268158
1688.153744 86.025696
1688.977445 87.245224
1689.801146 95.593201
1690.624847 115.386215
1691.448548 149.888626
1692.272249 145.319794
1693.095950 101.361694
1693.919651 83.567627
1694.743353 79.266281
1695.567054 73.329071
1696.390755 58.767715
1697.214456 71.462021
1698.038157 84.980927
1698.861858 80.977966
1699.685559 87.059555
1700.509261 87.654160
1701.332962 59.640610
1702.156663 43.782669
1702.980364 51.892593
1703.804065 53.342453
1704.627766 55.287537
1705.451467 64.129166
1706.275168 72.538406
1707.098870 71.813187
1707.922571 62.617279
1708.746272 64.179199
1709.569973 61.626022
1710.393674 36.299835
1711.217375 25.200180
1712.041076 5.264801
1712.864778 -16.171143
1713.688479 -10.450333
1714.512180 2.901794
1715.335881 11.072052
1716.159582 13.921112
1716.983283 26.070679
1717.806984 43.058334
1718.630685 58.485428
1719.454387 57.935898
1720.278088 49.039688
1721.101789 73.448792
1721.925490 84.524567
1722.749191 93.398727
1723.572892 91.767227
1724.396593 74.921677
1725.220294 50.571350
1726.043996 8.126160
1726.867697 -30.680542
1727.691398 -27.449692
1728.515099 -11.569931
1729.338800 14.177811
1730.162501 27.186874
1730.986202 36.118225
1731.809904 46.642014
1732.633605 47.444336
1733.457306 51.901779
1734.281007 77.863434
1735.104708 59.446335
1735.928409 13.579697
1736.752110 -7.537720
1737.575811 -2.350220
1738.399513 38.218201
1739.223214 54.522415
1740.046915 66.178482
1740.870616 102.396561
1741.694317 127.919769
1742.518018 121.894241
1743.341719 115.647751
1744.165421 100.438232
1744.989122 110.912445
1745.812823 83.678436
1746.636524 26.674576
1747.460225 -10.066208
1748.283926 -33.285309
1749.107627 -45.866745
1749.931328 -37.804077
1750.755030 -3.109344
1751.578731 23.450943
1752.402432 45.206436
1753.226133 59.963577
1754.049834 65.016998
1754.873535 70.024460
1755.697236 63.231857
1756.520938 57.658173
1757.344639 52.803665
1758.168340 21.130859
1758.992041 39.855148
1759.815742 69.161209
1760.639443 80.754196
1761.463144 76.405838
1762.286845 46.405533
1763.110547 37.703888
1763.934248 0.358521
1764.757949 -8.087021
1765.581650 -16.306839
1766.405351 5.994537
1767.229052 36.368530
1768.052753 33.706055
1768.876455 8.523575
1769.700156 7.585190
1770.523857 3.492981
1771.347558 14.822937
1772.171259 -6.468842
1772.994960 -5.037552
1773.818661 -17.316055
1774.642362 -14.659119
1775.466064 2.145721
1776.289765 11.074036
1777.113466 11.666428
1777.937167 22.827347
1778.760868 24.270630
1779.584569 27.261353
1780.408270 8.088867
1781.231972 -0.673599
1782.055673 -37.728592
1782.879374 -76.440460
1783.703075 -91.197357
1784.526776 -45.451950
1785.350477 -6.706238
1786.174178 18.787140
1786.997879 25.552200
1787.821581 26.447433
1788.645282 -0.745514
1789.468983 -37.828110
1790.292684 -35.774246
1791.116385 -17.302094
1791.940086 10.493530
1792.763787 21.756805
1793.587489 14.051315
1794.411190 -0.668549
1795.234891 3.920135
1796.058592 -13.878616
1796.882293 -33.633942
1797.705994 -64.872025
1798.529695 -60.405090
1799.353396 -43.943008
1800.177098 -6.746567
1801.000799 20.392838
1801.824500 48.958893
1802.648201 61.919830
1803.471902 79.142975
1804.295603 33.108063
1805.119304 10.988556
1805.943006 7.663696
1806.766707 10.210541
1807.590408 -6.267838
1808.414109 -52.643250
1809.237810 -53.159241
1810.061511 -67.634933
1810.885212 -81.381088
1811.708913 -41.545074
1812.532615 -20.373367
1813.356316 15.680328
1814.180017 61.836060
1815.003718 80.293686
1815.827419 81.357880
1816.651120 59.748703
1817.474821 64.501282
1818.298523 49.875793
1819.122224 61.567032
1819.945925 68.432739
1820.769626 67.474594
1821.593327 49.191711
1822.417028 23.080261
1823.240729 5.180786
1824.064430 13.227966
1824.888132 22.339325
1825.711833 65.776016
1826.535534 81.147278
1827.359235 101.974960
1828.182936 98.570862
1829.006637 86.509247
1829.830338 99.820206
1830.654040 76.584198
1831.477741 58.386719
1832.301442 41.610001
1833.125143 36.479462
1833.948844 38.022705
1834.772545 37.814758
1835.596246 34.647232
1836.419947 54.675797
1837.243649 37.828705
1838.067350 34.159302
1838.891051 8.573715
1839.714752 14.884521
1840.538453 -7.220062
1841.362154 -7.253983
1842.185855 11.105301
1843.009556 21.642227
1843.833258 27.088470
1844.656959 39.883514
1845.480660 25.555176
1846.304361 10.535355
1847.128062 -19.259552
1847.951763 -8.680756
1848.775464 28.094269
1849.599166 44.824615
1850.422867 49.513916
1851.246568 45.693207
1852.070269 46.063370
1852.893970 55.582962
1853.717671 58.613739
1854.541372 62.746918
1855.365073 52.395752
1856.188775 29.260605
1857.012476 18.773102
1857.836177 3.766830
1858.659878 -8.633545
1859.483579 -6.058807
1860.307280 11.509583
1861.130981 32.347702
1861.954683 20.512695
1862.778384 27.273926
1863.602085 36.267502
1864.425786 34.707123
1865.249487 23.460281
1866.073188 5.571793
1866.896889 -8.454712
1867.720590 -23.715942
1868.544292 -51.326736
1869.367993 -55.970673
1870.191694 -39.982788
1871.015395 -35.005539
1871.839096 -11.211853
1872.662797 32.148117
1873.486498 36.040344
1874.310200 8.167145
1875.133901 -22.086838
1875.957602 -51.529694
1876.781303 -64.029434
1877.605004 -45.519318
1878.428705 1.552948
1879.252406 18.632004
1880.076107 54.541748
1880.899809 71.896454
1881.723510 38.763596
1882.547211 17.780869
1883.370912 4.079819
1884.194613 43.747177
1885.018314 83.598877
1885.842015 86.266708
1886.665717 85.120239
1887.489418 66.573105
1888.313119 50.666138
1889.136820 14.304810
1889.960521 -24.542206
1890.784222 -3.685577
1891.607923 14.334213
1892.431624 46.427521
1893.255326 74.259827
1894.079027 98.657913
1894.902728 107.063385
1895.726429 98.757095
1896.550130 83.438553
1897.373831 76.956436
1898.197532 83.382797
1899.021234 89.379089
1899.844935 91.096359
1900.668636 93.648956
1901.492337 103.248459
1902.316038 112.926590
1903.139739 111.036026
1903.963440 104.096817
1904.787141 90.893005
1905.610843 86.328094
1906.434544 79.272934
1907.258245 65.966034
1908.081946 61.828339
1908.905647 66.363205
1909.729348 70.799164
1910.553049 104.013580
1911.376751 118.323395
1912.200452 118.408646
1913.024153 118.024628
1913.847854 104.510712
1914.671555 109.440552
1915.495256 110.168533
1916.318957 130.716812
1917.142658 153.271362
1917.966360 173.421997
1918.790061 162.235016
1919.613762 133.467087
1920.437463 111.328598
1921.261164 105.563431
1922.084865 86.530746
1922.908566 71.172546
1923.732268 44.516663
1924.555969 53.255371
1925.379670 62.022629
1926.203371 48.562393
1927.027072 56.434647
1927.850773 85.261719
1928.674474 114.406235
1929.498175 106.448639
1930.321877 78.536530
1931.145578 93.613129
1931.969279 91.718185
1932.792980 86.427032
1933.616681 91.723648
1934.440382 96.737061
1935.264083 77.469894
1936.087785 70.118912
1936.911486 51.330353
1937.735187 67.428894
1938.558888 92.216171
1939.382589 120.590607
1940.206290 112.202515
1941.029991 117.973938
1941.853692 113.920959
1942.677394 110.766098
1943.501095 94.198669
1944.324796 95.640945
1945.148497 100.925354
1945.972198 116.174774
1946.795899 131.773605
1947.619600 136.065140
1948.443302 129.193024
1949.267003 100.362961
1950.090704 97.875931
1950.914405 102.479996
1951.738106 106.704697
1952.561807 104.880890
1953.385508 104.872986
1954.209209 126.809982
1955.032911 147.408386
1955.856612 151.638382
1956.680313 166.433960
1957.504014 165.292923
1958.327715 160.886673
1959.151416 155.254990
1959.975117 149.780304
1960.798818 157.680038
1961.622520 168.189606
1962.446221 168.056412
1963.269922 167.936172
1964.093623 146.161713
1964.917324 127.582458
1965.741025 122.011322
1966.564726 95.750305
1967.388428 77.110458
1968.212129 85.591553
1969.035830 84.455994
1969.859531 74.730469
1970.683232 75.636673
1971.506933 90.884216
1972.330634 80.713455
1973.154335 67.236481
1973.978037 80.126495
1974.801738 85.023132
1975.625439 96.273605
1976.449140 100.848175
1977.272841 102.351852
1978.096542 116.346954
1978.920243 126.887039
1979.743945 125.809158
1980.567646 115.328293
1981.391347 78.542770
1982.215048 81.857910
1983.038749 53.213486
1983.862450 29.732193
1984.686151 35.012344
1985.509852 68.968353
1986.333554 79.232544
1987.157255 105.173447
1987.980956 121.229477
1988.804657 123.992294
1989.628358 100.711533
1990.452059 78.235260
1991.275760 48.244644
1992.099462 42.729294
1992.923163 22.051346
1993.746864 36.903595
1994.570565 40.361450
1995.394266 48.752472
1996.217967 58.249481
1997.041668 57.998093
1997.865369 58.320480
1998.689071 55.980438
1999.512772 37.943802
2000.336473 50.870667
2001.160174 40.412079
2001.983875 33.322372
2002.807576 28.229279
2003.631277 37.592484
2004.454979 25.167435
2005.278680 18.905685
2006.102381 15.309830
2006.926082 9.744446
2007.749783 -6.720291
2008.573484 14.262451
2009.397185 27.909058
2010.220886 41.955887
2011.044588 49.848984
2011.868289 61.593369
2012.691990 68.457809
2013.515691 74.306702
2014.339392 74.427567
2015.163093 77.436340
2015.986794 76.209671
2016.810496 76.064682
2017.634197 69.185562
2018.457898 69.119095
2019.281599 75.095322
2020.105300 86.943039
2020.929001 94.587982
2021.752702 108.290237
2022.576403 111.838715
2023.400105 114.002563
2024.223806 110.072784
2025.047507 101.721512
2025.871208 97.073685
2026.694909 95.653976
2027.518610 97.701401
2028.342311 99.858856
2029.166013 115.170334
2029.989714 111.349289
2030.813415 113.594833
2031.637116 109.737915
2032.460817 91.201691
2033.284518 74.537872
2034.108219 68.952560
2034.931920 56.521484
2035.755622 61.302338
2036.579323 58.332108
2037.403024 78.319626
2038.226725 93.195023
2039.050426 104.468643
2039.874127 118.352142
2040.697828 118.332214
2041.521530 85.939789
2042.345231 73.443954
2043.168932 77.566620
2043.992633 86.085831
2044.816334 71.399246
2045.640035 71.398666
2046.463736 75.396103
2047.287437 77.979492
2048.111139 72.471436
2048.934840 72.732666
2049.758541 78.077805
2050.582242 78.281067
2051.405943 55.174530
2052.229644 47.173477
2053.053345 52.820770
2053.877047 60.437317
2054.700748 61.185226
2055.524449 69.910217
2056.348150 62.966049
2057.171851 52.668381
2057.995552 47.041306
2058.819253 51.077332
2059.642954 43.948257
2060.466656 41.745407
2061.290357 60.922989
2062.114058 72.103165
2062.937759 71.255219
2063.761460 58.332138
2064.585161 42.435822
2065.408862 40.260818
2066.232564 37.438477
2067.056265 36.219391
2067.879966 45.090210
2068.703667 49.858871
2069.527368 54.094437
2070.351069 50.577286
2071.174770 42.799042
2071.998471 41.651291
2072.822173 44.634064
2073.645874 33.988037
2074.469575 20.537415
2075.293276 20.721436
2076.116977 17.686905
2076.940678 36.300781
2077.764379 49.292984
2078.588080 52.211716
2079.411782 62.098297
2080.235483 86.435089
2081.059184 78.550919
2081.882885 72.247314
2082.706586 72.473816
2083.530287 86.617477
2084.353988 78.561325
2085.177690 75.916412
2086.001391 78.415054
2086.825092 79.513260
2087.648793 68.755997
2088.472494 74.102707
2089.296195 86.217972
2090.119896 107.435364
2090.943597 115.978806
2091.767299 118.953293
2092.591000 115.496979
2093.414701 97.490082
2094.238402 76.393692
2095.062103 72.339081
2095.885804 76.617889
2096.709505 86.062561
2097.533207 94.029388
2098.356908 96.279160
2099.180609 101.669388
2100.004310 87.871109
2100.828011 78.655136
2101.651712 67.589127
2102.475413 58.461960
2103.299114 50.281677
2104.122816 42.415176
2104.946517 43.257156
2105.770218 46.406921
2106.593919 45.620758
2107.417620 56.425812
2108.241321 53.531067
2109.065022 65.138397
2109.888724 68.535233
2110.712425 73.045685
2111.536126 79.525314
2112.359827 76.374405
2113.183528 64.146790
2114.007229 44.560425
2114.830930 45.555878
2115.654631 51.904617
2116.478333 63.874252
2117.302034 65.882370
2118.125735 65.089508
2118.949436 60.077789
2119.773137 47.416245
2120.596838 40.525574
2121.420539 42.472748
2122.244241 38.209412
2123.067942 40.832382
2123.891643 31.487152
2124.715344 30.922775
2125.539045 36.390610
2126.362746 35.671661
2127.186447 35.745407
2128.010148 35.381058
2128.833850 22.162949
2129.657551 3.048874
2130.481252 -8.776855
2131.304953 0.179092
2132.128654 -0.368088
2132.952355 9.626480
2133.776056 24.069427
2134.599758 24.687607
2135.423459 34.091888
2136.247160 49.862549
2137.070861 54.219666
2137.894562 54.031509
2138.718263 40.130936
2139.541964 31.006210
2140.365665 22.710846
2141.189367 21.932541
2142.013068 22.011292
2142.836769 19.609283
2143.660470 17.727173
2144.484171 16.868027
2145.307872 28.272095
2146.131573 22.432404
2146.955275 31.193222
2147.778976 51.712585
2148.602677 60.970856
2149.426378 57.754745
2150.250079 49.208588
2151.073780 45.504181
2151.897481 51.940842
2152.721182 42.276566
2153.544884 46.855713
2154.368585 38.046280
2155.192286 57.468628
2156.015987 73.323639
2156.839688 70.820374
2157.663389 74.236450
2158.487090 77.995529
2159.310792 78.063553
2160.134493 76.149170
2160.958194 63.077942
2161.781895 68.163788
2162.605596 70.442398
2163.429297 73.033127
2164.252998 73.918060
2165.076699 69.484863
2165.900401 71.881256
2166.724102 64.562042
2167.547803 65.771530
2168.371504 75.740799
2169.195205 87.827515
2170.018906 96.202362
2170.842607 91.493500
2171.666309 82.328568
2172.490010 83.800491
2173.313711 71.805817
2174.137412 62.129333
2174.961113 57.965164
2175.784814 59.658463
2176.608515 67.084625
2177.432216 74.908524
2178.255918 85.717270
2179.079619 97.237579
2179.903320 93.598450
2180.727021 88.290390
2181.550722 84.388428
2182.374423 80.887939
2183.198124 84.322556
2184.021826 91.253708
2184.845527 96.222061
2185.669228 101.416733
2186.492929 106.315704
2187.316630 103.373474
2188.140331 94.838272
2188.964032 78.112625
2189.787733 63.135056
2190.611435 51.329163
2191.435136 47.515472
2192.258837 56.786377
2193.082538 64.568726
2193.906239 80.500946
2194.729940 90.314346
2195.553641 92.917618
2196.377342 95.863678
2197.201044 91.851273
2198.024745 83.222855
2198.848446 68.663635
2199.672147 60.949387
2200.495848 70.594788
2201.319549 69.551193
2202.143250 75.229538
2202.966952 76.238052
2203.790653 68.344482
2204.614354 60.837234
2205.438055 51.269241
2206.261756 49.057037
2207.085457 53.650803
2207.909158 53.935104
2208.732859 58.425461
2209.556561 65.051880
2210.380262 58.882217
2211.203963 51.238632
2212.027664 46.560226
2212.851365 42.459625
2213.675066 41.074951
2214.498767 48.683121
2215.322469 51.389923
2216.146170 54.122482
2216.969871 56.003067
2217.793572 51.934158
2218.617273 47.018784
2219.440974 48.419647
2220.264675 50.621613
2221.088376 54.075211
2221.912078 58.057159
2222.735779 60.263763
2223.559480 55.682968
2224.383181 55.780441
2225.206882 66.292007
2226.030583 60.619308
2226.854284 48.472809
2227.677986 47.557297
2228.501687 44.427841
2229.325388 55.804245
2230.149089 60.791962
2230.972790 59.935013
2231.796491 60.770508
2232.620192 64.113617
2233.443893 63.243759
2234.267595 53.031677
2235.091296 40.673279
2235.914997 45.194962
2236.738698 41.859802
2237.562399 48.964737
2238.386100 45.148804
2239.209801 42.511536
2240.033503 47.329269
2240.857204 54.476807
2241.680905 63.752808
2242.504606 72.515137
2243.328307 70.301971
2244.152008 60.316452
2244.975709 39.981995
2245.799410 34.194321
2246.623112 36.948135
2247.446813 41.938370
2248.270514 53.279938
2249.094215 60.362320
2249.917916 66.689667
2250.741617 62.310165
2251.565318 58.153046
2252.389020 64.174103
2253.212721 67.256561
2254.036422 69.594208
2254.860123 76.069077
2255.683824 77.155899
2256.507525 70.550812
2257.331226 68.668442
2258.154927 65.916122
2258.978629 50.016769
2259.802330 39.678818
2260.626031 33.100082
2261.449732 27.246109
2262.273433 26.084457
2263.097134 34.984390
2263.920835 44.151611
2264.744537 41.503235
2265.568238 44.353806
2266.391939 42.901718
2267.215640 48.291428
2268.039341 53.605194
2268.863042 65.453537
2269.686743 72.429764
2270.510444 78.089325
2271.334146 81.409882
2272.157847 76.954330
2272.981548 68.387268
2273.805249 60.351318
2274.628950 49.593506
2275.452651 46.475342
2276.276352 39.651779
2277.100054 35.935883
2277.923755 33.553589
2278.747456 45.895386
2279.571157 52.571136
2280.394858 47.324600
2281.218559 61.578293
2282.042260 59.334076
2282.865961 50.971008
2283.689663 45.245010
2284.513364 41.550522
2285.337065 33.503006
2286.160766 35.184814
2286.984467 45.695755
2287.808168 50.659180
2288.631869 57.973938
2289.455571 66.207794
2290.279272 60.885849
2291.102973 56.231583
2291.926674 50.978180
2292.750375 43.553635
2293.574076 37.476776
2294.397777 27.560471
2295.221478 27.276886
2296.045180 24.892944
2296.868881 33.181458
2297.692582 41.603806
2298.516283 57.760910
2299.339984 65.252991
2300.163685 76.252518
2300.987386 83.976334
2301.811088 77.490204
2302.634789 72.112503
2303.458490 63.201981
2304.282191 63.180756
2305.105892 56.739319
2305.929593 53.522675
2306.753294 60.684937
2307.576995 61.061218
2308.400697 54.574677
2309.224398 45.006531
2310.048099 38.587692
2310.871800 55.019012
2311.695501 46.112579
2312.519202 41.360306
2313.342903 41.268417
2314.166605 33.950760
2314.990306 33.488785
2315.814007 28.058044
2316.637708 22.619324
2317.461409 19.399658
2318.285110 18.106277
2319.108811 12.310806
2319.932512 17.350723
2320.756214 26.259811
2321.579915 35.775665
2322.403616 33.114014
2323.227317 35.115875
2324.051018 36.865005
2324.874719 38.972290
2325.698420 41.978088
2326.522121 36.157822
2327.345823 34.570221
2328.169524 41.954544
2328.993225 43.568024
2329.816926 58.784348
2330.640627 67.260925
2331.464328 61.582703
2332.288029 67.636658
2333.111731 59.064407
2333.935432 49.212677
2334.759133 45.110657
2335.582834 33.366226
2336.406535 39.132980
2337.230236 25.296555
2338.053937 13.375549
2338.877638 15.417068
2339.701340 13.123657
2340.525041 19.304565
2341.348742 27.952698
2342.172443 32.152863
2342.996144 44.658340
2343.819845 50.394455
2344.643546 53.331833
2345.467248 45.450226
2346.290949 46.217438
2347.114650 46.021729
2347.938351 38.052231
2348.762052 33.950119
2349.585753 32.268661
2350.409454 22.361664
2351.233155 22.987305
2352.056857 35.227692
2352.880558 44.045990
2353.704259 51.787567
2354.527960 57.023651
2355.351661 52.138718
2356.175362 48.620850
2356.999063 37.799774
2357.822765 35.766281
2358.646466 37.043518
2359.470167 44.044968
2360.293868 53.046082
2361.117569 55.983383
2361.941270 52.284378
2362.764971 45.059586
2363.588672 33.361893
2364.412374 37.761612
2365.236075 39.192703
2366.059776 41.029678
2366.883477 36.164413
2367.707178 33.072342
2368.530879 38.500732
2369.354580 41.225525
2370.178282 45.868210
2371.001983 49.724808
2371.825684 51.391449
2372.649385 61.676620
2373.473086 55.170105
2374.296787 45.250122
2375.120488 39.325073
2375.944189 31.062332
2376.767891 33.100677
2377.591592 33.468826
2378.415293 28.867310
2379.238994 33.043427
2380.062695 31.523178
2380.886396 21.479858
2381.710097 24.076218
2382.533799 24.051697
2383.357500 16.684113
2384.181201 17.225891
2385.004902 20.280182
2385.828603 27.925156
2386.652304 20.045822
2387.476005 9.344925
2388.299706 5.569321
2389.123408 6.010025
2389.947109 9.589874
2390.770810 11.913132
2391.594511 18.971512
2392.418212 17.024918
2393.241913 17.061371
2394.065614 10.116302
2394.889316 2.057709
2395.713017 9.419937
2396.536718 15.218109
2397.360419 21.803696
2398.184120 20.535934
2399.007821 17.985855
2399.831522 17.090942
2400.655223 12.355789
2401.478925 11.300629
2402.302626 14.315262
2403.126327 19.514175
2403.950028 27.169708
2404.773729 29.620499
2405.597430 31.304382
2406.421131 20.566956
2407.244833 18.746017
2408.068534 16.888535
2408.892235 20.967789
2409.715936 25.285126
2410.539637 31.447479
2411.363338 34.187302
2412.187039 33.142395
2413.010740 29.016068
2413.834442 26.210464
2414.658143 21.141785
2415.481844 18.105362
2416.305545 28.193497
2417.129246 36.447327
2417.952947 48.708633
2418.776648 42.301651
2419.600350 39.690018
2420.424051 44.927841
2421.247752 45.117966
2422.071453 41.506927
2422.895154 30.827209
2423.718855 17.270447
2424.542556 9.096695
2425.366257 0.000000
2426.189959 5.521194
2427.013660 12.600098
2427.837361 20.659317
2428.661062 31.900543
2429.484763 27.474701
2430.308464 25.151398
2431.132165 22.114349
2431.955867 24.684387
2432.779568 25.217087
2433.603269 24.634262
2434.426970 23.291626
2435.250671 23.353180
2436.074372 27.724533
2436.898073 26.650406
2437.721774 34.094818
2438.545476 36.984116
2439.369177 31.401749
2440.192878 30.080002
2441.016579 33.659531
2441.840280 37.585129
2442.663981 30.922668
2443.487682 35.820007
2444.311383 44.710297
2445.135085 31.711365
2445.958786 28.355072
2446.782487 37.817490
2447.606188 41.361908
2448.429889 41.321915
2449.253590 40.230133
2450.077291 52.354980
2450.900993 52.518570
2451.724694 52.213348
2452.548395 49.613647
2453.372096 51.055328
2454.195797 67.643600
2455.019498 70.167084
2455.843199 63.548309
2456.666900 60.732086
2457.490602 67.153336
2458.314303 73.197601
2459.138004 67.199722
2459.961705 71.754272
2460.785406 71.919128
2461.609107 61.377106
2462.432808 59.805130
2463.256510 58.741562
2464.080211 66.156601
2464.903912 60.115021
2465.727613 65.088135
2466.551314 69.810089
2467.375015 67.614349
2468.198716 67.364365
2469.022417 68.292557
2469.846119 62.000427
2470.669820 60.081711
2471.493521 58.928711
2472.317222 70.251984
2473.140923 72.386719
2473.964624 80.589401
2474.788325 87.340134
2475.612027 91.623001
2476.435728 93.159195
2477.259429 85.963486
2478.083130 76.127975
2478.906831 75.927795
2479.730532 69.554352
2480.554233 77.633224
2481.377934 85.635925
2482.201636 83.512726
2483.025337 83.013519
2483.849038 76.680405
2484.672739 67.389359
2485.496440 58.200348
2486.320141 61.989273
2487.143842 69.016144
2487.967544 75.444000
2488.791245 79.857117
2489.614946 77.230576
2490.438647 75.061462
2491.262348 75.000412
2492.086049 76.753616
2492.909750 70.813507
2493.733451 64.443649
2494.557153 57.464615
2495.380854 47.693924
2496.204555 41.022278
2497.028256 46.034973
2497.851957 47.748215
2498.675658 50.216721
2499.499359 50.005630
2500.323061 42.975418
2501.146762 40.968094
2501.970463 43.800751
2502.794164 38.807617
2503.617865 39.465988
2504.441566 35.966736
2505.265267 45.173660
2506.088968 47.299759
2506.912670 39.613831
2507.736371 36.938171
2508.560072 29.480530
2509.383773 23.459442
2510.207474 28.216614
2511.031175 36.883301
2511.854876 50.173904
2512.678578 51.852005
2513.502279 60.313904
2514.325980 56.527649
2515.149681 55.485382
2515.973382 49.165634
2516.797083 50.445374
2517.620784 56.008621
2518.444485 60.387085
2519.268187 54.485870
2520.091888 52.017685
2520.915589 48.137680
2521.739290 55.306946
2522.562991 48.427490
2523.386692 48.864365
2524.210393 49.441315
2525.034095 52.804642
2525.857796 51.887894
2526.681497 57.767975
2527.505198 60.982697
2528.328899 66.568222
2529.152600 67.766586
2529.976301 72.109802
2530.800002 76.267654
2531.623704 75.327606
2532.447405 69.852142
2533.271106 66.442215
2534.094807 68.096664
2534.918508 70.573441
2535.742209 69.026367
2536.565910 74.335632
2537.389612 76.585892
2538.213313 72.173843
2539.037014 61.931610
2539.860715 52.592377
2540.684416 44.551987
2541.508117 35.961731
2542.331818 39.026215
2543.155519 43.855713
2543.979221 48.918655
2544.802922 51.712540
2545.626623 47.567261
2546.450324 43.210800
2547.274025 34.192459
2548.097726 22.402802
2548.921427 22.121475
2549.745129 19.937027
2550.568830 28.842087
2551.392531 38.871185
2552.216232 39.387085
2553.039933 40.084961
2553.863634 38.441559
2554.687335 41.816833
2555.511036 40.314728
2556.334738 33.716354
2557.158439 32.271286
2557.982140 35.987045
2558.805841 47.439301
2559.629542 49.479996
2560.453243 45.321762
2561.276944 46.377487
2562.100645 45.257172
2562.924347 41.585999
2563.748048 33.936737
2564.571749 27.319534
2565.395450 34.747803
2566.219151 44.684402
2567.042852 50.028778
2567.866553 52.744385
2568.690255 56.147308
2569.513956 59.177048
2570.337657 54.883865
2571.161358 50.861954
2571.985059 42.777191
2572.808760 36.315567
2573.632461 28.417145
2574.456162 26.058151
2575.279864 23.601410
2576.103565 28.474365
2576.927266 34.900253
2577.750967 45.110138
2578.574668 52.213486
2579.398369 47.235214
2580.222070 39.322205
2581.045772 43.415787
2581.869473 39.141708
2582.693174 37.404739
2583.516875 42.593750
2584.340576 54.247269
2585.164277 59.520233
2585.987978 54.967865
2586.811679 52.449753
2587.635381 53.267303
2588.459082 54.141449
2589.282783 50.659042
2590.106484 43.681488
2590.930185 40.868927
2591.753886 44.458298
2592.577587 46.116638
2593.401289 51.551941
2594.224990 60.048386
2595.048691 61.606140
2595.872392 62.469345
2596.696093 58.216522
2597.519794 54.782959
2598.343495 46.946121
2599.167196 35.045914
2599.990898 29.452866
2600.814599 30.653610
2601.638300 38.730331
2602.462001 39.550903
2603.285702 38.037933
2604.109403 38.478928
2604.933104 42.783417
2605.756806 48.461243
2606.580507 53.964630
2607.404208 53.279068
2608.227909 59.816818
2609.051610 53.747910
2609.875311 56.590805
2610.699012 53.857208
2611.522713 53.625458
2612.346415 47.513748
2613.170116 48.989670
2613.993817 54.245697
2614.817518 57.184509
2615.641219 52.350113
2616.464920 56.045471
2617.288621 50.961029
2618.112323 54.576736
2618.936024 56.201920
2619.759725 56.177155
2620.583426 57.491089
2621.407127 61.680115
2622.230828 62.973465
2623.054529 64.046921
2623.878230 65.981491
2624.701932 68.715729
2625.525633 71.863663
2626.349334 67.759201
2627.173035 60.068756
2627.996736 54.984772
2628.820437 57.819443
2629.644138 62.367111
2630.467840 61.893631
2631.291541 56.545517
2632.115242 52.055298
2632.938943 45.779541
2633.762644 46.591476
2634.586345 50.392807
2635.410046 55.874939
2636.233747 69.776367
2637.057449 85.673508
2637.881150 86.275192
2638.704851 88.487869
2639.528552 87.352219
2640.352253 88.086716
2641.175954 81.918503
2641.999655 78.530396
2642.823357 79.526505
2643.647058 86.346390
2644.470759 85.990662
2645.294460 90.680420
2646.118161 94.674393
2646.941862 99.713486
2647.765563 102.825470
2648.589264 110.780640
2649.412966 107.644852
2650.236667 107.857773
2651.060368 119.223099
2651.884069 130.973602
2652.707770 133.840164
2653.531471 136.379776
2654.355172 145.777832
2655.178874 142.027405
2656.002575 125.251221
2656.826276 123.981339
2657.649977 131.092194
2658.473678 130.979034
2659.297379 135.300903
2660.121080 147.805771
2660.944781 160.855408
2661.768483 151.966324
2662.592184 145.699371
2663.415885 142.623230
2664.239586 140.685349
2665.063287 137.437637
2665.886988 135.970352
2666.710689 145.403763
2667.534391 153.212906
2668.358092 145.375656
2669.181793 142.612976
2670.005494 147.659576
2670.829195 148.462601
2671.652896 149.787766
2672.476597 146.922577
2673.300298 142.821503
2674.124000 140.024170
2674.947701 131.406662
2675.771402 122.195160
2676.595103 111.274475
2677.418804 106.006256
2678.242505 102.792465
2679.066206 96.295044
2679.889907 100.354263
2680.713609 111.365997
2681.537310 117.587250
2682.361011 116.074127
2683.184712 105.875458
2684.008413 102.339935
2684.832114 98.998123
2685.655815 94.577179
2686.479517 95.770340
2687.303218 97.773346
2688.126919 96.031219
2688.950620 96.826614
2689.774321 96.796738
2690.598022 102.882797
2691.421723 105.412933
2692.245424 94.898987
2693.069126 93.619186
2693.892827 89.218689
2694.716528 82.324066
2695.540229 84.633377
2696.363930 85.948181
2697.187631 90.411346
2698.011332 88.557953
2698.835034 80.859909
2699.658735 84.750229
2700.482436 83.126190
2701.306137 90.179352
2702.129838 91.031494
2702.953539 90.850937
2703.777240 88.835098
2704.600941 86.290497
2705.424643 90.654343
2706.248344 91.641266
2707.072045 94.204773
2707.895746 100.557190
2708.719447 102.120468
2709.543148 107.185516
2710.366849 102.957626
2711.190551 112.134369
2712.014252 122.943405
2712.837953 124.626740
2713.661654 127.244720
2714.485355 127.490158
2715.309056 124.687973
2716.132757 124.196732
2716.956458 125.220917
2717.780160 129.309814
2718.603861 130.265381
2719.427562 131.293274
2720.251263 135.649368
2721.074964 138.564545
2721.898665 137.991821
2722.722366 141.013504
2723.546068 149.110825
2724.369769 156.598267
2725.193470 170.012283
2726.017171 181.115372
2726.840872 183.516693
2727.664573 190.700562
2728.488274 195.278320
2729.311975 197.043365
2730.135677 196.405838
2730.959378 194.401215
2731.783079 190.244095
2732.606780 192.729202
2733.430481 197.025009
2734.254182 207.942276
2735.077883 212.274841
2735.901585 230.467514
2736.725286 246.868561
2737.548987 265.945801
2738.372688 278.691681
2739.196389 285.866455
2740.020090 294.330017
2740.843791 297.729919
2741.667492 294.464783
2742.491194 290.921326
2743.314895 287.958862
2744.138596 291.647888
2744.962297 296.606262
2745.785998 299.336914
2746.609699 304.884369
2747.433400 303.754089
2748.257102 311.714081
2749.080803 315.324738
2749.904504 323.590149
2750.728205 336.043152
2751.551906 352.342896
2752.375607 374.219788
2753.199308 378.393311
2754.023009 372.215637
2754.846711 363.105835
2755.670412 348.531189
2756.494113 331.118896
2757.317814 303.942566
2758.141515 284.970642
2758.965216 266.054260
2759.788917 239.293549
2760.612619 225.618317
2761.436320 219.278458
2762.260021 209.879990
2763.083722 200.337769
2763.907423 187.045639
2764.731124 174.999329
2765.554825 164.651566
2766.378526 163.108246
2767.202228 164.730240
2768.025929 161.217041
2768.849630 157.309402
2769.673331 148.015167
2770.497032 132.459503
2771.320733 116.770432
2772.144434 110.958633
2772.968136 110.753311
2773.791837 104.470703
2774.615538 98.755646
2775.439239 99.437851
2776.262940 94.027176
2777.086641 95.636566
2777.910342 92.933441
2778.734043 88.448257
2779.557745 90.024292
2780.381446 87.107132
2781.205147 87.190536
2782.028848 87.994278
2782.852549 84.637283
2783.676250 81.334778
2784.499951 71.874725
2785.323653 65.941345
2786.147354 58.142731
2786.971055 48.095535
2787.794756 46.296036
2788.618457 45.613770
2789.442158 50.428299
2790.265859 53.828812
2791.089560 59.554840
2791.913262 66.740372
2792.736963 71.642258
2793.560664 72.677444
2794.384365 72.461548
2795.208066 69.046616
2796.031767 56.887711
2796.855468 48.217072
2797.679169 44.529892
2798.502871 42.638214
2799.326572 45.430862
2800.150273 50.638931
2800.973974 56.849930
2801.797675 52.922897
2802.621376 50.462631
2803.445077 50.147736
2804.268779 47.595978
2805.092480 47.555084
2805.916181 49.430923
2806.739882 48.956955
2807.563583 46.635345
2808.387284 43.847290
2809.210985 37.406296
2810.034686 38.485123
2810.858388 40.195007
2811.682089 42.848846
2812.505790 51.726212
2813.329491 61.392731
2814.153192 66.964981
2814.976893 64.149673
2815.800594 61.380646
2816.624296 61.691269
2817.447997 55.833679
2818.271698 49.683228
2819.095399 47.928299
2819.919100 52.595734
2820.742801 50.841156
2821.566502 46.127838
2822.390203 49.041962
2823.213905 57.197662
2824.037606 63.366592
2824.861307 63.109665
2825.685008 71.954315
2826.508709 77.018509
2827.332410 75.072754
2828.156111 77.500107
2828.979813 86.100906
2829.803514 93.677032
2830.627215 92.483856
2831.450916 89.219070
2832.274617 91.664917
2833.098318 93.113800
2833.922019 98.478363
2834.745720 104.474854
2835.569422 114.748260
2836.393123 126.629089
2837.216824 137.662888
2838.040525 145.135132
2838.864226 149.641312
2839.687927 154.643112
2840.511628 155.064117
2841.335330 158.528488
2842.159031 161.661011
2842.982732 170.856979
2843.806433 186.509033
2844.630134 198.478104
2845.453835 208.647430
2846.277536 214.296280
2847.101237 214.104980
2847.924939 215.241745
2848.748640 218.670883
2849.572341 224.512695
2850.396042 226.713348
2851.219743 235.772736
2852.043444 234.861404
2852.867145 234.998322
2853.690847 237.192017
2854.514548 246.897903
2855.338249 246.610565
2856.161950 243.171677
2856.985651 247.450500
2857.809352 250.329285
2858.633053 252.199539
2859.456754 267.198242
2860.280456 275.187103
2861.104157 291.345093
2861.927858 305.391693
2862.751559 313.317932
2863.575260 323.062714
2864.398961 336.485840
2865.222662 354.087585
2866.046364 373.776672
2866.870065 399.277588
2867.693766 437.461853
2868.517467 485.810486
2869.341168 527.360107
2870.164869 566.207214
2870.988570 604.662903
2871.812271 650.021667
2872.635973 691.804443
2873.459674 731.907715
2874.283375 772.155273
2875.107076 807.537354
2875.930777 836.277710
2876.754478 869.720825
2877.578179 898.469360
2878.401881 930.336365
2879.225582 958.544373
2880.049283 986.994263
2880.872984 998.000854
2881.696685 995.130249
2882.520386 987.388733
2883.344087 975.493469
2884.167788 957.976563
2884.991490 937.409180
2885.815191 913.704834
2886.638892 891.558716
2887.462593 859.466431
2888.286294 844.825134
2889.109995 829.634888
2889.933696 815.140381
2890.757398 800.821533
2891.581099 779.151611
2892.404800 770.564819
2893.228501 762.782898
2894.052202 748.034607
2894.875903 734.954285
2895.699604 735.975708
2896.523305 737.721558
2897.347007 734.074707
2898.170708 728.518555
2898.994409 735.934692
2899.818110 736.605957
2900.641811 759.873413
2901.465512 780.584534
2902.289213 803.238098
2903.112915 821.546631
2903.936616 835.930298
2904.760317 862.397156
2905.584018 889.744324
2906.407719 904.517456
2907.231420 925.260010
2908.055121 931.029907
2908.878822 934.755981
2909.702524 939.522949
2910.526225 947.980164
2911.349926 971.435486
2912.173627 995.089233
2912.997328 1026.873413
2913.821029 1052.964233
2914.644730 1064.327148
2915.468432 1067.960693
2916.292133 1072.802124
2917.115834 1085.113281
2917.939535 1104.181763
2918.763236 1125.239502
2919.586937 1133.561157
2920.410638 1162.136353
2921.234339 1191.799683
2922.058041 1219.320190
2922.881742 1245.738892
2923.705443 1271.702271
2924.529144 1309.854370
2925.352845 1340.668701
2926.176546 1373.281372
2927.000247 1434.378540
2927.823948 1494.122925
2928.647650 1561.128784
2929.471351 1636.079956
2930.295052 1728.586792
2931.118753 1844.179932
2931.942454 1979.924561
2932.766155 2149.010498
2933.589856 2316.536865
2934.413558 2483.982178
2935.237259 2678.589355
2936.060960 2883.251953
2936.884661 3084.416260
2937.708362 3296.704834
2938.532063 3486.569092
2939.355764 3667.166016
2940.179465 3810.968262
2941.003167 3887.200684
2941.826868 3916.264648
2942.650569 3912.139893
2943.474270 3872.931885
2944.297971 3787.733887
2945.121672 3689.290039
2945.945373 3559.849365
2946.769075 3416.053711
2947.592776 3285.413818
2948.416477 3156.611816
2949.240178 3030.114746
2950.063879 2898.250488
2950.887580 2767.759277
2951.711281 2664.249512
2952.534982 2572.225586
2953.358684 2524.454102
2954.182385 2489.494629
2955.006086 2484.545898
2955.829787 2501.299805
2956.653488 2524.046387
2957.477189 2541.891602
2958.300890 2564.129639
2959.124592 2615.192871
2959.948293 2690.450439
2960.771994 2767.256836
2961.595695 2841.378662
2962.419396 2870.436035
2963.243097 2895.962158
2964.066798 2925.843262
2964.890499 2932.011719
2965.714201 2917.962891
2966.537902 2878.095703
2967.361603 2829.716553
2968.185304 2752.011719
2969.009005 2634.601074
2969.832706 2516.482422
2970.656407 2400.505371
2971.480109 2282.221924
2972.303810 2168.014648
2973.127511 2047.163452
2973.951212 1935.952393
2974.774913 1823.494751
2975.598614 1710.757080
2976.422315 1609.014282
2977.246016 1507.410400
2978.069718 1421.984741
2978.893419 1354.738281
2979.717120 1294.619995
2980.540821 1239.658569
2981.364522 1202.760498
2982.188223 1185.630981
2983.011924 1160.512451
2983.835626 1139.027466
2984.659327 1122.019287
2985.483028 1102.682373
2986.306729 1084.052979
2987.130430 1075.595459
2987.954131 1082.276123
2988.777832 1070.236328
2989.601533 1048.173340
2990.425235 1058.617310
2991.248936 1053.233154
2992.072637 1048.221924
2992.896338 1044.104736
2993.720039 1029.911743
2994.543740 1009.255737
2995.367441 987.625244
2996.191143 977.252258
2997.014844 963.630920
2997.838545 941.750244
2998.662246 938.418335
2999.485947 933.777771
3000.309648 922.791382
3001.133349 915.708008
3001.957050 917.227295
3002.780752 904.526917
3003.604453 886.627380
3004.428154 880.455444
3005.251855 867.037598
3006.075556 840.509705
3006.899257 834.690308
3007.722958 828.413086
3008.546660 817.490479
3009.370361 811.560913
3010.194062 799.735474
3011.017763 780.892944
3011.841464 769.176880
3012.665165 749.616455
3013.488866 742.352234
3014.312567 723.388672
3015.136269 705.677368
3015.959970 693.823364
3016.783671 674.144775
3017.607372 664.554688
3018.431073 653.509888
3019.254774 637.083984
3020.078475 622.592773
3020.902177 590.424438
3021.725878 563.003967
3022.549579 525.224304
3023.373280 494.802246
3024.196981 475.879944
3025.020682 445.679779
3025.844383 427.174072
3026.668084 407.049530
3027.491786 387.145081
3028.315487 366.893707
3029.139188 345.940002
3029.962889 329.278442
3030.786590 310.777252
3031.610291 298.483765
3032.433992 283.215088
3033.257694 266.102997
3034.081395 253.520172
3034.905096 244.004517
3035.728797 234.555313
3036.552498 226.593765
3037.376199 222.719940
3038.199900 217.060822
3039.023601 204.121979
3039.847303 195.128265
3040.671004 185.442078
3041.494705 183.485931
3042.318406 177.212494
3043.142107 167.053513
3043.965808 159.730774
3044.789509 150.733490
3045.613210 143.014847
3046.436912 131.501678
3047.260613 119.331146
3048.084314 115.186081
3048.908015 116.513321
3049.731716 114.024704
3050.555417 118.210220
3051.379118 114.388199
3052.202820 113.457672
3053.026521 109.382446
3053.850222 104.049667
3054.673923 106.384079
3055.497624 106.432251
3056.321325 104.211441
3057.145026 106.272247
3057.968727 98.518799
3058.792429 100.244797
3059.616130 95.257828
3060.439831 95.712036
3061.263532 99.239502
3062.087233 93.116959
3062.910934 84.729401
3063.734635 82.647003
3064.558337 77.961746
3065.382038 81.379593
3066.205739 81.793304
3067.029440 83.653839
3067.853141 79.417282
3068.676842 78.324600
3069.500543 71.315994
3070.324244 67.364075
3071.147946 69.308853
3071.971647 71.173004
3072.795348 69.201538
3073.619049 61.756332
3074.442750 55.827072
3075.266451 57.311905
3076.090152 55.290848
3076.913854 61.005035
3077.737555 60.322372
3078.561256 55.178787
3079.384957 55.318695
3080.208658 53.960281
3081.032359 54.415207
3081.856060 49.845230
3082.679761 48.063919
3083.503463 56.792923
3084.327164 54.443741
3085.150865 51.033447
3085.974566 54.223831
3086.798267 58.895538
3087.621968 55.175919
3088.445669 51.254456
3089.269371 52.592743
3090.093072 50.863403
3090.916773 51.487335
3091.740474 49.077438
3092.564175 45.844162
3093.387876 45.002716
3094.211577 46.861694
3095.035278 45.379333
3095.858980 42.582535
3096.682681 41.107117
3097.506382 42.369949
3098.330083 39.860718
3099.153784 38.022156
3099.977485 38.365219
3100.801186 37.689270
3101.624888 39.422211
3102.448589 36.982864
3103.272290 36.101044
3104.095991 36.124603
3104.919692 27.385742
3105.743393 22.404526
3106.567094 20.613937
3107.390795 17.637833
3108.214497 22.751419
3109.038198 18.183868
3109.861899 17.801407
3110.685600 15.887924
3111.509301 14.296295
3112.333002 11.113800
3113.156703 7.904388
3113.980405 3.358124
3114.804106 4.371857
3115.627807 2.806808
3116.451508 6.742676
3117.275209 12.797943
3118.098910 17.456528
3118.922611 20.540771
3119.746312 19.760925
3120.570014 18.950760
3121.393715 16.603439
3122.217416 9.193176
3123.041117 2.532532
3123.864818 -1.127075
3124.688519 -3.399460
3125.512220 -2.713730
3126.335922 -6.045685
3127.159623 -5.015640
3127.983324 -3.012985
3128.807025 -4.199173
3129.630726 -6.577637
3130.454427 1.768997
3131.278128 0.364334
3132.101829 -3.342316
3132.925531 0.990219
3133.749232 3.443039
3134.572933 10.465332
3135.396634 8.548904
3136.220335 8.705734
3137.044036 12.945709
3137.867737 11.333542
3138.691439 11.333847
3139.515140 11.190918
3140.338841 4.662613
3141.162542 7.130875
3141.986243 -1.633026
3142.809944 -0.125183
3143.633645 6.391602
3144.457346 14.135040
3145.281048 22.113388
3146.104749 25.768387
3146.928450 21.775970
3147.752151 16.674149
3148.575852 7.434738
3149.399553 3.743042
3150.223254 -6.414505
3151.046956 -12.769775
3151.870657 -11.583588
3152.694358 -4.819305
3153.518059 -0.113510
3154.341760 1.033066
3155.165461 1.499069
3155.989162 14.212784
3156.812863 19.709915
3157.636565 17.590958
3158.460266 17.656067
3159.283967 11.080887
3160.107668 8.035034
3160.931369 3.932602
3161.755070 -0.987747
3162.578771 0.000000
3163.402472 0.916229
3164.226174 2.365005
3165.049875 6.157913
3165.873576 1.192276
3166.697277 2.526154
3167.520978 4.126144
3168.344679 -0.404968
3169.168380 -3.512787
3169.992082 -3.121750
3170.815783 0.157181
3171.639484 -0.931015
3172.463185 -1.032425
3173.286886 0.011978
3174.110587 4.983810
3174.934288 4.771637
3175.757989 4.648026
3176.581691 8.958710
3177.405392 7.185883
3178.229093 4.591675
3179.052794 -3.637238
3179.876495 -4.718811
3180.700196 2.982269
3181.523897 6.176483
3182.347599 5.867462
3183.171300 6.941101
3183.995001 11.688492
3184.818702 8.734634
3185.642403 1.846298
3186.466104 -4.587463
3187.289805 -5.262985
3188.113506 -6.369507
3188.937208 -6.623520
3189.760909 -2.608414
3190.584610 4.239090
3191.408311 3.801529
3192.232012 6.183945
3193.055713 0.000000
3193.879414 4.128906
3194.703116 1.987854
3195.526817 3.215927
3196.350518 0.339798
3197.174219 0.000000
