99.667519 0.000000
101.013199 0.000000
102.358878 871.769531
103.704558 1651.933838
105.050238 2217.969238
106.395918 2616.192383
107.741598 2890.939941
109.087278 3114.049316
110.432958 3370.181641
111.778638 3579.079834
113.124318 3668.192871
114.469998 3679.463135
115.815677 3595.303223
117.161357 3458.878418
118.507037 3356.165039
119.852717 3280.064209
121.198397 3217.888672
122.544077 3140.763672
123.889757 3055.368164
125.235437 2995.894531
126.581117 2969.029297
127.926797 2971.680176
129.272476 3005.094482
130.618156 3035.958496
131.963836 3041.931641
133.309516 3041.001221
134.655196 2974.460449
136.000876 2880.448242
137.346556 2786.261963
138.692236 2702.353516
140.037916 2651.728760
141.383596 2607.899414
142.729275 2538.776367
144.074955 2478.460938
145.420635 2421.005615
146.766315 2400.533203
148.111995 2432.262695
149.457675 2441.024414
150.803355 2439.466553
152.149035 2440.962891
153.494715 2467.664551
154.840395 2522.650635
156.186075 2577.908447
157.531754 2644.413818
158.877434 2778.217529
160.223114 2936.192627
161.568794 3075.648438
162.914474 3184.649902
164.260154 3277.090332
165.605834 3380.019043
166.951514 3468.299316
168.297194 3523.575195
169.642874 3542.656250
170.988553 3513.704102
172.334233 3477.854492
173.679913 3433.094238
175.025593 3365.321533
176.371273 3302.679688
177.716953 3234.122070
179.062633 3144.090332
180.408313 3030.454834
181.753993 2927.664551
183.099673 2866.186523
184.445352 2831.491699
185.791032 2813.418213
187.136712 2807.588623
188.482392 2853.551025
189.828072 2886.026611
191.173752 2890.176758
192.519432 2891.224121
193.865112 2898.330322
195.210792 2883.147461
196.556472 2898.433105
197.902151 2886.174805
199.247831 2877.754395
200.593511 2897.468262
201.939191 2944.748535
203.284871 3022.845459
204.630551 3115.392334
205.976231 3220.786133
207.321911 3327.739990
208.667591 3398.285645
210.013271 3402.356445
211.358951 3373.094727
212.704630 3227.390381
214.050310 3039.462891
215.395990 2819.766846
216.741670 2579.686523
218.087350 2363.296387
219.433030 2167.858887
220.778710 1911.949097
222.124390 1673.840576
223.470070 1443.388916
224.815750 1203.812622
226.161429 974.547668
227.507109 768.541016
228.852789 587.748779
230.198469 406.388000
231.544149 246.815430
232.889829 126.489563
234.235509 45.836670
235.581189 -1.442383
236.926869 -7.127319
238.272549 -0.848938
239.618228 0.000000
240.963908 -4.189209
242.309588 21.595032
243.655268 29.757935
245.000948 71.735107
246.346628 119.967712
247.692308 140.615479
249.037988 145.583679
250.383668 160.867493
251.729348 167.907959
253.075027 193.621094
254.420707 218.363525
255.766387 244.567078
257.112067 266.080444
258.457747 270.585022
259.803427 307.128906
261.149107 342.972961
262.494787 383.705627
263.840467 412.343140
265.186147 420.455383
266.531827 430.909607
267.877506 459.439880
269.223186 486.651367
270.568866 487.165039
271.914546 435.940857
273.260226 363.345581
274.605906 335.608765
275.951586 324.046326
277.297266 303.030945
278.642946 266.863098
279.988626 215.162903
281.334305 169.328918
282.679985 157.444519
284.025665 159.922424
285.371345 132.371033
286.717025 109.661255
288.062705 113.117554
289.408385 138.766052
290.754065 166.582642
292.099745 186.584900
293.445425 212.829590
294.791104 226.635071
296.136784 247.631531
297.482464 268.466370
298.828144 267.093506
300.173824 272.548828
301.519504 277.210632
302.865184 268.891968
304.210864 257.883606
305.556544 235.259033
306.902224 206.697327
308.247903 221.511108
309.593583 242.448547
310.939263 284.684692
312.284943 300.243652
313.630623 276.913025
314.976303 233.241516
316.321983 190.591553
317.667663 200.833130
319.013343 230.320435
320.359023 213.139709
321.704703 167.103394
323.050382 119.021790
324.396062 74.692688
325.741742 84.512756
327.087422 129.689941
328.433102 135.553406
329.778782 124.230957
331.124462 131.255615
332.470142 148.601257
333.815822 140.690369
335.161502 166.972717
336.507181 176.809692
337.852861 161.930359
339.198541 154.493652
340.544221 177.269104
341.889901 204.363586
343.235581 256.224243
344.581261 295.026184
345.926941 290.114624
347.272621 269.591187
348.618301 257.659729
349.963980 249.813965
351.309660 279.382568
352.655340 316.647583
354.001020 360.895935
355.346700 414.027771
356.692380 457.719421
358.038060 484.647034
359.383740 559.432312
360.729420 665.218689
362.075100 758.697083
363.420779 845.950745
364.766459 921.777832
366.112139 992.813721
367.457819 1091.444214
368.803499 1216.986450
370.149179 1312.650879
371.494859 1419.230957
372.840539 1498.331543
374.186219 1542.232178
375.531899 1589.692139
376.877579 1633.721436
378.223258 1664.994263
379.568938 1687.007813
380.914618 1663.181519
382.260298 1614.692749
383.605978 1578.314697
384.951658 1534.567871
386.297338 1494.859253
387.643018 1469.755127
388.988698 1443.079590
390.334378 1427.209717
391.680057 1426.386963
393.025737 1425.527832
394.371417 1416.800049
395.717097 1397.982422
397.062777 1352.511597
398.408457 1323.454224
399.754137 1301.519897
401.099817 1281.580200
402.445497 1291.507324
403.791177 1286.263428
405.136856 1275.927002
406.482536 1292.026001
407.828216 1308.438965
409.173896 1321.209229
410.519576 1345.029297
411.865256 1332.926758
413.210936 1330.829590
414.556616 1334.475708
415.902296 1345.074951
417.247976 1359.062744
418.593655 1374.574341
419.939335 1399.744263
421.285015 1469.239014
422.630695 1558.343384
423.976375 1609.980469
425.322055 1623.440430
426.667735 1602.103027
428.013415 1572.340210
429.359095 1572.524658
430.704775 1569.386230
432.050455 1532.836182
433.396134 1483.505127
434.741814 1432.573242
436.087494 1389.305786
437.433174 1358.489258
438.778854 1303.589355
440.124534 1244.946045
441.470214 1163.351074
442.815894 1080.097168
444.161574 976.611450
445.507254 851.251038
446.852933 731.342529
448.198613 628.868530
449.544293 511.434021
450.889973 419.214905
452.235653 329.832458
453.581333 239.650879
454.927013 159.822937
456.272693 83.119141
457.618373 0.546387
458.964053 -36.253357
460.309732 -48.607300
461.655412 -25.917603
463.001092 10.790283
464.346772 51.111816
465.692452 111.448914
467.038132 188.039185
468.383812 262.124268
469.729492 371.282349
471.075172 462.061829
472.420852 543.647034
473.766531 637.301941
475.112211 708.716370
476.457891 777.405029
477.803571 841.538086
479.149251 838.954468
480.494931 809.727722
481.840611 779.552429
483.186291 762.385864
484.531971 796.964600
485.877651 812.064087
487.223330 786.057739
488.569010 730.011169
489.914690 673.845581
491.260370 654.260315
492.606050 681.157471
493.951730 697.071045
495.297410 709.411682
496.643090 666.445251
497.988770 634.757629
499.334450 609.066467
500.680130 599.436768
502.025809 612.442566
503.371489 639.795654
504.717169 659.308228
506.062849 675.852356
507.408529 672.088501
508.754209 646.111023
510.099889 617.121765
511.445569 599.192749
512.791249 610.042297
514.136929 613.224731
515.482608 649.700012
516.828288 654.612976
518.173968 640.137878
519.519648 619.551453
520.865328 597.667236
522.211008 577.990906
523.556688 563.604370
524.902368 526.605652
526.248048 472.960938
527.593728 435.320007
528.939407 409.484924
530.285087 404.576355
531.630767 421.609802
532.976447 447.486572
534.322127 432.493652
535.667807 423.214294
537.013487 412.197205
538.359167 408.064941
539.704847 433.770996
541.050527 467.429077
542.396206 480.239136
543.741886 506.630005
545.087566 538.403137
546.433246 578.516724
547.778926 640.070496
549.124606 724.297852
550.470286 819.776672
551.815966 924.633972
553.161646 1026.197144
554.507326 1173.830566
555.853006 1334.070801
557.198685 1538.910522
558.544365 1756.033691
559.890045 1983.936279
561.235725 2245.420166
562.581405 2529.865234
563.927085 2792.302979
565.272765 3052.569824
566.618445 3281.447998
567.964125 3507.594727
569.309805 3762.812988
570.655484 4012.084473
572.001164 4250.030273
573.346844 4450.299805
574.692524 4595.141113
576.038204 4693.363281
577.383884 4772.260742
578.729564 4847.383301
580.075244 4910.160156
581.420924 4933.883789
582.766604 4883.552734
584.112283 4743.024414
585.457963 4485.780762
586.803643 4134.885742
588.149323 3683.485107
589.495003 3148.241211
590.840683 2605.803223
592.186363 2135.386963
593.532043 1699.047974
594.877723 1372.960327
596.223403 1086.463135
597.569082 830.631897
598.914762 613.273071
600.260442 450.215942
601.606122 309.520752
602.951802 221.938660
604.297482 134.104553
605.643162 87.159851
606.988842 33.692444
608.334522 -0.913879
609.680202 -0.041504
611.025882 2.920898
612.371561 0.000000
613.717241 36.234497
615.062921 43.389160
616.408601 35.081116
617.754281 27.774292
619.099961 25.662415
620.445641 52.125793
621.791321 123.666809
623.137001 162.372009
624.482681 160.187012
625.828360 143.811462
627.174040 169.314819
628.519720 227.492188
629.865400 281.844482
631.211080 297.441650
632.556760 291.896667
633.902440 284.879944
635.248120 310.174194
636.593800 371.380310
637.939480 416.949341
639.285159 466.168579
640.630839 507.524109
641.976519 517.336975
643.322199 477.033020
644.667879 416.235229
646.013559 345.790161
647.359239 297.273682
648.704919 255.072388
650.050599 251.254761
651.396279 253.009338
652.741958 235.295593
654.087638 237.917053
655.433318 263.307739
656.778998 290.309998
658.124678 375.512207
659.470358 547.895630
660.816038 748.461914
662.161718 999.649292
663.507398 1362.455322
664.853078 1843.588013
666.198758 2455.314209
667.544437 3332.822998
668.890117 4378.839355
670.235797 5808.354980
671.581477 7793.024902
672.927157 10381.427734
674.272837 13585.609375
675.618517 17456.146484
676.964197 21777.791016
678.309877 26491.500000
679.655557 31366.523438
681.001236 36042.457031
682.346916 40165.351563
683.692596 43476.863281
685.038276 45755.921875
686.383956 46926.449219
687.729636 47134.777344
689.075316 46668.500000
690.420996 45809.363281
691.766676 44874.125000
693.112356 44076.867188
694.458035 43418.710938
695.803715 42864.175781
697.149395 42308.730469
698.495075 41481.070313
699.840755 40206.941406
701.186435 38379.753906
702.532115 35921.562500
703.877795 32794.914063
705.223475 29109.890625
706.569155 24985.792969
707.914834 20647.533203
709.260514 16353.138672
710.606194 12341.548828
711.951874 8794.879883
713.297554 5877.708984
714.643234 3679.465332
715.988914 2122.404541
717.334594 1135.486816
718.680274 598.535339
720.025954 445.988831
721.371634 562.278992
722.717313 863.982178
724.062993 1270.739258
725.408673 1799.399658
726.754353 2457.288086
728.100033 3212.250488
729.445713 3996.186279
730.791393 4754.721680
732.137073 5506.327637
733.482753 6243.380371
734.828433 7000.586426
736.174112 7710.271484
737.519792 8382.029297
738.865472 9083.243164
740.211152 9805.615234
741.556832 10515.343750
742.902512 11218.827148
744.248192 11803.155273
745.593872 12303.667969
746.939552 12582.642578
748.285232 12643.281250
749.630911 12504.451172
750.976591 12344.630859
752.322271 12318.600586
753.667951 12606.243164
755.013631 13199.202148
756.359311 14176.837891
757.704991 15313.000000
759.050671 16631.197266
760.396351 17812.296875
761.742031 18670.789063
763.087710 19077.978516
764.433390 18943.498047
765.779070 18218.050781
767.124750 17181.349609
768.470430 15912.949219
769.816110 14617.128906
771.161790 13476.750977
772.507470 12660.267578
773.853150 12286.006836
775.198830 12409.843750
776.544510 13018.515625
777.890189 13944.919922
779.235869 15000.948242
780.581549 16112.272461
781.927229 17080.994141
783.272909 17817.156250
784.618589 18167.316406
785.964269 18064.820313
787.309949 17483.816406
788.655629 16575.689453
790.001309 15488.007813
791.346988 14493.135742
792.692668 13623.388672
794.038348 12918.396484
795.384028 12412.033203
796.729708 12123.196289
798.075388 11965.784180
799.421068 11953.154297
800.766748 12007.883789
802.112428 11976.974609
803.458108 11806.126953
804.803787 11562.919922
806.149467 11051.213867
807.495147 10321.187500
808.840827 9472.194336
810.186507 8539.789063
811.532187 7524.519043
812.877867 6537.649902
814.223547 5540.472656
815.569227 4587.031738
816.914907 3763.842041
818.260586 3069.283203
819.606266 2476.195801
820.951946 1980.468262
822.297626 1565.370361
823.643306 1212.015503
824.988986 952.744507
826.334666 746.585205
827.680346 591.885864
829.026026 529.198547
830.371706 505.817871
831.717386 468.537170
833.063065 393.311401
834.408745 340.573303
835.754425 306.828979
837.100105 309.447388
838.445785 326.311584
839.791465 333.495483
841.137145 282.373901
842.482825 233.107788
843.828505 220.323364
845.174185 191.102661
846.519864 181.355164
847.865544 226.974792
849.211224 271.983337
850.556904 298.993958
851.902584 353.305725
853.248264 408.299622
854.593944 496.410339
855.939624 612.174377
857.285304 800.325623
858.630984 1000.350769
859.976663 1264.191040
861.322343 1614.158813
862.668023 2096.697266
864.013703 2727.019043
865.359383 3553.309082
866.705063 4472.422363
868.050743 5459.056152
869.396423 6352.099121
870.742103 7021.676758
872.087783 7482.041992
873.433462 7633.420898
874.779142 7488.353516
876.124822 7110.725586
877.470502 6505.604004
878.816182 5685.928223
880.161862 4761.450195
881.507542 3830.659180
882.853222 2983.833252
884.198902 2259.486816
885.544582 1715.928711
886.890262 1285.314453
888.235941 933.551941
889.581621 718.988770
890.927301 582.344543
892.272981 457.562317
893.618661 350.139771
894.964341 260.831848
896.310021 191.024231
897.655701 142.018250
899.001381 107.223145
900.347061 100.908203
901.692740 128.347168
903.038420 165.409973
904.384100 141.786072
905.729780 79.534912
907.075460 5.015076
908.421140 -0.940674
909.766820 38.830750
911.112500 81.638123
912.458180 77.974731
913.803860 69.131714
915.149539 57.739563
916.495219 106.403381
917.840899 200.210083
919.186579 332.546204
920.532259 458.335754
921.877939 614.169006
923.223619 797.119019
924.569299 1018.894714
925.914979 1329.858398
927.260659 1665.830078
928.606338 2028.644043
929.952018 2397.047852
931.297698 2760.695313
932.643378 3104.102539
933.989058 3405.912598
935.334738 3635.426514
936.680418 3910.802490
938.026098 4108.529297
939.371778 4290.467773
940.717458 4380.172852
942.063137 4319.011230
943.408817 4129.704102
944.754497 3909.951172
946.100177 3615.693848
947.445857 3380.183594
948.791537 3186.747314
950.137217 3025.209473
951.482897 2931.257324
952.828577 2862.550049
954.174257 2771.948730
955.519937 2643.153320
956.865616 2451.917969
958.211296 2191.855713
959.556976 1982.447876
960.902656 1800.751709
962.248336 1579.461548
963.594016 1346.307373
964.939696 1139.432617
966.285376 914.296753
967.631056 751.003723
968.976736 607.167603
970.322415 453.929932
971.668095 341.585938
973.013775 317.558960
974.359455 296.637573
975.705135 311.756348
977.050815 343.315796
978.396495 377.872559
979.742175 413.213440
981.087855 428.579163
982.433535 457.514587
983.779214 480.810303
985.124894 517.720947
986.470574 569.098572
987.816254 618.653809
989.161934 632.883667
990.507614 633.567505
991.853294 571.740295
993.198974 490.704346
994.544654 415.035889
995.890334 401.358765
997.236013 397.687927
998.581693 417.603638
999.927373 415.389282
1001.273053 390.315857
1002.618733 360.240356
1003.964413 386.156799
1005.310093 403.507751
1006.655773 449.963257
1008.001453 506.115356
1009.347133 586.813721
1010.692813 654.344055
1012.038492 740.670105
1013.384172 844.390991
1014.729852 928.394165
1016.075532 1014.210938
1017.421212 1155.904053
1018.766892 1258.421631
1020.112572 1356.195557
1021.458252 1475.240234
1022.803932 1573.098755
1024.149612 1667.826416
1025.495291 1804.002808
1026.840971 1899.517822
1028.186651 1953.683594
1029.532331 1998.512451
1030.878011 2049.788086
1032.223691 2130.867676
1033.569371 2203.477539
1034.915051 2233.540527
1036.260731 2262.054932
1037.606411 2302.185547
1038.952090 2381.770264
1040.297770 2516.525879
1041.643450 2605.778320
1042.989130 2640.948486
1044.334810 2631.962891
1045.680490 2622.489014
1047.026170 2527.741211
1048.371850 2386.416992
1049.717530 2198.846680
1051.063210 1986.026855
1052.408889 1786.793701
1053.754569 1665.241577
1055.100249 1510.048340
1056.445929 1343.339844
1057.791609 1198.538696
1059.137289 1106.120605
1060.482969 1081.178955
1061.828649 1144.866577
1063.174329 1243.197632
1064.520009 1346.150757
1065.865689 1471.674316
1067.211368 1650.255371
1068.557048 1864.587891
1069.902728 2095.066406
1071.248408 2278.150391
1072.594088 2397.194824
1073.939768 2498.503174
1075.285448 2595.667969
1076.631128 2676.321289
1077.976808 2691.720215
1079.322488 2642.950439
1080.668167 2582.545410
1082.013847 2539.357422
1083.359527 2478.050049
1084.705207 2428.544678
1086.050887 2398.775391
1087.396567 2406.057861
1088.742247 2474.637207
1090.087927 2546.485352
1091.433607 2613.507813
1092.779287 2695.719238
1094.124966 2803.754395
1095.470646 2967.033936
1096.816326 3104.571289
1098.162006 3227.992432
1099.507686 3348.412354
1100.853366 3403.128662
1102.199046 3385.285156
1103.544726 3325.019775
1104.890406 3159.505859
1106.236086 2951.128662
1107.581765 2659.257324
1108.927445 2350.526123
1110.273125 2041.135132
1111.618805 1783.083740
1112.964485 1532.274414
1114.310165 1278.024170
1115.655845 1040.599365
1117.001525 840.504700
1118.347205 670.785767
1119.692885 594.201355
1121.038565 511.341614
1122.384244 409.927551
1123.729924 384.352783
1125.075604 372.101563
1126.421284 347.409546
1127.766964 358.900818
1129.112644 362.501648
1130.458324 314.448547
1131.804004 319.606445
1133.149684 327.999146
1134.495364 303.701416
1135.841043 309.283264
1137.186723 333.299561
1138.532403 343.271301
1139.878083 454.385376
1141.223763 655.999756
1142.569443 885.073792
1143.915123 1126.006836
1145.260803 1356.431152
1146.606483 1584.793945
1147.952163 1842.589111
1149.297842 2069.407471
1150.643522 2196.430176
1151.989202 2167.751709
1153.334882 2032.524536
1154.680562 1800.988770
1156.026242 1528.907349
1157.371922 1249.630859
1158.717602 1036.108765
1160.063282 887.607544
1161.408962 824.184143
1162.754641 790.787292
1164.100321 768.796814
1165.446001 754.568542
1166.791681 695.220032
1168.137361 635.488098
1169.483041 606.016418
1170.828721 536.432678
1172.174401 483.885986
1173.520081 486.517883
1174.865761 471.021423
1176.211441 487.394226
1177.557120 563.553711
1178.902800 630.054749
1180.248480 761.823792
1181.594160 927.922668
1182.939840 1093.591675
1184.285520 1247.050293
1185.631200 1442.510742
1186.976880 1586.734253
1188.322560 1733.816162
1189.668240 1823.121826
1191.013919 1831.572021
1192.359599 1836.726685
1193.705279 1881.151367
1195.050959 1843.579224
1196.396639 1808.543091
1197.742319 1784.503906
1199.087999 1746.489258
1200.433679 1790.607178
1201.779359 1996.029785
1203.125039 2312.851074
1204.470718 2785.939453
1205.816398 3501.568604
1207.162078 4352.353516
1208.507758 5402.998535
1209.853438 6595.508301
1211.199118 7762.823242
1212.544798 8776.454102
1213.890478 9473.696289
1215.236158 9666.582031
1216.581838 9452.037109
1217.927517 8888.716797
1219.273197 8099.232422
1220.618877 7154.728027
1221.964557 6118.968262
1223.310237 5081.065430
1224.655917 4165.725586
1226.001597 3410.687988
1227.347277 2852.339355
1228.692957 2333.132324
1230.038637 1901.984375
1231.384317 1561.423828
1232.729996 1294.627930
1234.075676 1064.852783
1235.421356 926.997437
1236.767036 786.125366
1238.112716 730.227112
1239.458396 761.258972
1240.804076 825.465271
1242.149756 895.748535
1243.495436 968.061401
1244.841116 1055.196533
1246.186795 1185.309570
1247.532475 1406.682617
1248.878155 1642.910278
1250.223835 1882.568604
1251.569515 2085.559814
1252.915195 2277.262451
1254.260875 2472.386475
1255.606555 2688.728516
1256.952235 2913.502686
1258.297915 3154.177002
1259.643594 3409.012695
1260.989274 3717.118652
1262.334954 4009.467285
1263.680634 4234.405762
1265.026314 4398.957031
1266.371994 4424.211426
1267.717674 4355.852051
1269.063354 4225.932129
1270.409034 4013.751953
1271.754714 3817.401611
1273.100393 3651.114990
1274.446073 3563.177246
1275.791753 3614.207520
1277.137433 3780.366211
1278.483113 3963.689941
1279.828793 4131.519531
1281.174473 4216.315430
1282.520153 4225.636719
1283.865833 4205.804199
1285.211513 4197.854492
1286.557193 4163.202148
1287.902872 4065.024414
1289.248552 3946.878906
1290.594232 3850.556396
1291.939912 3800.895996
1293.285592 3835.150879
1294.631272 3927.014648
1295.976952 4068.222168
1297.322632 4197.003418
1298.668312 4299.367676
1300.013992 4368.996582
1301.359671 4338.722656
1302.705351 4197.164551
1304.051031 3962.951660
1305.396711 3527.029297
1306.742391 2995.029297
1308.088071 2450.425049
1309.433751 1915.992676
1310.779431 1488.513672
1312.125111 1175.793945
1313.470791 918.067871
1314.816470 757.684692
1316.162150 630.192749
1317.507830 527.285095
1318.853510 492.855774
1320.199190 526.399963
1321.544870 575.761475
1322.890550 654.743774
1324.236230 772.121155
1325.581910 985.972961
1326.927590 1312.287231
1328.273269 1783.851807
1329.618949 2353.782227
1330.964629 2985.690186
1332.310309 3685.874756
1333.655989 4444.057129
1335.001669 5250.948730
1336.347349 6097.970215
1337.693029 6892.173828
1339.038709 7481.060059
1340.384389 7859.851074
1341.730069 8044.502930
1343.075748 8034.151855
1344.421428 7858.893555
1345.767108 7520.442871
1347.112788 7046.287598
1348.458468 6519.252930
1349.804148 6028.278809
1351.149828 5562.029785
1352.495508 5212.473145
1353.841188 4947.020508
1355.186868 4717.791016
1356.532547 4539.249512
1357.878227 4416.065430
1359.223907 4303.692383
1360.569587 4225.452637
1361.915267 4128.256836
1363.260947 3994.024902
1364.606627 3868.964844
1365.952307 3735.601074
1367.297987 3558.530762
1368.643667 3353.380859
1369.989346 3122.600586
1371.335026 2913.498779
1372.680706 2707.884521
1374.026386 2454.230713
1375.372066 2159.533936
1376.717746 1877.635986
1378.063426 1587.400635
1379.409106 1284.803711
1380.754786 1062.755127
1382.100466 819.666138
1383.446145 660.309326
1384.791825 543.077271
1386.137505 440.399353
1387.483185 333.307556
1388.828865 310.227173
1390.174545 246.286499
1391.520225 230.241089
1392.865905 165.095886
1394.211585 138.607910
1395.557265 116.834473
1396.902944 122.936951
1398.248624 155.092834
1399.594304 177.861023
1400.939984 184.017029
1402.285664 219.557068
1403.631344 248.372192
1404.977024 302.450745
1406.322704 386.345642
1407.668384 446.187195
1409.014064 515.401978
1410.359744 578.659058
1411.705423 632.309204
1413.051103 792.782349
1414.396783 989.744568
1415.742463 1221.039795
1417.088143 1651.100830
1418.433823 2165.163086
1419.779503 2879.453369
1421.125183 3904.206055
1422.470863 5194.729004
1423.816543 6637.171875
1425.162222 8233.066406
1426.507902 9626.732422
1427.853582 10713.300781
1429.199262 11329.960938
1430.544942 11473.483398
1431.890622 11181.744141
1433.236302 10663.368164
1434.581982 10055.587891
1435.927662 9518.341797
1437.273342 9109.046875
1438.619021 8799.612305
1439.964701 8555.784180
1441.310381 8326.021484
1442.656061 8021.316406
1444.001741 7599.146973
1445.347421 6991.329102
1446.693101 6250.952148
1448.038781 5357.298828
1449.384461 4470.687500
1450.730141 3637.390625
1452.075820 2916.676270
1453.421500 2309.308838
1454.767180 1878.597168
1456.112860 1511.307861
1457.458540 1264.722900
1458.804220 1069.971191
1460.149900 922.525085
1461.495580 815.529114
1462.841260 711.621643
1464.186940 593.594543
1465.532620 478.768250
1466.878299 377.209961
1468.223979 324.130188
1469.569659 308.966431
1470.915339 297.970093
1472.261019 271.765320
1473.606699 219.913818
1474.952379 199.382568
1476.298059 191.796936
1477.643739 170.423523
1478.989419 161.354492
1480.335098 162.730835
1481.680778 123.694702
1483.026458 89.127930
1484.372138 35.979797
1485.717818 37.792664
1487.063498 61.945190
1488.409178 84.547974
1489.754858 91.820190
1491.100538 51.524841
1492.446218 -21.464844
1493.791897 -30.454102
1495.137577 -15.894836
1496.483257 36.227173
1497.828937 103.065186
1499.174617 111.112549
1500.520297 78.344238
1501.865977 25.437317
1503.211657 17.073608
1504.557337 34.562988
1505.903017 29.701660
1507.248696 40.822205
1508.594376 47.189941
1509.940056 34.054504
1511.285736 30.532837
1512.631416 5.657043
1513.977096 -29.121765
1515.322776 -32.692261
1516.668456 -22.919373
1518.014136 -4.886658
1519.359816 19.969604
1520.705496 19.140808
1522.051175 5.434814
1523.396855 3.726501
1524.742535 -6.750854
1526.088215 14.836365
1527.433895 39.817810
1528.779575 46.074280
1530.125255 20.083374
1531.470935 -28.541870
1532.816615 -55.268921
1534.162295 -56.737000
1535.507974 -35.464844
1536.853654 30.263428
1538.199334 62.843262
1539.545014 73.963257
1540.890694 53.266113
1542.236374 18.327698
1543.582054 -2.110474
1544.927734 0.000000
1546.273414 32.370728
1547.619094 118.057495
1548.964773 127.836304
1550.310453 150.931030
1551.656133 136.931091
1553.001813 90.861755
1554.347493 53.761536
1555.693173 51.329895
1557.038853 45.346130
1558.384533 49.360474
1559.730213 47.483398
1561.075893 35.385071
1562.421572 12.175659
1563.767252 5.180237
1565.112932 21.529663
1566.458612 45.702454
1567.804292 77.112793
1569.149972 91.947632
1570.495652 84.685059
1571.841332 81.446411
1573.187012 88.641785
1574.532692 110.122192
1575.878372 128.573059
1577.224051 133.496765
1578.569731 123.098877
1579.915411 101.821411
1581.261091 127.245422
1582.606771 149.030090
1583.952451 135.807861
1585.298131 115.580017
1586.643811 112.500977
1587.989491 94.193848
1589.335171 120.492493
1590.680850 142.073059
1592.026530 133.662415
1593.372210 111.808472
1594.717890 115.995361
1596.063570 87.767456
1597.409250 60.659851
1598.754930 73.260437
1600.100610 101.351196
1601.446290 69.045227
1602.791970 49.335144
1604.137649 9.811401
1605.483329 26.007568
1606.829009 107.884094
1608.174689 155.464417
1609.520369 150.874451
1610.866049 118.832520
1612.211729 126.441589
1613.557409 188.925415
1614.903089 268.174866
1616.248769 265.560913
1617.594448 227.947571
1618.940128 156.931091
1620.285808 111.557190
1621.631488 125.794067
1622.977168 144.993042
1624.322848 159.800171
1625.668528 184.634277
1627.014208 224.885010
1628.359888 227.323853
1629.705568 257.866150
1631.051248 262.938110
1632.396927 249.574341
1633.742607 212.462524
1635.088287 177.225891
1636.433967 168.634949
1637.779647 207.239624
1639.125327 257.503540
1640.471007 272.273804
1641.816687 256.324280
1643.162367 258.622803
1644.508047 270.499207
1645.853726 272.653137
1647.199406 235.613525
1648.545086 200.590454
1649.890766 191.891541
1651.236446 239.913269
1652.582126 304.765137
1653.927806 342.177429
1655.273486 331.106812
1656.619166 309.640259
1657.964846 278.096130
1659.310525 247.506531
1660.656205 236.770386
1662.001885 238.314514
1663.347565 240.049316
1664.693245 255.072083
1666.038925 265.603638
1667.384605 252.345520
1668.730285 233.026672
1670.075965 217.091248
1671.421645 229.604553
1672.767324 263.070313
1674.113004 277.604553
1675.458684 270.301819
1676.804364 247.660767
1678.150044 221.949341
1679.495724 220.743042
1680.841404 218.099304
1682.187084 196.610962
1683.532764 218.152161
1684.878444 236.503723
1686.224124 216.358215
1687.569803 192.865906
1688.915483 189.107361
1690.261163 182.789795
1691.606843 230.475281
1692.952523 292.428040
1694.298203 287.778381
1695.643883 255.955811
1696.989563 266.045227
1698.335243 265.344543
1699.680923 260.513184
1701.026602 273.205444
1702.372282 257.455200
1703.717962 199.672852
1705.063642 189.990356
1706.409322 207.346802
1707.755002 213.000244
1709.100682 215.326233
1710.446362 225.208801
1711.792042 205.009644
1713.137722 211.391296
1714.483401 212.827332
1715.829081 213.708374
1717.174761 210.698792
1718.520441 224.364197
1719.866121 189.359619
1721.211801 170.495178
1722.557481 169.258728
1723.903161 219.633301
1725.248841 239.959717
1726.594521 238.457764
1727.940200 211.843445
1729.285880 181.449402
1730.631560 200.592773
1731.977240 249.375305
1733.322920 256.533020
1734.668600 268.817444
1736.014280 291.499084
1737.359960 266.765137
1738.705640 282.672852
1740.051320 295.208923
1741.397000 305.117371
1742.742679 298.486694
1744.088359 263.276550
1745.434039 211.925842
1746.779719 209.190308
1748.125399 235.466675
1749.471079 242.500427
1750.816759 231.484009
1752.162439 208.300720
1753.508119 188.697510
1754.853799 196.637451
1756.199478 209.049683
1757.545158 220.429504
1758.890838 230.495850
1760.236518 226.493286
1761.582198 220.111023
1762.927878 224.683899
1764.273558 182.358337
1765.619238 135.639160
1766.964918 120.594482
1768.310598 148.013123
1769.656277 190.060303
1771.001957 215.320984
1772.347637 188.713135
1773.693317 136.431763
1775.038997 144.751099
1776.384677 152.309143
1777.730357 152.603088
1779.076037 158.527466
1780.421717 160.687500
1781.767397 179.420776
1783.113076 189.441711
1784.458756 142.436646
1785.804436 124.098206
1787.150116 155.803406
1788.495796 206.306641
1789.841476 263.391357
1791.187156 257.354370
1792.532836 203.903809
1793.878516 215.217163
1795.224196 274.922119
1796.569876 324.338928
1797.915555 369.574280
1799.261235 343.927612
1800.606915 246.435120
1801.952595 196.086182
1803.298275 193.872131
1804.643955 181.889038
1805.989635 228.644287
1807.335315 262.095032
1808.680995 248.015747
1810.026675 244.080566
1811.372354 230.257324
1812.718034 220.898743
1814.063714 231.065308
1815.409394 238.976440
1816.755074 246.702881
1818.100754 265.697327
1819.446434 243.658630
1820.792114 223.119568
1822.137794 222.253906
1823.483474 229.611389
1824.829153 260.430542
1826.174833 309.930786
1827.520513 328.752014
1828.866193 285.017517
1830.211873 284.447021
1831.557553 300.435669
1832.903233 279.084229
1834.248913 259.514404
1835.594593 246.591248
1836.940273 204.796814
1838.285952 229.950928
1839.631632 286.663208
1840.977312 278.556091
1842.322992 282.364197
1843.668672 271.038940
1845.014352 278.978210
1846.360032 265.300781
1847.705712 250.324951
1849.051392 197.088196
1850.397072 216.072571
1851.742751 213.603943
1853.088431 275.320129
1854.434111 317.551025
1855.779791 331.818054
1857.125471 279.683105
1858.471151 260.976624
1859.816831 233.515564
1861.162511 214.398560
1862.508191 214.141663
1863.853871 220.518127
1865.199551 221.881226
1866.545230 261.557922
1867.890910 313.145752
1869.236590 270.053406
1870.582270 194.115540
1871.927950 133.667725
1873.273630 113.390137
1874.619310 144.204651
1875.964990 200.030396
1877.310670 235.692444
1878.656350 266.607300
1880.002029 272.550476
1881.347709 293.895447
1882.693389 284.827209
1884.039069 247.758911
1885.384749 226.276733
1886.730429 195.723694
1888.076109 141.829529
1889.421789 140.828186
1890.767469 144.041809
1892.113149 129.482666
1893.458828 137.055664
1894.804508 154.416321
1896.150188 167.612244
1897.495868 185.329102
1898.841548 187.344482
1900.187228 183.458435
1901.532908 174.588013
1902.878588 182.785889
1904.224268 177.335815
1905.569948 172.716125
1906.915627 149.322266
1908.261307 153.729126
1909.606987 172.024109
1910.952667 139.598083
1912.298347 104.440308
1913.644027 76.722717
1914.989707 28.415344
1916.335387 51.119141
1917.681067 135.418640
1919.026747 210.273499
1920.372427 250.458862
1921.718106 201.268799
1923.063786 113.993164
1924.409466 48.119141
1925.755146 -12.687683
1927.100826 9.000244
1928.446506 27.461853
1929.792186 45.067627
1931.137866 92.638733
1932.483546 102.461792
1933.829226 47.284119
1935.174905 37.051086
1936.520585 29.862427
1937.866265 22.352600
1939.211945 27.568542
1940.557625 39.836670
1941.903305 37.609802
1943.248985 47.555298
1944.594665 47.631531
1945.940345 44.130737
1947.286025 53.580505
1948.631704 69.053894
1949.977384 56.398682
1951.323064 28.686951
1952.668744 10.346802
1954.014424 -1.323364
1955.360104 25.671753
1956.705784 30.470093
1958.051464 64.038391
1959.397144 78.261658
1960.742824 91.305786
1962.088503 34.468140
1963.434183 23.480591
1964.779863 -4.510864
1966.125543 41.998657
1967.471223 59.579163
1968.816903 68.061584
1970.162583 36.705383
1971.508263 18.668762
1972.853943 -4.581299
1974.199623 0.294678
1975.545303 4.772217
1976.890982 23.822144
1978.236662 13.713196
1979.582342 8.224182
1980.928022 35.495911
1982.273702 43.309143
1983.619382 63.706848
1984.965062 77.882935
1986.310742 30.420471
1987.656422 -27.797729
1989.002102 -72.456238
1990.347781 -84.448975
1991.693461 -29.502319
1993.039141 26.359863
1994.384821 53.538269
1995.730501 62.953735
1997.076181 60.500122
1998.421861 54.646118
1999.767541 82.639648
2001.113221 39.744690
2002.458901 4.000122
2003.804580 -31.179749
2005.150260 -32.294373
2006.495940 15.252380
2007.841620 40.889526
2009.187300 37.509033
2010.532980 65.820190
2011.878660 37.569763
2013.224340 14.771484
2014.570020 36.383484
2015.915700 8.303101
2017.261379 18.504456
2018.607059 53.730225
2019.952739 114.651794
2021.298419 178.166016
2022.644099 205.578369
2023.989779 192.935791
2025.335459 132.887573
2026.681139 73.537903
2028.026819 76.231323
2029.372499 114.646973
2030.718179 152.203064
2032.063858 171.263855
2033.409538 163.798279
2034.755218 185.865295
2036.100898 208.558838
2037.446578 204.477722
2038.792258 216.125977
2040.137938 203.161560
2041.483618 160.355225
2042.829298 180.300842
2044.174978 209.743835
2045.520657 184.104858
2046.866337 178.130615
2048.212017 164.842102
2049.557697 154.860413
2050.903377 155.881897
2052.249057 131.456238
2053.594737 88.953003
2054.940417 109.458008
2056.286097 143.721619
2057.631777 192.057068
2058.977456 176.009766
2060.323136 176.583740
2061.668816 182.334900
2063.014496 235.766296
2064.360176 242.434509
2065.705856 200.826538
2067.051536 140.763855
2068.397216 128.516052
2069.742896 131.839417
2071.088576 166.520264
2072.434255 144.777405
2073.779935 173.408264
2075.125615 174.887024
2076.471295 154.107178
2077.816975 150.582825
2079.162655 129.026123
2080.508335 91.222229
2081.854015 103.751038
2083.199695 66.206604
2084.545375 36.473022
2085.891055 58.119019
2087.236734 89.128845
2088.582414 149.580444
2089.928094 177.180786
2091.273774 207.461304
2092.619454 210.880554
2093.965134 214.361389
2095.310814 161.128235
2096.656494 100.385437
2098.002174 76.814941
2099.347854 101.096191
2100.693533 146.606934
2102.039213 171.253357
2103.384893 178.006042
2104.730573 147.476624
2106.076253 122.670898
2107.421933 70.023315
2108.767613 50.420959
2110.113293 18.960876
2111.458973 59.124268
2112.804653 108.928162
2114.150332 136.879944
2115.496012 128.430359
2116.841692 116.062866
2118.187372 61.214294
2119.533052 52.071533
2120.878732 75.721802
2122.224412 57.003540
2123.570092 32.741394
2124.915772 59.390503
2126.261452 3.002686
2127.607131 22.932617
2128.952811 27.759399
2130.298491 5.856934
2131.644171 3.464783
2132.989851 51.004944
2134.335531 24.950562
2135.681211 62.301147
2137.026891 62.176208
2138.372571 46.864563
2139.718251 23.639587
2141.063931 -2.643188
2142.409610 -20.027039
2143.755290 -24.755127
2145.100970 -44.075989
2146.446650 -33.261414
2147.792330 -10.414185
2149.138010 22.332703
2150.483690 59.898438
2151.829370 67.016174
2153.175050 35.324463
2154.520730 20.099548
2155.866409 -12.946228
2157.212089 9.613464
2158.557769 37.633179
2159.903449 49.912720
2161.249129 48.523682
2162.594809 46.726868
2163.940489 19.827209
2165.286169 77.007141
2166.631849 142.464417
2167.977529 149.594543
2169.323208 141.416992
2170.668888 117.335266
2172.014568 63.855652
2173.360248 46.115845
2174.705928 14.152649
2176.051608 -12.868591
2177.397288 39.174255
2178.742968 84.309082
2180.088648 128.126038
2181.434328 125.171936
2182.780007 59.390808
2184.125687 17.532410
2185.471367 28.640442
2186.817047 31.573181
2188.162727 93.669861
2189.508407 70.899475
2190.854087 53.189575
2192.199767 13.583679
2193.545447 -20.374023
2194.891127 8.122803
2196.236807 78.788513
2197.582486 61.462402
2198.928166 88.370850
2200.273846 78.712158
2201.619526 105.254333
2202.965206 164.754944
2204.310886 185.656616
2205.656566 171.699341
2207.002246 163.478210
2208.347926 186.618958
2209.693606 201.698486
2211.039285 183.156128
2212.384965 147.325867
2213.730645 188.320435
2215.076325 156.063477
2216.422005 191.071899
2217.767685 165.859802
2219.113365 127.487732
2220.459045 128.246155
2221.804725 174.701782
2223.150405 143.625183
2224.496084 141.975525
2225.841764 112.736511
2227.187444 123.345825
2228.533124 199.083618
2229.878804 217.641235
2231.224484 246.743652
2232.570164 274.588684
2233.915844 263.073608
2235.261524 252.870483
2236.607204 241.490295
2237.952883 202.058167
2239.298563 159.833557
2240.644243 166.870178
2241.989923 190.121826
2243.335603 195.428772
2244.681283 170.895386
2246.026963 150.615540
2247.372643 99.016174
2248.718323 60.678894
2250.064003 61.909729
2251.409683 82.077942
2252.755362 100.802917
2254.101042 117.765869
2255.446722 108.240112
2256.792402 51.779968
2258.138082 14.468933
2259.483762 24.684021
2260.829442 28.076599
2262.175122 27.075317
2263.520802 0.000000
2264.866482 -10.884766
2266.212161 0.807922
2267.557841 38.264038
2268.903521 45.654968
2270.249201 75.466553
2271.594881 6.795471
2272.940561 -44.334961
2274.286241 -38.871948
2275.631921 -22.559021
2276.977601 4.116638
2278.323281 80.643372
2279.668960 45.748413
2281.014640 -5.961914
2282.360320 0.739929
2283.706000 -24.678040
2285.051680 -18.999817
2286.397360 27.668274
2287.743040 43.599731
2289.088720 27.533203
2290.434400 44.418396
2291.780080 6.351868
2293.125759 24.563232
2294.471439 41.321960
2295.817119 48.277710
2297.162799 69.950073
2298.508479 121.150024
2299.854159 128.097717
2301.199839 166.786194
2302.545519 159.232422
2303.891199 147.059265
2305.236879 79.880188
2306.582558 10.571350
2307.928238 2.630615
2309.273918 -15.185059
2310.619598 -11.508362
2311.965278 17.997864
2313.310958 2.349609
2314.656638 -8.218201
2316.002318 3.113403
2317.347998 -70.943237
2318.693678 -114.369751
2320.039358 -108.684204
2321.385037 -41.422241
2322.730717 6.598816
2324.076397 15.390137
2325.422077 -18.081421
2326.767757 -53.408264
2328.113437 -90.169678
2329.459117 -69.699219
2330.804797 -82.697144
2332.150477 -96.680054
2333.496157 -90.047546
2334.841836 -101.289795
2336.187516 -137.329041
2337.533196 -192.810547
2338.878876 -215.180054
2340.224556 -178.105103
2341.570236 -112.104065
2342.915916 -42.090698
2344.261596 -22.586792
2345.607276 -87.194824
2346.952956 -132.834595
2348.298635 -127.784302
2349.644315 -113.102600
2350.989995 -75.532532
2352.335675 -53.580750
2353.681355 -27.964294
2355.027035 -19.675903
2356.372715 33.726135
2357.718395 65.562378
2359.064075 50.137390
2360.409755 25.639343
2361.755434 32.758484
2363.101114 25.973083
2364.446794 34.296204
2365.792474 23.419495
2367.138154 -27.253052
2368.483834 -24.403076
2369.829514 32.867798
2371.175194 87.516724
2372.520874 112.250366
2373.866554 94.324707
2375.212234 33.330139
2376.557913 17.709473
2377.903593 4.692383
2379.249273 17.363342
2380.594953 30.288208
2381.940633 17.863098
2383.286313 -13.193970
2384.631993 -22.434570
2385.977673 -2.936523
2387.323353 47.899719
2388.669033 111.663940
2390.014712 128.311279
2391.360392 113.233215
2392.706072 82.368225
2394.051752 71.207153
2395.397432 58.631897
2396.743112 85.815186
2398.088792 73.793701
2399.434472 111.646912
2400.780152 134.717651
2402.125832 126.086670
2403.471511 135.150940
2404.817191 132.569824
2406.162871 111.058167
2407.508551 164.238525
2408.854231 187.327759
2410.199911 161.842590
2411.545591 176.552307
2412.891271 157.684204
2414.236951 145.203430
2415.582631 162.457825
2416.928310 161.866211
2418.273990 157.605896
2419.619670 182.542114
2420.965350 204.419373
2422.311030 189.220459
2423.656710 138.797852
2425.002390 122.350952
2426.348070 141.663513
2427.693750 170.809937
2429.039430 178.274170
2430.385110 163.387756
2431.730789 186.949890
2433.076469 223.439819
2434.422149 217.914856
2435.767829 186.454773
2437.113509 109.666992
2438.459189 93.745361
2439.804869 115.965942
2441.150549 117.690430
2442.496229 88.778809
2443.841909 65.819092
2445.187588 53.038818
2446.533268 108.162292
2447.878948 100.866516
2449.224628 108.109131
2450.570308 113.855957
2451.915988 96.808838
2453.261668 69.621704
2454.607348 41.689636
2455.953028 69.519531
2457.298708 108.962463
2458.644387 109.792236
2459.990067 90.436829
2461.335747 39.162231
2462.681427 -11.262695
2464.027107 40.926025
2465.372787 53.206970
2466.718467 36.690125
2468.064147 84.157043
2469.409827 80.587891
2470.755507 84.465820
2472.101186 81.412354
2473.446866 20.788940
2474.792546 -20.330750
2476.138226 12.088806
2477.483906 33.852966
2478.829586 80.965088
2480.175266 143.747742
2481.520946 97.276062
2482.866626 73.064514
2484.212306 119.875122
2485.557986 159.783081
2486.903665 160.198669
2488.249345 174.789185
2489.595025 136.721680
2490.940705 154.348022
2492.286385 234.216248
2493.632065 300.627136
2494.977745 311.258423
2496.323425 265.505005
2497.669105 257.463074
2499.014785 242.178101
2500.360464 245.694519
2501.706144 269.889038
2503.051824 285.085205
2504.397504 310.043030
2505.743184 333.920227
2507.088864 340.408508
2508.434544 327.042114
2509.780224 330.817200
2511.125904 328.084167
2512.471584 365.547180
2513.817263 313.549866
2515.162943 258.413452
2516.508623 234.766235
2517.854303 266.313416
2519.199983 296.771240
2520.545663 324.920654
2521.891343 310.173279
2523.237023 300.141907
2524.582703 343.303528
2525.928383 379.662842
2527.274062 362.400574
2528.619742 334.641785
2529.965422 247.784607
2531.311102 211.408447
2532.656782 171.121277
2534.002462 204.830505
2535.348142 252.174683
2536.693822 327.893799
2538.039502 321.289673
2539.385182 321.006653
2540.730862 251.267639
2542.076541 209.701843
2543.422221 147.006531
2544.767901 144.118958
2546.113581 128.849365
2547.459261 140.922119
2548.804941 215.304199
2550.150621 268.910828
2551.496301 259.220215
2552.841981 263.597290
2554.187661 255.704468
2555.533340 270.910400
2556.879020 262.104370
2558.224700 276.512268
2559.570380 300.510559
2560.916060 282.837830
2562.261740 311.930481
2563.607420 347.674438
2564.953100 318.778076
2566.298780 346.541748
2567.644460 393.140381
2568.990139 377.054626
2570.335819 363.906433
2571.681499 352.159302
2573.027179 325.728638
2574.372859 340.998840
2575.718539 333.876404
2577.064219 348.987122
2578.409899 356.387024
2579.755579 389.148376
2581.101259 397.063721
2582.446938 432.110657
2583.792618 415.964600
2585.138298 398.094971
2586.483978 410.333252
2587.829658 454.919678
2589.175338 493.179077
2590.521018 472.856812
2591.866698 415.053040
2593.212378 344.818665
2594.558058 321.657959
2595.903738 322.934204
2597.249417 366.603760
2598.595097 338.961304
2599.940777 277.201660
2601.286457 230.872925
2602.632137 171.974792
2603.977817 122.405640
2605.323497 132.742249
2606.669177 162.933655
2608.014857 196.281799
2609.360537 239.426636
2610.706216 233.428162
2612.051896 208.194214
2613.397576 159.575378
2614.743256 125.773010
2616.088936 151.581848
2617.434616 215.138733
2618.780296 228.775940
2620.125976 244.922119
2621.471656 240.218811
2622.817336 234.208618
2624.163015 277.716797
2625.508695 311.909973
2626.854375 272.109436
2628.200055 250.735474
2629.545735 244.140747
2630.891415 220.795166
2632.237095 223.920288
2633.582775 226.599243
2634.928455 200.462341
2636.274135 207.025635
2637.619814 226.612305
2638.965494 238.841003
2640.311174 307.079651
2641.656854 339.764221
2643.002534 374.592773
2644.348214 405.259888
2645.693894 418.623901
2647.039574 425.922974
2648.385254 476.119446
2649.730934 515.304016
2651.076614 564.647400
2652.422293 584.917053
2653.767973 621.748535
2655.113653 669.210815
2656.459333 740.603577
2657.805013 812.650879
2659.150693 886.944763
2660.496373 1007.089355
2661.842053 1117.383789
2663.187733 1195.043457
2664.533413 1221.387695
2665.879092 1214.932617
2667.224772 1256.176147
2668.570452 1372.510742
2669.916132 1448.239502
2671.261812 1475.114014
2672.607492 1474.693604
2673.953172 1440.574463
2675.298852 1326.694336
2676.644532 1213.340576
2677.990212 1097.193115
2679.335891 1020.175964
2680.681571 1031.227539
2682.027251 1031.075562
2683.372931 939.239929
2684.718611 839.927185
2686.064291 725.257813
2687.409971 634.533691
2688.755651 557.398315
2690.101331 505.412537
2691.447011 467.887634
2692.792690 488.111145
2694.138370 520.737244
2695.484050 563.884949
2696.829730 544.601929
2698.175410 500.736755
2699.521090 402.360046
2700.866770 389.420532
2702.212450 372.204041
2703.558130 453.893127
2704.903810 532.100525
2706.249490 558.865845
2707.595169 508.807922
2708.940849 503.872864
2710.286529 455.966614
2711.632209 490.313171
2712.977889 508.432068
2714.323569 521.848267
2715.669249 511.682861
2717.014929 508.811340
2718.360609 471.505920
2719.706289 459.367493
2721.051968 505.584229
2722.397648 576.657104
2723.743328 614.080444
2725.089008 627.361328
2726.434688 560.120850
2727.780368 490.608154
2729.126048 424.660828
2730.471728 357.030151
2731.817408 322.051208
2733.163088 283.572327
2734.508767 266.654602
2735.854447 258.982117
2737.200127 228.508057
2738.545807 172.346252
2739.891487 149.770142
2741.237167 114.100098
2742.582847 107.106689
2743.928527 109.895081
2745.274207 151.760803
2746.619887 139.889465
2747.965566 146.455994
2749.311246 160.274353
2750.656926 139.513245
2752.002606 83.790527
2753.348286 25.209412
2754.693966 2.763611
2756.039646 42.514587
2757.385326 71.325378
2758.731006 85.189941
2760.076686 41.682312
2761.422365 0.000000
2762.768045 10.430420
2764.113725 -2.321960
2765.459405 -10.230103
2766.805085 -11.875122
2768.150765 -6.965271
2769.496445 43.823669
2770.842125 54.176514
2772.187805 27.395874
2773.533485 23.368530
2774.879165 38.465271
2776.224844 32.322266
2777.570524 72.260498
2778.916204 63.866760
2780.261884 66.434692
2781.607564 113.107788
2782.953244 149.765625
2784.298924 124.735107
2785.644604 136.999573
2786.990284 137.459595
2788.335964 139.836792
2789.681643 211.797241
2791.027323 275.845886
2792.373003 279.942627
2793.718683 247.919617
2795.064363 178.377197
2796.410043 106.554688
2797.755723 123.830322
2799.101403 203.316711
2800.447083 231.442688
2801.792763 203.393982
2803.138442 180.660950
2804.484122 167.648010
2805.829802 186.117981
2807.175482 179.751648
2808.521162 215.799438
2809.866842 222.432800
2811.212522 211.388489
2812.558202 155.502258
2813.903882 109.821533
2815.249562 55.836731
2816.595241 95.744385
2817.940921 112.400940
2819.286601 62.943909
2820.632281 8.064941
2821.977961 -18.530212
2823.323641 -37.904236
2824.669321 -7.667053
2826.015001 46.380371
2827.360681 61.342346
2828.706361 146.120605
2830.052041 246.891479
2831.397720 362.502258
2832.743400 531.535522
2834.089080 788.068298
2835.434760 1066.104858
2836.780440 1482.973633
2838.126120 1897.402100
2839.471800 2290.412109
2840.817480 2671.715332
2842.163160 2937.427979
2843.508840 3166.249023
2844.854519 3338.340820
2846.200199 3377.677734
2847.545879 3331.408691
2848.891559 3230.722900
2850.237239 3028.055908
2851.582919 2838.976318
2852.928599 2679.210205
2854.274279 2528.524902
2855.619959 2464.815430
2856.965639 2500.117676
2858.311318 2575.307129
2859.656998 2736.311035
2861.002678 2880.761230
2862.348358 3028.451904
2863.694038 3253.716064
2865.039718 3533.594238
2866.385398 3797.788330
2867.731078 4061.794189
2869.076758 4132.223633
2870.422438 4174.719727
2871.768117 4123.107422
2873.113797 3924.831055
2874.459477 3645.103027
2875.805157 3308.101074
2877.150837 2957.707275
2878.496517 2644.345947
2879.842197 2293.483887
2881.187877 1886.885986
2882.533557 1505.503662
2883.879237 1239.879639
2885.224917 1041.553589
2886.570596 877.222473
2887.916276 732.716431
2889.261956 558.087830
2890.607636 366.771729
2891.953316 267.971802
2893.298996 178.356506
2894.644676 168.511292
2895.990356 210.859619
2897.336036 286.695801
2898.681716 363.163574
2900.027395 485.433960
2901.373075 639.461060
2902.718755 862.684875
2904.064435 1129.428467
2905.410115 1488.308838
2906.755795 1771.308105
2908.101475 2188.900635
2909.447155 2685.977539
2910.792835 3320.543457
2912.138515 4119.699219
2913.484194 5002.328613
2914.829874 5869.708984
2916.175554 7031.541992
2917.521234 8318.328125
2918.866914 9754.938477
2920.212594 11352.567383
2921.558274 12980.043945
2922.903954 14649.409180
2924.249634 16373.099609
2925.595314 18191.347656
2926.940993 19989.205078
2928.286673 21780.830078
2929.632353 23449.351563
2930.978033 25001.640625
2932.323713 26375.171875
2933.669393 27680.169922
2935.015073 28733.082031
2936.360753 29648.914063
2937.706433 30393.250000
2939.052113 31057.531250
2940.397793 31695.847656
2941.743472 32382.666016
2943.089152 33122.667969
2944.434832 34148.808594
2945.780512 35410.460938
2947.126192 37130.445313
2948.471872 39471.101563
2949.817552 42429.691406
2951.163232 46124.289063
2952.508912 50445.308594
2953.854592 55333.828125
2955.200271 60949.796875
2956.545951 67288.132813
2957.891631 73634.031250
2959.237311 79472.554688
2960.582991 84503.726563
2961.928671 88931.234375
2963.274351 93384.609375
2964.620031 98353.320313
2965.965711 103479.828125
2967.311391 108129.460938
2968.657070 111753.664063
2970.002750 113863.375000
2971.348430 114184.117188
2972.694110 112792.640625
2974.039790 109813.328125
2975.385470 105512.898438
2976.731150 100267.781250
2978.076830 94931.265625
2979.422510 89019.257813
2980.768190 81719.289063
2982.113869 72926.859375
2983.459549 63198.843750
2984.805229 53512.089844
2986.150909 45201.281250
2987.496589 38436.574219
2988.842269 32736.080078
2990.187949 27917.617188
2991.533629 24062.273438
2992.879309 20974.833984
2994.224989 18497.134766
2995.570669 16578.394531
2996.916348 15206.688477
2998.262028 14130.714844
2999.607708 13499.266602
3000.953388 13193.874023
3002.299068 13235.070313
3003.644748 13600.517578
3004.990428 14288.542969
3006.336108 15217.994141
3007.681788 16469.537109
3009.027468 18043.234375
3010.373147 19988.259766
3011.718827 22123.386719
3013.064507 24278.017578
3014.410187 26390.986328
3015.755867 28258.771484
3017.101547 29970.099609
3018.447227 31402.578125
3019.792907 32349.324219
3021.138587 32763.277344
3022.484267 32544.998047
3023.829946 31638.724609
3025.175626 30427.916016
3026.521306 28832.750000
3027.866986 27020.970703
3029.212666 25062.761719
3030.558346 22876.652344
3031.904026 20692.933594
3033.249706 18605.513672
3034.595386 16644.007813
3035.941066 14840.171875
3037.286745 13203.897461
3038.632425 11653.998047
3039.978105 10297.851563
3041.323785 9003.660156
3042.669465 7871.973633
3044.015145 6823.534180
3045.360825 6034.249023
3046.706505 5361.011719
3048.052185 4778.292969
3049.397865 4259.147461
3050.743545 3791.537109
3052.089224 3331.244141
3053.434904 3006.268066
3054.780584 2672.746582
3056.126264 2368.149902
3057.471944 2111.432617
3058.817624 1858.007324
3060.163304 1666.143188
3061.508984 1499.637329
3062.854664 1379.026855
3064.200344 1231.762329
3065.546023 1078.055420
3066.891703 943.821716
3068.237383 850.326538
3069.583063 778.107849
3070.928743 772.133362
3072.274423 695.224060
3073.620103 619.488708
3074.965783 566.689331
3076.311463 505.526550
3077.657143 474.143982
3079.002822 460.703369
3080.348502 371.400208
3081.694182 321.279907
3083.039862 326.196899
3084.385542 348.114563
3085.731222 380.502258
3087.076902 402.127563
3088.422582 338.670898
3089.768262 283.641785
3091.113942 209.255066
3092.459621 184.140320
3093.805301 176.843994
3095.150981 202.038086
3096.496661 202.590271
3097.842341 191.996033
3099.188021 169.930603
3100.533701 184.737000
3101.879381 167.604248
3103.225061 155.458679
3104.570741 125.908508
3105.916421 81.170471
3107.262100 117.693848
3108.607780 145.415710
3109.953460 152.992371
3111.299140 157.006287
3112.644820 139.001465
3113.990500 117.666687
3115.336180 136.946899
3116.681860 105.401306
3118.027540 90.232971
3119.373220 74.949585
3120.718899 87.026733
3122.064579 134.095398
3123.410259 150.142822
3124.755939 123.220642
3126.101619 109.869934
3127.447299 96.735107
3128.792979 80.543823
3130.138659 73.950195
3131.484339 53.205627
3132.830019 32.786133
3134.175698 0.000000
3135.521378 77.880859
3136.867058 58.786926
3138.212738 57.234802
3139.558418 74.404907
3140.904098 51.895569
3142.249778 3.741089
3143.595458 70.846802
3144.941138 69.827881
3146.286818 33.430908
3147.632497 6.446899
3148.978177 -21.725342
3150.323857 -52.250244
3151.669537 -1.959717
3153.015217 54.648132
3154.360897 27.885437
3155.706577 -4.652039
3157.052257 -51.416016
3158.397937 -71.983398
3159.743617 -24.715698
3161.089297 30.769775
3162.434976 43.390137
3163.780656 51.581909
3165.126336 15.441650
3166.472016 -15.459290
3167.817696 -16.892578
3169.163376 0.951477
3170.509056 -29.881775
3171.854736 -2.823242
3173.200416 14.816528
3174.546096 43.492615
3175.891775 80.654724
3177.237455 58.132263
3178.583135 3.867615
3179.928815 2.700134
3181.274495 17.475159
3182.620175 47.153687
3183.965855 83.277283
3185.311535 112.047058
3186.657215 151.066772
3188.002895 137.828918
3189.348574 121.484741
3190.694254 32.609619
3192.039934 17.139771
3193.385614 52.620422
3194.731294 115.319397
3196.076974 152.656311
3197.422654 148.087891
3198.768334 0.000000
3200.114014 0.000000
